1.163812265651556800e+03 5.170356727626426618e+02 1.316199441736612297e+00
1.258225203952347783e+03 4.479810948904104180e+02 2.131777570869763591e-02
1.162072149451513496e+03 5.182238314077367249e+02 1.341289822788871877e+00
1.241115651414986587e+03 5.368123641977228999e+02 8.235176740955306718e-01
1.257903376008034456e+03 4.478615121996506332e+02 6.008384253687445997e-02
1.244994221434744077e+03 5.285451118701473661e+02 7.503953822735712764e-01
1.526340831082718751e+03 4.920027999232809179e+02 7.185901942836282474e-01
1.608097583182003746e+03 5.243657848145003300e+02 2.968392519003474894e-01
1.529602454016107458e+03 4.908580695545516619e+02 7.318104296299228206e-01
1.612815066987903265e+03 5.234438800454897773e+02 2.159480112415182451e-01
4.131245089733666873e+02 6.969341168857525872e+02 2.341195022134562098e+00
9.560542880713164777e+02 6.668925523190803233e+02 5.121686752562530920e-01
1.161957156453785274e+03 5.180959397081128373e+02 1.351985758064206511e+00
1.104573274415858577e+03 6.341624312122326046e+02 1.451854883608223457e+00
9.540845978050481335e+02 6.674536159355984637e+02 3.272159650166968636e-01
1.159569973735090343e+03 7.018168993586269835e+02 5.222884257106757966e-01
1.257286326447779629e+03 4.478626857898989329e+02 3.116028970241988105e+00
1.161684066109108016e+03 5.184470409194573222e+02 1.318403237162842245e+00
1.241734004081871717e+03 5.648339848078189789e+02 5.005753373108137033e-02
1.104448928917812054e+03 6.344148800960374501e+02 1.399069865076701724e+00
1.288977678646302365e+03 6.576791944661943035e+02 2.765976797034343626e+00
1.170354680562657904e+03 6.977305760579016578e+02 3.445674243188902031e-01
1.257588422779764187e+03 4.483631229966723595e+02 3.771841874049804057e-03
1.241534191999829545e+03 5.640752144882161474e+02 6.238147271613936340e-01
1.377316180680549678e+03 5.836821432082007277e+02 3.881755011273420042e-01
1.291750702925331780e+03 6.591931722231295225e+02 2.796989459631375130e+00
1.526241680806780096e+03 4.915172918489367930e+02 7.199364920642692400e-01
1.612075565312420167e+03 5.215225418535289919e+02 1.651300351393955312e-01
1.374513414688086186e+03 5.841631230880208250e+02 3.919769169058582303e-01
1.651108792037002331e+03 6.021244527914140008e+02 2.390447265334157745e+00
1.524536828529996228e+03 4.910329285285031347e+02 6.880177327662617692e-01
1.610647306330221454e+03 5.210380675490057456e+02 2.034836358090294228e-01
1.650546371185642329e+03 6.013411239359656975e+02 2.457177896472456435e+00
1.739522264977524628e+03 6.861406269239182620e+02 2.985883849397652501e-01
1.742513563671072234e+03 6.842105233315226087e+02 3.242883891276706065e-01
2.735820403752727543e+02 8.465417868692164802e+02 3.079919375414034377e+00
4.149872674911819104e+02 6.985265313114451828e+02 2.278514806129534609e+00
5.325156711462590238e+02 8.494493035760624480e+02 1.326060738545186135e+00
2.756851841576109905e+02 8.481087128011492950e+02 1.555008323117977424e-02
4.140859150227215650e+02 6.986593772213384455e+02 2.326327495931699740e+00
6.840489418106460562e+02 7.134010487533612377e+02 1.528066188987179830e+00
5.941394819353959065e+02 7.338260828036281964e+02 1.831069221879846332e+00
5.345576288416480111e+02 8.604881305316844191e+02 1.979419093213865777e+00
6.812124425794254421e+02 7.128452408546359038e+02 1.572224239577376670e+00
7.411413571232457116e+02 7.235703336012106774e+02 1.483004087648599700e+00
5.932440456023050501e+02 7.332120849256218662e+02 1.872924486167715896e+00
7.930565125952593917e+02 7.425998430897484468e+02 8.164920350944627758e-01
8.108256946263060172e+02 8.128110876604730493e+02 1.210334076249114155e+00
9.576931299376346942e+02 6.651464554115077590e+02 3.568144784329487229e-01
7.404107900878278770e+02 7.243737417759602977e+02 1.561594696738537014e+00
7.928595601596366578e+02 7.430593849547149148e+02 9.495276768738427631e-01
9.783611110323806770e+02 7.569249164953728268e+02 4.055783973902938322e-01
8.099198493096660059e+02 8.114060554458683328e+02 1.299876080051520555e+00
1.104957857527738724e+03 6.330286259475165025e+02 1.463839956733931968e+00
9.539891196353623855e+02 6.664138446346667024e+02 3.517336841389328561e-01
1.172432625887815902e+03 6.944682620592218427e+02 2.567508714565670536e-01
9.754043520151060420e+02 7.582424530819805568e+02 3.982672538956828490e-01
1.109328047214818980e+03 8.191799869420174218e+02 1.205312237198203462e+00
1.241370772662917716e+03 5.809189140908828222e+02 2.784431532783349095e+00
1.105050250906854444e+03 6.338985752117276888e+02 1.390115267221895490e+00
1.291180470294446422e+03 6.579356988558464536e+02 2.799391254809490803e+00
1.171497424010193299e+03 6.947891213117316056e+02 3.000301698958079410e-01
1.254065811410150900e+03 7.813192237964680089e+02 2.309706378135618188e+00
1.109502258036324292e+03 8.184841078278636815e+02 1.097662673905347219e+00
1.328243808417090122e+03 8.597356470837739835e+02 2.365574697821531736e+00
1.245964821265212095e+03 5.882848986277252834e+02 3.114017011803734913e+00
1.378693445449456931e+03 5.824616625392000060e+02 4.417455509531718616e-01
1.292194729380910303e+03 6.587698470959423958e+02 2.843109633990374085e+00
1.255256305801794042e+03 7.806132980657318967e+02 2.279619832497765231e+00
1.372603354104719074e+03 7.735360139667582189e+02 2.523732469304587500e+00
1.375664858065371845e+03 5.817588584740702800e+02 4.405243235457433348e-01
1.651122133708140609e+03 5.991714235791673673e+02 2.436523618182385498e+00
1.648339445684049224e+03 7.259693989665679510e+02 2.153782067313013915e+00
1.366998379080708901e+03 7.721661867977020393e+02 2.641356047016043096e+00
1.625594092829164765e+03 8.022257342002740188e+02 2.122234579316778155e-02
1.529859327240338416e+03 8.326275696717696064e+02 1.425835614929813477e+00
1.649981219695616801e+03 6.004982180941273100e+02 2.451210891181639706e+00
1.740108404501113000e+03 6.824675631344523481e+02 3.191888809987626918e-01
1.647686208001064642e+03 7.247538633604431197e+02 2.096195741951873082e+00
1.780785096559404565e+03 7.457278446205575619e+02 2.839260252128652073e+00
1.710529297280408628e+03 7.554286459673547824e+02 2.014445969259829106e+00
1.623770877081224853e+03 8.028751851620625075e+02 2.471149948373340538e-02
1.528678635505986904e+03 8.304611583690116277e+02 1.377844664735929259e+00
1.738914779138919357e+03 6.820675573108351273e+02 3.165917669003311397e-01
1.781076431406432221e+03 7.458160868971519903e+02 2.846557860913968785e+00
1.709457894477521904e+03 7.563155777796424672e+02 2.049218372493801787e+00
1.955826307155596623e+03 7.904816929655758031e+02 2.862993245123994779e+00
1.950534770559786921e+03 8.452585070439994297e+02 2.563734071027350403e+00
1.953087507484452544e+03 7.902664985538231122e+02 3.018438558960984786e+00
1.948161038176272996e+03 8.489181204714141131e+02 2.640547107816698880e+00
2.762078121112441522e+02 8.456929943685503304e+02 3.130457765260331371e+00
3.184834973758433989e+02 9.165837064338002165e+02 2.850559071407324563e+00
5.390582292003789462e+02 8.631696640633329025e+02 2.009915817347369682e+00
2.735239088212455272e+02 8.453438658263249863e+02 3.111832295830424311e+00
4.711636115205318447e+02 8.885902310223350469e+02 2.796898528937608930e+00
3.158210911297676944e+02 9.156787869421434607e+02 2.846561790873475495e+00
4.677941791070439876e+02 1.016798476333866802e+03 1.829349571804773644e+00
6.836891547004097447e+02 7.138913152089847927e+02 1.467382151044760663e+00
5.943135061861934219e+02 7.322290317645209825e+02 1.868103777690569567e+00
5.359013286196707213e+02 8.603293445186826602e+02 2.064232428195366786e+00
5.838967882301270720e+02 8.685458069842807163e+02 9.751695333328407322e-01
4.698859732060489023e+02 8.879451105863495286e+02 2.813347093369602980e+00
6.026231095495079444e+02 9.397442478731938991e+02 1.084406685012956562e+00
6.688345329913477144e+02 9.481512213937164688e+02 1.435477376948296024e+00
4.681478049304071192e+02 1.016764529979690906e+03 2.079393235853313815e+00
6.832475878941783094e+02 7.106872142171414453e+02 1.596699210569634042e+00
5.922158985671185292e+02 7.340544686225522355e+02 1.940735376354691955e+00
7.911638767601925792e+02 7.428053651530977959e+02 7.002218324265061522e-01
7.416135510808380786e+02 7.244890651488233289e+02 1.599972879242433033e+00
8.108563662074700460e+02 8.128138251629687829e+02 1.223946976325243075e+00
7.434727505771606957e+02 8.696617367774108516e+02 2.066204412825893399e+00
5.814709991598177794e+02 8.710442005728275490e+02 9.468528019855445566e-01
8.264215835043604557e+02 8.845457418368869185e+02 1.010779005837888933e+00
6.019999703343078181e+02 9.408202722938733586e+02 1.059905676450452638e+00
6.664864479664216788e+02 9.480334275282011731e+02 1.419622002335950706e+00
8.306720295852489926e+02 1.000394707681627551e+03 2.491951430173283022e+00
7.901246769205428109e+02 7.415710472496293733e+02 8.441537964620698942e-01
7.386428274323114920e+02 7.235227036347367857e+02 1.416699495069616788e+00
9.774064073486615598e+02 7.565581354192215713e+02 3.703418670462034212e-01
8.095919410109203227e+02 8.111433820523363920e+02 1.249565917525671033e+00
7.416757044302348731e+02 8.685449911423158937e+02 2.008807977898991126e+00
8.253758742179718411e+02 8.840970745712165808e+02 1.038548655878448912e+00
9.219424676508078846e+02 9.005449694357439512e+02 2.586671715981276876e+00
8.828759921426958499e+02 9.716736415082336862e+02 1.844959628592664380e+00
8.355883619420127388e+02 1.002956224877856357e+03 2.552412986598908251e+00
9.707168689166214790e+02 1.010165040454252676e+03 1.668636588121699793e+00
9.774821235861165860e+02 7.560439874269151233e+02 3.810689499942949698e-01
1.111220767489646278e+03 8.148391751011372435e+02 1.103186790196494460e+00
1.165514125957041415e+03 8.753660190575255911e+02 9.414957976718838495e-01
9.207824040522584710e+02 8.994575401084359783e+02 2.524960719426191158e+00
1.025343862608791369e+03 8.889543844524721408e+02 6.693966915257695827e-02
8.793911996249366894e+02 9.662400827035278326e+02 1.916882253999730112e+00
1.088122182498014126e+03 9.721520353334349238e+02 1.433288656159404040e+00
9.685892509990101189e+02 1.010194963490389000e+03 1.655875437684912743e+00
1.252662288685598469e+03 7.816018063108456317e+02 2.259559287761003787e+00
1.110052566797793361e+03 8.164270488227940632e+02 1.117620801332535274e+00
1.156757031960594077e+03 8.669386456164270385e+02 9.832863456375127154e-01
1.333567252892345095e+03 8.590768448256765168e+02 2.492051605337349596e+00
1.194010408049964099e+03 9.043925772602547113e+02 1.114240386395610738e-01
1.087719186480775079e+03 9.711427295132220934e+02 1.436181475660285312e+00
1.224942962062083325e+03 9.717777990062265872e+02 4.977188908045091509e-01
1.316116253692836608e+03 9.869668455022933813e+02 1.236790268423891836e+00
1.253615199338551975e+03 7.810403648883469714e+02 2.254767429266145484e+00
1.372057114417929370e+03 7.721108450681538216e+02 2.556832246613539361e+00
1.332294795164210882e+03 8.589510336231195424e+02 2.460209831000841341e+00
1.199238417906426548e+03 9.058790414214010980e+02 2.656077202924936320e-01
1.409768592723646179e+03 9.470478549215174553e+02 2.830698768416750166e+00
1.228155740443303102e+03 9.676116147665129574e+02 4.701885755110564724e-01
1.313400169337680154e+03 9.855818068126372964e+02 1.181974277418051722e+00
1.651173511153669097e+03 7.242671776163120967e+02 2.227711667760293057e+00
1.371111975149647833e+03 7.723508703759050604e+02 2.498070512151933542e+00
1.626458416296415180e+03 8.013717661489710054e+02 3.138342623064834580e+00
1.530564396413222539e+03 8.304632678806819968e+02 1.444476809932305761e+00
1.629136550469225767e+03 8.762238741747200947e+02 3.025336247510828525e+00
1.591667489246990954e+03 9.261944616529224277e+02 8.032708861726840788e-02
1.406542752649689646e+03 9.462199856342745079e+02 2.802879024355178217e+00
1.553834514835205255e+03 9.700109557364091870e+02 3.119725069824315078e+00
1.506730414701816471e+03 1.020388064211721940e+03 2.461163812352820668e-01
1.649126281929918832e+03 7.228568209110773068e+02 2.179937160681539865e+00
1.779402798778246733e+03 7.424321650535565595e+02 2.784786259412246778e+00
1.709356189432118981e+03 7.506896141696631730e+02 2.038601930580123067e+00
1.623098713120125467e+03 8.011020746524104652e+02 1.490325329805329557e-02
1.529633436036238663e+03 8.305246073846030868e+02 1.405617973440976831e+00
1.800660128351516505e+03 8.851250084493256054e+02 1.926971483512790462e+00
1.626069509890201516e+03 8.767421133662940065e+02 3.063380189081035709e+00
1.752742301437961032e+03 9.313586040762656921e+02 2.845058809258815380e+00
1.588908919612071259e+03 9.262379808313405647e+02 1.588818629524994253e-01
1.551001496526318988e+03 9.684284281907916920e+02 1.359416390308756939e-01
1.721418400339984828e+03 9.770545354156081430e+02 2.852533917594559654e+00
1.660471749850253900e+03 1.012273234017801087e+03 1.736581765432408053e+00
1.816211515278198476e+03 9.931725696465734927e+02 2.576280277520918816e+00
1.779399231481319703e+03 7.450866053641012741e+02 2.851771149748081324e+00
1.710592740092177792e+03 7.523906915046795802e+02 1.951361469318081188e+00
1.956255979573466902e+03 7.896257492417161075e+02 2.983773285546409859e+00
1.949763922823055964e+03 8.477414436639749056e+02 2.555690898660087917e+00
1.799689764977299319e+03 8.850561119528297240e+02 1.848353295549834518e+00
1.752377027038229016e+03 9.312101080923687277e+02 2.878091810695749153e+00
1.874415718832473203e+03 9.435866223017687844e+02 2.261022073817028133e+00
1.958453219202535365e+03 9.404018520354950397e+02 3.041685312589644585e+00
1.718895994033023499e+03 9.791976721421237926e+02 2.979879586283483484e+00
1.822408952662115325e+03 9.965654966513318413e+02 3.024700323658551238e+00
1.950553535973509952e+03 1.015199876423352634e+03 4.986331013663475309e-01
1.952925773072385255e+03 7.880101681672238101e+02 2.987323778619945802e+00
1.947574359967814416e+03 8.463848958384228354e+02 2.568519104061722569e+00
1.873259587533962986e+03 9.420278815883550578e+02 2.273157500480833093e+00
2.068985577037031362e+03 9.445215769203937271e+02 2.272520542967450208e+00
1.958435949311556215e+03 9.392568060916971717e+02 2.993283647041862672e+00
1.826293251293373714e+03 9.988523852478194840e+02 2.815930718426029600e+00
2.042579473880213300e+03 1.016367556662053175e+03 1.666766619532347837e+00
1.947913468119378194e+03 1.016774782171191873e+03 4.910751272434797920e-01
2.069010627986540840e+03 9.453051672970602795e+02 2.418350592621436146e+00
2.043521035894010765e+03 1.018393632100394370e+03 1.902064213322945729e+00
3.171978162067469498e+02 9.155910326599403106e+02 2.858748717899996183e+00
4.708448795364237185e+02 8.860835227404372745e+02 2.885518732965882904e+00
3.145636135259675825e+02 9.145557658065465603e+02 2.860607087081632915e+00
4.697072509727383931e+02 1.017671058437731290e+03 1.980517938855525628e+00
5.400382038782653353e+02 1.032566450738879894e+03 1.441569761458220134e+00
4.936707907539600910e+02 1.148951967489267645e+03 1.621477539095926401e+00
4.706063471741164221e+02 8.875911980455969115e+02 2.866612560475005900e+00
6.035835967752045690e+02 9.390098150638154948e+02 1.029483236363508247e+00
6.684941564050948273e+02 9.450041147234062464e+02 1.360748391371617183e+00
4.693814826962958477e+02 1.017787994727372507e+03 2.090729308169405165e+00
5.374656978025707303e+02 1.030336510180165988e+03 1.427884957610382699e+00
5.982404985051498443e+02 1.036755800641214137e+03 1.433668590477910509e+00
6.605647316278277685e+02 1.097780355420711658e+03 1.789096914705759822e+00
5.588844245911163853e+02 1.143881866711259818e+03 1.927333860258927167e+00
4.935648039220611736e+02 1.149653126878551348e+03 1.697887097112138699e+00
6.117270520687852695e+02 1.162251890206253847e+03 1.311776721583715499e+00
5.740236566757116634e+02 8.690980636164265434e+02 7.812685875718479167e-01
7.431784439258491375e+02 8.663415305552803147e+02 2.055159772922342754e+00
8.258179477538582205e+02 8.837086676160574825e+02 1.072645859748747821e+00
6.038418251547014961e+02 9.371086224118357677e+02 1.067411593833864414e+00
6.662013910931508462e+02 9.452403549427765483e+02 1.404018578485802360e+00
8.404409566571703181e+02 1.001656300477493687e+03 2.750829962334439660e+00
5.963068398690381855e+02 1.036223366812643917e+03 1.468785005938190835e+00
7.890760322687067401e+02 1.028795639196447837e+03 2.021529008704594510e+00
6.585642076840905474e+02 1.097233225318421091e+03 1.750449928092179697e+00
7.325278364781416940e+02 1.101037447894670322e+03 1.809493270309790791e+00
7.972281205933657020e+02 1.134852971163459415e+03 1.595461659355235762e+00
8.549996888603577645e+02 1.135313710893929510e+03 1.306935316575130734e+00
5.529611731345914905e+02 1.140095910079948453e+03 2.046096544034557319e+00
6.113495785533889375e+02 1.157846280972975137e+03 1.205334290286534049e+00
8.258303568975305780e+02 8.794361007203101508e+02 1.096819684186062016e+00
7.398926379179332571e+02 8.681675696347258508e+02 2.057936471473731821e+00
9.215396275879609220e+02 9.001915826502297477e+02 2.626337925773402748e+00
8.823473833984321573e+02 9.685099716109045858e+02 1.829487438158207580e+00
8.381052126678595187e+02 1.000539570507633243e+03 2.685670247225932616e+00
9.700519508009278979e+02 1.011894788638254568e+03 1.641266824430068993e+00
7.873819165996678748e+02 1.028396219457446705e+03 2.828639579776916602e+00
1.016580690208893429e+03 1.051832206189825683e+03 1.006613868023523262e+00
9.037962398051706714e+02 1.081728070825854502e+03 1.438321092462474082e+00
7.294386278345258461e+02 1.101920540571162292e+03 1.787507973812614948e+00
7.938972807738334723e+02 1.132533531277297698e+03 1.551243732388743135e+00
8.500630575667499897e+02 1.135421725282147008e+03 1.402025727784660836e+00
9.473830601652337009e+02 1.139490456144442760e+03 1.591875927863096729e+00
1.161068935811406163e+03 8.689095568921006816e+02 1.053029284405218036e+00
9.202872755173016230e+02 8.998756423054126117e+02 2.569755229037306687e+00
1.026580492250964653e+03 8.882734313290907266e+02 9.108665937224397213e-02
8.737595476140133997e+02 9.738010706259562994e+02 1.663156705171088712e+00
1.087911411563616639e+03 9.720085087472837131e+02 1.448655897480945365e+00
9.691048854108744308e+02 1.011352844352042439e+03 1.667831422098198235e+00
1.109950447859966516e+03 1.028702399310658393e+03 8.635390624147635252e-01
1.014455685692983707e+03 1.051495566412263315e+03 1.076372059084966581e+00
9.028104203892560236e+02 1.081202381028249874e+03 1.496201410267933518e+00
1.159508850207816522e+03 1.112913266216023430e+03 2.625860069279660980e+00
1.040591238155720930e+03 1.119258755191221780e+03 4.701053251111044218e-01
9.463287698456044836e+02 1.138019548012607629e+03 1.647731886722715755e+00
1.121365663337483056e+03 1.163542403928053318e+03 3.099662008485185805e+00
1.028718711893147656e+03 8.854911988467183619e+02 3.099722173025417860e+00
1.196316987920319889e+03 9.042267487209185219e+02 1.344495074461285467e-02
1.087219941718032260e+03 9.721408269994608418e+02 1.481437988548203633e+00
1.225274028673634803e+03 9.696709097314985684e+02 4.538429382283176161e-01
1.314259971696476214e+03 9.833161272041716074e+02 1.220756644264995971e+00
1.108461822799111133e+03 1.028958045346000972e+03 8.803459806353032269e-01
1.224462508723985593e+03 1.037519101806753952e+03 2.931412950002831419e+00
1.325007476232141926e+03 1.060421086937279597e+03 4.974805180996091369e-01
1.199987549506909090e+03 1.075307425355938904e+03 2.779107800109072102e+00
1.157473453137962224e+03 1.114853918289152944e+03 2.543202592883583080e+00
1.040237148392478275e+03 1.118900366631957922e+03 3.972087219225980403e-01
1.233628257615070879e+03 1.171392626155921334e+03 7.144842028267899270e-01
1.125194326754683061e+03 1.164049527877277342e+03 3.117754494729364279e+00
1.201070994788997496e+03 9.044930105946702952e+02 1.199036639938546589e-01
1.408790773093449388e+03 9.463858809154542087e+02 2.762174391881568436e+00
1.224689515705143776e+03 9.702524918274557422e+02 4.427978255652418871e-01
1.312438984540674483e+03 9.842121896260903213e+02 1.229876867447913247e+00
1.222313063549411027e+03 1.032102639067195014e+03 2.921763127659895432e+00
1.321118485720427543e+03 1.060824582412209338e+03 6.699915695453719788e-01
1.199784796736800217e+03 1.077021139088378277e+03 2.695429008287690387e+00
1.445147983884073710e+03 1.105246604062584083e+03 5.788487884098771907e-01
1.348926063024818177e+03 1.110768232092261542e+03 5.915471886350225361e-01
1.492770631393604845e+03 1.155988231403078771e+03 1.542754308153224230e+00
1.233673707057121419e+03 1.168771350847080157e+03 8.490006617825366364e-01
1.627376765162328866e+03 8.736630800267432733e+02 2.752385583396533608e+00
1.592623462447263819e+03 9.244976375696319337e+02 5.619649090763102067e-02
1.405431617805721544e+03 9.453188591629104849e+02 2.787228518254249998e+00
1.554353090115817395e+03 9.674639543536291058e+02 3.030471298795834656e+00
1.508746966029922305e+03 1.016462272266419404e+03 1.969121256747866366e-01
1.561788626341256759e+03 1.060287065615392294e+03 9.535876310624172847e-01
1.442103004706745878e+03 1.105429510133822760e+03 5.755141320446062192e-01
1.599358448072082638e+03 1.105812395566278383e+03 1.084852497557035278e+00
1.348779701098609621e+03 1.110533671555355340e+03 5.163588337291301622e-01
1.643825741819171071e+03 1.132973267102204318e+03 1.591527472758355710e+00
1.489008351925841453e+03 1.157511601768429045e+03 1.611184824587466702e+00
1.626069625763662998e+03 8.763967785571974218e+02 3.046824364518978090e+00
1.801593159191880886e+03 8.905754377613084216e+02 1.987244371912108454e+00
1.589315348874732535e+03 9.250300879277906461e+02 1.849940139372994452e-01
1.756967560221933581e+03 9.327544103432226166e+02 2.735608493479164682e+00
1.552015354266192389e+03 9.668567570021932625e+02 4.197586414988655965e-03
1.721420408280434685e+03 9.773472903187821430e+02 2.775151664916470473e+00
1.660406392054374237e+03 1.011633532818190133e+03 1.805795479258941238e+00
1.510534222520523372e+03 1.015904083858004242e+03 2.973540110122103175e-01
1.560798700674622523e+03 1.061328670250733239e+03 9.500280108884147090e-01
1.701844760468404274e+03 1.082671092018116042e+03 1.510671221888731486e+00
1.592403983139005732e+03 1.104142126326211155e+03 1.071779071538328854e+00
1.642108119197776887e+03 1.134090787108742916e+03 1.520314512481846236e+00
1.782048598929922719e+03 1.121175376323275486e+03 1.609860372213836932e+00
1.798778823937406287e+03 8.856014367195500654e+02 1.922980575714195117e+00
1.752366046927001662e+03 9.305352424403288296e+02 2.817327082401180238e+00
1.874568850872561597e+03 9.422578672516451661e+02 2.317634565190756835e+00
1.957916103031403964e+03 9.386383278370367407e+02 3.016005259771522340e+00
1.720126095859244515e+03 9.772028361900729578e+02 2.817670053733456470e+00
1.821491672946540348e+03 9.947064539994066763e+02 2.966218171421482364e+00
1.950722515438434584e+03 1.016336458728226717e+03 3.418484912759118255e-01
1.788858636684866497e+03 1.050608654015060210e+03 7.017467688630354417e-01
1.699143815670571485e+03 1.082873585655427632e+03 1.468464789810957294e+00
1.944251378619362640e+03 1.070478226511501816e+03 7.662878913599387998e-01
1.787083587727330723e+03 1.127439822440491298e+03 2.758070031884859663e+00
1.873316104890417364e+03 9.420762865817089278e+02 2.355242595267789785e+00
2.069267234632309282e+03 9.459430924090922872e+02 2.318033897690128242e+00
1.958510002726506173e+03 9.396022624300903772e+02 2.989132952058409121e+00
2.043007760080859043e+03 1.016832873436819227e+03 1.720604924383272172e+00
1.949008848709492213e+03 1.014488114079487332e+03 4.041131090283830440e-01
1.941236537659479836e+03 1.071035399356428798e+03 7.672322677306105954e-01
1.995230425127828767e+03 1.102053674749736729e+03 1.340997109914856100e+00
2.097624648951345080e+03 1.159113435866806412e+03 1.717009447746980833e+00
2.042363584917739900e+03 1.161534168683801909e+03 1.726241088282176817e+00
2.069151348348535066e+03 9.431757359342218479e+02 2.443952971034986099e+00
2.042661649847128501e+03 1.015715791749488744e+03 1.808985322075584268e+00
1.986537042589318844e+03 1.089088036053628684e+03 8.982594836671858873e-01
2.169738959463666561e+03 1.125260045517112303e+03 1.595898134875167296e+00
2.096482934863458922e+03 1.159224207048873268e+03 1.761574260155565508e+00
2.034840512084059810e+03 1.151498331384226731e+03 1.743355865562637108e+00
5.353349678699891001e+02 1.041313383935216507e+03 1.348368675730256649e+00
4.928862280409525738e+02 1.148577509951425100e+03 1.697289999756884216e+00
3.911537084151448198e+02 1.190737607282526824e+03 1.518222234965124651e+00
5.370036648528066507e+02 1.029248815212960835e+03 1.455633139667319220e+00
5.968496408390406032e+02 1.036427581197249992e+03 1.446225103133557788e+00
6.600966919998561480e+02 1.095232986280830573e+03 1.828594612044868617e+00
5.586377964056337078e+02 1.142798774669184013e+03 1.908467416107753278e+00
4.932307191356021576e+02 1.148298842056902913e+03 1.695483074073411478e+00
6.119991704949441100e+02 1.163184481995700025e+03 1.447451771971818291e+00
3.873496461694228401e+02 1.191307077768846284e+03 1.497597241285349101e+00
6.716492430673774834e+02 1.195945778583962692e+03 8.811704832106006524e-01
5.530079942178244892e+02 1.238590130296927782e+03 3.063764739498141321e+00
6.666713504186855062e+02 1.305989845627043451e+03 2.419091034471812396e+00
6.193706607630916778e+02 1.326948017504011432e+03 1.880508711302558478e+00
5.931119926569913332e+02 1.040017254865034374e+03 1.399167073593671429e+00
7.901271039779105649e+02 1.028176075807386496e+03 2.819894053080571616e+00
6.582975903047936299e+02 1.096144103192026932e+03 1.712252744113232250e+00
7.324493213513258070e+02 1.100436484876739996e+03 1.790100500824614915e+00
7.956531349298813893e+02 1.131619459072016298e+03 1.516973140733343106e+00
8.535555495926008689e+02 1.133957384526467877e+03 1.403443361128339006e+00
5.570410232724645994e+02 1.141056238748307351e+03 1.928350141876212120e+00
6.109552590451155538e+02 1.161205547639853194e+03 1.334753900239233015e+00
6.708389853042280038e+02 1.195188365470599138e+03 8.800075177077535393e-01
7.467812003834861798e+02 1.231270617370006448e+03 2.156413416022736396e+00
5.499380676050219563e+02 1.239396559482648399e+03 3.078493319232914249e+00
8.068820993128815644e+02 1.257312552674178278e+03 1.452000623444974492e+00
6.709420950298359685e+02 1.308196152078062141e+03 2.524415922316798788e+00
7.413750001345972578e+02 1.317602123580251600e+03 2.035022705409176069e+00
6.182097420210355949e+02 1.324362052144444306e+03 1.723392489538241978e+00
7.893458050616703758e+02 1.027896931989981340e+03 2.606943303178415494e+00
9.033110463773730316e+02 1.081454661422173558e+03 1.435162887764989126e+00
7.299432820073440098e+02 1.101825073622128002e+03 1.837941979279395177e+00
8.491714386814186355e+02 1.134593278714174630e+03 1.368723648513527236e+00
9.470837889419278781e+02 1.139431545782224021e+03 1.539914156820753943e+00
7.929678504147677813e+02 1.132212392848054151e+03 1.473772797532122425e+00
8.966160727507726733e+02 1.218093516698776284e+03 1.915283071964581252e+00
9.798563805301248522e+02 1.215123350518577126e+03 1.336442248966502433e+00
7.443027653294989250e+02 1.229627334824773698e+03 2.193514856805306223e+00
8.047072170142108689e+02 1.257304846729734209e+03 1.449549274045214053e+00
8.632125398065110176e+02 1.270568159565059659e+03 1.766254051804125647e+00
7.354611822100210929e+02 1.311994053167286893e+03 2.127999108470497447e+00
9.279838680006118921e+02 1.329139460044848875e+03 1.314890350883643588e+00
1.004703923822783963e+03 1.060083324599053412e+03 9.833164460070454860e-01
1.013917999907889680e+03 1.048537312728999268e+03 1.017377538375835444e+00
1.109175757890382101e+03 1.026843559153363458e+03 9.895822548722594814e-01
9.005384530966382499e+02 1.079331987749629661e+03 1.516011878480454378e+00
1.159433524925709662e+03 1.112413858658652316e+03 2.676109450014609425e+00
1.039662513638321343e+03 1.118080990379711466e+03 4.579083530138514102e-01
9.457556796439957907e+02 1.139756859677886041e+03 1.599941279823978046e+00
1.127571988029356362e+03 1.161413248999328061e+03 4.483001654691199517e-02
8.953038196954760224e+02 1.216811969607535502e+03 1.927050315107559753e+00
9.789042207756906464e+02 1.216133894088317447e+03 1.491571903862730197e+00
1.144750339307383683e+03 1.224608511263966420e+03 2.964132075070059713e+00
1.025645599350193834e+03 1.230828311870295238e+03 6.790403432419729324e-01
1.068548574436418676e+03 1.289955025535214190e+03 7.585406933718715772e-01
1.168258811919872642e+03 1.286118989085663770e+03 9.070631189005884387e-01
9.289570303969614997e+02 1.325194277642799534e+03 1.577964835948848510e+00
1.106800390392872714e+03 1.026729392185734469e+03 8.891336234610578426e-01
1.321666250182417798e+03 1.057732873034236718e+03 5.969500433896125502e-01
1.198827108748799901e+03 1.073820754952273319e+03 2.728709711562886220e+00
1.157344310505480053e+03 1.114328960235304294e+03 2.503007052027698354e+00
1.036485598438374154e+03 1.117208351617965491e+03 4.105482720907819849e-01
1.230874104897969573e+03 1.169375675060389540e+03 7.316740513712625127e-01
1.125486271208582593e+03 1.161245665706666614e+03 3.130477290467604146e+00
1.270730739074779422e+03 1.224471022067589956e+03 1.426876962230685830e+00
1.143699202290049243e+03 1.225660732978682972e+03 2.173826482622440270e+00
1.026769525647897808e+03 1.231208528192833910e+03 7.209986834583835824e-01
1.066037541038984500e+03 1.290666574501208743e+03 8.311122147150199480e-01
1.166833517975392169e+03 1.284380347502664108e+03 7.555179835099449237e-01
1.263042320119044234e+03 1.322995569354033933e+03 1.346985079722841983e+00
1.321444190033364976e+03 1.058924497780767524e+03 5.524250699475357074e-01
1.204949252482870861e+03 1.079564945305178071e+03 2.702075969672203204e+00
1.445286749109018501e+03 1.103621543547805459e+03 4.967458090248790814e-01
1.347607334327458830e+03 1.109210764542068546e+03 4.778791837656385932e-01
1.492007814221222134e+03 1.156065262028811503e+03 1.703098263526102718e+00
1.229857243860929657e+03 1.169149027940418364e+03 7.407320590372592495e-01
1.367681284850646534e+03 1.191283636573710282e+03 8.111642687714122335e-01
1.426278412847353366e+03 1.217022921143899339e+03 1.837849241649778476e+00
1.270215915259418125e+03 1.223464567753943584e+03 1.412513129312098714e+00
1.352003056256855643e+03 1.285085572054087834e+03 1.059430192888839439e+00
1.261686865799289080e+03 1.320562549219313951e+03 1.278062390930634562e+00
1.412319751496418576e+03 1.322635177541968460e+03 7.216287608064577697e-01
1.563187758573440760e+03 1.057567493814444106e+03 9.797211729914566680e-01
1.441891824492646720e+03 1.104450842431594083e+03 4.855613862670050129e-01
1.593139743838476079e+03 1.101627280420654643e+03 1.117283176226673502e+00
1.643860823868126317e+03 1.134314439230052358e+03 1.633944261552402910e+00
1.488707648550018121e+03 1.155944421531697117e+03 1.686083367308109926e+00
1.364643073271689900e+03 1.192616815525398351e+03 7.870531729696160772e-01
1.553250361004413890e+03 1.197229994341417068e+03 9.740460286752598007e-01
1.424891772524924136e+03 1.215934951761776574e+03 1.825595346625126680e+00
1.584446049315468144e+03 1.241515192339364603e+03 1.342358914261123415e+00
1.638987038095767275e+03 1.283792061078217330e+03 8.590941284437512149e-01
1.350445219772744167e+03 1.284782922612078437e+03 9.851750763754489881e-01
1.410190956055434981e+03 1.320401292966390884e+03 6.985816412854927160e-01
1.558981103852788237e+03 1.058141317310081831e+03 9.308667863130536402e-01
1.697544296212312020e+03 1.080443753705771087e+03 1.501492975412383801e+00
1.590144673349836694e+03 1.101921463187992003e+03 1.072539070545599715e+00
1.640950311439359666e+03 1.133441419391401723e+03 1.555008844076019692e+00
1.778805534811067901e+03 1.145541921617013486e+03 2.318425513915540748e+00
1.551287687490371127e+03 1.198582069089416109e+03 9.651721636053393061e-01
1.683989010466166064e+03 1.199665149068656319e+03 2.745912203142122365e-01
1.582000686977227588e+03 1.242444985387535098e+03 1.328576467023580454e+00
1.763516671944003292e+03 1.254062914898375084e+03 1.751018487504238275e+00
1.635375499429706906e+03 1.282022144611059048e+03 7.772334788098957947e-01
1.706774817790726956e+03 1.284108407459887985e+03 1.211815234922921425e+00
1.796097136035351468e+03 1.105531117368272589e+03 1.355333151648563828e+00
1.790185103661398671e+03 1.049348951383138001e+03 5.985139114778273983e-01
1.699187251582015733e+03 1.082489984174000938e+03 1.538085158187770807e+00
1.941590254820612699e+03 1.072040060621537123e+03 7.225721692429980525e-01
1.796608285234717414e+03 1.107497796454644231e+03 1.505276758005517999e-03
1.776923574538908042e+03 1.151508729884251579e+03 2.334002599891024765e+00
1.855373224209826731e+03 1.190454714548964375e+03 2.382010230380733340e+00
1.684913997322228852e+03 1.199405776359342099e+03 3.886336926637037337e-01
1.763569618895015310e+03 1.255055689844774406e+03 1.766170481417395299e+00
1.828877389761702716e+03 1.268756931351961157e+03 2.186106303805229079e+00
1.705800707215001239e+03 1.283862761826673704e+03 1.366755853187589409e+00
1.940005819185787004e+03 1.071862700826035052e+03 7.090941212911362479e-01
1.994797888233541471e+03 1.102028581001658040e+03 1.322392685754688602e+00
2.098255018439017476e+03 1.158585985446494306e+03 1.770609025631529665e+00
2.040646659713522240e+03 1.159456007600095973e+03 1.658254311765544387e+00
1.852513371148255146e+03 1.188708956025951920e+03 2.446310553159276147e+00
2.091780320823340389e+03 1.278148254236000867e+03 1.207022796331498116e+00
1.991134371843977078e+03 1.103013909634525362e+03 1.337076406835201237e+00
2.169013783098831482e+03 1.124710142927460993e+03 1.639741742173558725e+00
2.097072266943863724e+03 1.157569485594623529e+03 1.817553148092039939e+00
2.039279654080031378e+03 1.158649911743983466e+03 1.711535275509474152e+00
2.091235361954134532e+03 1.275117744664431029e+03 1.134900864015557787e+00
2.149892857079169971e+03 1.326571530567766331e+03 1.834152465290308065e+00
3.312127704361578822e+02 1.357799732200377321e+03 2.830773771081847467e+00
3.908709809051489401e+02 1.190553350673940940e+03 1.526626373227397693e+00
3.280356257630125469e+02 1.358061212779982725e+03 2.812378810478841640e+00
6.681851394275038274e+02 1.199916782486754755e+03 9.191703327414492142e-01
5.527088946491375054e+02 1.238998096833502132e+03 3.116838771869584246e+00
6.727757122744098979e+02 1.308181045322951832e+03 2.310838437809227930e+00
6.149119031152562229e+02 1.327169375044815069e+03 1.721882705462475238e+00
5.742059420883504117e+02 1.404422515940687390e+03 2.860982116622369453e+00
7.003131619738403515e+02 1.490072733454405125e+03 2.780227735268891998e+00
6.708529566383597285e+02 1.192451019457327220e+03 9.386274681194325398e-01
7.458334111005437990e+02 1.229708087116289335e+03 2.040634757843643676e+00
8.066646585481082639e+02 1.253927305930005105e+03 1.377971203071303385e+00
5.535050771490289208e+02 1.237594701203541717e+03 3.116713267866007886e+00
6.704681026014856116e+02 1.306364641088529424e+03 2.446009205809783982e+00
7.406376678857712932e+02 1.318171199405738662e+03 2.045922604147288659e+00
6.146962898303274869e+02 1.325435210434899318e+03 1.679225550867640582e+00
8.537111992705793000e+02 1.372500623123373771e+03 2.589904657242015240e+00
5.706817264851879372e+02 1.401739338109250184e+03 2.943888811174758757e+00
7.339844011489501554e+02 1.427359201608381454e+03 2.332975903418870622e+00
7.951328707657385166e+02 1.439111407304906606e+03 1.782425851861722865e+00
7.175764631895222010e+02 1.486177945853497022e+03 3.062581069102669140e+00
8.962187272737642161e+02 1.216542038878784979e+03 1.816644880770792003e+00
9.792999697071900300e+02 1.211939375494644537e+03 1.181722426944750159e+00
7.463462240283220126e+02 1.230816661317607213e+03 2.110287603469801265e+00
8.047352582230402049e+02 1.255128506684645117e+03 1.445689927931768093e+00
8.640016599894395313e+02 1.268738116264047903e+03 1.703812770283860578e+00
7.386982275172360914e+02 1.318317524952892200e+03 2.067840138133572481e+00
9.258792966065741439e+02 1.326597367435821752e+03 1.272391769385515570e+00
9.858510275487351464e+02 1.345487140148556136e+03 1.899241009917917777e+00
8.535298132933298803e+02 1.374514375128147776e+03 2.601547501972839793e+00
7.310732802938071018e+02 1.430208179790357008e+03 2.368332117905773249e+00
7.929761841188824292e+02 1.438483987422752080e+03 1.827950631672694337e+00
9.614709465982432448e+02 1.429868294251315547e+03 2.915898083001702723e+00
9.148960783649290534e+02 1.461610251285945651e+03 2.284049856481426277e-01
1.018979068789949906e+03 1.229394509973519916e+03 7.251637688951837468e-01
8.916172394079562764e+02 1.216879833520597458e+03 2.063739033406328360e+00
9.774892294635217240e+02 1.213534176339116812e+03 1.579309443641649713e+00
1.137689352104943737e+03 1.218564278919635171e+03 2.926103757459482146e+00
1.025644433293796737e+03 1.230392466357538979e+03 7.502127557238592592e-01
1.068013547404242217e+03 1.288489667532191788e+03 7.906338407900392884e-01
1.168513879730965527e+03 1.285404549057501299e+03 7.150979892878083222e-01
9.242584301467973091e+02 1.327052439459217112e+03 1.390455612698963561e+00
9.838626361729868677e+02 1.347364781442649246e+03 1.942920264045743473e+00
1.050063693676117509e+03 1.368886042694438629e+03 1.006804801235119839e+00
1.151371038915475310e+03 1.351569511876199840e+03 5.866807668253746222e-01
1.175609495948826634e+03 1.400584167476235052e+03 8.415710814342712842e-01
9.599984423001033065e+02 1.432027703601754183e+03 2.761270015110257603e+00
1.068981518620299084e+03 1.437729075569225188e+03 7.661029909463732412e-01
9.115582649359168954e+02 1.462416460420447265e+03 2.642734952567845630e-01
1.270134227211145571e+03 1.221470241402106694e+03 1.391353917108881344e+00
1.143559645709839060e+03 1.223255139918675013e+03 2.991632427033709352e+00
1.066091504718963279e+03 1.288540990885117026e+03 7.881819016746650641e-01
1.165926655944597769e+03 1.283024778779837789e+03 7.067768418659677865e-01
1.262035358637607033e+03 1.318808975776592433e+03 1.265936227239118805e+00
1.149573534012707341e+03 1.351089101081544186e+03 6.192047888856112570e-01
1.048578517842033307e+03 1.368499167138870916e+03 1.007161275364186093e+00
1.312711513430379000e+03 1.405535683654443574e+03 1.716029281432271292e+00
1.176680186457963828e+03 1.398656582992700351e+03 7.815122715944086140e-01
1.224641754074719756e+03 1.426195832273489486e+03 7.108490319499332077e-01
1.067037714216544373e+03 1.437254879098946958e+03 6.821461230762129180e-01
1.367072056360885199e+03 1.189522546348882543e+03 8.014738688010731860e-01
1.426549821398587028e+03 1.215691039008992902e+03 1.833222477164724973e+00
1.269763088570734681e+03 1.221161214514420180e+03 1.346889160343107017e+00
1.352212954364739062e+03 1.284053740724196587e+03 1.005003702408612254e+00
1.261056224787910196e+03 1.319006143730611939e+03 1.187804490301716198e+00
1.410161286126401592e+03 1.318834054129940796e+03 6.385602308585325293e-01
1.467658350184658275e+03 1.352495967130053259e+03 1.509948691239373364e+00
1.311032643554950255e+03 1.403687936964822029e+03 1.620483959135254892e+00
1.390861721369504721e+03 1.399661793248518961e+03 2.593570176288682472e+00
1.221316111659204125e+03 1.425968489088287470e+03 6.165847862619364683e-01
1.414856785799322097e+03 1.492455136935089968e+03 6.305635873674765302e-01
1.553199755298474884e+03 1.196586899963744145e+03 7.693331589695088235e-01
1.424164993442382411e+03 1.215995712709431018e+03 1.858421258650295060e+00
1.583661176472875923e+03 1.240311166605477865e+03 1.275091854483692888e+00
1.637353567393426147e+03 1.280408936567259161e+03 7.668844684319968685e-01
1.346983699442074112e+03 1.283989496163538888e+03 9.799475789856987307e-01
1.407667385342434272e+03 1.319679345460229115e+03 6.259066653861059537e-01
1.465871775440707097e+03 1.352685074344743725e+03 1.511694855833649154e+00
1.523037789554591882e+03 1.366901820525875337e+03 1.725387713550719182e+00
1.653167665225950259e+03 1.372826274504823232e+03 1.484672251830158496e+00
1.583507231608349684e+03 1.393795562594871399e+03 1.378680060676178432e+00
1.388805860280179331e+03 1.399440769827284385e+03 2.613092313744863837e+00
1.534950408998208104e+03 1.495235153851765745e+03 1.616929873825745823e+00
1.410908274738821092e+03 1.492217249737493148e+03 5.758052486967200068e-01
1.685469675300702420e+03 1.196486922451252667e+03 2.877338581202870671e-01
1.549658313364458763e+03 1.196298045427460465e+03 8.732360270852460582e-01
1.582475563432320087e+03 1.240943460301417872e+03 1.237820101767220349e+00
1.763967466022705366e+03 1.253188466559768358e+03 1.901450716293905829e+00
1.635940932482864810e+03 1.280456837177835723e+03 7.883958304408452689e-01
1.707455520661433638e+03 1.282286297044716548e+03 1.329498848577227887e+00
1.520464088669917373e+03 1.367712120589635106e+03 1.713075822165641249e+00
1.650922716338355258e+03 1.373148605823773551e+03 1.463735124473348748e+00
1.582765367533241943e+03 1.394636639155414059e+03 1.359411418156441842e+00
1.757267523338967521e+03 1.396129418881215543e+03 2.374629019501424576e+00
1.708396432589247752e+03 1.410829521445693899e+03 1.477367663985419854e+00
1.532320073774410957e+03 1.493547374137498991e+03 1.463602679873996504e+00
1.689756352435179906e+03 1.195592902782560031e+03 4.810045791459602316e-01
1.856330512727059158e+03 1.188884615848661269e+03 2.410179881544729952e+00
1.764439198021047559e+03 1.253326928886494215e+03 1.750193618603123946e+00
1.829871578974121576e+03 1.267738848107570902e+03 2.191915004718603122e+00
1.707443133042836735e+03 1.282510743758483386e+03 1.284081861507687439e+00
1.758537798869185735e+03 1.396598372966024499e+03 2.279015366262055142e+00
1.709027050640332845e+03 1.410515345619637628e+03 1.421383663491025517e+00
1.853244141850638698e+03 1.191055533074469622e+03 2.491543047388744547e+00
2.091403515381441139e+03 1.276597563047708491e+03 1.203389126848722013e+00
1.826339075812402598e+03 1.270413244363325930e+03 2.319007920642020437e+00
2.095093269905815760e+03 1.364742021658551948e+03 1.357380901572392995e+00
2.090710845997933120e+03 1.274946201075530553e+03 1.175621107907037777e+00
2.149931272653674114e+03 1.324780432753043897e+03 1.903757873807502721e+00
2.094926226491394118e+03 1.363511394558888242e+03 1.359400902640605313e+00
3.303581721025299771e+02 1.356858970909575191e+03 2.840542051115575894e+00
3.310925778524266434e+02 1.357822396600134653e+03 2.860006007160637687e+00
5.721007801015708765e+02 1.402678421254508976e+03 2.850667081639371769e+00
6.613233583153162272e+02 1.577447637055248606e+03 1.185512219054496857e-01
8.538964309250779934e+02 1.371939015137762681e+03 2.471757529569893475e+00
5.741767939427529654e+02 1.401988234640282599e+03 2.818434970993977551e+00
7.334299658296423559e+02 1.427208866721649656e+03 2.221215056683371714e+00
7.960963701188584309e+02 1.437896690059075809e+03 1.713041360584072637e+00
7.172602907922413351e+02 1.485883513595679233e+03 2.995828796645489511e+00
8.586027805263626078e+02 1.527220946382223474e+03 9.109051509956754555e-02
7.580285946114058788e+02 1.552001440396219778e+03 2.300266407838080507e-01
6.637277748899781500e+02 1.576889613147800219e+03 8.873340589060016437e-02
8.177800032988698149e+02 1.599280303949329436e+03 2.825122491106431433e+00
8.526395796940511218e+02 1.372206096483166675e+03 2.482423358054279827e+00
9.912778738510060066e+02 1.352756950212682568e+03 2.042227233303836265e+00
7.337351717624553658e+02 1.431188974451303011e+03 2.199648693441778491e+00
7.937564957776680785e+02 1.437154963303936483e+03 1.745239843440133498e+00
9.612922527253558656e+02 1.427562169117306894e+03 2.802859455392656685e+00
9.154019189830489722e+02 1.460310340311484197e+03 2.759383874688047245e-01
7.167533531975039978e+02 1.482384178643139876e+03 2.956394145020243780e+00
9.832632604142104356e+02 1.521829808092787516e+03 3.016134639952789520e+00
8.598741015593977863e+02 1.527027772380075248e+03 7.368482823901710554e-02
7.563484591590997752e+02 1.550140259073875995e+03 1.457609393910139217e-01
9.431330453813666281e+02 1.580202615334009124e+03 1.799780776597691145e-02
8.158365187323086047e+02 1.598198996762824891e+03 2.774942300874220891e+00
1.049204111937879361e+03 1.367619779317669781e+03 1.038992174456084383e+00
1.145887454068295938e+03 1.349243160371777549e+03 7.115594491658981946e-01
9.851984141549960441e+02 1.348980668591789936e+03 1.933228808738356452e+00
1.175931612321755210e+03 1.398375110048433498e+03 8.339460573750636652e-01
9.597228630055785743e+02 1.428730990906195757e+03 2.744339456437308034e+00
1.069208099647952167e+03 1.436706733994248680e+03 8.262079309517552650e-01
9.150713020505008899e+02 1.460713717904523037e+03 2.002679488921393358e-01
1.061375015363944385e+03 1.499465347422474224e+03 5.153153905188627426e-02
1.167516303493685882e+03 1.525711874618007641e+03 2.002653873699175691e+00
9.811315983982228772e+02 1.522720259968654773e+03 2.944425352616649505e+00
1.083502430771929085e+03 1.559379944810912093e+03 1.813210919411704369e-01
9.410452087037874662e+02 1.580302809213766523e+03 3.083531093711144422e+00
1.114273344028841848e+03 1.625591108131528927e+03 9.936116184625194414e-01
1.017256750309619292e+03 1.646067846696310426e+03 1.408540896671875542e+00
1.148046915535958306e+03 1.348797205604560077e+03 6.772973339158430139e-01
1.046106270337483011e+03 1.365306714033328717e+03 9.561930810291445759e-01
1.312920587580850452e+03 1.402059670393550277e+03 1.638309370927871766e+00
1.176794003401402051e+03 1.396732532252949795e+03 8.536878461836472365e-01
1.225741421854266491e+03 1.424972056216172405e+03 7.569856150939776596e-01
1.069286153673403760e+03 1.436015207422650519e+03 7.214060088923093250e-01
1.062384076068638933e+03 1.500564482084909741e+03 1.079468679551597379e-02
1.166950026556212151e+03 1.526726571583669966e+03 2.077010659891367794e+00
1.082129438709236183e+03 1.561125464126035240e+03 1.196161705277467846e-01
1.256325516155506421e+03 1.587165962500069099e+03 1.711481927667887870e+00
1.112992149110109949e+03 1.623285842707070515e+03 8.939359527129723260e-01
1.172623386004904660e+03 1.643348209297734684e+03 1.029548229839308604e+00
1.466657035237852369e+03 1.355156576627094410e+03 1.423785971393710659e+00
1.311277796339590168e+03 1.401999673193263561e+03 1.592493505679084764e+00
1.391459173002522675e+03 1.399335559850928121e+03 2.592884960799998861e+00
1.223825844476158181e+03 1.425716603701977874e+03 7.136508371863791167e-01
1.413409575674733787e+03 1.489426359460117965e+03 6.739491392604048947e-01
1.479036639923860093e+03 1.508247515567543815e+03 1.220539355388486236e+00
1.256110160280176842e+03 1.584917435505256435e+03 1.666048896446928662e+00
1.465563887995975392e+03 1.352051134653357622e+03 1.468225955031406071e+00
1.523571185903019114e+03 1.366015428127244377e+03 1.664349596918622609e+00
1.652174429127094527e+03 1.376874851547524941e+03 1.479338363998159878e+00
1.585185919230830677e+03 1.392734233738560079e+03 1.380166418094905367e+00
1.391009972566912438e+03 1.401100133015766232e+03 2.673359669093295476e+00
1.537241456430277822e+03 1.493853987227884090e+03 1.615056949535339959e+00
1.411270258020627807e+03 1.490701129962163350e+03 6.322096009480080436e-01
1.477393406467761224e+03 1.509742526742463269e+03 1.237193783844443562e+00
1.562558995269236675e+03 1.591036747225037288e+03 1.509110234889213809e+00
1.520032669466928155e+03 1.368907400753003685e+03 1.637498496035547646e+00
1.651393516185730732e+03 1.371162862488717565e+03 1.459420919429265551e+00
1.584009189173482355e+03 1.392563639723935694e+03 1.379268164960537391e+00
1.759250781523501928e+03 1.395608410462110669e+03 2.350708818266924016e+00
1.708841754913725708e+03 1.410376944368928434e+03 1.454358947646612998e+00
1.536652908643505498e+03 1.493520940093777881e+03 1.616713999887011255e+00
1.561651911715127426e+03 1.590947114518208082e+03 1.502583199904867772e+00
1.731354911046560574e+03 1.402692566571572797e+03 1.696555503197240800e+00
1.935127259829478589e+03 1.609885454903156642e+03 2.773691871128912023e+00
2.095079691058272147e+03 1.363533825306356221e+03 1.400617938171409671e+00
1.931367958410447045e+03 1.608537928601079557e+03 2.764552662044011733e+00
2.094090145965701140e+03 1.363008831902745214e+03 1.400621039611448682e+00
6.615001296637856285e+02 1.576088478185846725e+03 7.593670071057946613e-02
8.538969293094505701e+02 1.524767347453899220e+03 2.529664541051296567e+00
7.565061223755760693e+02 1.550297234566280167e+03 1.057220940555001931e+00
6.630237503132340180e+02 1.576084036015375204e+03 1.111378266748729166e-01
8.188003136338642207e+02 1.600288804459292351e+03 2.914379329592998502e+00
8.194796674293759224e+02 1.690986166663641370e+03 2.442319345361822602e+00
7.979834623427094584e+02 1.774334576951283452e+03 1.120179176754156458e+00
9.809605769548552416e+02 1.518345814828982611e+03 3.049669964792880439e+00
8.602242393148511610e+02 1.526464596818514792e+03 1.135588192257123985e-01
7.526848172036042115e+02 1.547495073246830543e+03 2.133124414789222267e-01
9.431129353792982783e+02 1.579130360049939782e+03 5.283472830919334895e-02
8.176584854754847811e+02 1.598022932451049883e+03 2.881087184830405601e+00
1.020474110427275718e+03 1.644266997271981381e+03 1.340983250922765269e+00
9.604944786888856925e+02 1.669902358729983916e+03 2.053273269452874139e+00
8.186652668362742133e+02 1.690268919578879832e+03 2.455526902196004446e+00
9.076196916769147265e+02 1.695066766065408956e+03 2.190227394876114619e+00
7.972748556737413992e+02 1.772520719112534834e+03 1.909822277282104963e+00
8.837073956466492746e+02 1.783150319987138118e+03 2.757435953136816664e+00
9.989673450140032855e+02 1.798762738598620217e+03 2.497022693273568628e+00
9.805811251385709966e+02 1.520614983522945749e+03 2.958885146649366416e+00
1.170456809558293344e+03 1.532681351371031042e+03 2.140346101892839137e+00
1.084089469744490088e+03 1.559197294763499713e+03 1.689024969905611462e-01
9.420828963681458390e+02 1.579733083463441972e+03 3.076844153021886186e+00
1.114703362018663938e+03 1.621243165816975761e+03 9.264118974770177983e-01
1.016874663009148890e+03 1.645355130063265506e+03 1.419455350435309571e+00
1.175213458280681380e+03 1.639384943558862687e+03 1.043981657404432717e+00
9.586303104516725853e+02 1.671534110357300051e+03 2.152448106734131450e+00
9.064472026810976786e+02 1.696151017536064501e+03 2.244337780542170258e+00
1.043674858181354239e+03 1.712557455525281057e+03 6.052024277592816803e-01
1.104141725093923469e+03 1.743198592814115727e+03 9.451022159826562019e-01
8.818065933500568008e+02 1.787981039463213165e+03 2.656325260014401390e+00
1.003850652386799993e+03 1.805654462449064795e+03 2.468059827540791673e+00
1.167692315430435201e+03 1.524026117005892957e+03 2.084845144534519967e+00
1.080597994403649864e+03 1.559011291513167862e+03 9.784800461852993791e-02
1.257670943749964863e+03 1.583149300867652073e+03 1.707261490799634185e+00
1.113395348979224764e+03 1.621170805994053353e+03 8.890974506309284875e-01
1.176049879766734648e+03 1.639539709053473416e+03 1.017509624263913448e+00
1.043499082980678395e+03 1.712198080802738104e+03 6.238248939873535237e-01
1.105941100078655609e+03 1.743008785230034846e+03 8.759589707174795237e-01
1.479200989053018247e+03 1.511323785039520999e+03 1.091806423381158631e+00
1.256557091391442555e+03 1.584245407075006142e+03 1.689928792657386936e+00
1.390995044550224065e+03 1.689415982484942333e+03 1.913078605174056257e+00
1.476532771386951026e+03 1.508573918231909374e+03 1.226974958363129087e+00
1.562608896782351167e+03 1.589531236883074143e+03 1.499089972444553887e+00
1.389745184611945433e+03 1.689815330434364569e+03 1.928598047288634820e+00
1.561472362865752075e+03 1.589341343006240777e+03 1.523073052915814962e+00
1.932812597470979199e+03 1.606919166554675712e+03 2.757717325960445720e+00
1.931667190530328298e+03 1.606749083145831037e+03 2.777639733476409134e+00
8.182025277286406890e+02 1.688198878475687934e+03 2.571031872987448619e+00
7.969550443810179559e+02 1.770768634885959727e+03 1.991367266013670090e+00
8.071336874977196203e+02 1.890207571973565791e+03 2.019569410545257071e+00
7.806954278343022224e+02 1.963469103341575646e+03 6.012549585388188983e-02
9.638972084109398111e+02 1.669212900618732647e+03 2.169809428111548755e+00
8.171880860563072702e+02 1.688557516229449675e+03 2.506587080619408603e+00
9.075888013721587413e+02 1.693159266836057213e+03 2.228319727771023384e+00
7.972290440643386091e+02 1.770899584372439904e+03 1.952292251441176463e+00
8.831344994197052074e+02 1.782282107778883983e+03 2.760954731846227972e+00
1.005121436160201029e+03 1.801215182056309004e+03 2.598308059862381558e+00
8.944545726593066775e+02 1.868597963885492845e+03 8.310194949507920814e-01
1.009659978744655291e+03 1.868917361923511862e+03 9.331810171885934757e-02
8.077110050706742186e+02 1.891100942578350896e+03 1.974300658059710223e+00
9.538370306344299934e+02 1.918528471181917212e+03 1.749144356612706008e-01
7.793735413648428221e+02 1.963913585369026350e+03 9.970955699256958682e-02
9.295527936666471760e+02 1.979245123502098068e+03 7.021790376058146821e-01
9.605909638497116703e+02 1.669249915124831432e+03 2.099417682503943006e+00
9.083592896978384488e+02 1.696167352039207799e+03 2.138383394572599627e+00
1.044707939500023031e+03 1.710984645289792070e+03 6.476195260195788395e-01
1.105349625793523273e+03 1.741150542677200065e+03 9.562259148051843738e-01
8.823369390910315815e+02 1.783333770274248764e+03 2.665879955909165488e+00
1.004047660312697190e+03 1.804124046815989686e+03 2.467013591459609412e+00
1.128685977938938095e+03 1.849599728011410662e+03 2.945629397209574840e+00
8.936085458588981965e+02 1.869683996279753728e+03 9.033416093857067342e-01
1.007642112210726054e+03 1.868664316467289609e+03 1.535011266759358541e-02
1.139215405038763038e+03 1.911997159310973984e+03 3.116298799088970561e+00
9.533534221001330025e+02 1.919580942085097831e+03 1.854797243554272557e-01
1.071432473923896168e+03 1.944179385507815823e+03 8.995650559513636291e-02
9.323549374534325125e+02 1.972139537116991960e+03 9.465617090667050038e-01
1.043473764873385790e+03 1.709005341893912373e+03 7.861199735866083449e-01
1.105970972683272976e+03 1.741093390310302766e+03 9.577806043975738426e-01
1.128475062167912938e+03 1.848009646980964817e+03 2.948396047348101678e+00
1.271063009165555968e+03 1.895766302043291034e+03 3.111619773337578110e+00
1.140706179747525312e+03 1.911995625141397795e+03 3.061860989863535831e+00
1.069789646674765891e+03 1.945307623990923730e+03 3.139412897755279985e+00
1.244440340522517090e+03 1.941939317647726057e+03 6.141943190898714322e-01
1.391063227602394818e+03 1.685879849424060922e+03 1.912471180892325817e+00
1.268156776495672602e+03 1.896061932675431308e+03 3.864749507085085689e-02
1.244766668266185889e+03 1.940158735432652065e+03 6.672042242418823044e-01
1.389808523774010155e+03 1.691797324058314189e+03 1.970744582873434236e+00
8.079424441403775745e+02 1.890088074720776149e+03 2.085350594323267970e+00
7.820659265593588998e+02 1.961163557623097859e+03 5.944365873149038554e-02
8.937509955111988802e+02 1.867181937335030625e+03 8.511561915402866552e-01
1.007315401457204189e+03 1.868340104330831991e+03 2.719489003383325887e+00
8.075825448815842265e+02 1.890761600433958847e+03 2.038728007201494385e+00
9.540099264652635611e+02 1.917575746892742700e+03 1.185947286672821011e-01
7.807021589121553689e+02 1.961578055576660972e+03 3.110468757220001379e+00
9.299418501515297066e+02 1.976484263018791808e+03 6.946488654622735570e-01
1.125370925551342907e+03 1.846192770845100767e+03 2.807543159797416976e+00
8.916722120940455625e+02 1.865921617888841638e+03 9.229987288654171174e-01
1.007573564312560620e+03 1.867665139626511973e+03 3.029542818141019556e+00
1.138418551657803391e+03 1.910435025632153156e+03 3.049318290090735406e+00
9.524634823898913965e+02 1.917380096517083075e+03 1.056487593398713204e-01
1.069554179200201361e+03 1.943510954082698845e+03 3.035090598950510726e-02
9.288749566258582036e+02 1.976344128753212317e+03 7.514382647089552503e-01
1.150310843619361549e+03 2.024589787401675949e+03 8.418805586256066231e-01
1.041896122223947032e+03 2.019841372087275431e+03 3.078760594768487291e+00
1.127208806414973651e+03 1.846173980849064492e+03 2.986990197311766959e+00
1.270145728389988562e+03 1.896627847407571608e+03 3.121458232610345274e+00
1.138878932381436016e+03 1.910445832081238223e+03 3.077116987143657223e+00
1.244600131839678852e+03 1.940942402427783236e+03 6.649270214258777845e-01
1.070053436912197185e+03 1.943283164846578529e+03 3.758642714892260900e-02
1.150870138967705543e+03 2.023354956905820927e+03 8.502419937088141477e-01
1.233795749150697475e+03 2.021923948364117678e+03 1.090058886881597022e+00
1.041483927962649659e+03 2.019269085913572781e+03 3.091702098175761027e+00
1.268959407984118343e+03 1.894865435292912025e+03 3.094138555140864444e+00
1.242840429619446240e+03 1.941481325007940086e+03 5.882341404188798917e-01
1.233147826697172832e+03 2.022232998816348299e+03 1.058377969151927278e+00
1.146349890985721686e+03 2.027162615689122504e+03 8.855896792324372546e-01
1.041046277905465104e+03 2.019958699862655521e+03 4.967266059416981794e-02
1.149571730905767708e+03 2.024047948816589269e+03 8.304898557244697610e-01
1.233392747557066741e+03 2.022275476928455646e+03 1.075791247998028277e+00
1.043372787351629086e+03 2.019184949903838060e+03 5.095002566134537031e-02
1.232477886013556144e+03 2.022629933387288474e+03 1.086093569555959260e+00
