1.387520916645513580e+03 9.863859855231129359e+01 7.478766355402068911e-01
1.483175999614305056e+03 2.644426746651976146e+02 3.008671500256619780e+00
1.418547666409329395e+03 3.591318668098671196e+02 2.960683687261906449e+00
1.387923748987799627e+03 9.596442185267832770e+01 8.020605545927946833e-01
1.542060782811591707e+03 2.171515607352026791e+02 2.867200416544748443e-01
1.483957539637562377e+03 2.649043028436676650e+02 2.949600037753732362e+00
1.420105418696508195e+03 3.610838091721420824e+02 2.949963010532179020e+00
1.540804867146346623e+03 2.164681866599229352e+02 3.021417565668302885e-01
1.797032530393638808e+03 3.327712333814365024e+02 2.156108868179248184e+00
1.795458727542488759e+03 3.348906395451622870e+02 2.179702585434740936e+00
1.888742304705029710e+03 3.810928110050622308e+02 2.924379752707512381e+00
1.273717102224115024e+03 4.760966534473189995e+02 1.304905463855994707e+00
1.481833887504433733e+03 2.611115394099716696e+02 2.916136865265225531e+00
1.419804426084225270e+03 3.567987448365717000e+02 2.919781497344189791e+00
1.272205626138445950e+03 4.777262230780952450e+02 1.328034691373936926e+00
1.357191500565408205e+03 4.852650519684839310e+02 9.163203185767830883e-01
1.465723714069012658e+03 4.950994921111044960e+02 4.508273701130307565e-01
1.482502043133186817e+03 2.632480039431345631e+02 2.937970271975217873e+00
1.418782994333290162e+03 3.563007487946425726e+02 2.903779886007121558e+00
1.602504919267861396e+03 4.515502115074684752e+02 1.534406579649396418e+00
1.649023611218216502e+03 4.794990104259171630e+02 9.184090758721997760e-01
1.358402619996208159e+03 4.834827752331226520e+02 9.262342183183170929e-01
1.465904042481650777e+03 4.915316178942300667e+02 4.747352012603555105e-01
1.519949880111999619e+03 5.362551707640179757e+02 7.049157187902439503e-01
1.797755234551596459e+03 3.351037336014988455e+02 2.174143971035636724e+00
1.718135178709994307e+03 4.235647100375574610e+02 2.824917651788076967e+00
1.600751471579709914e+03 4.509713310273111802e+02 1.460414389541132119e+00
1.645704231026452362e+03 4.779699495525227348e+02 8.127265117813537998e-01
1.717511038942642926e+03 5.091093136523617204e+02 2.849847461011171257e-01
1.808897376582237257e+03 5.168315520184557954e+02 7.203230536536651130e-01
1.519870100396133921e+03 5.342512868421589474e+02 6.889912439449131787e-01
1.795836434979269825e+03 3.331676644518460080e+02 2.086903737370183975e+00
1.892412652175977200e+03 3.806480564801959190e+02 2.730176043661944441e+00
1.716165145739178115e+03 4.231919140482405055e+02 2.831942987715770244e+00
1.879430142691644278e+03 4.472244831032511456e+02 2.843074451839713301e+00
1.808179297475387557e+03 5.130687905054977591e+02 7.110258482686817594e-01
1.715112123448301190e+03 5.111102092978428573e+02 4.263598725746788332e-01
1.900684749624208962e+03 5.281749468890518528e+02 5.316452093438225335e-01
1.891495387189278517e+03 3.804236083111701419e+02 2.742634180963269497e+00
2.045286011879215494e+03 4.408842718687321849e+02 2.780647107047437672e+00
1.878433958771698826e+03 4.473721374454172519e+02 2.853197687306884500e+00
2.138127250015026220e+03 4.420127889555124057e+02 2.815519179855812570e+00
1.992629475177384393e+03 4.786442317414810077e+02 2.659059355521113499e+00
2.119831182818353682e+03 5.052207445091310092e+02 2.859746615114265200e+00
1.905221033360930505e+03 5.240732293291614496e+02 4.390732461495095440e-01
2.044252664889342668e+03 4.413359178788741701e+02 2.811073393150109734e+00
2.136097109363815434e+03 4.410420130351483294e+02 2.916419468654902758e+00
1.991707248778121539e+03 4.800320488190292281e+02 2.653155768902794254e+00
2.120763848013145889e+03 5.042591879021427985e+02 3.022737844211178082e+00
3.275913254371163248e+02 5.793255375926224815e+02 5.801779692778802344e-01
3.257079189140944777e+02 5.792325091043815064e+02 6.015143345418999532e-01
1.149711718415510177e+03 6.342288711483497536e+02 1.100784094989451178e+00
1.273521029646499073e+03 4.768734918631643040e+02 1.304671109920948480e+00
1.248877506769208367e+03 5.854670677059224317e+02 1.189677663553222686e+00
1.147281842291964040e+03 6.361628338521122714e+02 1.054128092087520674e+00
1.272593268741472002e+03 4.765458488742463032e+02 1.300378091709364581e+00
1.357651414715630835e+03 4.841270368374460986e+02 8.403937267543504230e-01
1.467319673802767284e+03 4.914369266981691453e+02 3.708464954471727415e-01
1.380846249503527588e+03 5.846139072834162107e+02 9.765999955431881041e-01
1.247977297857008807e+03 5.855001557791754294e+02 1.174227702920255689e+00
1.459630002341979434e+03 6.037197400409402235e+02 2.072918166412178742e+00
1.603596527668743647e+03 4.510543978015460880e+02 1.618694965438167266e+00
1.354228794547045936e+03 4.832790798604062275e+02 8.804431004269971384e-01
1.646027992751282909e+03 4.776421578941681219e+02 7.265405772031564569e-01
1.466254556774061030e+03 4.918221407146637603e+02 3.933846475078109362e-01
1.521280762973917945e+03 5.321145885710329821e+02 5.637134224357761569e-01
1.625492474855118417e+03 5.479345383810452859e+02 2.579693858668976117e-02
1.379963370653149013e+03 5.844854804825823749e+02 1.007482833518818177e+00
1.458397671647008337e+03 6.023335250050882905e+02 2.024759476574768513e+00
1.556722021136809190e+03 5.864574070641422168e+02 1.775347700356939562e-01
1.571886339268532538e+03 6.473290811483956304e+02 1.289246040121141135e-01
1.560028893388414645e+03 6.987916674621910715e+02 3.911741696619193132e-01
1.717584148786210335e+03 4.230340036536266553e+02 2.778311410492710021e+00
1.602154919818099188e+03 4.503079456675721985e+02 1.591623757859601085e+00
1.643725507425932392e+03 4.792717977970492029e+02 8.283553404355306071e-01
1.716624135890275738e+03 5.089844827088788861e+02 2.212665465056602720e-01
1.810211778671063712e+03 5.140427927911910047e+02 6.008107595090468322e-01
1.517564898082388709e+03 5.328979874485106620e+02 5.828287454144014390e-01
1.624207645709292819e+03 5.476139868668299187e+02 4.750392818465745681e-02
1.556321776246290256e+03 5.867125335064364435e+02 2.125067075593482513e-01
1.685394312798355031e+03 5.977011236195303354e+02 3.486616341224116344e-01
1.809640945120860124e+03 6.110281683345036754e+02 2.586133880310335531e+00
1.568938064520519447e+03 6.488895626195773048e+02 1.811881657691722380e-01
1.728591549990035674e+03 6.453525204015143117e+02 3.098787536964089817e+00
1.716639216208028984e+03 4.232108946566665963e+02 2.817924877558382946e+00
1.879561008967525822e+03 4.459471297776657366e+02 2.747928051936475935e+00
1.808697418564687496e+03 5.139934974717995146e+02 6.663245252928780005e-01
1.716135135008520365e+03 5.092564715786338638e+02 2.902699789364633909e-01
1.903124178448071689e+03 5.251119820539822740e+02 4.117744369614120825e-01
1.865897695669228369e+03 5.704981299049156860e+02 2.884626890869560700e+00
1.971056290177970823e+03 5.883523107160947347e+02 2.577490150900505927e+00
1.681889211423294455e+03 5.992078767989119115e+02 4.818543100528276391e-01
1.807119752445877111e+03 6.125121881150890886e+02 2.530788857020261684e+00
1.962254463099802251e+03 6.347281734585690174e+02 2.953596062967023705e+00
1.730271265670329740e+03 6.466872082341660644e+02 1.767038878708943050e-01
1.874735615399010157e+03 6.877802816075261489e+02 2.873079854539974054e+00
2.046388824754826146e+03 4.419199590785040073e+02 2.818629863080197584e+00
1.879060265093276030e+03 4.465636436528976674e+02 2.793605629168288029e+00
2.139496314245942813e+03 4.406821255250214335e+02 2.779264643701389037e+00
1.993468405327034816e+03 4.771483183237636467e+02 2.655656943034824913e+00
2.122445388629163517e+03 5.043178720758343161e+02 2.979516547666086979e+00
1.904045487156846775e+03 5.240351432392441211e+02 4.311689302808309754e-01
2.110403769067297617e+03 5.692265755141307864e+02 2.260193257850010351e+00
1.865926195271071037e+03 5.724179522257476265e+02 2.977367711789412841e+00
1.970646226397418104e+03 5.866350120930500225e+02 2.860244981504047601e+00
1.958829526478326898e+03 6.366679458980521531e+02 2.899476719099106869e+00
1.876780687865572645e+03 6.874863995904429430e+02 2.963548196343890329e+00
2.045962467773281787e+03 4.416508683909140700e+02 2.887643173359259130e+00
2.137293483385894888e+03 4.413268162372608003e+02 2.929912178647465559e+00
1.993408383668765509e+03 4.767116345993681534e+02 2.669382893348622332e+00
2.121412526014360537e+03 5.040005865545048209e+02 3.026447018437736336e+00
2.109643142660246212e+03 5.698232359817629913e+02 2.335613166240169125e+00
3.271589499613544945e+02 5.764609944485687265e+02 5.659407465350855260e-01
1.502467811714798813e+02 8.503064257268704296e+02 2.314888282863968083e+00
3.259033611727877542e+02 5.783801682876958239e+02 6.060259673240682154e-01
8.561386626167454779e+02 7.966235760813291336e+02 2.538872361512074960e+00
8.571625319119787036e+02 8.007939444399619333e+02 2.492992275804656099e+00
1.149502265230495141e+03 6.335073647252620503e+02 1.027452975614743691e+00
1.034870838488666550e+03 7.144540202214216151e+02 1.903377855070147895e+00
1.129094763242101635e+03 7.810239726016231998e+02 1.214213427935898926e+00
1.143715286399248726e+03 8.467198835089452587e+02 7.903178621452872088e-01
1.250158661172215488e+03 5.821467481434066258e+02 1.161761688636326451e+00
1.148124352126093527e+03 6.335726615237493888e+02 1.029478855190913533e+00
1.031666470458402500e+03 7.137064961281207616e+02 1.960647443074111429e+00
1.128910932642076659e+03 7.810820696669397876e+02 1.224440426378910374e+00
1.239169661260149724e+03 8.019238260465048143e+02 6.174809427314680299e-01
1.141767512586352268e+03 8.455067968702085182e+02 8.042837227975586645e-01
1.248360188063911437e+03 5.813726085734618891e+02 1.209957851417133634e+00
1.381833105842783198e+03 5.828182519753798942e+02 9.782302795138737572e-01
1.460658341528906476e+03 6.011470602781763546e+02 2.028074277887114363e+00
1.469006659068095587e+03 7.155562178739082810e+02 2.693544425701293488e+00
1.340905698321326554e+03 7.277163937709558468e+02 1.672324743302233019e+00
1.237731631445841458e+03 8.030527020926014075e+02 6.818748423417779758e-01
1.369482630731044992e+03 8.069446273667936111e+02 7.648935663598313388e-03
1.378198050995217955e+03 5.820908520256975862e+02 1.031371161679920156e+00
1.458776076232764581e+03 6.017342543830027353e+02 2.001280503241053665e+00
1.556403275110393224e+03 5.853247068865426854e+02 2.460046674990580551e-01
1.571419831183570068e+03 6.463123149416918523e+02 1.835088019391396819e-01
1.561560368322153408e+03 6.929035263859971110e+02 4.342204721390502398e-01
1.467622002189191335e+03 7.157189193100471130e+02 2.691580564319665747e+00
1.564681812882206032e+03 7.601100162673228624e+02 9.357371647768459866e-01
1.618368888359166704e+03 7.792646910707730967e+02 1.600584078931141185e+00
1.365727247789170633e+03 8.082609753609913241e+02 9.663091702310530606e-02
1.538750285955659820e+03 8.462002929996610874e+02 3.003227347172122919e+00
1.556415030994293602e+03 5.844815636981462603e+02 3.454070983984186549e-01
1.684323859752707222e+03 5.960960869830223601e+02 2.747128344510631481e-01
1.807928726285722405e+03 6.072680454690133729e+02 2.544127753255531310e+00
1.569184129674167252e+03 6.463967037017625898e+02 1.484438731017672375e-01
1.728554952644707100e+03 6.450281902195627026e+02 3.114399158030918269e+00
1.560789795857595209e+03 6.904695306014704101e+02 4.866064661715834849e-01
1.677229595467798617e+03 7.386075273304064694e+02 1.273382603431578275e+00
1.757404162537143520e+03 7.368579911239553439e+02 2.189971135966786164e+00
1.564717845722861284e+03 7.594014767465193927e+02 9.290762797608542733e-01
1.614715053186547038e+03 7.770093449288667671e+02 1.579286853276729907e+00
1.764954530493016591e+03 7.932008186348574554e+02 2.253314967597058516e+00
1.714613156636568192e+03 8.246234303761038973e+02 5.962906687448425030e-02
1.532196469139595365e+03 8.462286330278386686e+02 2.937788263631075480e+00
1.865527893165901560e+03 5.703646007565358786e+02 2.167523101163927546e+00
1.683432666118197403e+03 5.976592821326399871e+02 6.890700607499732344e-01
1.806554319175835644e+03 6.109147392431950720e+02 2.642372456862068120e+00
1.963455861227440892e+03 6.345141791781051097e+02 2.980889170974385660e+00
1.730112037622623575e+03 6.460026078824819251e+02 2.350433102634476856e-01
1.876419210985652171e+03 6.838948384459461067e+02 2.977981582452807974e+00
1.819581329181632100e+03 7.161717841836305070e+02 2.218881364198650008e+00
1.675423344210700407e+03 7.398073230216418779e+02 1.242768445524416787e+00
1.755821152514598907e+03 7.361740055619321765e+02 2.159387205217733641e+00
1.927799711763861524e+03 7.610868890666547486e+02 2.514107481078633910e+00
1.766804179894755180e+03 7.979818132311756926e+02 2.489685483642623431e+00
1.714103200433650500e+03 8.261689527271767020e+02 1.571222898911537602e-01
2.113227345689712820e+03 5.685474917467284968e+02 2.311687728260014563e+00
1.869085339545968282e+03 5.721966126583155301e+02 2.954957642136300855e+00
1.972099167196048711e+03 5.841964383945868349e+02 2.994089548967150183e+00
1.958977326128088862e+03 6.371470932650282748e+02 2.949037722166905962e+00
1.877126667774583666e+03 6.837908059303431401e+02 3.070748795642011864e+00
1.927481233025161146e+03 7.615964031329895079e+02 2.521153335220081892e+00
2.110093548125703819e+03 5.700586792416221442e+02 2.473248057170379877e+00
1.514026823947561411e+02 8.485945377916032157e+02 2.335699323859231402e+00
2.314429610374004369e+02 9.500471595926176178e+02 8.653374737554696550e-01
2.349316144415162171e+02 9.456560874414253703e+02 9.878610006208905503e-01
8.582449441106853101e+02 7.984356961858152317e+02 2.501490146941145909e+00
8.086524932489946877e+02 9.342552373083817656e+02 1.133384530231699161e+00
8.582128908407178187e+02 8.002295401640540149e+02 2.482614964242972455e+00
8.084241006960373852e+02 9.343131756873101494e+02 1.075142930949052777e+00
8.755260139142294520e+02 9.554906664674754211e+02 1.322038276899714759e+00
1.034624744402397710e+03 7.120066115701511080e+02 1.925293895098962427e+00
1.130512274248142603e+03 7.777763479249658758e+02 1.179946214479340005e+00
1.143272685755230214e+03 8.438319535651254455e+02 7.973827650715603621e-01
8.729976724962345997e+02 9.533619071412820176e+02 1.263805385738203002e+00
1.068336841912200043e+03 1.003717162417504824e+03 1.692805696685550032e+00
1.124513338715578584e+03 1.005685893136285358e+03 1.351074402054858403e+00
1.030782496764055850e+03 7.179015140339706704e+02 2.058853819496698101e+00
1.129161564336347283e+03 7.796614626783847370e+02 1.249680735550589894e+00
1.239086217772376585e+03 8.011437703688286547e+02 6.382442116125450760e-01
1.142101743485830866e+03 8.432410415808419657e+02 8.433886684909428499e-01
1.292042070986036833e+03 8.734462101061735666e+02 1.347991290682469367e+00
1.181871598079390196e+03 9.324483304711457095e+02 1.463866195054684738e+00
1.248574730176759886e+03 9.668938195589500992e+02 2.371102721215394282e-01
1.066645122155882291e+03 9.998585793459374145e+02 1.806337375995001659e+00
1.119328034638481085e+03 1.007712319874749937e+03 1.439021050108676425e+00
1.469260680052917678e+03 7.113463259556426692e+02 2.703478243515514468e+00
1.340556718828034263e+03 7.245058794490556693e+02 1.693399720160187139e+00
1.239107562998311096e+03 8.010757294116117464e+02 7.096508639082488301e-01
1.369841351997240054e+03 8.055243192057013175e+02 3.119474490790048904e+00
1.290664801618974479e+03 8.731744090448942188e+02 1.331449090071322727e+00
1.344417200556991475e+03 8.944563905332472586e+02 7.730471017493157904e-01
1.248059513179935493e+03 9.668636029049907847e+02 2.959044532377639314e-01
1.467136536396467363e+03 7.140613708622580589e+02 2.737122077781664942e+00
1.564736064824183813e+03 7.597782745100494139e+02 8.972653326528547968e-01
1.618160923407456039e+03 7.767313090871416534e+02 1.450315679634611499e+00
1.366216636870569801e+03 8.063148711605711014e+02 8.239310797726487334e-02
1.536895400245759447e+03 8.436677444881311203e+02 3.087738255368158491e+00
1.660236646295139735e+03 8.782285910911637075e+02 1.956781634955195859e+00
1.500234627497320389e+03 9.328791695446525409e+02 2.095203085793941433e+00
1.627651002208617228e+03 9.272117133084768739e+02 2.113324652919096991e+00
1.567230775822813484e+03 9.394989365539838673e+02 1.845760481814571419e+00
1.677505212780101147e+03 7.371567677030991490e+02 1.231210342310713024e+00
1.759225643209441159e+03 7.346510616197224408e+02 2.249034214307677360e+00
1.563366611935778792e+03 7.575386105909435628e+02 9.033006637054870058e-01
1.615929923212426502e+03 7.770887267681880530e+02 1.511162593789338704e+00
1.768185391639228101e+03 7.980005286929423391e+02 2.612704043967136514e+00
1.712434484651789717e+03 8.239353230400275834e+02 3.115667353590438449e+00
1.536003478170774770e+03 8.433219990206033572e+02 3.074588779093285318e+00
1.658223255044558300e+03 8.821574740521259628e+02 1.997059974028288609e+00
1.713616102426752605e+03 9.198183039937907779e+02 1.986688758524430609e+00
1.624519706580145112e+03 9.263188883364607591e+02 2.110426103808348941e+00
1.566261950543301737e+03 9.397637312439887864e+02 1.923967826655460067e+00
1.821107212419885172e+03 7.151330299981300413e+02 2.199259590333579428e+00
1.756847493672357359e+03 7.373714571477945583e+02 2.147838219966978102e+00
1.675900113446523847e+03 7.382005416056068725e+02 1.136822773226978445e+00
1.929855231522583381e+03 7.603402881842195029e+02 2.558430232831535811e+00
1.769896799061023330e+03 7.991714175641743623e+02 2.597893116113749290e+00
1.712238032841661152e+03 8.244615813824038923e+02 3.101857701478662133e+00
1.715395083359037017e+03 9.212064945463835102e+02 1.867352402549329771e+00
1.784561374971798841e+03 1.021403451987139306e+03 1.594638901786379626e-01
1.927560944662961447e+03 7.608892138860345540e+02 2.620182492071595259e+00
2.323283740430287594e+02 9.475320855341492461e+02 8.385947858261286747e-01
2.538716260136836809e+02 1.149490661176159165e+03 1.923269856882171780e+00
2.164261776508307094e+02 1.178740498468705482e+03 2.294406729456324179e+00
1.357604919370082257e+02 1.180428693459198030e+03 2.561815510003614182e+00
2.300830794368716852e+02 9.458253703073678480e+02 9.120479296285654014e-01
4.451556704359311425e+02 1.042140612000400324e+03 5.438689162588385972e-01
2.509110933540738415e+02 1.146845439094655831e+03 1.968842812298331468e+00
4.425144576745901759e+02 1.042950830699985772e+03 5.891124991804600475e-01
5.626696619025600512e+02 1.077178532151833451e+03 2.659333391804384217e+00
8.088228074173871391e+02 9.338628631942444827e+02 1.168326343364582964e+00
8.607509223509853200e+02 1.059425335729713652e+03 5.604912714351639735e-01
5.567026087432557233e+02 1.076829688596146298e+03 2.724798390356691691e+00
8.083681326397879729e+02 9.332686392857099236e+02 1.131982160609972476e+00
8.751283011224561506e+02 9.545640370364217233e+02 1.398928881728113804e+00
8.608902333540071368e+02 1.057865643038945109e+03 4.184532486440277199e-01
9.928577356858982057e+02 1.068149547229616019e+03 5.749280450194973469e-01
9.703574586714400994e+02 1.162370653814505658e+03 1.098413195205885096e+00
8.720454886709535458e+02 9.534374578877741442e+02 1.356125534787158582e+00
1.066811972216614322e+03 9.997572338091997608e+02 1.672780543876587922e+00
1.122637930125968296e+03 1.005876878807010826e+03 1.428646613264159759e+00
9.925389622573698034e+02 1.067749408739255841e+03 5.357074825291975317e-01
9.677749911857840743e+02 1.162204254253483214e+03 1.041771339902523463e+00
1.293357812456526062e+03 8.742504716062512671e+02 1.093588676642378577e+00
1.181801149849969534e+03 9.319231885008978225e+02 1.404291640263432672e+00
1.333554705800581814e+03 8.935498545468706197e+02 5.900557214377979420e-01
1.248785929681341713e+03 9.665649785340140170e+02 2.613584972445098242e-01
1.065883379710970075e+03 1.000084459212685715e+03 1.660645505379613418e+00
1.119984311002673621e+03 1.006695923821812585e+03 1.357233579054485162e+00
1.302736477519136770e+03 1.075112492231864280e+03 1.241903372872143141e+00
1.181058339744192608e+03 1.098766697528886652e+03 1.767369113313499440e+00
1.231941130383738482e+03 1.102683766714442982e+03 1.551879033881998105e+00
1.320738352998525897e+03 1.180850660266132991e+03 2.260321231786133200e+00
1.290218195449840778e+03 8.694071755840236619e+02 1.209712835822460253e+00
1.344485802164993629e+03 8.927908448333885190e+02 6.997469418870025937e-01
1.247884614597192012e+03 9.658116209915142463e+02 3.154967316625341134e-01
1.485137209910099955e+03 1.061707382694036369e+03 2.520372133475852205e+00
1.361973554410397810e+03 1.079979306505029626e+03 1.385835087901882368e+00
1.301032645918865455e+03 1.074335337761405299e+03 1.212207588274121006e+00
1.229204250465821133e+03 1.103108387171283084e+03 1.448513792875388839e+00
1.446109240014555780e+03 1.133811568746262310e+03 2.392764098746422263e+00
1.405136239689136119e+03 1.180590398305856525e+03 2.432997494084757406e+00
1.499683352123883196e+03 9.304977267124686477e+02 2.142836996316793918e+00
1.627197597436113483e+03 9.252458710674302438e+02 2.024429711486406269e+00
1.567351026728719489e+03 9.375361994862446409e+02 1.883632159466228639e+00
1.654813270718554577e+03 1.040436423400245758e+03 1.269698197014800023e+00
1.483179942922078681e+03 1.061982101315400769e+03 2.587647411958750698e+00
1.359041832119900164e+03 1.082372314846612426e+03 1.308251648402458223e+00
1.444952693153386463e+03 1.133883171018673238e+03 2.473238829916899473e+00
1.564336391501617754e+03 1.141012626887792521e+03 1.256364461512885056e+00
1.659340217004401666e+03 8.811718335365114854e+02 2.076959542482877286e+00
1.715191783147108708e+03 9.186334026914983042e+02 1.968769941590230887e+00
1.625053209721224675e+03 9.253102270377646619e+02 2.115227675903688542e+00
1.566694942170493505e+03 9.382304182175944334e+02 1.867796325741020391e+00
1.652156216203998383e+03 1.041748252125866657e+03 1.323731395186218185e+00
1.785832280287035928e+03 1.017132547237088374e+03 9.632323074819419684e-02
1.564393516716258318e+03 1.141425668578119485e+03 1.284231306311681253e+00
1.714094781411079566e+03 9.184151709591501458e+02 2.001169391754189064e+00
1.784881346996631919e+03 1.017957511780973618e+03 1.486273836048212227e-01
2.539471859459771395e+02 1.149052188369635587e+03 1.837545379779252919e+00
2.154000920273375641e+02 1.179059950283426815e+03 2.081871580590136439e+00
1.372823664043291956e+02 1.178927781500838591e+03 2.557229017621059253e+00
2.040381621943171240e+02 1.267896996193662517e+03 2.842145547184223631e+00
4.460913361139273547e+02 1.040994248686396531e+03 5.565991656384888797e-01
2.528919008995537752e+02 1.149317291543536385e+03 1.946026171833049156e+00
4.426302049724538392e+02 1.040099323607448468e+03 5.823684360427385798e-01
5.628756138971945120e+02 1.076535134040363118e+03 2.704968268296481959e+00
8.584466488397583817e+02 1.056358321485556189e+03 6.588255723040015166e-01
5.617038063565672701e+02 1.075703322984105398e+03 2.775503138648320434e+00
8.603985905764610607e+02 1.057309376108471042e+03 4.819305120786168128e-01
9.895699300461515122e+02 1.068225023934407091e+03 6.966827693662122067e-01
9.657124271438633514e+02 1.159237017552286261e+03 1.099050552374533973e+00
1.020017137612138640e+03 1.187938941622480570e+03 7.294115297623531280e-01
9.613887153981622760e+02 1.257997550806846220e+03 1.127350664667981922e-01
9.918193624836128492e+02 1.068245691732929345e+03 6.004801756072470909e-01
9.653995632740757173e+02 1.160058747531507606e+03 1.072120140428986401e+00
1.020207785147617415e+03 1.187715483076981400e+03 6.804617980466862726e-01
9.610229090845809878e+02 1.258340715051035204e+03 1.016104014233468467e-01
1.301515885422913016e+03 1.073607549040389813e+03 1.174555966796712259e+00
1.179988701280876512e+03 1.096530987454676279e+03 1.706767244964920494e+00
1.232252832050111465e+03 1.100862232659595520e+03 1.509411458605633527e+00
1.324244156740083554e+03 1.182722546477795731e+03 2.307239447069211025e+00
1.275075478757129986e+03 1.235853065200112724e+03 1.598742209667641800e+00
1.322243878196449486e+03 1.336254961759178741e+03 9.575651761912729043e-01
1.220976017164977293e+03 1.329167113378905924e+03 2.418161915545332663e-01
1.361270176865069516e+03 1.078600368568864269e+03 1.348209894514484253e+00
1.485214350691283926e+03 1.059361151656697530e+03 2.575519958478433846e+00
1.301670155700822306e+03 1.072786734781287350e+03 1.107405131218412331e+00
1.229041526895041898e+03 1.099387753249878870e+03 1.416696903089459170e+00
1.445508535170907180e+03 1.132683640069794819e+03 2.489365216301892225e+00
1.321240611602613626e+03 1.181630074169610225e+03 2.293431934766028135e+00
1.405457900424265063e+03 1.179792118784371041e+03 2.499230098523555377e+00
1.274969618436178052e+03 1.234131325752395242e+03 1.523943246836122478e+00
1.391174089197113062e+03 1.283257824273611959e+03 1.693181611588465918e+00
1.480789545553263906e+03 1.310608229214307812e+03 1.964062947554262584e+00
1.316836831950947271e+03 1.335547456394310757e+03 9.728138997727033832e-01
1.220042051885745650e+03 1.328455876538602297e+03 2.834271705408120123e-01
1.429310779610671034e+03 1.331442900289549470e+03 2.019390937823006382e+00
1.653171251632416443e+03 1.042594402878182564e+03 1.182589775715141567e+00
1.359300244414447207e+03 1.080159798501361138e+03 1.259633431535922110e+00
1.483910897607229344e+03 1.060823432039525642e+03 2.619698412878948446e+00
1.565640650532995551e+03 1.138555281828715579e+03 1.209722424687695863e+00
1.445874890104410952e+03 1.132564144706693696e+03 2.485851664617057644e+00
1.404443996865987174e+03 1.180768112914446192e+03 2.493700663562536057e+00
1.514739043372082733e+03 1.245738103660966317e+03 2.170455885235739846e+00
1.388900505920764317e+03 1.282696298978014511e+03 1.614235385504593889e+00
1.478556641945064257e+03 1.313541405395721085e+03 2.000231192190051743e+00
1.426434427971964396e+03 1.331156814224355458e+03 1.806267043508327230e+00
1.652292217726148920e+03 1.038511190095584425e+03 1.344922126943685292e+00
1.564342733370433052e+03 1.139702162869436279e+03 1.311191692635158335e+00
1.511245327444913528e+03 1.247752643082845680e+03 2.286773718393766419e+00
2.050378734129889153e+02 1.268026093277746213e+03 2.838258125143731991e+00
8.037962148948346908e+01 1.478952692094481336e+03 1.821188337778552935e+00
5.244556474534134622e+02 1.491706702703707833e+03 2.045656483215045007e+00
6.590983041791644155e+02 1.364389493989721132e+03 1.853531192559507712e+00
5.908540090058481837e+02 1.437327420263170552e+03 1.126342568210753958e+00
6.608086693594971166e+02 1.488293923834475891e+03 2.155737798527197491e+00
5.214325709939345188e+02 1.498203022601505154e+03 2.087813795957793594e+00
6.585242282477053095e+02 1.364696075199568668e+03 1.823815975094748909e+00
7.395965254913188573e+02 1.381602771741414244e+03 2.406256778701648003e+00
5.902281244163855263e+02 1.437411123820046896e+03 1.105781283776332113e+00
6.596570545865663462e+02 1.491748379934787863e+03 2.089112844308525396e+00
9.633758214917918394e+02 1.256466312855668093e+03 2.134239629172969277e-01
8.967763352113740893e+02 1.355473432384486387e+03 1.595963752414959025e+00
7.385258581100044921e+02 1.382192123350352176e+03 2.341260925345547417e+00
9.608013900842365729e+02 1.256699786542695392e+03 1.872378329695014998e-01
8.956053692518421485e+02 1.355234848675525200e+03 1.566316503175530395e+00
1.108296457635512752e+03 1.377523735147829257e+03 1.897605983293013443e+00
1.065127589199714748e+03 1.433603403562764925e+03 2.319506681999593312e+00
1.161106328804534087e+03 1.484714883668404354e+03 2.691088859631028285e+00
1.275689736253386172e+03 1.231787541701329246e+03 1.566425809000857150e+00
1.318325049085440241e+03 1.333143985810782851e+03 1.028676743420327666e+00
1.220986894211067920e+03 1.324657551044449974e+03 2.478434523979133886e-01
1.106852920022426133e+03 1.377074204941540074e+03 1.892176683784551949e+00
1.200982375692481583e+03 1.410445285111879457e+03 2.077637900954073302e+00
1.061863733323078577e+03 1.434404733964619936e+03 2.325983494553955033e+00
1.164553753324824584e+03 1.485894092877800404e+03 2.743405605826310989e+00
1.275105285128841160e+03 1.232380077464872329e+03 1.581094582289257477e+00
1.390993510827170667e+03 1.281732261289304915e+03 1.763273945718487834e+00
1.479707995152884223e+03 1.310377586883971617e+03 2.120041598006912942e+00
1.317972477748920937e+03 1.333202773036223107e+03 1.022431406360372996e+00
1.219955709916738897e+03 1.325322409051607792e+03 2.150872617015505417e-01
1.431901474298080302e+03 1.336370308587262798e+03 2.457577708752943124e+00
1.197980695280134569e+03 1.410885069535834191e+03 2.124648389031124296e+00
1.364285071364979785e+03 1.417424733502575918e+03 1.369731147876344535e+00
1.460695870844749606e+03 1.489198786373121493e+03 2.241965287655095285e+00
1.513247132704252635e+03 1.243782870295237899e+03 2.193347660498139007e+00
1.388754092472353022e+03 1.280794950049159752e+03 1.635066646702054038e+00
1.478238254263599629e+03 1.310403772547026165e+03 2.047899713312465231e+00
1.430403459103475143e+03 1.336692406037864430e+03 1.579071549710515887e+00
1.645932574455560598e+03 1.366408588304580690e+03 2.376604888924854109e+00
1.361557408169757082e+03 1.417903292002110675e+03 1.283499503589816682e+00
1.572022876261984948e+03 1.450687420873284736e+03 2.274460483083280860e+00
1.641118851748636644e+03 1.467787185559647014e+03 2.095892143325093215e+00
1.455525868233596384e+03 1.490890916937285965e+03 1.934605670724137916e+00
1.529684710344147334e+03 1.492528273164247139e+03 2.572352260977798011e+00
1.512501474745808764e+03 1.245543540340667505e+03 2.261083000949114297e+00
1.645067675690114811e+03 1.366253873067147651e+03 2.359413516682897782e+00
1.571238835385491711e+03 1.452537090135114795e+03 2.167785645739448430e+00
1.642934146784000632e+03 1.471426628267576234e+03 2.053791500996903441e+00
1.528300191876447343e+03 1.498471006497518374e+03 2.358218467275119856e+00
8.164331455530901849e+01 1.472177712225773575e+03 1.853008495386623933e+00
1.887465509904198484e+02 1.547162653372887917e+03 5.700416179692714413e-01
3.783085321370133443e+02 1.545121996186288470e+03 5.288980365306521492e-01
2.655913726611254333e+02 1.592837101073981785e+03 3.044693912107341749e+00
5.234803783263007517e+02 1.497962788711590747e+03 1.993583568955743290e+00
3.765571595998297880e+02 1.544443736066488100e+03 4.864512725845683283e-01
4.712452359089179481e+02 1.567917805849003344e+03 1.953291456695431361e+00
2.611307376368984023e+02 1.592210908031899635e+03 3.086989266243826080e+00
4.223876057409468103e+02 1.658165028173413930e+03 7.126011255298014824e-02
6.601528630568942617e+02 1.365964600832564656e+03 1.837107667910993447e+00
5.923897629623304510e+02 1.436313188642970999e+03 1.099872393594851339e+00
6.602086890131092787e+02 1.490759063758205230e+03 2.037747000276554754e+00
5.223545760808303839e+02 1.497241381195057556e+03 2.005789967837010579e+00
4.704838126952697621e+02 1.568279178372530851e+03 1.982763299362870768e+00
6.415176855134782272e+02 1.577863404500087427e+03 2.161397142316248576e+00
5.747043561488989099e+02 1.598062523575262958e+03 2.869764518204820813e+00
4.226929254600900094e+02 1.658676046755960897e+03 1.037194931314170537e-01
6.581560146416347834e+02 1.362912279654870417e+03 1.755746202013634294e+00
7.389046548482667731e+02 1.380673363986862796e+03 2.429952286912185233e+00
5.914364765964920707e+02 1.436556926188393390e+03 1.068451290312266710e+00
6.594241405942361780e+02 1.490012435059830068e+03 2.050571014844227768e+00
8.352523165269979017e+02 1.554311646106492390e+03 1.751251665398646962e+00
7.103400600746481359e+02 1.575551113096082190e+03 1.586070330517040050e+00
6.399663886195643272e+02 1.577423452179345077e+03 2.185620208592957692e+00
5.726680955494654199e+02 1.601029774260535078e+03 2.949544065997916853e+00
7.876488917238207250e+02 1.621602881510925044e+03 2.371812577690679991e+00
8.966835355959251501e+02 1.351595892643766092e+03 1.594486620390092924e+00
7.371367698983640366e+02 1.381677598943488874e+03 2.410188897283289222e+00
8.328626889982133434e+02 1.552996295068903692e+03 1.786487872302905622e+00
9.289967027030684221e+02 1.543374079576723943e+03 2.337375174524536914e-01
7.070460575982202727e+02 1.575176920236159049e+03 1.673029862330669637e+00
9.486222688974485209e+02 1.615821308430207409e+03 1.000983293906578364e+00
7.855606222320006964e+02 1.622785759624104458e+03 2.308091248389611216e+00
1.006827320723472440e+03 1.656203215631416697e+03 6.905792622331995423e-01
8.930737563317022705e+02 1.355269874218977748e+03 1.605122368312194903e+00
1.107931129020174239e+03 1.374422339005151116e+03 1.844109102532371924e+00
1.065043880533143010e+03 1.431023926500274229e+03 2.237285132579674318e+00
1.165278664688000390e+03 1.483970649428139950e+03 2.689515640467721180e+00
1.049507595922617838e+03 1.520049610664755164e+03 1.800387216508963703e-02
9.261838351068108750e+02 1.544166932335015190e+03 2.536933294129830041e-01
1.157142677924225836e+03 1.565452942717228098e+03 3.055387895179543012e+00
1.066750199079344156e+03 1.578948663461067099e+03 3.117777505315585174e+00
9.473764730182952007e+02 1.614839723355623391e+03 1.031744657797523113e+00
1.177841829653595141e+03 1.617855033842330158e+03 9.700811076412025891e-01
1.006993468071595998e+03 1.652968899727482267e+03 6.486276788167633089e-01
1.106298295368956815e+03 1.375669807084295371e+03 1.816402866033920649e+00
1.201228299576680911e+03 1.409129230887377616e+03 2.030333988271212142e+00
1.064518835535762491e+03 1.429965363494095982e+03 2.252387064610022804e+00
1.164576631101894009e+03 1.484075145863190073e+03 2.715991966841465821e+00
1.253971723781296532e+03 1.505694197664002104e+03 1.075983838638301160e+00
1.047251822937924544e+03 1.522717237998248493e+03 2.774187844163251895e-03
1.327077460547764758e+03 1.522353003322611357e+03 5.551639843632638627e-01
1.155134569121988534e+03 1.566805141605120753e+03 3.083909661747522346e+00
1.065783623099624492e+03 1.579267954651630589e+03 3.070867267427265901e+00
1.302914332704312073e+03 1.572432831879003288e+03 4.728331923683486981e-01
1.186237206685702859e+03 1.620000975221410044e+03 2.544948634314234126e-01
1.311788401878758123e+03 1.636813121780770871e+03 9.486134266970071005e-01
1.199576610180023636e+03 1.411030818029846614e+03 2.094650346004872432e+00
1.364112585439112536e+03 1.416939260778468451e+03 1.418883996716791662e+00
1.459811333354395629e+03 1.487779347866226999e+03 2.099053227275086364e+00
1.252664758069858863e+03 1.505996356567934754e+03 1.053108696753713769e+00
1.406222336409407944e+03 1.525222300041291419e+03 1.458031142199734287e+00
1.324972665890724556e+03 1.520889274255504006e+03 3.861536767033314499e-01
1.302347046681953543e+03 1.579664816786965048e+03 2.961441152226521045e-01
1.421169921115138095e+03 1.613450921574341919e+03 9.347735493785634953e-01
1.193135133685296751e+03 1.623833931847823578e+03 1.039916608913894341e-01
1.310986399057319431e+03 1.636963499687727108e+03 4.145766733582124108e-01
1.648758180463941017e+03 1.366396224132261523e+03 2.420500074346828345e+00
1.361218137105688129e+03 1.416293795685470286e+03 1.366099904566052903e+00
1.571872594043792333e+03 1.450374684577465359e+03 2.286149734478442941e+00
1.643755488655382123e+03 1.471642263811381781e+03 2.166299119175284282e+00
1.457621654990525258e+03 1.487185629365975956e+03 2.058897333381976669e+00
1.529570931256343101e+03 1.492122803672463306e+03 2.488135037516288950e+00
1.405296987853366772e+03 1.524588859388176388e+03 1.390895448388320688e+00
1.501249914949449249e+03 1.598860252717327739e+03 1.242647277153129171e+00
1.419644207496099398e+03 1.612974602261175733e+03 8.816962791975812008e-01
1.644040434416911467e+03 1.364741552333415257e+03 2.413647376991967519e+00
1.570996347908188909e+03 1.449543227839870042e+03 2.253969761175359743e+00
1.642420937109482566e+03 1.469510828934704932e+03 2.062404732348240621e+00
1.528005413197196731e+03 1.492052268588105335e+03 2.500085162239193526e+00
1.721024318365066392e+03 1.601095728194823550e+03 1.609136565946077457e+00
1.720310762266570009e+03 1.600297073107062715e+03 1.726356447038368547e+00
1.884945234708291082e+02 1.547257371781506890e+03 6.132494372811075900e-01
3.751720939920005549e+02 1.544345489307677553e+03 5.702376199431815618e-01
2.648830821449626001e+02 1.592510161443467496e+03 3.049933633213234963e+00
3.764557359026107406e+02 1.544982264599427708e+03 5.006554434530759989e-01
4.711047047626032054e+02 1.568913556500996492e+03 1.960798180498955157e+00
2.622260912353847289e+02 1.592152198685862231e+03 3.029782285316686696e+00
4.229780691690857566e+02 1.656423171746014987e+03 7.852998876929034866e-02
5.415199304634757027e+02 1.665680891837568652e+03 6.052119165903941944e-01
4.705882545720369308e+02 1.567980376250211293e+03 1.920275183158396404e+00
6.408741080905492709e+02 1.577588549389729678e+03 2.109627226479666273e+00
5.740384434861155114e+02 1.597080528484485512e+03 2.858961323754591888e+00
5.416113906505195246e+02 1.664199024399924383e+03 5.527193815328627080e-01
4.209973055686178895e+02 1.655837330433578700e+03 1.184559106222217995e-01
6.450130813486007355e+02 1.692741433758144467e+03 2.244176318989910435e+00
6.991629003801890576e+02 1.804958044643955191e+03 2.815313105745879785e+00
8.350496163144289312e+02 1.555955859419556191e+03 1.638894970053076383e+00
7.096460844301534507e+02 1.575163492442021152e+03 1.571525190890859625e+00
6.392693346056133805e+02 1.576663445494920779e+03 2.102624445350281590e+00
5.725666540059530689e+02 1.598239847596264326e+03 2.898030144929542029e+00
7.880914075541844568e+02 1.621975583435706767e+03 2.225634821031793553e+00
7.695024480820060262e+02 1.663610215405221652e+03 3.124178047922642754e-01
6.437902360173960687e+02 1.692574438768813934e+03 2.283604264012665475e+00
7.267713131224247718e+02 1.717828635066485731e+03 2.465684034986289852e+00
8.333724351618984656e+02 1.764649680932689535e+03 2.779511267499743976e+00
7.017674612521848303e+02 1.801262572075526123e+03 3.002786372160474393e+00
8.328765366614408094e+02 1.553065638312600186e+03 1.745420562004898146e+00
9.281553594758529471e+02 1.543832781688613977e+03 2.316038669897450553e-01
9.490200931997128464e+02 1.612942486318643660e+03 1.039943227246596713e+00
7.865855443911982547e+02 1.622672944631530981e+03 2.230831979876469973e+00
1.011621836956395327e+03 1.648905430853262487e+03 4.976242760697537904e-01
8.710012947712439200e+02 1.684445152979238173e+03 1.631010038714723054e+00
7.678901940336800180e+02 1.663360892477616517e+03 1.557973356803983300e-01
7.238029231642067316e+02 1.717478304397452803e+03 2.412066731570790878e+00
9.319188101505783379e+02 1.750795015398420901e+03 2.725359849499266462e-01
8.333029478715048981e+02 1.765062259845556582e+03 2.699701138535896661e+00
1.049397017391206418e+03 1.519911241029521989e+03 3.053106370147158799e+00
9.253351509397182326e+02 1.541946990475818666e+03 1.282498467781648110e-01
1.156726724494105838e+03 1.564121873397521767e+03 2.996409402899857799e+00
1.065333930874001908e+03 1.576465701789453306e+03 2.926143262080828311e+00
9.473966258495674992e+02 1.613254650807550661e+03 1.104856932758767396e+00
1.008569986383637342e+03 1.649461304188056829e+03 5.103667935026192648e-01
1.076175645690509327e+03 1.694234082042812588e+03 5.347049538221048115e-01
8.666219182391100730e+02 1.685098418514871355e+03 1.637465806255592238e+00
9.295475404526926013e+02 1.751069593621885133e+03 2.680717009419787966e-01
1.132631194278990279e+03 1.773125439645080860e+03 1.686334731722434643e+00
1.076883825987818000e+03 1.813878991732920440e+03 2.567623734808320624e+00
1.048029542545215691e+03 1.526653829711240633e+03 1.713257282502203271e-01
1.155242771487570053e+03 1.566375097272349421e+03 2.957017143438654738e+00
1.063105748147079339e+03 1.576772796869815920e+03 2.881454404580467532e+00
1.300691521894079415e+03 1.570433706630546112e+03 4.223882803682281750e-01
1.184841892279415333e+03 1.618463201204385996e+03 1.634181208627612236e-01
1.311514003498848751e+03 1.631461713311406356e+03 7.075014435129353130e-01
1.075702549738405423e+03 1.690945312169449380e+03 5.832866968795334950e-01
1.277120983055081979e+03 1.701378949740648750e+03 2.409262856528405550e+00
1.210692326932008655e+03 1.724021939083659163e+03 2.956857224828850939e+00
1.130687506778016768e+03 1.775793373785453014e+03 1.622775656507690512e+00
1.287764236734968335e+03 1.786824175337972292e+03 3.197409383100416891e-01
1.077961333751945176e+03 1.818168353004012943e+03 2.525062521705837781e+00
1.179974066989158246e+03 1.821495232349342587e+03 1.297608286688809454e+00
1.404861169191559839e+03 1.522482147512901065e+03 1.492785046704706575e+00
1.324108191660497141e+03 1.517691954813003122e+03 4.089173648991707988e-01
1.300838575693752546e+03 1.577800197745978039e+03 2.864414445727419545e-01
1.420321161125550134e+03 1.611389730066553739e+03 9.933685252777061381e-01
1.309808144347544840e+03 1.633513425915737798e+03 4.625628467089281659e-01
1.396177045191986053e+03 1.693306968973777884e+03 5.127498608533123114e-01
1.276281924319977634e+03 1.702025120791732434e+03 2.535113546814780072e+00
1.470472880152021844e+03 1.726130157690029819e+03 1.333150652309760709e+00
1.208278143501263457e+03 1.723924077925697475e+03 3.004862016200248842e+00
1.290596651905722183e+03 1.786101588696380986e+03 1.361472107637409779e-01
1.391958093083730091e+03 1.801260320306977746e+03 1.878246458266644048e+00
1.403639838219618923e+03 1.524858430871516930e+03 1.437896904972469692e+00
1.501038148389983235e+03 1.597965378430750206e+03 1.279115403049819522e+00
1.419536065947012503e+03 1.611511860098488341e+03 8.653751956215860464e-01
1.540934313980595789e+03 1.674870751944145923e+03 1.707043640443063115e+00
1.394795797847568792e+03 1.693820361666123063e+03 4.214859145045922739e-01
1.470124922114010360e+03 1.724286891628934200e+03 1.291922193062337687e+00
1.644145277412640098e+03 1.732834313491596276e+03 6.944060939926007814e-01
1.512594893232333106e+03 1.796971790046894057e+03 1.601034607401286891e+00
1.389457530008534832e+03 1.798089659523634282e+03 2.012688385131714774e+00
1.652040732462762207e+03 1.802836017831808022e+03 1.227402610358627300e+00
1.720711786576029226e+03 1.598678950652894400e+03 1.727941316071085254e+00
1.540050768193833392e+03 1.673446279013643107e+03 1.655663978296987304e+00
1.760247671962485583e+03 1.697358801688442099e+03 1.861681050098124235e+00
1.639967265573714712e+03 1.729998586408167967e+03 7.036524488670635735e-01
1.714624673420735917e+03 1.748736772550859314e+03 1.552368911289603082e+00
1.510204853695961219e+03 1.794026346524796963e+03 1.665937277712871589e+00
1.646794345028133421e+03 1.800178167226731148e+03 1.207908051746500178e+00
1.768093826166593772e+03 1.812580514988630512e+03 1.233426514367838012e+00
1.719865926661644608e+03 1.598043606570988004e+03 1.703045300893896163e+00
1.759143527506874307e+03 1.696804185308267506e+03 1.797094320181704452e+00
1.712324211957850366e+03 1.750906423581178615e+03 1.508970609594060264e+00
1.828594387471921436e+03 1.756524704324458071e+03 2.192386867773663983e+00
1.765948030523392390e+03 1.813274630857390321e+03 1.320902986101276433e+00
1.827435410722099050e+03 1.756723117711627765e+03 2.211855637938991315e+00
6.473262833248545576e+02 1.695762908181599869e+03 2.323283085418254679e+00
6.268809520276292915e+02 1.829931423879828344e+03 2.282335773133513879e+00
6.437224959976398395e+02 1.692313628430041717e+03 2.190798074064784995e+00
7.259785295173936674e+02 1.718843263313144234e+03 2.413540068838005759e+00
8.359689737894323116e+02 1.764481002771717840e+03 2.786932307100439932e+00
7.024914427564690413e+02 1.801631784847044855e+03 2.997198019621843734e+00
6.265544503452199478e+02 1.828978133201202581e+03 2.201542420249299248e+00
8.107635963710292799e+02 1.837490123162799364e+03 2.509127607789393366e+00
7.983326193805702360e+02 1.886947152819099074e+03 3.012317078512914748e+00
8.712817774432003262e+02 1.685638987754960681e+03 1.589469963010967435e+00
7.270770716884892408e+02 1.722199819325797080e+03 2.357127866100066971e+00
9.329184199071403327e+02 1.750271702740084493e+03 3.827091972819223753e-01
8.344598508488422794e+02 1.763496284679674318e+03 2.691817410022129042e+00
8.107782458820074680e+02 1.839015804838679969e+03 2.392842556451918679e+00
9.304079676714511606e+02 1.831630225839296600e+03 1.273645329550024685e-01
7.969529199439380136e+02 1.885428121825369999e+03 2.909326035461692772e+00
9.835430913606987815e+02 1.897515565010443424e+03 2.061862049172090150e-01
1.068196171309142528e+03 1.703851746722386679e+03 6.001030385024510583e-01
1.132264894040403306e+03 1.773513259143730238e+03 1.657261161801045324e+00
9.298840620243952344e+02 1.750519634518185740e+03 2.891996755133549590e-01
1.079872811891624224e+03 1.814507216246052621e+03 2.554682597239426478e+00
9.274464114178240379e+02 1.831522012065008539e+03 5.053406010303237994e-02
1.093004252965848991e+03 1.875942196919144635e+03 2.995881233856275028e+00
9.806369484408678545e+02 1.897613197002479865e+03 9.839475796969558707e-02
1.075895033643716033e+03 1.937108000144698053e+03 3.093157304960260645e-01
1.092716770618349983e+03 1.666138068104586182e+03 4.142558214981460485e-01
1.279390105389966720e+03 1.698177504798024529e+03 2.541981162392364268e+00
1.060154332781475432e+03 1.708606345629072393e+03 6.655140794539027294e-01
1.209119710090725675e+03 1.722490007563379095e+03 2.952980657691393507e+00
1.130949175274090521e+03 1.773471492611073472e+03 1.660016080490668733e+00
1.290936940579328621e+03 1.782467944468174437e+03 3.086261074200188914e-01
1.078739620175758091e+03 1.814668778581272136e+03 2.602664852748345137e+00
1.179473124978189162e+03 1.820224743263636810e+03 1.309885831958584657e+00
1.311091366804044583e+03 1.840957968101954748e+03 1.276943182942517963e+00
1.090843309454492555e+03 1.876451511593581472e+03 2.971324302203830037e+00
1.285247504105704138e+03 1.953802408893614484e+03 1.199933882892673109e+00
1.202374113222339929e+03 1.942321278038585660e+03 3.572277936814696742e-01
1.072854173307078781e+03 1.937409389359898341e+03 2.526765948709625009e-01
1.396282169912573636e+03 1.691751769039752162e+03 5.069995007711324275e-01
1.278055463013347662e+03 1.700477348220597605e+03 2.580765460553874568e+00
1.469388879952788329e+03 1.724755061171671514e+03 1.330544064048413633e+00
1.210264798123402670e+03 1.720698467250442491e+03 3.066430223816764666e+00
1.391415335265148769e+03 1.800303285135475790e+03 1.870820437691897098e+00
1.289272775449143410e+03 1.782180916443623573e+03 2.727633712753652628e-01
1.310581957469217514e+03 1.840864173547689461e+03 1.215488783746004886e+00
1.473705839913752243e+03 1.949457187575061198e+03 1.894136955719817106e+00
1.281939474985390234e+03 1.954917238170522069e+03 1.158815089823091338e+00
1.204338962889969935e+03 1.943227518724290348e+03 3.197427803994064011e-01
1.540289256999241616e+03 1.673747935154170136e+03 1.687487748937021026e+00
1.393562238099010301e+03 1.691956832768916001e+03 4.830206297735735177e-01
1.469531948819364061e+03 1.723326102421837049e+03 1.251668120308806698e+00
1.643403317578914312e+03 1.731082516050057620e+03 6.256431911145771130e-01
1.512135764983687295e+03 1.794758582204859522e+03 1.547816799891478690e+00
1.389987127621041509e+03 1.799552317485625053e+03 1.867271166891886880e+00
1.649678560759834227e+03 1.798656146257862247e+03 1.199407463797175444e+00
1.575029646382598003e+03 1.830571808936962498e+03 2.000026566595602517e+00
1.524660206622398164e+03 1.888107517551959063e+03 3.019016660587017675e+00
1.472792219438559869e+03 1.952435842544202387e+03 1.937021599127323634e+00
1.591855782309670076e+03 1.934059165778226088e+03 4.703956860755941216e-01
1.537663196357473453e+03 1.677334378108197143e+03 1.767424676076177814e+00
1.759985176744139380e+03 1.697567808641751526e+03 1.966076545608829385e+00
1.640412315745996693e+03 1.730067443047394136e+03 7.827941218457651340e-01
1.713718334789091841e+03 1.748717768438905523e+03 1.595986176617422814e+00
1.508309596595276616e+03 1.793712045421043058e+03 1.641889888904203954e+00
1.647001060943071707e+03 1.798874531346073354e+03 1.300845206176652669e+00
1.766017967864509274e+03 1.814130144312322727e+03 1.364206825610233542e+00
1.574368265902529629e+03 1.830158679234804822e+03 2.020313555133837369e+00
1.689472831758344455e+03 1.875937419131945262e+03 1.219395588388823226e+00
1.523015428730042686e+03 1.888471266257598472e+03 3.026189251393524682e+00
1.590040565179316900e+03 1.933082928045242625e+03 4.342712431358690672e-01
1.758873885115868006e+03 1.696465721705816350e+03 1.910147262750196084e+00
1.713718538922023981e+03 1.749980977714402798e+03 1.612158344880079364e+00
1.828942422958835095e+03 1.757521376121609819e+03 2.193967011827142599e+00
1.765659378225146838e+03 1.814323771993690343e+03 1.343327729776367940e+00
1.688490283999417670e+03 1.876549208674459123e+03 1.183471794015895195e+00
1.828145123223067230e+03 1.760615687326379884e+03 2.203811157732912029e+00
6.287300487708783976e+02 1.831713689345155899e+03 2.451338539440077735e+00
6.274946771737879772e+02 1.832062961622350713e+03 2.309513483552699142e+00
8.116058777498819836e+02 1.834240560374009419e+03 2.648253919021244851e+00
7.979342562322335652e+02 1.887219571554973299e+03 2.995971645546032125e+00
8.088773795351984290e+02 1.837874293505519972e+03 2.550453646149980269e+00
9.287456611903219255e+02 1.830278032008344780e+03 1.451581420640883913e-01
7.957371171491028008e+02 1.887087996879625507e+03 2.874769325065639425e+00
9.810171981838611828e+02 1.898123537430049055e+03 1.805317203052345387e-01
9.294015230547609008e+02 1.829930759443043598e+03 1.703980765887155857e-01
1.092793334866786608e+03 1.875525166564067831e+03 3.091173103532706357e+00
9.802740983459184463e+02 1.896939069132532040e+03 1.401795346631026506e-01
1.076104722592402595e+03 1.936672084921114219e+03 3.300636689761845544e-01
1.102721800220009754e+03 2.114186951421579124e+03 1.320147476942477305e-01
1.309529642554733755e+03 1.848132339559193952e+03 1.226373880651512982e+00
1.092552246520755034e+03 1.872830688506286378e+03 2.950863607046538384e+00
1.284847135133959000e+03 1.953057478524303860e+03 1.228398285434537440e+00
1.075569556514771421e+03 1.937415494613130704e+03 2.018854287788071356e-01
1.204192902480486509e+03 1.941945333550751457e+03 3.559170754867001518e-01
1.099565232090421205e+03 2.113703978505490340e+03 1.068826655563843153e-01
1.311123851384058298e+03 1.841692252922157650e+03 1.176022089335107879e+00
1.473107900028221366e+03 1.952841021076454126e+03 1.948322036366522347e+00
1.283466967300802935e+03 1.953649556815387314e+03 1.158877418715240859e+00
1.201951871639414776e+03 1.942524015221183163e+03 3.648559625987084498e-01
1.575337469514455734e+03 1.830855777395156565e+03 2.045016712058456143e+00
1.524487112524333043e+03 1.888163330201655299e+03 2.995727023733213201e+00
1.472527262032689350e+03 1.951793076405615011e+03 1.934598842182162048e+00
1.590812764958658363e+03 1.932517197156670591e+03 5.624191884068906466e-01
1.603440305016176353e+03 2.006852136180207253e+03 1.198219210136285184e+00
1.574053826396443583e+03 1.833510791928242725e+03 2.044861880902840490e+00
1.689678598068792780e+03 1.876427437916607005e+03 1.261552654689285680e+00
1.525481094353192248e+03 1.888440207275039484e+03 3.099375465894044446e+00
1.590203239010351126e+03 1.932666318738861719e+03 5.237910386814657038e-01
1.603094397519842687e+03 2.007535788728960142e+03 1.235678634342084692e+00
1.688333319477404302e+03 1.877420955135769873e+03 1.297717865045434404e+00
1.102172449781461182e+03 2.110755519851453300e+03 2.026587456926736697e-01
1.100491841464536037e+03 2.111244338613621949e+03 1.817678063165092395e-01
1.601327601608919394e+03 2.009658670793586225e+03 1.265843761975599113e+00
1.602024218488495762e+03 2.005112987276007516e+03 1.261555350807299636e+00
