1.471241408660750722e+03 2.396462966554731224e+02 1.265024392123871966e+00
1.353777786085420303e+03 3.499125327946886159e+02 9.599834491397735148e-01
1.604161250482042760e+03 2.048353299567564818e+02 6.567235203087455897e-01
1.470193515968581096e+03 2.397850545139376663e+02 1.260504132120483289e+00
1.654275852940247660e+03 2.578437805941806573e+02 1.379516251285783479e+00
1.353227886376522974e+03 3.459100178582007743e+02 9.875579239296371492e-01
1.574401170299953492e+03 3.483582416825884138e+02 1.407205025307761981e-01
1.527042213388301434e+03 3.809547218191980846e+02 1.237239979683031968e-02
1.603816440632391277e+03 2.051606937704386837e+02 6.171876492583807661e-01
1.736260488298169548e+03 2.590251877729251078e+02 1.434839710932468648e+00
1.652550218050190779e+03 2.576472634091013560e+02 1.349238997830888964e+00
1.576689008461429694e+03 3.437468444878231253e+02 5.765503909237028324e-02
1.798909804127698180e+03 3.592327707100646421e+02 1.927166188160208016e+00
1.537891220695376433e+03 3.759343865289108635e+02 2.087151757580667066e+00
1.735115950967922572e+03 2.590983911146449827e+02 1.339266775180866453e+00
1.857487140185013459e+03 3.617793060580738711e+02 1.996846669622084125e+00
1.795846910170018418e+03 3.616632917571457710e+02 1.841108371442334413e+00
1.853910933455352279e+03 3.577550428996471510e+02 2.080165994142611829e+00
9.596751662565707193e+02 4.862770401889731602e+02 1.872520287493756319e+00
1.156866850437582571e+03 4.564966603973944075e+02 1.883211212534278367e+00
9.577900094508327129e+02 4.858522305514397885e+02 1.885005689498620463e+00
1.034984817366722154e+03 5.418132721547470965e+02 4.036401652055816025e-01
1.277351795655278238e+03 4.214920434930824058e+02 1.431094711497833627e+00
1.209284868381139631e+03 4.434685120919612018e+02 1.863353686309402901e+00
1.152859424269014426e+03 4.567397609073111653e+02 1.832603641780550907e+00
1.313881123350786993e+03 4.756911105845350676e+02 7.952867487016808123e-01
1.037202087153824095e+03 5.399015235563551869e+02 3.549341821659801055e-01
1.471553887855925268e+03 2.383950816837705702e+02 1.171507813379029539e+00
1.353801653172292617e+03 3.478602812092213981e+02 9.167308034066188327e-01
1.387030580328688302e+03 3.905254645779541534e+02 5.352425744061388713e-01
1.277315823255163423e+03 4.223287336524024340e+02 1.457415509971520473e+00
1.206671699230197646e+03 4.442996973127358160e+02 1.885687918679605168e+00
1.490643895231991110e+03 4.462678235294282558e+02 2.747769152857197916e+00
1.315397498857654227e+03 4.740155784258979565e+02 8.463913109337428686e-01
1.384349309226828382e+03 4.787829730367458296e+02 6.334038180389888195e-01
1.471487980558718391e+03 2.371730794524490307e+02 1.255527220848008385e+00
1.653391220933699515e+03 2.572816027808826789e+02 1.400714578478186700e+00
1.351100571810637121e+03 3.495431903347103457e+02 9.841562928048652736e-01
1.575211693881634574e+03 3.453195407752551205e+02 1.491181266206225431e-01
1.531404339988514039e+03 3.793260879213017915e+02 8.411762457114610458e-02
1.386444241097339045e+03 3.908572892235683867e+02 6.397220754325260161e-01
1.583299220342361878e+03 4.329960101491411706e+02 2.951633805664774624e+00
1.490653710428476188e+03 4.473828722801647473e+02 2.718049280946152280e+00
1.383406083102151115e+03 4.810239053990620732e+02 7.668476242382524788e-01
1.548669346902186135e+03 5.271409204150789947e+02 2.840212788672960897e+00
1.367480881911149027e+03 5.334717354859285479e+02 3.038111710156097267e-01
1.652415602880322695e+03 2.564076038938919737e+02 1.336289046894399313e+00
1.736136859744988897e+03 2.570808155305107334e+02 1.410024982623923506e+00
1.573880288858454833e+03 3.451781550363566566e+02 1.203851567289606905e-01
1.797326623059567282e+03 3.618294133403073829e+02 1.798917664247818848e+00
1.719158232720799333e+03 3.911985276237656990e+02 8.683390885856699937e-01
1.530600644316934677e+03 3.801923109377149785e+02 4.227633178924589813e-02
1.581241124451917813e+03 4.331905372412628594e+02 2.961404408609846772e+00
1.746830715564983166e+03 4.883322955481310146e+02 1.685941131187796982e+00
1.664990556277520682e+03 4.867622028643713747e+02 5.744088478669535647e-01
1.808201933907105740e+03 5.270325035972196019e+02 1.187424403415506591e+00
1.545374227393686851e+03 5.268359194677980213e+02 2.919673919869318901e+00
1.734512939534351062e+03 2.560337052916303264e+02 1.365454195025527229e+00
1.795749623351107402e+03 3.612155324649122576e+02 1.802634241938779969e+00
1.856867397987690083e+03 3.617134720225997171e+02 1.973308213051197857e+00
1.718148880999536232e+03 3.905422366658636975e+02 7.873071206053697813e-01
1.745851183222533336e+03 4.869604489582409315e+02 1.635891413117759097e+00
1.666144315752514785e+03 4.827262923604851039e+02 4.960216584115399452e-01
1.803628139874182125e+03 5.274742089906326328e+02 1.202219247378207401e+00
1.890491565009554051e+03 5.188281756961951032e+02 2.562504170418434146e+00
1.856378074474817822e+03 3.624851000466503592e+02 1.924636905835071854e+00
1.889128222660384836e+03 5.206290471488659932e+02 2.569816586669473324e+00
8.292423325475965612e+02 6.085944988642040698e+02 2.258220618327123397e+00
9.585523999418185213e+02 4.874214385052812304e+02 1.845669943363188459e+00
8.762614523742295205e+02 5.947905109923015061e+02 1.432460406736850711e+00
8.282770775300380137e+02 6.088714642405657287e+02 2.226996699517438394e+00
9.170595380275246953e+02 6.250946646199602128e+02 7.746818602889814498e-01
1.008471974068109148e+03 6.500196971718930854e+02 1.667321399354004530e-01
9.361777877159099717e+02 6.946948012114714857e+02 3.575569817649234400e-02
1.156209455747191896e+03 4.550799525224879289e+02 1.762869646461684647e+00
9.589311455770082375e+02 4.890670010482023145e+02 1.881781308964376009e+00
1.036669364598520360e+03 5.399250508002529614e+02 3.083008042168395302e-01
8.742277898374975393e+02 5.953019377762162776e+02 1.406576167204889538e+00
1.028292926591942432e+03 5.979873745681400123e+02 1.818704753571163679e-01
9.160702589515919954e+02 6.259597463327163496e+02 8.041076330746079748e-01
1.011276376379399380e+03 6.502368013678000125e+02 3.135862333792335477e+00
9.394840064156653625e+02 6.950255980902152260e+02 4.009222936798372688e-02
1.278134777751667571e+03 4.231933086229720402e+02 1.560759235055664051e+00
1.209337987495454172e+03 4.426668849752784354e+02 1.897324471041092142e+00
1.154264782218922164e+03 4.557628620575158038e+02 1.842750746471945922e+00
1.315390114859700589e+03 4.736197843287943670e+02 7.923436855670172863e-01
1.032374456921284263e+03 5.428730896686695360e+02 3.175132161964587807e-01
1.275766112765211574e+03 5.674769617255425374e+02 1.211677748624157891e+00
1.190950216073148795e+03 5.652881134490862678e+02 7.406835493067598364e-01
1.203830071415705106e+03 6.502820458465221236e+02 4.430943264734368142e-02
1.290960045780937890e+03 6.866192856197063747e+02 5.893144243484538247e-01
1.385229356459079327e+03 3.861481654584598573e+02 5.639342831150264690e-01
1.277711857671012694e+03 4.241323496153065662e+02 1.572633933291639918e+00
1.207171720807871225e+03 4.432560389862638885e+02 1.868370968070083737e+00
1.492213533607429099e+03 4.455650081668419489e+02 2.705455153056545381e+00
1.315015016610074099e+03 4.732411029845922030e+02 8.619068914469321108e-01
1.381611178284727202e+03 4.817834488441462781e+02 6.966886120127218085e-01
1.366677641539215529e+03 5.432071397707779852e+02 7.776903448119375506e-01
1.274817520772844546e+03 5.675760038203892464e+02 1.246660438719648711e+00
1.188268164305391565e+03 5.656686226752150333e+02 7.591132927690509291e-01
1.496113581811338918e+03 5.655840392226023141e+02 3.008647782599802589e+00
1.357948874526548479e+03 6.163259098461294343e+02 3.299887999569346975e-01
1.203217497190441009e+03 6.516697925352468701e+02 5.750029200602160828e-02
1.287789926973478259e+03 6.857014588929514503e+02 6.093606783376431801e-01
1.384598629919695895e+03 3.870182191595948780e+02 6.289042804467622760e-01
1.583396703598345766e+03 4.316924910383939960e+02 2.973638163615028418e+00
1.490533331102163174e+03 4.464347001515156990e+02 2.724880692748984146e+00
1.380614336982960594e+03 4.827112178048331543e+02 7.638795519445031879e-01
1.546822498672674556e+03 5.246102610737923442e+02 2.906132664537415256e+00
1.364534025065482183e+03 5.431170118271149931e+02 1.141791253673322543e-01
1.494322638179235582e+03 5.657127352068098389e+02 3.066793485383942031e+00
1.623658532649870494e+03 5.950539156268930583e+02 2.702902608446089983e-01
1.355692618932897858e+03 6.166107794665333586e+02 3.826158895614799604e-01
1.515868014306479608e+03 6.364584549096076671e+02 1.006761277395025189e+00
1.623304197823525556e+03 6.421205018957414268e+02 2.488594599410201003e+00
1.584401022106889286e+03 6.664293458280619689e+02 1.638326331780324496e+00
1.720085881307639511e+03 3.890318967776858017e+02 8.927143768029387472e-01
1.582364220467111636e+03 4.322944795549143464e+02 2.955308093191269858e+00
1.746946318760361237e+03 4.875169496733149117e+02 1.663031158743868199e+00
1.665088083099300547e+03 4.854507947315544243e+02 6.133056117291731946e-01
1.806026757185537917e+03 5.245390972060279182e+02 1.220268782727246926e+00
1.546840291334968242e+03 5.246725442742540508e+02 2.915763335172031123e+00
1.684768637643151123e+03 5.540430344698846739e+02 3.029165536261628766e+00
1.623524471344680251e+03 5.927688159036209754e+02 2.085883736837879643e-01
1.515752357846967016e+03 6.357664202034915206e+02 1.027706639209126083e+00
1.620576172758700068e+03 6.405210656543031291e+02 2.591610624130687324e+00
1.579753259423217514e+03 6.713470650357368186e+02 1.776664780298555124e+00
1.718288305494245378e+03 3.894129215340857399e+02 8.343535711200050775e-01
1.746340719465999655e+03 4.874069423108644514e+02 1.623946899186590187e+00
1.804859292245851066e+03 5.270091346464466824e+02 1.220581083456677263e+00
1.893045003052562606e+03 5.215104389794896633e+02 2.488417920821899720e+00
1.683056041817319738e+03 5.546771629960117025e+02 3.100385789503130152e+00
1.890962422201021582e+03 5.205584588460451414e+02 2.505468481973405215e+00
8.311704626789347685e+02 6.081885160263991565e+02 2.284169010604432337e+00
8.399094966369070789e+02 7.488564945626438885e+02 1.858375876499195112e+00
7.850368617758232404e+02 7.560400532466688901e+02 2.499051109841606166e+00
8.024562821241057691e+02 8.393149108261770834e+02 2.594588181518246994e+00
8.764882477887108507e+02 5.949181056706986510e+02 1.393185824936109096e+00
8.302593501684291368e+02 6.077853531019892444e+02 2.254031227297954576e+00
9.179731473778174404e+02 6.246436248918314504e+02 7.683511570233967358e-01
1.014079856928565732e+03 6.469658239388097627e+02 1.520350800161834048e-01
9.403704984381788563e+02 6.924791713395522947e+02 8.898130916321081441e-02
8.400079385229724949e+02 7.501026669004065752e+02 1.850055778182403410e+00
7.868147676010796658e+02 7.561406417732163163e+02 2.468111582073741150e+00
9.040909726052866517e+02 7.993915721929648726e+02 1.718337714021803242e+00
8.059656790983144674e+02 8.440620605624451400e+02 2.552833328800665047e+00
8.727318401416437155e+02 5.961254089429535270e+02 1.384540081798073752e+00
1.028181104062098939e+03 5.967536705439667912e+02 2.068777043772317970e-01
9.185561637716093628e+02 6.244325948335105068e+02 8.495071906046556265e-01
1.011256083875070090e+03 6.498012765534881510e+02 3.136613577016535537e+00
9.396482326403734078e+02 6.930694283495423633e+02 2.018256985429610698e-02
9.026451123600641040e+02 8.023031326330280990e+02 1.705284287903824358e+00
1.191605237119347748e+03 5.637011276748307864e+02 7.692771655052407231e-01
1.274611831236251874e+03 5.669213036808314428e+02 1.181834883706781580e+00
1.027599038568100013e+03 5.952503893455372008e+02 2.678258533899938176e-01
1.203670966549670538e+03 6.494483561873677218e+02 7.758318308841380406e-02
1.289348896945263277e+03 6.836613900169453473e+02 5.632294106006645595e-01
1.198676859632123524e+03 7.370139082359462464e+02 2.481416850766564597e+00
1.335615040087649959e+03 8.125389821979470071e+02 1.699207042814712798e+00
1.274107055860667060e+03 8.341579872948259435e+02 1.614261675355862957e+00
1.218416760562284480e+03 8.506410102057596987e+02 1.920529391301005973e+00
1.188004808255931948e+03 5.596989722946539132e+02 7.746666167941778092e-01
1.274446539586559766e+03 5.638678339398705930e+02 1.203411368859950148e+00
1.491695588873807083e+03 5.621885755053032199e+02 2.918616058359637666e+00
1.358222291201744611e+03 6.152778965106567739e+02 3.621308128445464014e-01
1.202650995013869078e+03 6.491759295161193677e+02 9.440867123117166471e-02
1.289315389843254934e+03 6.830984611363226122e+02 5.683266728214327879e-01
1.362910385382004733e+03 7.258270924668787529e+02 1.711980241988742213e+00
1.196819728230165083e+03 7.372993520391903530e+02 2.544058867676883828e+00
1.465880024086962294e+03 7.351603035897470590e+02 2.728632464840731409e+00
1.332921714342833866e+03 8.155760796497376077e+02 1.690575968621847558e+00
1.272222325137062171e+03 8.343545117952030523e+02 1.610163948094458952e+00
1.217222490569660749e+03 8.495591281557833554e+02 2.012478679069848120e+00
1.412409292999371701e+03 8.597719432558337758e+02 3.096324055061652203e-01
1.494872696168865559e+03 5.651167846893102933e+02 3.101316742137485871e+00
1.623630755682829886e+03 5.933909766829826822e+02 1.880892897170471367e-01
1.358556075050250001e+03 6.153112405033999721e+02 3.854707433979120967e-01
1.516537480276226461e+03 6.348575451899940845e+02 9.593027607961975844e-01
1.623219704889849481e+03 6.406004285492704184e+02 2.620595682866919240e+00
1.580770353568368819e+03 6.704505832884050278e+02 1.797017845642902678e+00
1.362196206805060456e+03 7.263139368913887211e+02 1.719582327442447989e+00
1.464737111932681728e+03 7.351669397274171160e+02 2.724389619192177925e+00
1.416244786888140879e+03 8.577749498326854791e+02 3.952463833033675322e-01
1.687749330147018100e+03 5.521055322424157339e+02 3.022518638311067374e+00
1.622717868535340585e+03 5.909446741343643907e+02 1.845298051978166987e-01
1.515350617548866012e+03 6.335535195399448867e+02 9.941656560853402436e-01
1.622116880768394367e+03 6.423636572473496926e+02 2.667714198855349661e+00
1.580187758784967173e+03 6.728230880982497411e+02 1.817905413468044795e+00
1.692684375019750405e+03 5.585181812387062337e+02 2.324731089345680957e+00
3.493773348433524575e+02 9.634719248386727486e+02 5.212373440248563305e-01
3.515346275808572045e+02 9.630395208997720147e+02 4.366420874683247799e-01
8.410933536264496979e+02 7.488802229697134862e+02 1.989257516210059640e+00
7.868773880579873321e+02 7.557470313672440625e+02 2.560402646283875594e+00
8.061470376512950224e+02 8.407560331061669103e+02 2.662299419221942021e+00
7.762792476974643705e+02 1.013246417188343230e+03 1.490473582273623032e+00
8.395647523488137267e+02 7.494801829057360010e+02 1.832257589627443783e+00
7.875341093863596598e+02 7.549712480550696228e+02 2.567090262720141070e+00
9.042104101590493883e+02 7.977392809168366057e+02 1.660036887578018039e+00
8.073181281362827804e+02 8.411957848643667148e+02 2.663342404380735218e+00
9.323926237820476217e+02 9.108523533995755770e+02 2.736211110933484125e+00
8.732614451055953850e+02 9.558955165256963937e+02 2.164153645335090914e+00
7.758584228219026500e+02 1.012700407868575439e+03 1.403214648291966737e+00
9.031374554932228875e+02 7.971404388561376209e+02 1.740564322838206390e+00
9.308551106136189901e+02 9.102749950157042349e+02 2.697336950076858919e+00
1.026627561915117894e+03 9.492623752980316567e+02 1.478965531360133756e+00
8.704345558214838547e+02 9.547293036155767822e+02 2.201193173374274892e+00
1.082439275434134061e+03 9.691699605762189549e+02 1.267682345037292713e+00
1.137850238792781056e+03 9.899669772484305668e+02 1.171694262453238933e+00
1.198142872897158441e+03 7.358090037385218238e+02 2.565878719396940788e+00
1.336364284392848049e+03 8.120329711669489825e+02 1.661633896478809769e+00
1.274026089487898616e+03 8.296167987243283051e+02 1.624064545966659168e+00
1.217663627976729913e+03 8.492496114010456267e+02 1.963110893758687414e+00
1.314710575773724486e+03 9.370356269884000540e+02 7.294146183123159100e-01
1.079185841041049343e+03 9.700445022642666117e+02 1.289842430724144950e+00
1.221863336356287618e+03 9.766495837262546047e+02 1.157860350600036892e+00
1.134758489055091104e+03 9.917951630280604149e+02 1.218588335291053149e+00
1.362694639877855252e+03 7.237377565539674151e+02 1.735872007816827267e+00
1.201999926535002487e+03 7.404376552062443579e+02 2.563037892712157984e+00
1.464499341400002550e+03 7.322957903332955993e+02 2.745156311321092613e+00
1.332885090612769773e+03 8.127706119763917059e+02 1.692497068948348060e+00
1.272648429994535945e+03 8.300183959738295698e+02 1.617963994411725892e+00
1.217482563363958207e+03 8.493785881167474372e+02 1.998496123268129754e+00
1.413508077574853360e+03 8.555810358416021018e+02 2.672507386319716294e-01
1.495876002809348847e+03 8.908479733011347435e+02 2.804355881695937969e-01
1.311750350103155597e+03 9.378771725560368395e+02 8.000643964658733509e-01
1.483023208799101667e+03 9.582319732036596633e+02 2.443357181866525174e+00
1.364420291992507146e+03 9.694863183072943684e+02 8.032811612523560463e-01
1.220871141875744797e+03 9.767203367395716214e+02 1.182046613737327778e+00
1.460595468577290148e+03 9.974598606152981120e+02 2.363471606782715284e+00
1.360619546807859479e+03 7.272680647399963618e+02 1.714950895542003861e+00
1.464049246440800289e+03 7.335682548929877385e+02 2.715552325648306731e+00
1.413640857389250186e+03 8.551056712959117476e+02 3.832927071982903944e-01
1.498644515095064207e+03 8.887364607746339971e+02 3.383532642036456428e-01
1.616976425216354073e+03 9.499647950740845772e+02 2.863154636896164007e+00
1.487572043411001459e+03 9.617983702940928197e+02 2.550485072212747450e+00
1.367195522927543834e+03 9.683004858568322106e+02 9.327554249826008892e-01
1.566098921604224870e+03 9.906744953886072835e+02 2.090081691037076084e+00
1.458080965131924813e+03 9.995962016278963347e+02 2.178231265391399329e+00
1.617158326520893525e+03 9.491182282749732622e+02 2.887378588959061965e+00
1.563479406352172646e+03 9.904036436060123378e+02 2.240105667704076264e+00
3.517369791235142884e+02 9.610966133464487484e+02 4.613381758801712307e-01
1.151254031043346231e+02 1.152252177548006784e+03 2.557478326691624559e+00
3.513635518015659045e+02 9.615290830689391441e+02 3.453427434186047695e-01
3.994148949584648562e+02 1.114059344392990852e+03 1.112507476485393942e+00
5.854530076670442895e+02 1.090618587559781417e+03 1.723986904132016162e+00
4.000803112804560442e+02 1.112279632018580287e+03 1.016090772712675339e+00
7.774066459863184946e+02 1.013777428575319618e+03 1.583793712324013114e+00
5.829697012899019910e+02 1.091637240646349255e+03 1.694646440898708972e+00
9.313488769858290652e+02 9.104875596221779688e+02 2.737411826683208815e+00
8.726046118336246309e+02 9.550806832122905234e+02 2.189962008873795885e+00
7.761601089217360823e+02 1.014995585772723416e+03 1.488476339458890241e+00
9.873994431349717615e+02 1.040448338439284043e+03 2.015117739530798868e+00
9.299474706524385965e+02 9.093631935210589745e+02 2.739145195861141246e+00
1.027051171174258798e+03 9.480628923854874301e+02 1.487853652710831254e+00
8.720593332025478048e+02 9.552197050931240483e+02 2.193555623232762652e+00
1.082447411488246644e+03 9.682643034981740584e+02 1.272248695141589003e+00
1.136609916159207614e+03 9.900927668798415198e+02 1.181270763616289798e+00
9.867742697755268182e+02 1.039575412777250904e+03 2.045965604203196175e+00
1.312741875630596951e+03 9.362783930192852040e+02 7.557179473904322986e-01
1.080261768892514965e+03 9.689947351713658463e+02 1.323211866317475227e+00
1.221701810876327499e+03 9.760737886922993312e+02 1.144827044015917172e+00
1.134617612849545822e+03 9.907120428467981128e+02 1.237892809430414465e+00
1.283742983069418869e+03 1.053069072967841294e+03 2.431690806811109162e+00
1.237109388843563238e+03 1.085575852927390315e+03 2.108979729456372354e+00
1.295497718891198701e+03 1.180698740736226455e+03 2.021183328412653246e+00
1.491176758529629979e+03 8.907111392517688273e+02 5.512765195174933464e-01
1.311372316218697733e+03 9.370234371162202933e+02 8.100956949488967718e-01
1.486594957535456160e+03 9.599189560637369141e+02 2.498476248950136647e+00
1.364086353351946173e+03 9.682478863619464846e+02 8.169939995261716881e-01
1.221154283662620628e+03 9.759541520979139477e+02 1.167971866594533337e+00
1.459233389956413021e+03 9.964757388308923964e+02 2.150950188005962715e+00
1.281717456035526311e+03 1.053452416767612704e+03 2.412376408019328622e+00
1.377800615187520407e+03 1.048847880941783615e+03 6.616776279288172358e-02
1.236817675717797329e+03 1.083821399508426339e+03 2.046066788770199985e+00
1.373374112688961304e+03 1.116440701593057838e+03 2.313981200016646866e+00
1.294724874175570221e+03 1.181914417428190973e+03 1.799748467826398635e+00
1.348513591763861768e+03 1.180031892946398102e+03 2.502586744487129700e+00
1.498197939325178140e+03 8.882817489810936422e+02 4.080726205729621192e-01
1.486083637538611811e+03 9.618270557603884754e+02 2.582032124742126733e+00
1.615673405695752763e+03 9.493680196605334913e+02 2.972883490044518240e+00
1.361711487001223304e+03 9.676196108545545940e+02 8.227255797380788049e-01
1.565855945130031387e+03 9.875837745520466342e+02 2.068209476784553136e+00
1.457883163123960230e+03 9.952678586409572290e+02 2.030939039582389860e+00
1.377374729980836719e+03 1.049302697240935913e+03 1.505383945449876304e-01
1.644978527714129541e+03 1.079184803371370435e+03 2.104823445174571539e+00
1.562526190574314796e+03 1.084534220184322976e+03 2.620287438949866488e+00
1.512056488541968065e+03 1.113865703747893804e+03 2.500759263420039069e+00
1.371234779310244903e+03 1.118511073324954850e+03 2.264172875138047658e+00
1.507869728251677316e+03 8.840724666901653563e+02 6.310933201193771325e-01
1.614508494781711079e+03 9.482573689614853265e+02 2.966791072565509779e+00
1.564577446545275961e+03 9.885952056927960712e+02 2.114556904240629365e+00
1.686443458559112742e+03 1.041840358369773412e+03 2.419611952559176160e+00
1.642004699556759533e+03 1.076841228331088587e+03 2.078567369659674036e+00
1.561775645474286193e+03 1.083253487401821076e+03 2.656724027888929474e+00
1.773774454985508328e+03 1.113943060605664868e+03 1.965446827791547557e+00
1.510469291614585472e+03 1.113888820316039073e+03 2.505876211920285535e+00
1.683171357302394426e+03 1.041445084785620566e+03 2.511434228645070821e+00
1.772877045171188001e+03 1.112159879041170143e+03 2.096760933374128832e+00
1.176877956058656309e+02 1.150774323467313479e+03 2.642225327644067256e+00
2.767149257217701006e+02 1.232610481903546315e+03 2.145047063985102920e+00
1.057113903098688752e+02 1.271397471645598216e+03 1.729735432003365769e+00
3.998665906929034008e+02 1.111018009130189967e+03 1.027424599325671872e+00
2.752755622207557735e+02 1.231178745577603877e+03 2.187679907276143698e+00
5.843149445919642631e+02 1.087907995923731505e+03 1.660549095149196575e+00
3.965824089301977438e+02 1.110274303864066042e+03 9.297478161513680339e-01
5.500927457893029668e+02 1.275989615431299399e+03 1.698990082360307685e+00
6.638119168503379797e+02 1.299236268857471259e+03 2.404106398488939256e+00
5.827377207395771848e+02 1.088141667736989120e+03 1.675593304394822347e+00
5.475254448719953189e+02 1.275209787943026413e+03 1.734319063041745324e+00
6.636045646726603309e+02 1.301844655667951656e+03 2.375567599240568040e+00
9.869443250413878559e+02 1.040894275914712580e+03 2.101989026833045671e+00
1.018265809888533568e+03 1.202376848062957151e+03 1.997346203658304731e+00
9.189646709324435960e+02 1.186689542965103328e+03 2.068084846124267906e-01
9.904327501594243586e+02 1.323936264970204320e+03 1.956572112219898241e+00
8.924061247239487784e+02 1.339660745214235703e+03 2.638730604726617357e-01
9.855450847905065075e+02 1.037039366721116266e+03 2.050904154890869524e+00
1.016454499973269094e+03 1.202683791450794160e+03 1.975951826247250187e+00
9.186836030936888164e+02 1.186540533524828334e+03 1.599542831963857437e-01
1.115135414989260198e+03 1.219549287595023998e+03 1.488101210089245230e+00
1.166528019008495221e+03 1.243867161029560521e+03 1.137078903434973753e+00
9.907899890351036447e+02 1.326167270125709365e+03 1.892229494322250627e+00
8.972138262969074276e+02 1.339174012187268772e+03 2.554509702172567676e-01
1.285606811291979739e+03 1.050923099090432288e+03 2.422758501250662722e+00
1.237257501669135308e+03 1.084039109372635494e+03 2.073748086000131607e+00
1.293969635834722112e+03 1.182571919558053196e+03 1.805338060845413928e+00
1.113560812342128884e+03 1.220086616772508251e+03 1.510949520902342913e+00
1.163076550263640229e+03 1.243979558350847583e+03 1.129391056616935840e+00
1.249379312727243587e+03 1.234855199519666257e+03 2.553027690354062518e+00
1.213955612889030590e+03 1.304419610709775952e+03 3.707730518194071179e-01
1.280911403627965001e+03 1.051420754762643355e+03 2.436084559901270374e+00
1.379356473827687978e+03 1.047143950881807768e+03 1.494211763460043529e-01
1.235929809710857171e+03 1.081428493378487019e+03 2.020112454760349063e+00
1.373700543893707618e+03 1.115167903264087499e+03 2.356942835031022643e+00
1.293054235233502141e+03 1.182515707431590727e+03 1.674090498677112349e+00
1.353613979332659483e+03 1.178926149686203644e+03 2.411569515704153677e+00
1.248477952284405092e+03 1.233798448826202048e+03 2.580712757287530135e+00
1.445064250404939457e+03 1.271181926898805614e+03 1.410782843271465081e+00
1.214308651713099835e+03 1.304911932529544629e+03 4.131171719021743405e-01
1.381806554144196070e+03 1.048063429411591187e+03 2.148893621825008760e-01
1.645405474459044626e+03 1.076179970367127908e+03 2.054606042353482209e+00
1.562812110799566881e+03 1.082665656981804204e+03 2.669782448731002678e+00
1.512123098856304068e+03 1.113139425988561698e+03 2.539630483676385886e+00
1.372179329441584514e+03 1.116576334800979566e+03 2.363910704068748814e+00
1.619056216573140318e+03 1.183776452657584741e+03 2.326371138102380609e+00
1.353363842345044077e+03 1.179472658577841230e+03 2.410688183617241354e+00
1.502424073336159836e+03 1.204354225079346179e+03 2.529951259620906168e+00
1.443612953356722983e+03 1.271473683918945881e+03 1.384026924728941843e+00
1.549146093812954859e+03 1.287087188323265309e+03 3.264707604773528504e-01
1.630358736879198659e+03 1.319787296378254723e+03 1.136497655715531518e+00
1.685513625000904085e+03 1.040753471313604223e+03 2.461331582293633247e+00
1.641355438164146335e+03 1.075675395570556930e+03 2.082793692665784846e+00
1.560707522706242571e+03 1.082762443607038222e+03 2.713895761704191667e+00
1.773437704466019341e+03 1.113143044125428787e+03 1.976110647623718686e+00
1.512724813790476674e+03 1.112174925721131558e+03 2.562474236311212739e+00
1.617906807318000119e+03 1.182967690007448937e+03 2.331688154201165375e+00
1.762197526941894239e+03 1.188358386513206142e+03 2.190812635973147238e+00
1.730428766418746136e+03 1.283462725356627288e+03 2.898117651670820916e+00
1.549234869992158565e+03 1.286474804519761165e+03 3.516028111249559496e-01
1.627126708827363700e+03 1.319001891479203096e+03 1.187829085169454402e+00
1.685533827544151109e+03 1.041870355810394130e+03 2.503042173250964009e+00
1.771605199154034153e+03 1.109200111425848036e+03 2.026956962415410235e+00
1.760203117082056906e+03 1.186841559425714422e+03 2.289060148677562800e+00
1.945994038116870342e+03 1.252196720426054981e+03 2.249039598209713109e+00
1.727190771850254578e+03 1.281342992295371459e+03 2.939201615619235763e+00
1.670935785401098428e+03 1.340056075819834632e+03 1.445838337920617889e+00
1.945086675934663617e+03 1.252209980291873762e+03 2.338407707423360460e+00
2.766193351060434225e+02 1.232311889218236047e+03 2.095249446589408926e+00
1.061257072624621856e+02 1.268063017781252938e+03 1.746306647202812812e+00
3.425755908978086950e+02 1.342667665641861277e+03 7.256272593965661620e-03
9.292733746948380258e+01 1.366634539902569486e+03 2.211981392947749647e+00
3.313040275260934777e+02 1.393563141095994979e+03 4.457724589372787927e-01
2.111371129426373727e+02 1.410802380307082103e+03 2.729421786543854367e+00
3.622021494006658031e+02 1.450469870719709206e+03 6.766239672518784554e-01
2.741980234630467521e+02 1.230478290179734358e+03 2.130443272480042616e+00
3.415093414620639578e+02 1.342279924791279200e+03 3.092071927511959917e+00
4.496010038042229553e+02 1.392105415883386058e+03 1.771491483764517039e+00
3.295163011984387822e+02 1.393615377688985745e+03 3.950678266053859744e-01
3.633664735902159464e+02 1.447922039982157003e+03 6.840069276666783660e-01
5.500560969465072958e+02 1.273232570317079990e+03 1.610118038245379690e+00
6.638567436013905763e+02 1.299934565852092419e+03 2.324267697691281498e+00
5.416731688847337409e+02 1.371107826422197832e+03 2.680187102726870663e+00
4.485085390324778700e+02 1.390808021862776513e+03 1.722756146399323729e+00
6.932125439835533598e+02 1.438609338862417644e+03 2.867398968854566021e+00
5.671106516248022444e+02 1.461040050304730357e+03 2.625172891459805591e+00
5.476870617449160363e+02 1.274960228814349875e+03 1.591827598025664869e+00
6.636985511861633995e+02 1.300168855963472652e+03 2.232087655856783037e+00
7.400727825345575184e+02 1.395614744607733201e+03 2.796418083737892690e+00
6.935019115841116673e+02 1.441812386366540295e+03 2.758945306329232405e+00
5.653768331949086132e+02 1.461838561293250223e+03 2.555779573004627991e+00
9.914639350237298459e+02 1.325372054384796229e+03 1.857916153797653624e+00
8.943591340850857705e+02 1.335890049985491032e+03 2.503602324118062161e-01
7.358943222631775143e+02 1.395636351549479969e+03 2.773040095473334077e+00
8.876127077780899981e+02 1.495812782372220454e+03 1.190063451279108842e+00
1.015753941217102465e+03 1.201172155501590396e+03 1.969684568176033768e+00
1.115914651676196399e+03 1.217130860983873617e+03 1.462678859235494677e+00
1.163199353048041530e+03 1.242873200313105372e+03 1.184400893925456888e+00
9.905321559239673661e+02 1.324874726955041979e+03 1.817683451100208458e+00
8.905602739497749099e+02 1.336733225478573559e+03 2.555998496009852516e-01
1.104666296215138573e+03 1.355286954327152671e+03 2.904090766663356860e+00
1.060764731689700966e+03 1.406533539477557724e+03 2.135956654924098252e+00
1.128853262805753729e+03 1.460478196171994568e+03 1.554725789861161278e+00
1.042322515138892868e+03 1.469154089305552134e+03 2.995130754609685475e+00
8.854288672789789416e+02 1.493103819168793962e+03 1.061565172733374141e+00
1.114003137996875466e+03 1.216424057153321428e+03 1.518190290580515800e+00
1.163033948171276961e+03 1.241046699088951300e+03 1.134305820005514942e+00
1.249848317726123696e+03 1.232966158115772259e+03 2.543353172702137677e+00
1.215647494379450336e+03 1.302485909215361744e+03 4.099130769643406502e-01
1.103545058478621286e+03 1.354941146140403589e+03 2.889103767474491491e+00
1.205755843002586062e+03 1.375621019520663367e+03 2.557953252893749418e+00
1.059331301377144655e+03 1.406293210185184535e+03 2.100468056288643304e+00
1.128841628582097655e+03 1.459617783553814206e+03 1.564854534004224362e+00
1.040448637587652229e+03 1.473808582267288557e+03 2.735610980396135705e+00
1.171733963885453022e+03 1.486064521561466790e+03 9.484686388669771873e-01
1.290676847511798996e+03 1.186201589526593125e+03 1.584215263344320723e+00
1.247692986595619459e+03 1.232886887053446571e+03 2.481300037687832916e+00
1.444862982283513475e+03 1.269767706281194705e+03 1.447764613867027483e+00
1.213175266589563535e+03 1.303234678311373045e+03 4.263249962484644828e-01
1.345921635365668180e+03 1.344443453757693987e+03 2.197455551226706216e+00
1.204020362436307323e+03 1.376543421044492788e+03 2.599877327817963657e+00
1.343113390752890382e+03 1.426014818718788320e+03 1.843845259193609976e-01
1.360762952795973888e+03 1.189177826361119287e+03 2.488807629309176317e+00
1.501319876442861414e+03 1.201605560067750048e+03 2.526934239199800203e+00
1.443830116702135911e+03 1.268641341905081845e+03 1.416660750269647551e+00
1.549774574300424547e+03 1.285249444363859766e+03 2.517652583746018413e-01
1.628162773184783873e+03 1.316914299153587535e+03 1.210837951948967373e+00
1.520313478448693331e+03 1.348727267156901917e+03 2.438591780345308102e+00
1.637886007668765615e+03 1.445676965592942452e+03 1.886280896023349030e+00
1.580541477513840846e+03 1.456507802234966675e+03 1.618276710132749763e+00
1.763841427702168176e+03 1.186996512680928390e+03 2.348038831727154996e+00
1.728155044433538933e+03 1.281800762638638616e+03 2.879214938946873303e+00
1.547242063650795671e+03 1.285803419956098196e+03 2.689130216716890120e-01
1.627385624214156451e+03 1.316369886549516195e+03 1.181386966893116286e+00
1.677467442166215733e+03 1.350774601786100220e+03 1.664033053924943273e+00
1.516885173133557373e+03 1.347774780683035260e+03 2.511828534838284721e+00
1.754121729611078308e+03 1.385876093855276167e+03 1.944864036515011385e+00
1.636497192432782185e+03 1.448264453609032898e+03 1.893363987738276188e+00
1.700713532631830503e+03 1.459264801505542437e+03 1.435708304458303441e+00
1.579062562155974774e+03 1.456078384747449945e+03 1.607206672657405688e+00
1.779094080305540274e+03 1.479602415829341680e+03 9.128048554135603787e-01
1.760545990991963663e+03 1.187102632285920890e+03 2.323068257015377558e+00
1.949383062492117460e+03 1.252050792375010587e+03 2.293960920347482002e+00
1.728269238390379314e+03 1.281777297384918256e+03 2.889535503053104470e+00
1.941848201791106931e+03 1.353001260705803361e+03 1.744821284462863664e+00
1.673788518056039038e+03 1.349803759395032785e+03 1.697759897469585111e+00
1.875159373419116491e+03 1.354678249456690082e+03 2.272354810816500592e+00
1.822431970327550516e+03 1.370121535834014594e+03 2.082447161583553807e+00
1.753129399086561989e+03 1.385699211803945445e+03 1.958081503879129937e+00
1.699287967634433926e+03 1.456528353187338780e+03 1.412731384187591255e+00
1.859982400073666440e+03 1.472873422241300659e+03 1.510281700549001016e+00
1.776659455554967280e+03 1.478134552927920595e+03 8.625267245695498186e-01
1.945187632723082515e+03 1.251287103860133811e+03 2.292293219248041858e+00
1.941828203368243521e+03 1.352426079207844168e+03 1.753371059790553188e+00
1.873749512196613068e+03 1.353591178613405418e+03 2.206682170512868524e+00
1.858715444334096901e+03 1.469092786092035794e+03 1.498419925960502663e+00
9.148439461238154990e+01 1.367777904493889764e+03 2.197087177393950430e+00
3.301797582895745791e+02 1.392718019800278398e+03 4.905700652481008728e-01
2.096329465553154705e+02 1.410079595621448561e+03 2.669244027633785876e+00
3.618568507585563339e+02 1.447012921430908591e+03 7.344156015548271021e-01
3.112552270426138534e+02 1.516475201038654404e+03 2.786469785022033463e+00
3.159890938577118504e+02 1.654540016676628511e+03 2.445982705744873531e+00
4.497212681624645256e+02 1.391728472438491508e+03 1.764112119413012714e+00
3.302115550313067160e+02 1.392278317163691554e+03 4.635638857535602231e-01
3.633137831018818815e+02 1.446843942118339328e+03 7.223912596502114480e-01
3.113126075289146684e+02 1.515495708544360696e+03 2.755666250225687453e+00
4.567399413160991344e+02 1.514407868765612193e+03 6.890463538726460113e-02
3.981568703018584756e+02 1.578089089571397380e+03 2.896207989166636132e+00
3.159371455127715649e+02 1.655922917873656843e+03 2.491932304263687836e+00
5.425936215827575779e+02 1.371267551785817204e+03 2.611489670913441419e+00
4.480986338898355825e+02 1.389143146941408531e+03 1.714577503172111994e+00
6.962233670220623480e+02 1.439365307344284020e+03 2.889803786570832589e+00
5.671426326870705452e+02 1.461142801678816113e+03 2.564531957805651796e+00
6.948860503319950794e+02 1.506044278504722342e+03 1.572438804393627709e-01
4.551708073279822884e+02 1.514069424791253368e+03 1.298972798978828835e-01
5.602008746396243168e+02 1.527556334041631544e+03 2.067837360495483168e+00
6.381424041186593286e+02 1.557079978722905025e+03 2.239432530161895585e+00
3.948257049224019966e+02 1.579187835189040925e+03 3.072430521537597325e+00
5.431338423036780796e+02 1.647378811714773747e+03 1.571180581314013613e+00
6.546564069348526118e+02 1.642490719238895736e+03 2.623248267829941582e+00
7.398629736806944948e+02 1.395196627534746085e+03 2.812640940775839482e+00
6.937364086056676342e+02 1.441003692990074342e+03 2.751284615431393465e+00
5.646556376342401791e+02 1.460202650334259715e+03 2.565703525152796871e+00
6.927427212456502730e+02 1.506684775110684768e+03 1.731912840189641645e-01
5.571701947532221766e+02 1.526735005608316669e+03 2.124174673710597983e+00
6.375074720348701476e+02 1.556756550042074423e+03 2.214935958971319341e+00
7.483133402450026779e+02 1.570272527256070589e+03 3.075595733503202034e+00
6.581861968012848365e+02 1.647578647109735357e+03 2.657561807025617284e+00
7.367122489144398969e+02 1.394674679089021538e+03 2.794903493416998952e+00
8.879071081455131207e+02 1.493395129230401380e+03 1.219110308502872275e+00
9.544686457114771656e+02 1.559563011530888161e+03 2.752207047684694707e+00
7.460322933680939741e+02 1.569912720948889501e+03 3.031714857417187936e+00
9.194913512670136697e+02 1.606264595278822298e+03 2.897238579980523809e+00
7.641303437156677774e+02 1.659667419835141573e+03 1.404859519826051395e+00
1.008481875516969239e+03 1.656682546616943227e+03 1.157703812758862139e+00
8.861384304694702223e+02 1.657191475495767236e+03 3.100643671278124902e+00
1.105134296403264216e+03 1.351878124714343130e+03 2.874265033959340965e+00
1.060835144626427109e+03 1.403933880598892756e+03 2.082257378866389175e+00
1.131555370543372874e+03 1.457713475102827715e+03 1.583236228952411340e+00
1.043347912647425574e+03 1.468104952048560108e+03 2.945015208673961382e+00
8.863320227132160198e+02 1.493739244620530599e+03 1.163670028172036242e+00
1.173327281610886985e+03 1.482978568672268011e+03 1.038431419510616349e+00
1.059205998706267565e+03 1.530145459209261844e+03 1.693205439791982125e-01
9.507515453746764251e+02 1.560513809306564326e+03 2.815815204903155067e+00
1.179137501688055636e+03 1.568565754737950101e+03 6.364364523338416069e-01
9.156949766128998363e+02 1.606534418640200784e+03 3.006966440605319590e+00
1.085826527632345915e+03 1.614848392132714707e+03 2.904190898221053363e+00
1.000756638416342184e+03 1.661749271986316899e+03 1.245031975650961131e+00
1.102286092390052545e+03 1.353213348123536889e+03 2.876555195710938317e+00
1.205571975710366132e+03 1.374414008054718352e+03 2.516854601443582862e+00
1.057738667719408113e+03 1.402850173582182833e+03 2.087440645224692304e+00
1.130392089510764208e+03 1.458420071442098333e+03 1.601641732394872619e+00
1.040819681439140595e+03 1.468482736647840738e+03 2.914670981565074648e+00
1.171777671045892021e+03 1.484159460501740114e+03 9.907303141911294464e-01
1.057266859790201579e+03 1.530206882053895470e+03 1.709213588439733311e-01
1.264534182985133384e+03 1.559861852434616139e+03 1.093273193340706051e+00
1.178336046527632561e+03 1.566300119328240044e+03 6.251959049809622249e-01
1.082055805127438134e+03 1.616517508840920755e+03 2.966932662095060014e+00
1.283593662268721573e+03 1.647795676971990360e+03 1.797251880770637467e+00
1.178807892382947330e+03 1.656133992519706226e+03 1.340533934802056182e+00
1.208569774827386709e+03 1.377276277450506541e+03 2.524004123326077931e+00
1.344473812943309895e+03 1.423835714797878836e+03 1.428503945259653463e-01
1.350150589456967055e+03 1.502970255122039134e+03 2.909883466150084530e+00
1.459201975060241693e+03 1.532080765289167857e+03 1.696604157741338215e-01
1.263802143909625102e+03 1.558329385158950572e+03 1.107573994197284861e+00
1.346688649088318471e+03 1.581276988140415824e+03 2.295154294388309091e-01
1.424496966224004836e+03 1.633194731791277036e+03 1.159069909231850826e+00
1.280764314508089683e+03 1.648523809457567722e+03 1.831273298892151624e+00
1.520441834402246059e+03 1.346918579028146723e+03 2.433924550551625376e+00
1.348629243994509807e+03 1.352553829014881103e+03 2.227940701928125655e+00
1.640857693896954515e+03 1.445385739990951379e+03 1.886779391738471201e+00
1.580707390030551551e+03 1.453085989023951697e+03 1.632538703673735769e+00
1.348960615977971656e+03 1.503699582191231457e+03 2.954839011853961139e+00
1.457308873514640482e+03 1.533111322790763325e+03 1.702113544927085220e-01
1.653357029784886436e+03 1.588759802240225099e+03 1.747556238376800630e+00
1.346300710355955061e+03 1.581787310590089646e+03 2.072527228559685741e-01
1.572654702509322988e+03 1.599102720961952400e+03 1.896927882304517698e+00
1.423016245307509053e+03 1.632160357964476816e+03 1.007955698401207689e+00
1.504714862143735672e+03 1.635278749986983485e+03 1.015756383303532795e+00
1.640044210683802703e+03 1.656374737749829364e+03 1.691663555184620416e+00
1.520565829791422175e+03 1.353355655123604492e+03 2.633732721581760750e+00
1.677132380046391063e+03 1.350670619070224120e+03 1.750378046499758700e+00
1.754314159639980744e+03 1.383955807852845737e+03 2.075434184077701971e+00
1.636605010360159895e+03 1.447083179456249809e+03 1.981810536173946424e+00
1.700829459325869266e+03 1.458220213362269305e+03 1.457545288260642113e+00
1.579391857594630437e+03 1.453708460835146070e+03 1.637593851968996983e+00
1.777714675920721447e+03 1.477351067597503743e+03 8.656514230453392633e-01
1.652176602062231950e+03 1.595952547171197693e+03 1.824937550301794165e+00
1.745635774374126186e+03 1.574935911015210195e+03 2.540598050154219578e+00
1.568988790041011271e+03 1.600668399088604474e+03 2.045402746846162856e+00
1.711415011407319980e+03 1.623934541054481997e+03 1.831283630331947077e+00
1.942831960105407234e+03 1.355174072355659519e+03 1.865934494206943572e+00
1.675035533378598529e+03 1.359375613050106722e+03 1.506470694084534490e+00
1.822973037772667794e+03 1.369723845640999798e+03 2.121395817217003099e+00
1.876972378822546034e+03 1.354039099872607039e+03 2.295591837191326867e+00
1.753308622483896670e+03 1.385021263805552962e+03 2.021119397287498565e+00
1.700605487049054318e+03 1.459166579115127661e+03 1.455960813717014135e+00
1.860098932519036225e+03 1.472301702943501141e+03 1.539610531720397857e+00
1.776843617312016249e+03 1.477777278603673949e+03 8.601623445628184816e-01
1.746130502991812818e+03 1.574556634098902578e+03 2.490547835355878981e+00
1.709189547837750979e+03 1.624719318489183024e+03 1.904327263645251067e+00
1.941150974258755923e+03 1.355316840632684034e+03 1.820882732326848386e+00
1.876697316043208730e+03 1.357238426410850934e+03 2.274559113308370684e+00
1.859598885427091773e+03 1.473789701380132556e+03 1.598259705463377145e+00
3.141266129510149767e+02 1.511786826451201705e+03 2.874619814568945664e+00
3.185716772121186864e+02 1.653326406035578884e+03 2.589892915483599012e+00
3.108728421635356653e+02 1.513855940977766750e+03 2.877013466744428705e+00
4.558313911256304891e+02 1.513310249989172917e+03 1.538031019317217529e-01
3.984563982814823930e+02 1.577980375252524709e+03 2.942225103874410053e+00
3.172700376890787197e+02 1.653625955929054498e+03 2.547067441811450283e+00
4.565844401454820627e+02 1.514025166881589257e+03 1.738462040823251509e-01
5.596243147224322456e+02 1.527500496429074701e+03 2.096094621767445432e+00
6.378396953310043500e+02 1.556483045758751359e+03 2.255095215234899086e+00
3.971996653053414548e+02 1.578385879218193168e+03 3.089603771202735327e+00
5.432645800587060876e+02 1.646714561993141160e+03 1.548944663202045602e+00
6.596827807495531033e+02 1.644908925189024785e+03 2.710562821661220312e+00
6.764956726376829010e+02 1.744630451703617837e+03 2.535475385424357242e+00
6.297955088315720786e+02 1.800917798281566093e+03 2.733488834028237058e+00
6.374402631760243594e+02 1.556162046092402534e+03 2.265767750859007723e+00
5.603624337258593187e+02 1.532312884186702377e+03 2.174147465024751202e+00
7.479229588541327303e+02 1.569166372097117801e+03 3.072131423356008195e+00
6.580605941680023534e+02 1.643793923210599132e+03 2.675095129459932775e+00
7.646436511391003705e+02 1.662398991104120796e+03 1.362121077940538827e+00
6.759080256457423275e+02 1.744589897800668950e+03 2.491050017209852641e+00
6.272791278493671143e+02 1.802158837849191059e+03 2.637585046170482173e+00
9.533207286782976553e+02 1.559490997784304909e+03 2.769435593438920318e+00
7.465972717259658111e+02 1.569528942715619905e+03 3.033413988703576258e+00
9.192440752454845097e+02 1.605128529371462264e+03 2.900949850036916189e+00
7.629345834714756620e+02 1.663514591991487805e+03 1.433400725274827980e+00
1.002274132463197020e+03 1.659141468650831712e+03 1.294932869753436355e+00
8.872570544384066125e+02 1.654979305184805526e+03 3.116670547378162404e+00
9.090560682819116209e+02 1.702387636601372833e+03 5.136434540191721076e-01
1.058364258088454335e+03 1.529353176793159719e+03 1.826849429498891286e-01
9.505199863521604584e+02 1.559518868732995088e+03 2.845252115491978095e+00
1.176320911773208991e+03 1.568007095923994711e+03 6.696345616279077984e-01
9.171717226348423537e+02 1.605325004552693372e+03 2.975413674084354199e+00
1.085921077422846565e+03 1.613681666904881467e+03 2.903834744625270581e+00
1.000074495238150121e+03 1.660328738125882410e+03 1.284850769797214021e+00
1.180316830836337431e+03 1.656434471850967839e+03 1.312917093178861183e+00
8.850878034142820070e+02 1.654013954163219069e+03 2.031227104819791768e-02
1.071006467868389336e+03 1.679408865087199956e+03 2.091779951112234137e+00
9.067129342455746155e+02 1.700409630541520301e+03 5.878155497443657840e-01
1.050314312335214026e+03 1.751083656787543077e+03 2.130361746341845830e+00
1.145029304348063761e+03 1.803156240563303072e+03 3.062441899442206947e-02
1.055858370528758314e+03 1.529616472204481397e+03 8.728753922742871207e-02
1.264433620068266237e+03 1.557991267596032003e+03 1.089070605989425289e+00
1.178085514437966367e+03 1.565111616804877258e+03 5.914378515917072532e-01
1.084347045240271655e+03 1.614028107053786016e+03 2.900877079800742830e+00
1.280976107551569385e+03 1.647271028812229360e+03 1.864331480861088020e+00
1.177943726864102928e+03 1.654904468540799144e+03 1.333626678275847910e+00
1.068928928378801402e+03 1.678486216078252937e+03 2.149030789392992968e+00
1.186575600396669415e+03 1.732297028518840989e+03 6.575525754146116508e-01
1.045881781327998624e+03 1.751658601169124722e+03 2.206848825331518160e+00
1.295554249476045698e+03 1.768635591487644433e+03 2.808941224311792606e+00
1.153997070371504833e+03 1.811234850772008485e+03 2.957856129394559552e+00
1.457087441304432787e+03 1.531594685730203537e+03 1.568997467144739588e-01
1.263006775802148468e+03 1.558636087647076010e+03 1.123020695240218858e+00
1.344924763223466471e+03 1.580667419716619406e+03 1.729467485842957897e-01
1.422971794733789920e+03 1.631530773249530284e+03 1.086293436655401567e+00
1.280394187675123248e+03 1.648189724300974831e+03 1.913787485617008510e+00
1.344769939658395742e+03 1.673526495349650986e+03 1.537163319061815914e+00
1.398587937247299578e+03 1.723336717946067893e+03 1.172306198033487012e+00
1.186343106775620072e+03 1.731010778292357372e+03 6.433903490125205682e-01
1.295374417886645006e+03 1.770125207061183119e+03 2.677097012758933303e+00
1.456916177325960916e+03 1.532317242208850075e+03 9.368458867921458655e-02
1.656065492474455823e+03 1.596073429339290442e+03 1.919372215003232185e+00
1.571307392957769025e+03 1.599073124825095647e+03 2.008280587109803506e+00
1.422022707392201028e+03 1.631514305422587768e+03 1.061878246684570204e+00
1.504399897423642642e+03 1.633199340631893165e+03 1.013930304806008875e+00
1.634963285085584403e+03 1.668354981439160383e+03 1.975735408561255513e+00
1.504847208482068254e+03 1.703932700965809772e+03 9.672192274396239353e-02
1.397553564508348472e+03 1.723429252800617178e+03 1.158650445145969821e+00
1.570662239054739530e+03 1.751482268565821641e+03 7.815998766087782768e-01
1.607257905708803264e+03 1.795706686710820122e+03 9.756940419806440223e-01
1.746421396890298183e+03 1.573712830301454460e+03 2.479052781769637281e+00
1.651783492072727768e+03 1.593330606726050519e+03 1.798951889439153407e+00
1.570176240295897060e+03 1.598038918357189004e+03 1.969738222656449933e+00
1.710962593266545582e+03 1.621330661700768587e+03 1.790715026570931290e+00
1.633703951269555546e+03 1.667249421774396069e+03 1.938646271451523795e+00
1.506455960159719098e+03 1.705533255903814279e+03 1.544929285456269619e-01
1.568937636166565426e+03 1.751220752050023293e+03 7.579819374892339257e-01
1.772649371891844567e+03 1.752067301867138440e+03 2.739068550240766342e+00
1.604683699412708847e+03 1.794624547314407664e+03 8.834452804891163025e-01
1.717175353121278704e+03 1.807781809328863801e+03 1.563507156420617772e+00
1.746069531881389594e+03 1.573529533182732621e+03 2.438267791582278576e+00
1.710770061847497345e+03 1.623011513492515405e+03 1.754256252348068257e+00
1.773021225701720141e+03 1.752821909939517809e+03 2.731245315429492670e+00
1.716672235234424534e+03 1.805300284612927044e+03 1.622440191730733394e+00
1.699200484401536642e+02 1.852262833226700650e+03 2.859164308454491543e+00
3.781147683480361366e+02 1.944901416563404382e+03 9.829618668273947257e-01
3.771026797979393450e+02 1.941795344081936037e+03 9.370166852375166888e-01
6.764111218458543817e+02 1.743536449162597137e+03 2.595947180476074756e+00
6.275399635120370476e+02 1.799328054820934312e+03 2.667062749051788639e+00
6.751569852088779271e+02 1.743980847320267912e+03 2.521777583478190810e+00
6.279766481375779676e+02 1.799740356294524190e+03 2.639990087548128805e+00
7.212854555864428221e+02 1.837123343595868391e+03 9.928698832610672875e-01
7.611341814318158185e+02 1.667519078326347881e+03 1.483141488642473860e+00
9.999735511223079811e+02 1.667634106100519375e+03 1.320498612595332855e+00
9.076770478364155679e+02 1.702745395104595673e+03 5.014338477966427954e-01
7.188363082776767214e+02 1.838751552914346803e+03 1.033894253114228112e+00
1.071459267124689859e+03 1.681597774880061706e+03 2.220727992615506796e+00
9.052387830647330702e+02 1.701122694531505658e+03 5.469210237012526177e-01
1.049740381457265812e+03 1.752021735523960160e+03 2.152967882081430417e+00
1.152238567405604499e+03 1.803293246075654451e+03 7.574842964644937747e-03
1.049393414226530240e+03 1.848421141391409037e+03 2.442847105494059701e+00
1.170395173007121912e+03 1.861197005667890380e+03 5.293070323185863346e-01
1.093570967155385006e+03 1.929885023105223354e+03 2.539744070497714223e-01
1.070097034734058070e+03 1.685971505120711527e+03 2.286375531942831607e+00
1.186451384622500427e+03 1.731103358547843300e+03 6.812396227786775560e-01
1.047763396647562104e+03 1.748786533935071247e+03 2.150787577832199648e+00
1.295074919988713418e+03 1.777215922460342881e+03 3.592253289364335522e-01
1.149913863244780487e+03 1.801252096640051150e+03 3.111589618787641065e+00
1.046878365468495531e+03 1.846644299842773307e+03 2.471800463643867296e+00
1.172646664779723778e+03 1.859934156808133594e+03 4.594835089990349508e-01
1.287156965507969289e+03 1.889068485603975205e+03 8.627157619977645631e-01
1.209593828563276702e+03 1.901170825176665403e+03 1.207953411541019317e+00
1.092481401026566800e+03 1.929581836062495313e+03 2.146054869403433707e-01
1.298200008535732877e+03 1.962971470664380831e+03 1.174759060331405980e+00
1.344841507303618300e+03 1.672160791340518017e+03 1.468306195110435697e+00
1.398437801687822684e+03 1.721989601329089282e+03 1.144176975885877079e+00
1.186778495707689217e+03 1.728183818117681085e+03 6.645196298142191926e-01
1.294943265898511754e+03 1.776445636653626252e+03 2.137694175755320836e-01
1.391471753120084486e+03 1.823747350824629393e+03 6.430935788446942580e-02
1.451463156322399527e+03 1.865416531647835427e+03 1.131817387069952829e+00
1.286412282831623543e+03 1.888581139381110006e+03 8.304078599329396404e-01
1.363772713343024861e+03 1.907553346114012584e+03 1.551063788827627965e+00
1.203146796086014774e+03 1.900655795210882843e+03 1.235904363954275054e+00
1.296867657034487138e+03 1.962072984312481367e+03 1.241888216409254397e+00
1.638141595671218965e+03 1.678537646811000513e+03 2.225665627073617259e+00
1.397179240871305637e+03 1.721972153669900536e+03 1.203574046004137310e+00
1.505758672898933128e+03 1.703405943078598511e+03 1.165280952640672107e-01
1.569729875781578130e+03 1.750396833087576624e+03 8.015523515143807565e-01
1.606894066989333851e+03 1.793796123005645541e+03 9.856320651571567337e-01
1.389831415658742117e+03 1.822944720012173548e+03 5.835548603363129028e-02
1.450727630958484951e+03 1.866591904775091280e+03 1.123198489197167360e+00
1.363703611039910356e+03 1.908278464931408962e+03 1.606366539896761036e+00
1.633660880280612218e+03 1.673050058630463127e+03 2.102417776846782438e+00
1.508824148635190113e+03 1.704965757317200996e+03 3.054775141773148350e-01
1.568057094832321127e+03 1.751176487690336899e+03 7.936792740586260386e-01
1.772186445488885283e+03 1.752631430610282450e+03 2.690165555647149098e+00
1.605087464776711386e+03 1.794641870944575203e+03 9.507283893829625576e-01
1.716464791820678556e+03 1.806660608914324030e+03 1.598223338871523458e+00
1.808545931341781170e+03 1.851563049992292008e+03 1.204855976050231092e+00
1.771169414742649906e+03 1.751237929169348718e+03 2.701787764957825466e+00
1.715935686888674127e+03 1.805877143585667454e+03 1.608289655851073974e+00
1.806063271268359586e+03 1.850978568077092859e+03 1.195902185370182114e+00
1.706925225580570213e+02 1.851814530265205804e+03 2.860225167339350616e+00
3.775197312028506076e+02 1.940980072842266054e+03 9.888831217668345719e-01
3.773826632174293536e+02 1.939363020353088814e+03 9.689921205990761344e-01
7.197461444574788629e+02 1.838043824220889519e+03 1.027763840431162645e+00
7.167771977230313496e+02 1.838768712034157261e+03 1.096900527151201343e+00
1.047751950896858943e+03 1.847509723127073812e+03 2.503211844660745200e+00
1.163138127266176298e+03 1.864428058976924149e+03 4.262794947297767201e-01
1.093010566049901627e+03 1.929174534268365733e+03 2.557278069775597018e-01
1.118973806189976813e+03 2.064301601490804387e+03 1.713771257087332911e+00
1.050234491653850228e+03 1.851105215011942846e+03 2.466549423412622843e+00
1.171884439150121352e+03 1.860624849804830319e+03 3.930281685245315959e-01
1.287642203628404786e+03 1.887811112694942722e+03 8.021620110891303224e-01
1.209541533901847515e+03 1.902372901943885608e+03 1.163167499770536129e+00
1.093850597974683069e+03 1.929040428648801026e+03 1.576398417104362126e-01
1.298127346556862904e+03 1.961755402022474300e+03 1.220127639513369333e+00
1.194774635209787903e+03 1.999321712160415700e+03 1.056551523097277512e+00
1.119508853177934043e+03 2.064987974331157147e+03 1.775260739126109488e+00
1.451669083798220072e+03 1.866225503495015346e+03 1.099793533963799197e+00
1.287227568633278224e+03 1.886715854658820490e+03 7.947653815471770189e-01
1.365382206297267203e+03 1.906624539048013048e+03 1.580693187659903076e+00
1.206317199320884356e+03 1.903308226258892319e+03 1.168909839250475979e+00
1.297818045738923956e+03 1.961891375848068037e+03 1.222697499882262173e+00
1.193769984549753644e+03 1.999541991031964244e+03 1.032743019816390939e+00
1.451135331084176869e+03 1.866478715517384899e+03 1.103607906025953156e+00
1.363309934368143558e+03 1.906915365504627516e+03 1.588965093773032855e+00
1.804486309158117365e+03 1.856965361114945381e+03 1.182237680120010515e+00
1.805807430013956264e+03 1.850428664623585746e+03 1.257704271539212160e+00
1.119816303686940955e+03 2.062158910576589733e+03 1.782379313982087377e+00
1.194643146036642975e+03 1.998602248665276420e+03 1.035018335205005524e+00
1.118570844933203489e+03 2.062831771874420610e+03 1.794816673760543102e+00
