1.210187464837714970e+03 4.824842285365275529e+02 1.251576816698565464e+00
1.312997998529845063e+03 4.712316462610845065e+02 3.108628449437609298e+00
1.210108682739220058e+03 4.814852059744107464e+02 1.269029524264191799e+00
1.315312123049678803e+03 4.714133023628482988e+02 3.072581601163746789e+00
1.275601949951686265e+03 5.416191452910416047e+02 4.953618535176571025e-01
1.596925453603241522e+03 4.966384559517205162e+02 3.715694450088214418e-01
1.595684531286925449e+03 4.964033405969403248e+02 3.609407737230147517e-01
4.055175152944580077e+02 5.862485849008248806e+02 1.942879589087502801e+00
4.028561541393804646e+02 5.844926883145241163e+02 1.918539400766372971e+00
7.772071756213568960e+02 6.870393527500990558e+02 1.306744412967596691e+00
7.028953115165386407e+02 7.007973356022007465e+02 1.471670706279943897e+00
7.775570647356776135e+02 6.829214953729369881e+02 1.351088402502967689e+00
1.143279049425746507e+03 5.869098807340583335e+02 1.413236139072581832e+00
1.030493064432547499e+03 6.437022067710463489e+02 2.744485455771978888e-01
1.210342838124576929e+03 4.824332892368228158e+02 1.211803334459729875e+00
1.315695027989649361e+03 4.713843649396876572e+02 3.024987046119855805e+00
1.274990428128097165e+03 5.410542730202857911e+02 4.685277761368271676e-01
1.142997678702051871e+03 5.871850494544192998e+02 1.381585053082269088e+00
1.265392498779219750e+03 6.009858002171997668e+02 2.694914380951651811e+00
1.031865930356662602e+03 6.433279077046037173e+02 2.741972671426498587e-01
1.338744889117585899e+03 6.739794470000565525e+02 2.735960330123310857e+00
1.225249763887000654e+03 6.963732282183298139e+02 2.072860357044518931e-01
1.208229126966264175e+03 4.825401343638702656e+02 1.223288243324273994e+00
1.314715312610831688e+03 4.710257938636962081e+02 3.043291588367918354e+00
1.274340381408110034e+03 5.415937282347572364e+02 5.437102729805476375e-01
1.449455410659988729e+03 5.680953616765442575e+02 3.314537255415228589e-01
1.265176766323601441e+03 6.012357002520229798e+02 2.666827114349524130e+00
1.344925064983563516e+03 6.753128673086551998e+02 2.764430056431503857e+00
1.230329400893114553e+03 6.956351594035750168e+02 2.172057514190145755e-01
1.596332895165514628e+03 4.964111068688068826e+02 3.592355297177262097e-01
1.661785837362811435e+03 5.528205225642020650e+02 3.124587527108457774e+00
1.447126860083801830e+03 5.687105491584012498e+02 3.441277389372937590e-01
1.594744473802903030e+03 4.955843879968874717e+02 3.561417022976248181e-01
1.660880941960067275e+03 5.516601028840514118e+02 1.812879659191121359e-02
1.707691551533577467e+03 6.977221783048186126e+02 2.217221289441459575e+00
1.666166987740189597e+03 5.515369349199449971e+02 3.409044694563068828e-02
1.706190633571908847e+03 6.936724598211737884e+02 2.415584846529717833e+00
3.128042530976530315e+02 8.565491544735104981e+02 3.138636495343210431e+00
4.042468894633775562e+02 5.819950731980745786e+02 1.919632294945299966e+00
5.341340438597915181e+02 8.327383744160265451e+02 2.243256425058128833e+00
3.155034163438696169e+02 8.577457501657739840e+02 3.115365423475005890e+00
4.022398050095757753e+02 5.850852008354218015e+02 1.922940551310551527e+00
5.769669573147847359e+02 7.143624942516867122e+02 2.225473139540341982e+00
5.585281339345229981e+02 8.386773566314986965e+02 1.921013721307258670e+00
7.757060024624747712e+02 6.888447608601305774e+02 1.234130260669495271e+00
7.025005251961597423e+02 7.024555307693733539e+02 1.416871046346365848e+00
5.757891481197067378e+02 7.130978181089424197e+02 2.266436464966102626e+00
8.159796581830617015e+02 7.473451675447357729e+02 9.283630823748465488e-01
8.437197819741497824e+02 8.082903032945007453e+02 8.108112096370190258e-01
7.548606036408843920e+02 8.340693539886904091e+02 2.142159149818779085e+00
5.842403900349795549e+02 8.341302744834091527e+02 1.192002812474109996e+00
7.744512116407144049e+02 6.892397687676586884e+02 1.320613944990464361e+00
8.146846473792718371e+02 7.477124138031605298e+02 9.950084421516223188e-01
8.426009317062054151e+02 8.060558398453952123e+02 7.666532465346808101e-01
7.519035730307781478e+02 8.320996911156081524e+02 2.147331746391329954e+00
1.142632124754172992e+03 5.864048692507018359e+02 1.482162534439162682e+00
1.030758399908201227e+03 6.425965329557664063e+02 2.463763661973469854e-01
1.039678459631049009e+03 7.220348088163455031e+02 4.784801600215750073e-01
1.136896790490994590e+03 7.904486714574326243e+02 1.108054608819916576e+00
1.143325120028174979e+03 5.859920680180744057e+02 1.396875647828801137e+00
1.265708644023165107e+03 5.998239065331566735e+02 2.658526531389964198e+00
1.029073049266313319e+03 6.415344301866277874e+02 2.494751479052990661e-01
1.225681359473326438e+03 6.933824276205527894e+02 1.603557995448613993e-01
1.037999336916748234e+03 7.229148972248610789e+02 4.636495814085226375e-01
1.135504498901470015e+03 7.903628030740612758e+02 1.053023308900684851e+00
1.299645700969773316e+03 8.021703383222939010e+02 2.001385728974606870e+00
1.182163980334347116e+03 8.370540230800132804e+02 1.150837768534776151e+00
1.449016436059571788e+03 5.662414288141557108e+02 3.961863833760678744e-01
1.265984448825975960e+03 6.017108184239525599e+02 2.726669685748473348e+00
1.344328681292316560e+03 6.750488853964320697e+02 2.796617298594792356e+00
1.225203083135090537e+03 6.936925504367990243e+02 2.928881138251509531e-01
1.304395090784359354e+03 7.990457490875165831e+02 2.048432389760048267e+00
1.427635927361071481e+03 7.847497647752306875e+02 2.735598817124249571e+00
1.653897321759016450e+03 5.474150165474297864e+02 2.715534530790414625e+00
1.446140793411308096e+03 5.667795637448797379e+02 3.336240757619728381e-01
1.426034347745241121e+03 7.838957136732728941e+02 2.748151165182186606e+00
1.572539661224175688e+03 8.226704016423715302e+02 1.027989968828732614e+00
1.659221299105837943e+03 5.488821201909714773e+02 1.217390222301847555e-03
1.708011552835835801e+03 6.962822371481104256e+02 2.247751491439681004e+00
1.669189124488126936e+03 7.312049783736952122e+02 2.489179292290493617e+00
1.819739340158479763e+03 7.398707693639813670e+02 1.660647097186989107e-01
1.767781217038286286e+03 8.011096207744159301e+02 2.311240141272639104e+00
1.570745509368774265e+03 8.229288526624757196e+02 9.568465775462750011e-01
1.677088565011820720e+03 8.169244789898448289e+02 3.084760142958372420e+00
1.671808386599388314e+03 5.484824954242461672e+02 1.429451557745837764e-01
1.707729179806930006e+03 6.958633732757818962e+02 2.290502365489075931e+00
1.669173554163717199e+03 7.310177455267757978e+02 2.473200387397894051e+00
1.819438070955415469e+03 7.346811912741114838e+02 2.940250556574841023e-01
1.765009787409791670e+03 8.013854801068869165e+02 2.237548005265548312e+00
1.826698224965484314e+03 7.915717972469633423e+02 2.718184589958180020e+00
1.677065321965581916e+03 8.188323652332094298e+02 2.471132004399339416e-02
1.828214280280177036e+03 7.915644265184751021e+02 2.750709323972288178e+00
2.007226859487417187e+03 8.592713286735272504e+02 2.969963071860368231e+00
2.016389933530754206e+03 8.549008016272980512e+02 2.965907032286915879e+00
3.189454354501361308e+02 8.563554865246918553e+02 3.098079469463386193e+00
3.265153204920857775e+02 9.331275421123696105e+02 2.477055019785169065e+00
5.403104522245814678e+02 8.379210553461368818e+02 2.190705176763695139e+00
3.159296991869293265e+02 8.560448461401030045e+02 3.061668611165101250e+00
4.647168144916327037e+02 8.808293641627922170e+02 1.066711260640669234e-01
3.237145174540506787e+02 9.316398136338027598e+02 2.453183669400180289e+00
4.872506669295114534e+02 9.868188378395680047e+02 1.725523720203570033e+00
5.763076312022368484e+02 7.121779598000446185e+02 2.247131688043592757e+00
5.581474641251471667e+02 8.388457966955436405e+02 2.026127357382890182e+00
4.640557164155886767e+02 8.808135356060558934e+02 2.225462138783129706e-02
6.203317076599606708e+02 9.015124171467514316e+02 1.068263575634818441e+00
6.829499785894790875e+02 9.140675748394273796e+02 1.534188264006386859e+00
4.879011274602156618e+02 9.882577637357394451e+02 1.845938795330215321e+00
5.564592521222089090e+02 9.926976554630255123e+02 1.585951781216157208e+00
6.096977691592123847e+02 1.003825290980265436e+03 1.408340571989328049e+00
5.746919835119131221e+02 7.154223722975435749e+02 2.289562222643533040e+00
8.166104149916777715e+02 7.472978794030042309e+02 9.414060237372413598e-01
8.442263597965928739e+02 8.056903361496654270e+02 8.022860077846740712e-01
7.549670729363980399e+02 8.342945944613416032e+02 2.124268467776426750e+00
5.665800105518833334e+02 8.403329122787854430e+02 1.190779882211470575e+00
8.595818401518229166e+02 8.712414156193819963e+02 8.031630619397075455e-01
6.194377507080552050e+02 9.021674392105119296e+02 1.102253906754966373e+00
6.800944577128296942e+02 9.130552075659300044e+02 1.554100537892102674e+00
8.397441065919063021e+02 9.755550851022792358e+02 2.405509678597958168e+00
5.561617121439226139e+02 9.916108089001536428e+02 1.923245625490766164e+00
6.077664497106841281e+02 1.002436912339343507e+03 1.452004593293574786e+00
7.902711291389027792e+02 9.968496645236214135e+02 2.774329821984191646e+00
8.145406482888608934e+02 7.467128654889500012e+02 9.730656479041440710e-01
8.423666115404716948e+02 8.047293995358078291e+02 7.913277813719102882e-01
7.536026484813257866e+02 8.338318118764251494e+02 2.071430364441145144e+00
8.569838281249831198e+02 8.713290698748010072e+02 8.236642465818402314e-01
9.677322128005423565e+02 8.962310715584510490e+02 2.775628516151623870e+00
9.032400531471496379e+02 9.516518449747827617e+02 1.670571306021125579e+00
8.477234579497272762e+02 9.807456722157717195e+02 2.423826971792573559e+00
9.875242143219577429e+02 9.931280395462845263e+02 1.666195972713826690e+00
7.885991559085796325e+02 9.972038146240288370e+02 2.767278379746162198e+00
1.042588031444724948e+03 7.198945867328516215e+02 4.279029525221092478e-01
1.137777754228032109e+03 7.867114304503796802e+02 1.045201743402305983e+00
1.055476460183934250e+03 8.745545546136386292e+02 1.285448389107524993e-02
9.668008447879096821e+02 8.959807846026621974e+02 2.696113756725695865e+00
1.117512000926882365e+03 9.425172018318871778e+02 1.276033712440173495e+00
9.013319204305696530e+02 9.515919945660828034e+02 1.699942471987501591e+00
9.861585126908425991e+02 9.959891401151294303e+02 1.720496270516761017e+00
1.138073228279181876e+03 1.018218912644126249e+03 7.443125285972927996e-01
1.038141706692798380e+03 7.176300313868094918e+02 5.121299123627937044e-01
1.135983631196052556e+03 7.885005002011447459e+02 1.060141219383098798e+00
1.295843525982214260e+03 8.047215596954035846e+02 2.104183022460775376e+00
1.182479502390769539e+03 8.342381787532381168e+02 1.154033214546807740e+00
1.052799654226406119e+03 8.746308295117075886e+02 4.901995485386328490e-03
1.228157587512245300e+03 8.992965051092144222e+02 4.079972422056577508e-01
1.116461381945253606e+03 9.435575245099505537e+02 1.301212429141430649e+00
1.249188317757151935e+03 9.752241194761581937e+02 3.099794147339507977e-01
1.134913679209458223e+03 1.017974290331201018e+03 8.047426090673825971e-01
1.427806981124759204e+03 7.835529997730236573e+02 2.736798265691455345e+00
1.303751778146432798e+03 7.981331980532180523e+02 2.111764776168427726e+00
1.379658762776999311e+03 8.721412229461784591e+02 2.675753088285488523e+00
1.227506915523754287e+03 8.990035079024237348e+02 4.963661027599078346e-01
1.443908902740448411e+03 9.639358056173268778e+02 2.552513464326907844e+00
1.254770530759868052e+03 9.595118245076312178e+02 4.112419636565955994e-01
1.340117924976417044e+03 9.700529232541960027e+02 9.799003641534977938e-01
1.240197509324336579e+03 1.003188454818187893e+03 2.639578153317565068e+00
1.424799573083810174e+03 7.827102376526300986e+02 2.738096479517988513e+00
1.573532827742598329e+03 8.201184289097915325e+02 9.922518849145421926e-01
1.376687451488756778e+03 8.711335570230953635e+02 2.688377431008445395e+00
1.630926699392206501e+03 9.069962727730812730e+02 3.005016490183002542e+00
1.440841505149661316e+03 9.621707991560181199e+02 2.560073363403156943e+00
1.590358900769535467e+03 9.576398142995701619e+02 3.138622095091404329e+00
1.550072270764992254e+03 9.942947831112819586e+02 2.657362126037836170e+00
1.670147068776066590e+03 7.283740214072919343e+02 2.495527998138650005e+00
1.818629194458608481e+03 7.404770064588960850e+02 2.615375500184520252e+00
1.765393850119996159e+03 7.986147042833267733e+02 2.239738059691918082e+00
1.571404501523758654e+03 8.206150293283885730e+02 9.500785166616371180e-01
1.677225758112997255e+03 8.156944112299559038e+02 3.076628640725752373e+00
1.791288853261946315e+03 9.138144305436660488e+02 2.088393956736248391e+00
1.628166179726576729e+03 9.071385994082647812e+02 3.000975444141837922e+00
1.588004573920519988e+03 9.579191621256225062e+02 1.745748666143084578e-03
1.747067006147082566e+03 9.699005842353237767e+02 3.014705817476984961e+00
1.547289093291774179e+03 9.944838934069900915e+02 2.592551600430612613e+00
1.715159661814569972e+03 1.017484672718994489e+03 2.935316154998786953e+00
1.819708389444504974e+03 7.345173087360934687e+02 4.063982290667635944e-01
1.671759354410092101e+03 7.320369003154155507e+02 2.413829522943907069e+00
1.764127523798313632e+03 7.989040622995744343e+02 2.212881749137785903e+00
1.823763338993644084e+03 7.890209485437659396e+02 2.670494555553109883e+00
1.675794445126220353e+03 8.160959796907292230e+02 8.812227123162088768e-03
1.790217128979178824e+03 9.131349973883645816e+02 2.053731850370922096e+00
1.869075414310956376e+03 9.703255914015592225e+02 2.417585091538831055e+00
1.745890227677732810e+03 9.696348212062666789e+02 3.088305063981666265e+00
1.948324824799628914e+03 9.757935466294093203e+02 2.807033659902649525e+00
1.712961189095806048e+03 1.019506684254650509e+03 2.944857798456385733e+00
1.827190657266695325e+03 7.909124212211307849e+02 2.769854372947739840e+00
2.011481960553392582e+03 8.539971428353055671e+02 2.962331325337491439e+00
1.989329009272318672e+03 9.019997114551729283e+02 2.090304412266461576e+00
1.865406080981265859e+03 9.697505729254485232e+02 2.420158107782838020e+00
1.952194962317330010e+03 9.762042931568394124e+02 2.753752585141720832e+00
2.059903595804890756e+03 1.018089150835598502e+03 1.910295141610159675e+00
2.009471988825558583e+03 8.536399331935875807e+02 2.989634036707765397e+00
1.988119560006667143e+03 9.039299132265266508e+02 2.265326756954720633e+00
2.060354885324622046e+03 1.014162962879067891e+03 2.174013929235008469e+00
3.253483618077652864e+02 9.322018924627247998e+02 2.528600992206057274e+00
4.628714952337661543e+02 8.791462912058238999e+02 1.029098709356548180e-01
3.232041880492982955e+02 9.313637329931259501e+02 2.541626760020213815e+00
4.882128256512888811e+02 9.874616660048986887e+02 1.814133689826754825e+00
5.072753539246750734e+02 1.114996980693529167e+03 1.460500776798451916e+00
3.979218812964910512e+02 1.148053972455257281e+03 1.462368381427950004e+00
4.643288154672841301e+02 8.782797053168017101e+02 1.040857521907902900e-02
6.220017694417981602e+02 8.996159193346973098e+02 1.035884025666180541e+00
6.803762511320642261e+02 9.140751310969817496e+02 1.608326639349294318e+00
4.881128210964546952e+02 9.876851126761334854e+02 1.912366309264632802e+00
5.561941095521957550e+02 9.921099292136009353e+02 1.606185967286102967e+00
6.100518777860934279e+02 1.002906687086770717e+03 1.446875351695669609e+00
6.682307051328914440e+02 1.047838838279888250e+03 1.604211868515765360e+00
5.658035900138600027e+02 1.107694415118296320e+03 1.788709062946021167e+00
5.053405350255796975e+02 1.114955829870084244e+03 1.470304175625004817e+00
6.195714361643009624e+02 1.135745867544314024e+03 1.353606093019820822e+00
3.952298582538469418e+02 1.145050263725323020e+03 1.399626559388743141e+00
6.844917047415764273e+02 1.167351501817174267e+03 8.175712804205892414e-01
8.548240705604888490e+02 8.725017360520737384e+02 7.786908482341071691e-01
6.203618343792162477e+02 8.975132485115946110e+02 1.057073092351238586e+00
6.797849119204903445e+02 9.103491066385322483e+02 1.537225137211100767e+00
8.474779516173574621e+02 9.799653845554514646e+02 2.530686691732646931e+00
5.520012229741192868e+02 9.907379867422848747e+02 1.608649004041112551e+00
6.083817621775341422e+02 1.002064939371683067e+03 1.439461818019393435e+00
7.940602534272799176e+02 9.950025510526620565e+02 2.817021976478268463e+00
6.673460785213007966e+02 1.047777141489105134e+03 1.554212432274428846e+00
7.383873928214250100e+02 1.059305921477645825e+03 1.784185000365990481e+00
5.619100807085608267e+02 1.106396449051879927e+03 1.752688582027006170e+00
8.054516952170170043e+02 1.108557321234835626e+03 1.709814211681919272e+00
6.166332583903778186e+02 1.133129794087612026e+03 1.240060512382755498e+00
6.812352954165139636e+02 1.165753263869984266e+03 7.953049019281339671e-01
8.577009574304215676e+02 8.675969869384994126e+02 8.733680832310829478e-01
9.654211471241092113e+02 8.942460081169313071e+02 2.816282646527619171e+00
9.023077313417254572e+02 9.500003318663525533e+02 1.663041840772877755e+00
8.460626481273371837e+02 9.796294835033916115e+02 2.536221766691760582e+00
9.888905116902544705e+02 9.977638675041409897e+02 1.771235773944878744e+00
7.915563374952810136e+02 9.949412564220037893e+02 2.838521505233876585e+00
7.369790690960728625e+02 1.058219707941301067e+03 1.773866744703305187e+00
9.137418184888031192e+02 1.059932660069600388e+03 1.349290191977446485e+00
8.025775628653166223e+02 1.107830293709911075e+03 1.663265758628427404e+00
8.589972660501840664e+02 1.111334162512985813e+03 1.231627443787543186e+00
9.582529100960261985e+02 1.120552646519255177e+03 1.577418072047511943e+00
1.057226902228939252e+03 8.720569778533331373e+02 9.919804914776783611e-02
9.653680074513533782e+02 8.936680673384364582e+02 2.747651169015324246e+00
1.117677182720947940e+03 9.400671592814510404e+02 1.260343196462129223e+00
9.001964529935528390e+02 9.470090021455278020e+02 1.742307978950199177e+00
9.879380304367621193e+02 9.969182657276612645e+02 1.797130169284642198e+00
1.137541992967350097e+03 1.015075103290409288e+03 7.555889529607431321e-01
1.032148219402766699e+03 1.036938262056018857e+03 9.908089754085516176e-01
9.135161541190823300e+02 1.058910815728840134e+03 1.428304097210027601e+00
1.170949230526625797e+03 1.099917379002309644e+03 2.576279831020809929e+00
1.051049880390829230e+03 1.096554381606480320e+03 4.384908614937036431e-01
9.573094136640825127e+02 1.119370799280221718e+03 1.622864867502188391e+00
1.135206424668863747e+03 1.149776470106030501e+03 3.007517212022502218e+00
1.055142820332619522e+03 8.719013231565195383e+02 6.818220407006729544e-02
1.228838101998157299e+03 8.986978453702527077e+02 3.907493456852180191e-01
1.116508260075073849e+03 9.411597679407204851e+02 1.339378752708749509e+00
1.256171012314373002e+03 9.583068942599363709e+02 3.150736392483224901e-01
1.340584952576998603e+03 9.691534372741248262e+02 1.118706940649666581e+00
1.135437003470856780e+03 1.016116418081394158e+03 7.896553895606779339e-01
1.241815167583741641e+03 1.006505130791835427e+03 2.609612188831626156e+00
1.033569418173506619e+03 1.034449835000542862e+03 1.082946867900817622e+00
1.215506078093806991e+03 1.060453508864856076e+03 2.883118843151796895e+00
1.168762849005344833e+03 1.103626351757211069e+03 2.423513196046195084e+00
1.048853629955798851e+03 1.096690666487975932e+03 3.756438319535306269e-01
1.239004766525206151e+03 1.157472999268677086e+03 1.037578313018331144e+00
1.137640152458214743e+03 1.150958737697302013e+03 3.008300294418498222e+00
1.379215095701549217e+03 8.684866021729135355e+02 2.605435393730685334e+00
1.226820397916726279e+03 8.960224333162141193e+02 4.733609669835777134e-01
1.254172808784016297e+03 9.598085779954142254e+02 3.598970962600654966e-01
1.339109595364160668e+03 9.690649782879395389e+02 1.014431852577317272e+00
1.442475546134788829e+03 9.631729452116642278e+02 2.543351355653115320e+00
1.239174649830911449e+03 1.006865776256349363e+03 2.617354758327328224e+00
1.339647913162988516e+03 1.045473047179236119e+03 7.939491775401494866e-01
1.213415296474166098e+03 1.061757343867961254e+03 2.884040214398279733e+00
1.348132197037177320e+03 1.109371290842266490e+03 3.611307431730243489e-01
1.434667913052622225e+03 1.131912176770686074e+03 4.128564418235355915e-01
1.240563254595579338e+03 1.154372825442786507e+03 1.049822932777563889e+00
1.377798331450506566e+03 8.697719561178291769e+02 2.556870655946999804e+00
1.631873357162714683e+03 9.045431980343846590e+02 2.893653992815978349e+00
1.439803831173862591e+03 9.614874433333313846e+02 2.573638588350874112e+00
1.592885495494535007e+03 9.561718485698356744e+02 3.017827513610283674e+00
1.550542460424192541e+03 9.923155885030676018e+02 2.711039346293787400e+00
1.651507250631970237e+03 1.050695649504603807e+03 1.779181861228814387e+00
1.510491366754331466e+03 1.042428569575803294e+03 1.342388386664142563e-01
1.561979037160012467e+03 1.087434915685258375e+03 1.002951128040864059e+00
1.351191467338957636e+03 1.108715355219204639e+03 3.364080260231989694e-01
1.432212240789486486e+03 1.131119562733823386e+03 4.322052046091897637e-01
1.584800307828448013e+03 1.146018926165783569e+03 9.934089821586330471e-01
1.636092945759815620e+03 1.179718413986083078e+03 1.231213455620208341e+00
1.794324152275496544e+03 9.133919412606680908e+02 2.142892205515147364e+00
1.628317528143120853e+03 9.065250322966833210e+02 3.009441222497069468e+00
1.591192279162180967e+03 9.554253132557491881e+02 3.119356905473642083e+00
1.748725889062022361e+03 9.694662175899920840e+02 2.940994392084585574e+00
1.550516511740551323e+03 9.916064726586687357e+02 2.581489014278480543e+00
1.716919788547684220e+03 1.014750458018960217e+03 2.863000165646268691e+00
1.648188306129869488e+03 1.049713441245529566e+03 1.701928306310760641e+00
1.815867741749762899e+03 1.031094314705236229e+03 2.892889362575514767e+00
1.510366993885671718e+03 1.041029640210088928e+03 2.807470494356034130e-01
1.559689395321841175e+03 1.087958819238916931e+03 9.752385693567156011e-01
1.784914493907496762e+03 1.090868831482945779e+03 3.074019098061696376e+00
1.686753096415224263e+03 1.115934589617517076e+03 1.419648805118862267e+00
1.580801504059276112e+03 1.143573909613650358e+03 9.528934315668315946e-01
1.775650213855570655e+03 1.125177460895105241e+03 1.792567026633970828e+00
1.758469376930237559e+03 1.174227748623892694e+03 1.902402842090414881e+00
1.790114554106868354e+03 9.122877887092406581e+02 2.090765470221315425e+00
1.869039758825180343e+03 9.681578702315202918e+02 2.451525590992846393e+00
1.746961029988870678e+03 9.687245400981396415e+02 3.014931586007516096e+00
1.951968700262761558e+03 9.759587553828603177e+02 2.740849651130225606e+00
1.715512350324079307e+03 1.015983500777260360e+03 2.903030801523950988e+00
1.815416056725005774e+03 1.031872963440646345e+03 3.072252340295483553e+00
1.942102285335836768e+03 1.049338432772589840e+03 3.138845050481557486e+00
1.782560789550299205e+03 1.087322790406988815e+03 2.958636349875251037e-01
1.684951685489758120e+03 1.112872407285830832e+03 1.401538159585070886e+00
1.930688723394438057e+03 1.104903185325235199e+03 6.510551739812455718e-01
1.769387629522927682e+03 1.138832840922648302e+03 2.814871625455570125e+00
1.755255286949719221e+03 1.180018713485666922e+03 1.881438430967601994e+00
1.988871813382955224e+03 9.009776759441454033e+02 2.092962120472545706e+00
1.867898031023687281e+03 9.687989624593083136e+02 2.490185198155815183e+00
1.950870262921564972e+03 9.762444525527141650e+02 2.744887702655812944e+00
2.061124327122186969e+03 1.017756107697049174e+03 2.114873311789179589e+00
1.941498645223756739e+03 1.048817562299524070e+03 4.327231161000253540e-02
2.033559996311713803e+03 1.066386975847206031e+03 1.741367674179684633e+00
1.928092078230094558e+03 1.105156322092793744e+03 6.328178836756590542e-01
1.971139388587284429e+03 1.144590057389028289e+03 1.147035170606498955e+00
1.990022953879826673e+03 9.060272584221063426e+02 2.357443828179288214e+00
2.060702411470425432e+03 1.015109892901106150e+03 2.356946608669576282e+00
2.033798622554695157e+03 1.066119505934093922e+03 1.848904928351406962e+00
2.014691258535545785e+03 1.175260602738281932e+03 2.153200900472460155e+00
5.054005501669398654e+02 1.112161672488309705e+03 1.478384423119314173e+00
3.973755901236615955e+02 1.146143916335248605e+03 1.548783326112979308e+00
6.665450690318597253e+02 1.053312983878446857e+03 1.672883984742029373e+00
5.655478117818113333e+02 1.106228074743940624e+03 1.721886643884639190e+00
5.047687494374689550e+02 1.113549934680190290e+03 1.484399104650391932e+00
6.203238540702394630e+02 1.134323315082782074e+03 1.373154994781161875e+00
3.946497405279499162e+02 1.145655758537502152e+03 1.543541978001884196e+00
6.825542686497378781e+02 1.164944608640072829e+03 8.384710802597865609e-01
5.536933308228930173e+02 1.205003757807226521e+03 3.065494856379376465e+00
6.726227775979341459e+02 1.276813902866990929e+03 2.348510659267899481e+00
6.174774219511834872e+02 1.293643986143432585e+03 1.676863623025345751e+00
6.660882303240690590e+02 1.048559097058012185e+03 1.511798307204205161e+00
7.380085768132242947e+02 1.058655013622709703e+03 1.765197689421764915e+00
5.656453607288872263e+02 1.104976892416806777e+03 1.817146253131507905e+00
8.041685440480464422e+02 1.106779206744510702e+03 1.659625215308279778e+00
8.577941610066934572e+02 1.113412567662629726e+03 1.382342538254539344e+00
6.154058584095855622e+02 1.131913516100950574e+03 1.209683689765054027e+00
6.807380900604985072e+02 1.164176197594033511e+03 8.122706223323474806e-01
5.508033686304822822e+02 1.204784111942343543e+03 3.100452997922007459e+00
7.364448147453719002e+02 1.284659373487057564e+03 2.135802346724657852e+00
6.195770029369836038e+02 1.289606008031790680e+03 1.399865458906812909e+00
8.106332030926366770e+02 1.226202947145056896e+03 1.624877331451864748e+00
6.758058618267347128e+02 1.275824496760970987e+03 2.470801046317844474e+00
7.548695849567163805e+02 1.200963243893982508e+03 2.098500113296176472e+00
7.345816217075682744e+02 1.062481656076795844e+03 1.876008238318004784e+00
9.130358650691005096e+02 1.057909033586850001e+03 1.349269586281235167e+00
8.028449761365114909e+02 1.106693134517852059e+03 1.668184472900508419e+00
8.585315314114513967e+02 1.109894464492974294e+03 1.232100643208655866e+00
9.581211042976660792e+02 1.120271651457235976e+03 1.563860448471516618e+00
9.088776732886403806e+02 1.200409220400109689e+03 1.855121315468287291e+00
9.929970262582073701e+02 1.192044365469351987e+03 1.356519106569782140e+00
7.533820545169681964e+02 1.200503029414066759e+03 2.146092294091572317e+00
8.099799532217996330e+02 1.225865770991758154e+03 1.619531985039070809e+00
8.699970839798643283e+02 1.244039751596837505e+03 1.874132894568431906e+00
7.332126529294915827e+02 1.282068131343560708e+03 2.129595205302510230e+00
9.269771893111164900e+02 1.306203226153269952e+03 1.058115079675197467e+00
9.800314008451327936e+02 1.316859261854606757e+03 2.447357901449671580e+00
9.148716504543729116e+02 1.052790807911642105e+03 1.560436625067285199e+00
1.168400706919657523e+03 1.096973382124392629e+03 2.542917658778320877e+00
1.050208097768534117e+03 1.095176758076083615e+03 4.227143365899016514e-01
9.565296417282029324e+02 1.120395045100796096e+03 1.607639446539798511e+00
1.141058168252633550e+03 1.149326098397970100e+03 3.095450454539546037e+00
9.076962504591940615e+02 1.200660624389462100e+03 1.818681059538987954e+00
9.919117710465238815e+02 1.193149635993080892e+03 1.462029214465012217e+00
1.036471678318540853e+03 1.206692351446122757e+03 7.470847447909315653e-01
1.149703749796569355e+03 1.204579527053340598e+03 2.962458409622267030e+00
1.063608164602038869e+03 1.279727593118341474e+03 7.067211925575201947e-01
1.170615415987250799e+03 1.278646740739331790e+03 4.377018639414403944e-01
9.280425951630218151e+02 1.303730064124500132e+03 1.013273070061353920e+00
9.799426359473575303e+02 1.320071146538589346e+03 1.987708862183608760e+00
1.048547522401323931e+03 1.329032355945188328e+03 9.813274433985599288e-01
8.660771818720941155e+02 1.254142081835636873e+03 2.213002062504728418e+00
1.039756434219573293e+03 1.032396258246189973e+03 1.232340489912126191e+00
1.337252247804466151e+03 1.046153593780970141e+03 8.020612037901527769e-01
1.216185650643170675e+03 1.059039763605633198e+03 2.860337698825581754e+00
1.168502880562846258e+03 1.102442320193836167e+03 2.452413545430422559e+00
1.048416780209359331e+03 1.094771596355526299e+03 3.982766715937026136e-01
1.238734824732448942e+03 1.155088427227754437e+03 9.783004307409982614e-01
1.139421901178902544e+03 1.149148814758266326e+03 3.042761759802010246e+00
1.286042509901230915e+03 1.204006883542385367e+03 1.219801653912471417e+00
1.035577977672813176e+03 1.207911732194600745e+03 7.524279270890962268e-01
1.148726415717715781e+03 1.207162974107799073e+03 2.859395007498952701e+00
1.062818521393372976e+03 1.273986709914123367e+03 6.655130737178751588e-01
1.169411687074828478e+03 1.277682401696478564e+03 3.779513561979564451e-01
1.330436835770958169e+03 1.308283987365610528e+03 1.187160229040939319e+00
1.253183784399058595e+03 1.327766625666306481e+03 1.388686248698659309e+00
1.152788595082779239e+03 1.338372732632329644e+03 5.569432634224281697e-01
1.340524479365865545e+03 1.042064363070782747e+03 7.441892368135238911e-01
1.217608432979587633e+03 1.060449225686146974e+03 2.717428440589825023e+00
1.500941665154625980e+03 1.040301190356731240e+03 2.966913571735269706e+00
1.347702179609997984e+03 1.108025046516559541e+03 2.673863384131890397e-01
1.434085260829599747e+03 1.129951813586709704e+03 3.315108070616199498e-01
1.237094875672852368e+03 1.155729304969160466e+03 9.759665312173015916e-01
1.485319454361941553e+03 1.191238846054367059e+03 1.688344204091721368e+00
1.284609246850186537e+03 1.204049214158325412e+03 1.226002905202607574e+00
1.387211929065653749e+03 1.218721642863150919e+03 1.575741601336667408e+00
1.328696779514303216e+03 1.305430555073841106e+03 1.127202527494070017e+00
1.252807033401543549e+03 1.325731623904336402e+03 1.359345877934399871e+00
1.384396802003612493e+03 1.339259321308627023e+03 8.447056227946694307e-01
1.511020878638711110e+03 1.041636226075577042e+03 1.241786848232274282e-01
1.649853364655232326e+03 1.055672385584965696e+03 2.007126947693319785e+00
1.561547569140315318e+03 1.086482515266275186e+03 1.001755814757292695e+00
1.347173974045913610e+03 1.106646745028449004e+03 2.018851369936151274e-01
1.430481111303415446e+03 1.130432071608648130e+03 3.381217220366251608e-01
1.581735919664794437e+03 1.141562392501254635e+03 1.007181050175119053e+00
1.483119639605627299e+03 1.189065746906291452e+03 1.585089515339640931e+00
1.631423875848561465e+03 1.184103508281380982e+03 1.607789424326081074e+00
1.389289721742713255e+03 1.219071177961390504e+03 1.731815626220221560e+00
1.531116748543914582e+03 1.231054702292982256e+03 6.546177980065319701e-01
1.562010588478721274e+03 1.288954763735738425e+03 1.038798113463673234e+00
1.609141493229738899e+03 1.331996044930496510e+03 8.258286493336101097e-01
1.382646011949011154e+03 1.336813086623664958e+03 8.667604231401866421e-01
1.647883926353341849e+03 1.050661985343715969e+03 1.812304191233551132e+00
1.559497557837272325e+03 1.086149845309940019e+03 9.484340903416703661e-01
1.783351883990849501e+03 1.089265919880897172e+03 2.378283699572601717e-02
1.686240637354633236e+03 1.113272158603218031e+03 1.478466930694922521e+00
1.579970862688986244e+03 1.141874999358120021e+03 9.280305937371136071e-01
1.768750617631525301e+03 1.141815858402054573e+03 2.826510557578717719e+00
1.629948911899632776e+03 1.184353126058137150e+03 1.573541557452448947e+00
1.529588984118468716e+03 1.230662076264715324e+03 6.427347913356562525e-01
1.671899982202723322e+03 1.242061818481079627e+03 4.507299918196739363e-01
1.559252399769547992e+03 1.289904368873956628e+03 1.020287852369674564e+00
1.736782326340415011e+03 1.301039473485537201e+03 1.808061761554557556e+00
1.604944285162956021e+03 1.331338578484460868e+03 7.727146244829903310e-01
1.681384233759761628e+03 1.339264931070877537e+03 1.613742387527383082e+00
1.756794738862687154e+03 1.186069735057591743e+03 2.256889488581291126e+00
1.816094015351849066e+03 1.028475253844464305e+03 3.033516859807462218e+00
1.941837438674839177e+03 1.046557222486400633e+03 3.054530839595297476e+00
1.780899847155931184e+03 1.086130149451877060e+03 2.494522091952506848e+00
1.683826626917690419e+03 1.115773013681397515e+03 1.433988147502834432e+00
1.929707862292138543e+03 1.104416913724051938e+03 5.983112394215950314e-01
1.769795057203873967e+03 1.138145594868723038e+03 2.850465121679474301e+00
1.972657091953436066e+03 1.146230805702196221e+03 1.081734088845136776e+00
1.754876517191865332e+03 1.191869087459222783e+03 2.299427412281400240e+00
1.832392177441067815e+03 1.230658674834563726e+03 2.356723505286857812e+00
1.673358954041935931e+03 1.241312260676837695e+03 5.505367634635809360e-01
1.734407539270851430e+03 1.303360627700510577e+03 1.742477872842294939e+00
1.792467193548734713e+03 1.304915269099695251e+03 2.220982929971684783e+00
1.681920634165439424e+03 1.332613323579801090e+03 1.922943092105963814e+00
1.940427504462923935e+03 1.047669515621832488e+03 1.284032251849374397e-02
2.033080353984495559e+03 1.066914350497132091e+03 1.830853292414933442e+00
1.926948772395213382e+03 1.105502802409150263e+03 5.583532383917306774e-01
1.970209586693913934e+03 1.144848183017162000e+03 1.139845797914209591e+00
2.101149501885218342e+03 1.189432025604090086e+03 1.582611203936985289e+00
2.019196155315254146e+03 1.189307113864690564e+03 1.677248874144313007e+00
1.827599686855413438e+03 1.229352081362906119e+03 2.481383904924106432e+00
2.058054867728367753e+03 1.304501741242783964e+03 8.593057210538446178e-01
2.124426265225275074e+03 1.335807759485679071e+03 1.452513079671369001e+00
2.031981634210947050e+03 1.066593005981942042e+03 1.950560014082328264e+00
2.100478977943602786e+03 1.188433284772228944e+03 1.591962230417848012e+00
2.156050578158158714e+03 1.207567738038175321e+03 1.654707816455537328e+00
2.019401730572295946e+03 1.188862706308848601e+03 1.686943166946948569e+00
2.058769595566493990e+03 1.301151480447807899e+03 7.783333002132929446e-01
2.123672205071118697e+03 1.339136864786007891e+03 1.613617465753350411e+00
3.793306766647050381e+02 1.340732350001581608e+03 1.884863005705125494e-01
3.803625807248523643e+02 1.341801480846193044e+03 1.149916227941537167e-01
5.532424036804679872e+02 1.204822633540355355e+03 3.136200407996881268e+00
6.789583091014042111e+02 1.277239310734361652e+03 2.120353425440244521e+00
6.159837699919964962e+02 1.291074794479322918e+03 1.580797873218433791e+00
5.681976935968876887e+02 1.373802517729963483e+03 2.888888382433321578e+00
6.913095965585764588e+02 1.441639381860616595e+03 2.791687961169039056e+00
7.553308110545094678e+02 1.198044277325000166e+03 2.040414462988331401e+00
5.562157075979024512e+02 1.204758521723117610e+03 1.109271441189387669e-01
8.125025551261655892e+02 1.226737056997893433e+03 1.461642304221775435e+00
6.757097963859120000e+02 1.275352574091508814e+03 2.274105976560458764e+00
7.379593171335650368e+02 1.284410733267624209e+03 2.030177809866318128e+00
6.161310163926312953e+02 1.290439970669491913e+03 1.527067516833070737e+00
8.473121265550030330e+02 1.349202639652609378e+03 2.556576255348106841e+00
5.662079136876708390e+02 1.372974261455444321e+03 2.942497232878555469e+00
7.250618641024416320e+02 1.395090041880000626e+03 2.319671057593077901e+00
7.838695526119344095e+02 1.398107814186550513e+03 1.433771257119460518e+00
6.977276395818382753e+02 1.442626803546554129e+03 3.010790491153485071e+00
8.337127875692783618e+02 1.494453750305208359e+03 2.898079315877589934e+00
9.871778223673529737e+02 1.191119885708529182e+03 1.278950977013973311e+00
7.553387463579066434e+02 1.202522130803259870e+03 2.138084649675274118e+00
9.072959868214347807e+02 1.201260590003565540e+03 1.697776634902488757e+00
8.101550976696886437e+02 1.224866256864432216e+03 1.547673428210316171e+00
7.354979977915147629e+02 1.283569346583216657e+03 2.054074865568361830e+00
8.714797673555567599e+02 1.246236581161434287e+03 1.733062129763713655e+00
9.254818232075124342e+02 1.304646733653129104e+03 1.160008783227543860e+00
9.859060583771743040e+02 1.325036945499182139e+03 1.825936919733350150e+00
8.457681305744789597e+02 1.350146135612076705e+03 2.539794770057362427e+00
7.819886634723427505e+02 1.394969090238175340e+03 2.132196424992724548e+00
7.203818913158228270e+02 1.393826182483391449e+03 2.482476840379839178e+00
9.518505047164235293e+02 1.405061539828525156e+03 2.782213035766768261e+00
9.052060453648466591e+02 1.444137902296760785e+03 9.119324786376677150e-02
8.368309954737994758e+02 1.495984721640386852e+03 2.981982735673624152e+00
1.036155601846980062e+03 1.203934691224301787e+03 8.474887383913729533e-01
9.033704295118109258e+02 1.200504244006256840e+03 2.092869642778736328e+00
9.894140409069173074e+02 1.190977925137805187e+03 1.515438504787854690e+00
1.145869806413592642e+03 1.201356887988221388e+03 2.872414794114105607e+00
1.064347080282714842e+03 1.274230184388102998e+03 7.772289110575194560e-01
8.688916087641434842e+02 1.253864538346786276e+03 1.901653240553814017e+00
1.171696579995713137e+03 1.280445239389084463e+03 3.755449625934422220e-01
9.240913603969081578e+02 1.305353517899315420e+03 1.201683363751057110e+00
9.840412149830312956e+02 1.325298995025186287e+03 1.871945499539236613e+00
1.048995574437279629e+03 1.330547485925301544e+03 9.853128433892103244e-01
1.155911301181222598e+03 1.335865852394364310e+03 4.123523470652335488e-01
9.500960491650328095e+02 1.404497710782886543e+03 2.701754441222312675e+00
1.059491645478379041e+03 1.412544698647825953e+03 8.006614294609341043e-01
1.163120983098855049e+03 1.394167413962245746e+03 5.900564979477194161e-01
9.012117768957009503e+02 1.445084074012168230e+03 1.577153327651582004e-01
1.045589174754303031e+03 1.490189620198678540e+03 3.117530745405209469e+00
1.033125295957052458e+03 1.202843172626370688e+03 8.416286637322205610e-01
1.284602179110090447e+03 1.203277751519027106e+03 1.158889205700904590e+00
1.147093249481398971e+03 1.203433259499544420e+03 2.939742819579892696e+00
1.062620550785707565e+03 1.269672817766924709e+03 6.847326220310107070e-01
1.167530590950656233e+03 1.275394575148382046e+03 4.131335010592099288e-01
1.330348985702294613e+03 1.303830514654356648e+03 1.100954840859504236e+00
1.251492040787478572e+03 1.325071112129687663e+03 1.309321288191629407e+00
1.152429196314491492e+03 1.336253675469614109e+03 4.059411466033847615e-01
1.045848539369642140e+03 1.327566570028013984e+03 1.029946159805010364e+00
1.056960599546900085e+03 1.413644978430028686e+03 7.574294443451375924e-01
1.161865668469005413e+03 1.392033973057247749e+03 7.018326983066700553e-01
1.288955474738575958e+03 1.432690433250227670e+03 1.513167406411658922e+00
1.201943342254769959e+03 1.426341436436538515e+03 4.375792289290013071e-01
1.043711370379448908e+03 1.491831856465702231e+03 2.890132786413349031e+00
1.284272285643575060e+03 1.200674966275679708e+03 1.194077700876821080e+00
1.362313595162841921e+03 1.206683236578403012e+03 6.823487619858035202e-01
1.486184791071633981e+03 1.196355798660241817e+03 2.106177475076890460e+00
1.408941238223854498e+03 1.228407677731934655e+03 1.778261011512001444e+00
1.328389664246166603e+03 1.304163722588377823e+03 1.061871838389034206e+00
1.250501837783696374e+03 1.324810019655052429e+03 1.277171842573416871e+00
1.382787910023008180e+03 1.336475462827598676e+03 7.655161913392665163e-01
1.456144957680999141e+03 1.360547168840025279e+03 1.535659320166216091e+00
1.496442823864482989e+03 1.399162761016133800e+03 1.789049731418137057e+00
1.287870543232385444e+03 1.431144749463640437e+03 1.454007213294347345e+00
1.377374318273164818e+03 1.415997680158652201e+03 2.856676239135381490e+00
1.203778484455399393e+03 1.426235518279441976e+03 4.425291550596058276e-01
1.398871855458172831e+03 1.487273316683801795e+03 4.961006618577861182e-01
1.482223265617368952e+03 1.188216722393150576e+03 1.688673136776934536e+00
1.628462237039514548e+03 1.191074777426726087e+03 1.545142299894308069e+00
1.407115701522816380e+03 1.228467183705742400e+03 1.811477384733912288e+00
1.530355296682749440e+03 1.229456646817362298e+03 6.470301651318947078e-01
1.561894223251224730e+03 1.286920721516251888e+03 1.001552972339827319e+00
1.607041912881815279e+03 1.329142518009572996e+03 7.880327476610660131e-01
1.381170722376349659e+03 1.336443656443541613e+03 7.719165085661807701e-01
1.454465013703381828e+03 1.360937724753816155e+03 1.499190834030320385e+00
1.494522910859884860e+03 1.397641182052832391e+03 1.752505397080103222e+00
1.373898703116404931e+03 1.417590548297535406e+03 2.902026488985930186e+00
1.563926635984314089e+03 1.442204689116655118e+03 1.659371157686898801e+00
1.636677609657209814e+03 1.415802517310336953e+03 1.668072670651675971e+00
1.397750826791224881e+03 1.486506089188027318e+03 5.072589243172868079e-01
1.758944045298622996e+03 1.192180160299897580e+03 2.483873403324353912e+00
1.528502339939704370e+03 1.228265437250531249e+03 6.825451427954395411e-01
1.671935117266461248e+03 1.241249230791466289e+03 4.798835879360983103e-01
1.560191788915190500e+03 1.287377780937128591e+03 9.563684831547395460e-01
1.735897674586871290e+03 1.300262786399253628e+03 1.878005004542145473e+00
1.793850858793436828e+03 1.305843384132603205e+03 2.372631783361725866e+00
1.605485060188963416e+03 1.329393396975429596e+03 7.652820358784095944e-01
1.676915173563935696e+03 1.341554826604316304e+03 1.443981820050781018e+00
1.562863855417061359e+03 1.443235037148079527e+03 1.604552992923678145e+00
1.633431874880727946e+03 1.418093191404281924e+03 1.663316699919814345e+00
1.754853382539844461e+03 1.455080220009783716e+03 2.143375363104522702e+00
1.692901583280020759e+03 1.469600647780158624e+03 1.777992525318392358e+00
1.757357210438733318e+03 1.194984478906698314e+03 2.541601257704005690e+00
1.833650878280150891e+03 1.229415086409748710e+03 2.382985679637806165e+00
1.676892092354085662e+03 1.237427612949870991e+03 6.088549941642316110e-01
1.735633490475863709e+03 1.300558239763766551e+03 1.785715277296121561e+00
1.795426940439895361e+03 1.303354065164044187e+03 2.213495862177213613e+00
1.674182716063715588e+03 1.342036084749564907e+03 1.377653253796573551e+00
1.755194798199808929e+03 1.452145430994098660e+03 2.055744620191537475e+00
1.691246930041619635e+03 1.467069675767673743e+03 1.736291161413890061e+00
2.019333669215630380e+03 1.193533171559583025e+03 1.736973944063690212e+00
2.104176360587069667e+03 1.190944439350311313e+03 1.368622261477699498e+00
1.830805688243550549e+03 1.233747028397029680e+03 2.513060892224836973e+00
2.058005681913158242e+03 1.301775015941167567e+03 8.251760575252818919e-01
2.125406197576277464e+03 1.339414759706312680e+03 1.773417651956337160e+00
2.069405238093464959e+03 1.380383541535764152e+03 1.300089221346325985e+00
2.017306519530867263e+03 1.194500206394378665e+03 1.847962521636142830e+00
2.102066727799647197e+03 1.187872318704636427e+03 1.548385783920246617e+00
2.154512360794461074e+03 1.206993747294524610e+03 1.736967406394211988e+00
2.057101653292154424e+03 1.300906559169388402e+03 8.081046389918400408e-01
2.124244915717956246e+03 1.338307526938813680e+03 1.739631525228237940e+00
2.069329982336734247e+03 1.379553551005784357e+03 1.298629518472246280e+00
5.676914396924966013e+02 1.373450390706967482e+03 2.911963569411381236e+00
6.936689371336234444e+02 1.442364033286571157e+03 2.918736173396538014e+00
6.349826339406999978e+02 1.561709904524811918e+03 1.629752275772807235e-01
5.719213608403493936e+02 1.373270261703065216e+03 2.768213879791336041e+00
7.245862115277001294e+02 1.394867180102154180e+03 2.213145801249735811e+00
7.845109223884737730e+02 1.397582198331593190e+03 1.507005034092357310e+00
6.960914373286879027e+02 1.441072680383793795e+03 2.957126954524281981e+00
8.389712051599856295e+02 1.491572672720603350e+03 2.955581879202251905e+00
7.230746418405635723e+02 1.507237704931687404e+03 3.469303214906935828e-01
6.344504922026017084e+02 1.561183768014490170e+03 1.644664101726963368e-01
7.993319821014116542e+02 1.567744894039077963e+03 2.854961460599298562e+00
8.103243344294351118e+02 1.658959683078734543e+03 2.311186701804295751e+00
8.461392543119782204e+02 1.347403310707140463e+03 2.462852337508114609e+00
7.817826391736871301e+02 1.395036956425701419e+03 1.462434507160177644e+00
9.511778309405437994e+02 1.403553502695421002e+03 2.813487330352815174e+00
9.046380700271122350e+02 1.442748190363984804e+03 1.356194859453407342e-01
8.383242989567718269e+02 1.491496546118378092e+03 2.996826069154174821e+00
9.520551258920436339e+02 1.502204494237552353e+03 2.909563361959861538e+00
7.199168805110323319e+02 1.505611833167267150e+03 2.256089659832816452e-01
9.244386712315522345e+02 1.555069395537537503e+03 5.755340666212662576e-02
7.966893219829120198e+02 1.566327777506538951e+03 2.847141580621128210e+00
1.000580077021484158e+03 1.620558601773486998e+03 1.413976015878240622e+00
9.417133517137465333e+02 1.651521749377963715e+03 2.028909491020844946e+00
8.796166834092427962e+02 1.659307804104444585e+03 1.886055353294996184e+00
8.114257877593258854e+02 1.659192538171314027e+03 2.387107487346209478e+00
7.289939957103330244e+02 1.406877254889504684e+03 2.390559845723552457e-01
9.496123777623236037e+02 1.405128936220706009e+03 2.695006569816774000e+00
1.059582457135473987e+03 1.411192494199412977e+03 8.484451278799074458e-01
1.160222858129059205e+03 1.395256004351054571e+03 7.197226958031759381e-01
9.023971473895994677e+02 1.443953159229730545e+03 7.470316215847663810e-02
1.044858284654151021e+03 1.486320823593325031e+03 4.533378583795943939e-02
1.148909339192780408e+03 1.510132584162721059e+03 1.998675208940645431e+00
9.499987882252871714e+02 1.503729786214295245e+03 2.824863425714942977e+00
1.069521183854312312e+03 1.543689334790535440e+03 2.750242541110594838e-02
9.219440821969330955e+02 1.555762533233862769e+03 3.109443491311247421e+00
1.101229033715031846e+03 1.607198335525839866e+03 9.340214715488512898e-01
9.974361759387493294e+02 1.623803831074983918e+03 1.445138995062932086e+00
1.162012395961594848e+03 1.629133974334374216e+03 1.031586924852638809e+00
9.411400350295432418e+02 1.651980405255568257e+03 2.261161540194959407e+00
1.162328190831568918e+03 1.390054172001699953e+03 8.833144089979334534e-01
1.055846352933881462e+03 1.410378571713583824e+03 7.166821665590334955e-01
1.289046273270326765e+03 1.430428758325771923e+03 1.437822389234036935e+00
1.203472088983205367e+03 1.425377585454489008e+03 4.887394408134192458e-01
1.043904213803069979e+03 1.485793485389565831e+03 3.117689911810956893e+00
1.148748280301437489e+03 1.510957470250138158e+03 2.068262580842412657e+00
1.069051031800990586e+03 1.545199376825300760e+03 7.784492022693376319e-03
1.099757632100236151e+03 1.606971543553727543e+03 8.407368687723554279e-01
1.225783835148014077e+03 1.629362126469389978e+03 1.463860032732150707e+00
1.159774271605770991e+03 1.626456994751224101e+03 1.025824217774290226e+00
1.452306314118240152e+03 1.362600816136342019e+03 1.413604763452506186e+00
1.497378813682790224e+03 1.404283817917424585e+03 1.738381347183457271e+00
1.288835528273070850e+03 1.430548865347775973e+03 1.432324629526423365e+00
1.377583345874631505e+03 1.415505071334185686e+03 2.894238377383333560e+00
1.202722023398460124e+03 1.426336434535102626e+03 5.124646184270217342e-01
1.398519613813937895e+03 1.484683135521486747e+03 5.458883784135359907e-01
1.460643506606213350e+03 1.513354936190601848e+03 8.450825344430665798e-01
1.224420379860976027e+03 1.628700417912588591e+03 1.435447598452417095e+00
1.452869227737857955e+03 1.359380242368363952e+03 1.411200109997304608e+00
1.496420369379329713e+03 1.398584031575503332e+03 1.669343320934221220e+00
1.635048276549013053e+03 1.418212360865816436e+03 1.692768113905690264e+00
1.377705901449987095e+03 1.417722499238557930e+03 2.981943894445720389e+00
1.563892339975748655e+03 1.441639875460821941e+03 1.602347498153211980e+00
1.396751005989121722e+03 1.485494891541093921e+03 5.087977377323454897e-01
1.458693856443531786e+03 1.513753030544850390e+03 7.598689278833569150e-01
1.509453455939726609e+03 1.535194359260573265e+03 1.540966641090670608e+00
1.522596378623579540e+03 1.628502072231947295e+03 1.249969367495180173e+00
1.672663854570820831e+03 1.349789131069136829e+03 1.190372382760807923e+00
1.633709415981142229e+03 1.417005402900705121e+03 1.658007880629237096e+00
1.563819191212870010e+03 1.440867573351458304e+03 1.573531653726301993e+00
1.755850980431853486e+03 1.451854851976584087e+03 2.140960687149997099e+00
1.692918190651758096e+03 1.467865078817117137e+03 1.728862543246014516e+00
1.506231766563886367e+03 1.531961672773527198e+03 1.591835375216757997e+00
1.523325851210333894e+03 1.622028181343029928e+03 1.113992195359968296e+00
1.754323744868805761e+03 1.451813569630607617e+03 2.081718418335935183e+00
1.691022337334312169e+03 1.468523916987098801e+03 1.716046291616758035e+00
2.068556880133253344e+03 1.378790343263823615e+03 1.378015384730917781e+00
2.015449038771299001e+03 1.609390078590387020e+03 3.116435118825878092e+00
2.069215033601220966e+03 1.377588122691907301e+03 1.387948562751391668e+00
2.017055676649159523e+03 1.610896770740902866e+03 4.055434254647396347e-02
6.356773421484568871e+02 1.560171256547897201e+03 1.639660915280857501e-01
7.237223199174804904e+02 1.506917259424420308e+03 3.606779009334591946e-01
6.342627175586427484e+02 1.560731061701512090e+03 1.951819385317963285e-01
7.981553712788647772e+02 1.567814610475830250e+03 2.922707899690618838e+00
8.139689048576410642e+02 1.659078087642404853e+03 2.445153724272209228e+00
7.795420349132145930e+02 1.738902775342346104e+03 2.058466426160414642e+00
8.518929714973614864e+02 1.743121344083052236e+03 2.585651745760889408e+00
7.216519061161779973e+02 1.508462676638657058e+03 1.523101983195382092e-01
9.238867200600209344e+02 1.553431356438626835e+03 7.627220722632697958e-02
7.966297857879276307e+02 1.565719034442014618e+03 2.894774364960808199e+00
1.000733715221400871e+03 1.619659336842320954e+03 1.358651330406866808e+00
9.452961777568534671e+02 1.646592289161216286e+03 2.162090947385448381e+00
8.820476346241566716e+02 1.657018800838439574e+03 1.967004431082975957e+00
8.151784326454078382e+02 1.658155638673866861e+03 2.509265506217474240e+00
7.800509922722160354e+02 1.737519140092568932e+03 2.099969568168532419e+00
8.508676316630558176e+02 1.741929812866049360e+03 2.636134913158175941e+00
9.809911289535505148e+02 1.772521815043227434e+03 2.275070801046018776e+00
1.151887348563058595e+03 1.516866353172285471e+03 2.160912918623953960e+00
1.070482974262619564e+03 1.543620225665094495e+03 5.208741910170622269e-02
9.207083997786587588e+02 1.553650473496869154e+03 3.074074808225960354e+00
1.100871226452492920e+03 1.605786300745119206e+03 9.052976669163578238e-01
9.975191699328170216e+02 1.622444992368738212e+03 1.453087035963777529e+00
1.161136385079645606e+03 1.623777083390325970e+03 1.058450680536322075e+00
9.434683954885563253e+02 1.649517581790779559e+03 2.221906448241739884e+00
8.787088220787854880e+02 1.657528658876208056e+03 2.079231441929986879e+00
1.029966446658699851e+03 1.691450053873775687e+03 6.413317927914092831e-01
1.093439416084805771e+03 1.722858684635201598e+03 7.892935636259996723e-01
9.824624514305146477e+02 1.777857048165959213e+03 2.292190513576603639e+00
1.150162286207616489e+03 1.510576287121704127e+03 2.093475549418548631e+00
1.067931963849452359e+03 1.543200684067695647e+03 3.589818096032185157e-02
1.100146855282758906e+03 1.605867781995576024e+03 8.470618085265800845e-01
1.161768160670186035e+03 1.624346086021726023e+03 1.068702996491983859e+00
1.228519841268511527e+03 1.625867827240634369e+03 1.447847704491683762e+00
1.030644294211592978e+03 1.690202779708456092e+03 6.153007520745669146e-01
1.095806077745753782e+03 1.722424592962377119e+03 7.429262441131081474e-01
1.453755018123564241e+03 1.514839350581377175e+03 8.862427439861830791e-01
1.224911466629913775e+03 1.627987414186645765e+03 1.435704523289173196e+00
1.379669536748052451e+03 1.778529606005436108e+03 1.782126685721115322e+00
1.455384011318751618e+03 1.510987715741817738e+03 9.311355577827409302e-01
1.510378592661170387e+03 1.532699237792437771e+03 1.489487508602400645e+00
1.523365171125712322e+03 1.626111598528208333e+03 1.251612540244202432e+00
1.378513399766788552e+03 1.778640338101197131e+03 1.788577176660080426e+00
1.509783551241727764e+03 1.539313755637948816e+03 1.475869608595992366e+00
1.521694517619306225e+03 1.626890707551314790e+03 1.320690110855588184e+00
2.016421570883133882e+03 1.607400955520604839e+03 2.716311829550959941e-02
2.016835591030911019e+03 1.607887451943330007e+03 6.945140645901630438e-02
7.788992469810175407e+02 1.737508371086084480e+03 2.135908549144081903e+00
8.512341455841035440e+02 1.740502996708052024e+03 2.647924097880178351e+00
8.060814827151700683e+02 1.858001384459023484e+03 1.763421266930634390e+00
7.639731749923215602e+02 1.918035389490962189e+03 2.914026486864325527e+00
7.805459458681903016e+02 1.737598646671493043e+03 2.095351077086942571e+00
8.510970635446921051e+02 1.741426821655186359e+03 2.612820586738545892e+00
9.835500893921137049e+02 1.774909607380634270e+03 2.318077704891198909e+00
8.792734134369450203e+02 1.834948699485870065e+03 1.066329797433890336e+00
8.077446215229016389e+02 1.858539051191041153e+03 1.716582694801652265e+00
9.826004013525089249e+02 1.849387691549196006e+03 3.093923526854614359e+00
9.064261925702942335e+02 1.895883151757597716e+03 2.847713098038041624e-01
7.644613062881508085e+02 1.917445210336288710e+03 2.895095503397731473e+00
8.824860928833584239e+02 1.975453190378205363e+03 4.025807023196731338e-01
1.031028599979660157e+03 1.688936867197631273e+03 7.318990548300642329e-01
1.094841156272759008e+03 1.720766217863962993e+03 8.302708635899527234e-01
9.819917837889408929e+02 1.775777651155427748e+03 2.262663975089348689e+00
1.093292339290036807e+03 1.825187241968769285e+03 2.714944871317595432e+00
8.765777969202629265e+02 1.835292366271659603e+03 1.103590594977954309e+00
9.819616814112587235e+02 1.849810925341775373e+03 3.014809035183824815e+00
1.104882618724741178e+03 1.886874591918910255e+03 2.884102345905171561e+00
9.065180557942080668e+02 1.895740124393099904e+03 2.506058329664291318e-01
1.037007310449138004e+03 1.921331735673027197e+03 4.295219215230972748e-02
8.866059954322868180e+02 1.974624423730539093e+03 4.322817168717840164e-01
1.032484875051769905e+03 1.685896767077061895e+03 8.683176949876922901e-01
1.095413626254925248e+03 1.721535558256987997e+03 8.244990453347140758e-01
1.092264669362179802e+03 1.823719036331866619e+03 2.733798277878784599e+00
1.106282683456316136e+03 1.888660937213470334e+03 2.922016391792269463e+00
1.218212367114973404e+03 1.900432346415871507e+03 2.712844652484796448e+00
1.036439783889793034e+03 1.921750833655991300e+03 8.274053456206049983e-02
1.195638093511659235e+03 1.952419602131878037e+03 2.638549507062450949e-01
1.380979385589567755e+03 1.774246796058808741e+03 1.722598189021207205e+00
1.214814569075569580e+03 1.903196650702963325e+03 2.904699690751989305e+00
1.199368758002595541e+03 1.947505618327754746e+03 4.054628869160220583e-01
1.379055108822713919e+03 1.776295373339911293e+03 1.744471534276499813e+00
8.072723865736206790e+02 1.858450290391243016e+03 1.872384891061515289e+00
7.640351317220231522e+02 1.917305886219423883e+03 2.872232099934731497e+00
8.797756410121892259e+02 1.832682364141331846e+03 1.112135018266589004e+00
8.060876620785588784e+02 1.857296010299473210e+03 1.776178363006462702e+00
9.806141867343958438e+02 1.846398110932194868e+03 2.921410824806671247e+00
9.067525320816112071e+02 1.895780728131190244e+03 2.760447982229555230e-01
7.637044435436513368e+02 1.917902406569561663e+03 2.782799098573783159e+00
8.828361367070237975e+02 1.971806909436053957e+03 3.613470767913203319e-01
1.010818715321637683e+03 1.986388888596614834e+03 2.820207669612748269e+00
8.743775309800287232e+02 1.833253861058471330e+03 9.857834851191931147e-01
9.806341969349409737e+02 1.847527937354840333e+03 2.958306533202540223e+00
1.104868155722885604e+03 1.886250140722137985e+03 2.852934585641109244e+00
9.048441558519916725e+02 1.894884844647870523e+03 2.647820203083854906e-01
1.035022541336264567e+03 1.920306734401425274e+03 2.176362575806292318e-02
8.814648916658286453e+02 1.971729390603069078e+03 3.948049855501379324e-01
1.011429641257295998e+03 1.986082447440360284e+03 2.789915515205454888e+00
1.117539858454061459e+03 2.014692732841848738e+03 5.706293858214004366e-01
1.176875872756044600e+03 2.045326838278189371e+03 1.216315684539119646e+00
1.097485973274542403e+03 1.830872218865018112e+03 2.775244881918632611e+00
1.105946377593531452e+03 1.887273014507386733e+03 2.906803311016763036e+00
1.218360250693215676e+03 1.899803479551063901e+03 2.694812295461353813e+00
1.037311381911649050e+03 1.919841249569812135e+03 1.184151147700565204e-01
1.196079584148872982e+03 1.951661879467869312e+03 2.879088601575648942e-01
1.117256057404734293e+03 2.014475720764463404e+03 5.376090826940186362e-01
1.175483345098697555e+03 2.042447999913272270e+03 1.182929965020639962e+00
1.218116683085297609e+03 1.902584088884306311e+03 2.828033337499030520e+00
1.197043667775810036e+03 1.950468780552724184e+03 4.156845621060130114e-01
1.112117438184884577e+03 2.016894628598926374e+03 5.784479568335446631e-01
1.173725151980906503e+03 2.044407917072975124e+03 1.149345972798666793e+00
1.114199971741143145e+03 2.014058679242677044e+03 5.715729252742386413e-01
1.174796814885604590e+03 2.041362284003119839e+03 1.186869808097193113e+00
