9.732757281842816610e+02 2.388114622102531257e+02 2.698172217196269873e+00
9.698251485941841565e+02 2.377439641716143797e+02 2.598807374048666574e+00
1.165896541609937231e+03 2.598011569461788213e+02 2.032141091851552284e-01
1.305016977575523924e+03 1.249299396182540249e+02 4.624634111349639753e-01
1.164274008326655803e+03 2.598738266056878956e+02 1.429721434595560003e-01
1.213104452629069101e+03 3.134354468867978767e+02 3.261881552751824120e-01
1.304805932474067504e+03 1.244133680355196248e+02 3.551690401158067445e-01
1.429035676262098377e+03 2.967156372304201000e+02 1.451196726837199913e+00
1.211422481210647220e+03 3.128484740717483987e+02 2.404035837534935216e-01
1.427618635324587558e+03 2.954815600652749481e+02 1.458466751942367079e+00
1.562960186255306098e+03 2.957075129527834747e+02 8.339040527470359399e-01
1.618969688402425163e+03 3.296987345029892822e+02 8.590417896919312346e-01
1.814444414478428371e+03 2.484903364412469955e+02 2.796907152813806086e+00
1.561370848682703809e+03 2.965732776444029923e+02 9.196833796109347148e-01
1.730276139707107177e+03 2.967499094010519229e+02 4.103084743776126975e-01
1.617213364606640880e+03 3.270816498316575576e+02 8.761141477240875775e-01
1.722183215503384872e+03 3.609050318629620051e+02 2.787939652988591366e-01
1.813747654254692407e+03 2.484119305243220879e+02 2.862028787305254784e+00
1.729020897651300402e+03 2.971440677894192959e+02 5.142960019448776787e-01
1.722787864269832653e+03 3.581229079789338812e+02 3.962689259549984078e-01
3.029165023876294072e+02 3.933788034067458739e+02 2.771301559921073299e+00
3.014296234977167046e+02 3.932049328374710058e+02 2.772436058841829087e+00
9.707255289776940117e+02 2.334830547558464104e+02 3.601827363002909621e-01
9.679111552456238314e+02 2.348983002005840603e+02 2.637784983775347314e+00
1.163345194998065836e+03 2.572630597075857963e+02 8.511868551711153363e-02
1.099621437403385244e+03 4.683383139277246983e+02 1.072698441723821006e+00
1.174841451886854884e+03 4.694215536707981755e+02 1.298925319810581458e+00
1.014716359972929695e+03 5.273578856989705628e+02 1.200766020825129843e+00
1.164353152097452266e+03 2.581692885599799752e+02 3.344804108038207380e-02
1.213307657345850430e+03 3.104904630645468728e+02 1.907118403198210521e-01
1.099852285753791875e+03 4.685852379692107661e+02 1.109651817893413384e+00
1.173140606060281470e+03 4.672974870997620656e+02 1.299584739740704986e+00
1.218856530757770543e+03 4.995773653512339934e+02 7.479158771949323548e-01
1.304566355018924241e+03 5.225055594773402845e+02 1.050504477423916727e+00
1.428838487590405748e+03 2.951987688039892532e+02 1.501838927664890688e+00
1.209819444911935534e+03 3.099427217591113504e+02 1.209572929175941197e-01
1.430725266888955957e+03 3.893613285489225291e+02 1.000428313345947506e+00
1.419939230469429276e+03 4.844176068900235350e+02 6.737480957692041361e-01
1.218004814020252070e+03 5.000906815129243341e+02 7.244397627885971191e-01
1.301866483082768809e+03 5.221032323761205589e+02 1.066942795469932870e+00
1.427210804462523583e+03 2.954433425030233593e+02 1.504666324015699219e+00
1.563612559587437090e+03 2.967007703687399953e+02 8.277248061414586022e-01
1.616611286106787702e+03 3.274278472313214934e+02 8.404362315251974191e-01
1.429181776586039405e+03 3.905463903817552591e+02 1.013712166965448525e+00
1.502864637039408308e+03 4.020363821329242455e+02 5.488948352925452356e-01
1.593524533977241617e+03 4.017661885654370053e+02 6.048282068530241862e-01
1.559862275043638192e+03 4.719410133795888669e+02 3.515511271176329638e-02
1.416798728164183331e+03 4.863673034017199370e+02 6.785430733003261494e-01
1.644503870526079027e+03 5.149849554557160900e+02 1.062873577928840518e+00
1.566338754398207357e+03 5.183605122845901860e+02 2.514592337838674752e+00
1.814048678532326676e+03 2.437423190265243989e+02 2.661259731526219419e+00
1.564121418784261550e+03 2.960482997098873739e+02 9.101850228062086101e-01
1.731911406175882348e+03 2.979607578357008038e+02 4.117773831029827303e-01
1.615917044360051250e+03 3.268531379544900233e+02 9.204524850279907078e-01
1.722236176513068813e+03 3.571869977065455259e+02 3.273157655993977899e-01
1.592584411619842058e+03 4.014860400498178024e+02 7.255151817153465688e-01
1.674517909677251964e+03 4.266641915270575964e+02 5.462236453005455683e-01
1.741801865197673123e+03 4.570552847299488803e+02 2.663878686093869574e-01
1.557562098555150214e+03 4.725997277722201488e+02 3.281799750740958116e-02
1.795279418650043681e+03 5.077104656664873801e+02 1.396523562679812480e+00
1.660270021727323865e+03 5.099923304328942777e+02 2.958582019159898380e+00
1.813720163876363358e+03 2.482115951576375323e+02 2.795447983998509134e+00
1.730077911017146789e+03 2.973187310362635571e+02 5.000548084361007284e-01
1.721400205496300487e+03 3.571865972206780953e+02 3.664912679306520094e-01
1.843344571277126079e+03 3.805058884057004889e+02 2.805571493042402942e+00
1.671791250379080793e+03 4.267059018162028678e+02 5.762298311385688487e-01
1.880525358538718137e+03 4.564783828278314104e+02 2.696186381575551572e+00
1.741635955845597891e+03 4.568262350526383671e+02 3.983364899050339525e-01
1.792836619579110902e+03 5.077918096538624013e+02 1.287552377753175881e+00
1.667716970923784856e+03 5.141975036649857884e+02 2.559984529110914231e+00
1.842634843609529526e+03 3.812799767386086387e+02 2.970960068256865316e+00
1.881455255167529231e+03 4.578986586196620010e+02 2.870740393268101265e+00
3.051048944560210430e+02 3.910112001714646794e+02 2.831481387002692252e+00
9.505815222204120118e+01 6.364950090549493780e+02 1.924470422333409703e+00
3.062320027986482955e+02 3.948444684814726315e+02 2.840600155123557347e+00
8.564079006235938323e+02 6.067887235358366524e+02 1.707829832365782785e+00
1.017959902331641388e+03 5.266520565103323861e+02 1.096003503403546464e+00
9.488818160862888362e+02 5.904201679036592623e+02 1.922728666670011188e+00
8.551730266565903094e+02 6.073667501726135924e+02 1.659400270410265499e+00
1.002847550580542475e+03 6.490619184883462367e+02 1.323006721584384815e+00
8.967366359800803366e+02 6.654909892324669727e+02 1.378584153759398800e+00
1.101136740057824227e+03 4.677235370367691303e+02 1.013473683436926231e+00
1.176111272318708643e+03 4.659521135133359167e+02 1.161418206265810493e+00
1.015726966258154107e+03 5.249153910336128774e+02 1.172011070286304912e+00
1.082386503768605735e+03 5.485071888127898774e+02 4.777035910746164626e-01
9.485578176369267567e+02 5.909075238705776201e+02 1.935694950175351980e+00
1.136211154864772880e+03 5.828465600538983153e+02 2.856339600883586183e-01
1.001213050493739729e+03 6.488650790361541567e+02 1.382414295110699021e+00
8.943182057603628436e+02 6.607676194448891920e+02 1.485170649609383275e+00
1.100330815064087801e+03 4.681971646423594393e+02 1.073493115112508667e+00
1.173441243771704876e+03 4.665969415406070766e+02 1.271717956817517425e+00
1.218318449988627435e+03 4.988358965620107028e+02 6.839329254197485941e-01
1.310238157189634876e+03 5.372443860002348401e+02 1.016945689408408793e+00
1.081383863673851465e+03 5.487147263406365028e+02 5.107548317924373027e-01
1.241969795534602099e+03 5.877242285450377040e+02 2.317075310440051439e+00
1.134998662987569332e+03 5.828146829245108620e+02 2.983636507207999000e-01
1.194620671075249902e+03 6.798973078194309210e+02 9.737833880776625151e-01
1.429879620137460734e+03 3.889028956548750102e+02 1.001875895574073860e+00
1.497563733519772995e+03 4.007836530015603103e+02 5.973552923617926336e-01
1.419945154936431209e+03 4.837912222445133921e+02 7.269251084153731668e-01
1.216768490686033147e+03 4.992474054040261535e+02 7.603386621390485489e-01
1.312088984920718531e+03 5.405148382492997143e+02 9.334197290247162604e-01
1.495727894648092388e+03 5.468065519611628815e+02 2.615062898766833843e+00
1.239550002982434989e+03 5.869186377290610608e+02 2.262448432828849665e+00
1.193584596921591810e+03 6.788699347276904064e+02 9.924224138691238872e-01
1.501872708463672097e+03 6.843188108460130934e+02 2.248342715780029089e+00
1.426818939683580084e+03 3.885750003124734349e+02 1.082606767740428744e+00
1.504339736341811204e+03 3.993823271579198035e+02 6.724472467446279689e-01
1.590375760872771934e+03 4.034311115043582276e+02 7.636559680946418682e-01
1.560388285454108882e+03 4.697355810056628798e+02 1.298586377200759423e-01
1.417535464637694076e+03 4.852646320284551393e+02 7.695874138992683244e-01
1.656928377985940642e+03 5.098184618556672376e+02 1.226107204535994803e-02
1.494055956180864769e+03 5.468212957957102844e+02 2.565158490924294377e+00
1.598528941468534867e+03 5.918986334455830729e+02 2.535116710217364844e+00
1.504462051037799256e+03 6.181383630855584670e+02 2.926170148306109553e+00
1.657616206711399855e+03 6.679373510729914187e+02 2.789215834935967475e+00
1.505892605557290608e+03 6.803219741413240627e+02 1.433073153299010971e-01
1.594175963470201623e+03 5.374610781372088013e+02 8.131978476425143487e-01
1.589049130624445525e+03 3.998878045064818707e+02 6.774078814798928372e-01
1.675130930884576628e+03 4.256364953685947512e+02 5.901567326185670481e-01
1.742745635152716204e+03 4.563352912481317389e+02 3.118912342715632335e-01
1.557954697061485831e+03 4.699332680283363288e+02 3.135224088529864783e+00
1.791869773766301705e+03 5.089800464240390738e+02 1.331636379082235422e+00
1.661132875087736238e+03 5.090269863265133381e+02 3.064552115916674424e+00
1.704583922437973342e+03 5.783359277830975316e+02 8.953653325396969676e-01
1.597688675372990019e+03 5.932149795534941177e+02 2.550510917229593666e+00
1.738170890531475152e+03 6.105780925053893498e+02 4.684081157210209789e-01
1.659131586483254296e+03 6.654898091058327054e+02 3.069402955094721719e+00
1.506803907766161274e+03 6.839336732394459659e+02 2.303855906503049500e-01
1.674329674810692268e+03 4.225084899784686741e+02 6.911132769408225851e-01
1.880661791023646174e+03 4.564683517156755670e+02 2.719853676804192766e+00
1.741818751511836808e+03 4.559373548031649079e+02 3.618304257068595264e-01
1.792362143501637092e+03 5.072874656342825119e+02 1.259363438419051295e+00
1.703129021886632927e+03 5.779807863346263730e+02 8.404977432648408353e-01
1.844620036841520005e+03 5.922828429711106537e+02 2.120518113582068764e+00
1.739478298450536613e+03 6.131805268245725529e+02 5.443199436573405992e-01
1.823338967321337805e+03 6.613200104352533799e+02 8.022316814748912950e-02
1.883034004209521981e+03 4.568565467423923110e+02 2.883552129703235600e+00
1.842882221972877687e+03 5.918080844834090612e+02 2.200432974596299385e+00
1.826860068602789624e+03 6.628818413854093023e+02 2.522836190700629699e-01
9.598549603481626491e+01 6.326134971442997994e+02 1.911685081062870273e+00
2.987174643202429820e+02 8.062346136976200341e+02 2.824859462946653466e+00
4.881946428791902690e+02 7.455046794897787095e+02 1.363182130378852719e+00
2.969733881648189708e+02 8.046677793378627257e+02 2.782162120619696921e+00
4.877508887392056067e+02 7.467007415198903573e+02 1.429582183053216271e+00
8.578373749314364431e+02 6.089990736012269963e+02 1.862000142476848197e+00
9.493042799138681858e+02 5.888215125147747813e+02 1.939275516397970245e+00
8.555794397212775948e+02 6.070505090974215818e+02 1.666498050062483083e+00
1.002064256566210588e+03 6.482553430617587082e+02 1.274368545296675537e+00
8.968585917290288307e+02 6.651242142319790673e+02 1.364922386726629577e+00
1.021737067761839171e+03 7.360668997368604778e+02 1.284010673355383769e+00
9.479384630579654640e+02 7.967483558813790978e+02 2.199502124505534617e+00
1.080637589313132594e+03 5.471901941368985263e+02 4.950960968801021989e-01
9.484442451062507189e+02 5.906662706405430754e+02 1.935879651902624676e+00
1.134113295029382471e+03 5.814230140017538133e+02 2.826379090757167312e-01
1.000566248486586574e+03 6.500549954720202095e+02 1.327303803696278317e+00
8.957854198406344040e+02 6.654988896138165728e+02 1.425949974467857206e+00
1.019335338722243478e+03 7.365906743942434787e+02 1.314612590642912915e+00
9.477727244006200635e+02 7.975973916457465975e+02 2.183176853576078713e+00
1.314436979582473441e+03 5.506718894464348750e+02 2.362303203975908428e+00
1.135553849484979082e+03 5.823587447592705075e+02 3.333884316149426930e-01
1.241467237511278654e+03 5.871392824373124313e+02 2.347668822625811114e+00
1.194865226614913126e+03 6.781751770880158574e+02 9.081514598163881180e-01
1.279847098376290432e+03 7.297348148516747415e+02 1.307695765678233535e+00
1.224809616260680514e+03 7.933839585418284059e+02 2.100344151082846000e+00
1.339108738415700827e+03 8.134751774011781436e+02 2.776994059137857018e+00
1.186804457261771404e+03 8.553349764855113335e+02 1.823932335033719099e+00
1.320666423557283906e+03 5.556593095293059150e+02 2.614883348871698820e-01
1.239925565030634971e+03 5.861671492601819864e+02 2.246007970247663188e+00
1.190957613519983170e+03 6.793187799285694837e+02 8.958193191027832292e-01
1.278608666219293127e+03 7.301302435541111890e+02 1.341264975445323859e+00
1.408577270475695741e+03 7.157095247016538906e+02 1.127489412919922551e-01
1.387615226278045384e+03 7.739570628515728004e+02 3.101040234234807347e+00
1.221672485806347595e+03 7.972026527445525517e+02 1.920151468356463331e+00
1.343662838289621959e+03 8.148001200575746452e+02 2.738378653021678044e+00
1.598848958404567838e+03 5.884941572253395634e+02 2.471855338128207347e+00
1.505331775251629551e+03 6.174979090258941596e+02 3.025042765143974854e+00
1.661272230979790038e+03 6.639036610124971958e+02 3.066995037272106206e+00
1.507245503565903164e+03 6.804978505157682775e+02 1.919470170178741719e-01
1.626312249921107650e+03 7.174129233882465542e+02 2.475108527876111797e+00
1.406346243246842278e+03 7.160748766159076695e+02 1.842056184222117532e-01
1.570712865032872742e+03 7.580316577403571046e+02 1.741109512955514749e+00
1.384370496962708785e+03 7.747821217138182419e+02 3.263065104151981893e-02
1.703407220715974972e+03 5.762631118173458162e+02 8.165318420735365734e-01
1.598556783531305200e+03 5.939006455466396801e+02 2.666342108666621247e+00
1.740579122591537043e+03 6.123230425980825657e+02 5.711383582557870708e-01
1.659383327434025432e+03 6.640732360734687063e+02 3.106031960825901717e+00
1.625211715566856128e+03 7.175837428433949299e+02 2.490065882582623402e+00
1.570202372014673074e+03 7.588364452376217741e+02 1.773506644178717506e+00
1.703265372572309161e+03 5.739649213155475991e+02 7.894257557621637833e-01
1.844155668666533529e+03 5.911417915046204143e+02 2.174781180868190944e+00
1.739589161810141150e+03 6.128366884784851436e+02 5.084832460912290797e-01
1.822857734018583642e+03 6.613706989314501925e+02 7.972565166067364928e-02
1.860813064870498010e+03 7.378157157553532670e+02 1.118640198580179046e+00
1.910588093852729799e+03 7.488391884753256136e+02 1.775740058533511023e+00
1.842918045661790529e+03 5.926154729657238249e+02 2.248444707769642115e+00
1.860125071486870866e+03 7.375964172314083953e+02 1.135416916103105800e+00
1.909736692707398561e+03 7.478416288136014600e+02 1.822513662489256836e+00
2.970839310856880502e+02 8.044246628087662430e+02 2.787278723564412086e+00
4.885955971624518952e+02 7.465612738720145671e+02 1.335945836982635582e+00
2.965307239429455421e+02 8.051860623243308055e+02 2.800513798407640031e+00
4.055692475358176807e+02 8.755667653348118620e+02 2.061740396358085370e+00
4.875029803566751525e+02 7.459296380996250946e+02 1.338917255063280409e+00
4.046384329837874247e+02 8.747535663584085341e+02 2.124062598881897745e+00
7.449197083059818851e+02 8.853909535774598680e+02 1.052803661486091613e+00
8.219652451695473019e+02 8.943708823534618659e+02 7.606810877163402429e-01
1.019854782861216336e+03 7.390016410336629633e+02 1.427506272381853236e+00
9.481892600537835278e+02 7.959413963362553659e+02 2.151156853158925575e+00
7.435679550714081643e+02 8.864183163467350823e+02 9.832391187302366165e-01
8.201616501013163543e+02 8.952522074740163589e+02 6.923975914467980219e-01
1.019716838048173031e+03 7.332957967558031669e+02 1.301406814879003226e+00
9.466631547826857513e+02 7.950118559201061998e+02 2.181266039546029489e+00
1.277543079074940806e+03 7.312374228161052088e+02 1.295213786283322399e+00
1.223415824917475675e+03 7.919838787537900089e+02 2.135149406601355437e+00
1.341699319591016319e+03 8.142287973581951519e+02 2.839171220628416759e+00
1.185168932348532508e+03 8.541786068584331133e+02 1.766823861775621340e+00
1.320718723126986788e+03 9.062022474868158497e+02 1.050669094360647815e+00
1.240733669708167554e+03 9.344120707058061726e+02 1.699088125859792298e+00
1.195494767284704722e+03 1.008583415925483678e+03 2.012679819999715569e+00
1.286830757030779068e+03 1.006390760772897693e+03 5.344147039142171929e-01
1.278680095276487918e+03 7.256938934641431160e+02 1.296895121879367840e+00
1.407973750101172982e+03 7.138670807645731884e+02 1.413039997930922720e-01
1.388288599452479730e+03 7.713974870570191342e+02 2.849682580649966126e-03
1.223119030460383328e+03 7.914780760435925231e+02 2.044493895514282400e+00
1.344372709421522586e+03 8.133424440854619206e+02 2.831242173775061044e+00
1.320053139510542451e+03 9.054219104002656877e+02 1.107633332228868728e+00
1.440547047276756530e+03 9.159393277436231529e+02 2.199992679798309148e+00
1.240358542358866316e+03 9.341386954771601268e+02 1.680144842887495882e+00
1.392093303765024075e+03 9.584478518246712611e+02 2.442609936465356846e+00
1.192738617218492209e+03 1.005353661132366142e+03 2.151534683383636182e+00
1.286268502735470520e+03 1.004133900472294499e+03 6.182096469729926325e-01
1.411733396562984353e+03 7.128657084946015630e+02 1.654696923328606850e-01
1.629719599700510116e+03 7.141009581216435436e+02 2.535940550781696334e+00
1.571192877337308573e+03 7.551158158785883643e+02 1.772625981773818138e+00
1.389861052714317111e+03 7.706189316745819724e+02 3.114771471510991319e+00
1.440790315520119293e+03 9.152841871223406542e+02 2.161785610172648919e+00
1.389228271799902586e+03 9.593514225231972432e+02 2.453283910600999373e+00
1.625309355987808203e+03 7.158726207380182132e+02 2.587626020963347262e+00
1.569683104842765715e+03 7.565077515464445241e+02 1.826005914136216157e+00
1.909083865108461396e+03 7.485441053611600637e+02 1.835052247536798520e+00
1.858705221542630170e+03 7.388156463274259522e+02 1.136192257128236571e+00
1.857094322867170376e+03 7.401725553356174032e+02 1.126651041642252160e+00
1.908912350596456690e+03 7.469167617319781129e+02 1.831379179459028173e+00
4.045605631803798587e+02 8.717476686400850667e+02 2.068446230541460373e+00
5.045854522990023270e+02 1.139824631515645478e+03 2.007404123494230141e+00
4.011219030962083707e+02 1.139035722999819427e+03 1.335259722205731359e-01
4.033949120791218093e+02 8.723675112005423671e+02 2.157361896712195026e+00
5.037566908523467646e+02 1.139680813768958615e+03 2.053268807483764835e+00
4.013353496189846510e+02 1.138976736812247736e+03 1.622438010564966615e-01
6.030036211622777955e+02 1.179492921720035838e+03 2.743625364353007301e-01
7.450239602420451774e+02 8.842185964386187607e+02 1.059725377292603410e+00
8.207213362323523143e+02 8.944684269626204696e+02 7.974066697054308372e-01
6.028309367655741653e+02 1.181097571401598998e+03 1.175064229821578127e-01
7.423618192758933674e+02 8.839986121678361997e+02 9.696932014899977137e-01
8.207541982721845670e+02 8.940421344616627266e+02 6.873346050880940750e-01
9.757757899341911525e+02 1.064185427361477196e+03 1.771406421363546757e+00
9.737995182962406489e+02 1.061553468541886559e+03 1.695523805260215289e+00
1.046691347558842381e+03 1.118287878352929283e+03 1.755379440431855231e+00
1.100144045706734687e+03 1.140019635863577832e+03 1.304129382404492388e+00
1.154672817831301018e+03 1.159669012157394491e+03 1.045180264960102523e+00
1.320846461298602662e+03 9.051953413205123979e+02 1.036985799833191058e+00
1.241409179088811698e+03 9.308722422627840842e+02 1.693668232542744123e+00
1.195801599889054387e+03 1.005642014655650200e+03 1.985205350647016864e+00
1.288447156174974452e+03 1.000825265581134772e+03 5.112465255471564385e-01
1.309295415677375331e+03 1.097535915531251021e+03 2.048950029049080968e+00
1.044601758141251366e+03 1.117990717830933136e+03 1.803374647934246067e+00
1.097700594422167796e+03 1.140161453462006193e+03 1.239974277748491005e+00
1.151738913127490378e+03 1.159471007015135910e+03 1.020257301042545306e+00
1.216785145355768691e+03 1.176072556436588229e+03 1.722048604383839665e+00
1.320383555289348351e+03 9.036456351510646527e+02 1.109711843281716348e+00
1.440884792617861876e+03 9.126956167718403776e+02 2.172090302910107074e+00
1.240041633844613443e+03 9.318739392552104164e+02 1.645754035900969470e+00
1.391915965881052898e+03 9.566000366410580682e+02 2.431689771681211365e+00
1.193551708468521156e+03 1.004256385920742105e+03 1.951785769197490916e+00
1.287318623629584636e+03 1.001131020980828680e+03 5.658633855704220395e-01
1.370010209563801027e+03 1.032208508721045746e+03 9.779433695002985594e-02
1.492130462121509936e+03 1.046491360491163505e+03 2.737352561390377303e+00
1.307766055656805747e+03 1.097240408981146857e+03 1.982136909503966482e+00
1.431025535744015997e+03 1.105964592458892866e+03 2.905531603021681786e+00
1.384645638543675432e+03 1.119972030609131025e+03 1.916940806917054374e+00
1.210819662986169988e+03 1.174206256197393031e+03 1.696146739325787189e+00
1.440017271553691216e+03 9.129834463702563880e+02 2.083293563299245754e+00
1.390346185039576312e+03 9.567098592756690323e+02 2.360324659451771279e+00
1.561053766112027688e+03 1.026114854752579959e+03 2.275824728344520320e+00
1.370264805710280825e+03 1.031841186135373619e+03 1.895235659094804959e-01
1.491415689003115858e+03 1.045789947262660007e+03 2.764608929856016140e+00
1.431081186414542572e+03 1.105046098145594442e+03 2.886081989725710173e+00
1.382006313385784551e+03 1.121134195802967270e+03 1.859864669001949800e+00
1.515690313974615492e+03 1.119132066738157846e+03 2.505727917650490078e+00
1.560997172619763660e+03 1.025759297169298407e+03 2.359597670983476281e+00
1.516658494265852369e+03 1.120554324458429619e+03 2.615075568003176532e+00
2.636026291241066701e+02 1.198122077413896932e+03 1.577068486965262251e+00
2.909805891822027206e+02 1.326116846214956240e+03 2.614348919517699876e+00
5.039450123689603060e+02 1.139676428729897680e+03 2.046947644261518207e+00
4.018729032196820299e+02 1.137872743710154282e+03 6.360108660089291988e-02
2.632748168599766814e+02 1.198229562279520223e+03 1.569066666126011311e+00
4.433648643627674346e+02 1.293523822979540228e+03 5.235206880591209977e-01
2.902990335031878999e+02 1.328483105273303863e+03 2.516184943674303121e+00
5.039669048385562746e+02 1.139559816162999141e+03 2.028477210547200649e+00
4.012172387983357567e+02 1.137617237873005251e+03 2.691383550045329393e-02
6.042135205102649707e+02 1.176596817172541250e+03 2.057460498916535985e-01
6.184180760826108099e+02 1.247258204368167526e+03 1.033012032574417649e+00
4.421881747047281124e+02 1.294370283954438037e+03 5.202639077565837100e-01
6.007225976903719129e+02 1.177271469028144566e+03 1.958962904920377168e-01
6.160541857572408162e+02 1.248271081430528284e+03 1.036681494771800383e+00
8.566041235707298256e+02 1.265747312399551902e+03 1.085675529023331309e+00
9.741615554537793287e+02 1.062133389418822389e+03 1.761964950222403958e+00
9.988793018835499424e+02 1.236032225034890644e+03 2.382042260538226319e+00
8.529492842067957099e+02 1.263059785073169223e+03 9.602096080137143552e-01
1.006840572019944375e+03 1.321398067588193044e+03 2.559301970937541970e+00
8.708997140721480719e+02 1.335815548914915325e+03 9.069384893647934875e-01
9.747920684703799452e+02 1.059485708075513685e+03 1.660301085547261080e+00
1.047785681007244875e+03 1.116556225848529948e+03 1.740629695923803455e+00
1.099722069277590208e+03 1.137466989628481542e+03 1.227910632877532437e+00
1.154785205160459327e+03 1.156000007380680699e+03 9.849070761653400119e-01
1.000442566210408586e+03 1.236692232878354162e+03 2.415077763233212771e+00
1.060775835217392341e+03 1.251798512576348230e+03 1.736834177769334353e+00
1.132880508252366326e+03 1.289230536236684202e+03 1.796905883090592182e+00
1.010346966221728735e+03 1.325331771102960829e+03 2.592000331432640969e+00
8.735554646278151267e+02 1.328584168776534852e+03 6.996779341342747038e-01
1.311031617683140439e+03 1.095127314944434602e+03 2.074574465196834971e+00
1.045678748519859255e+03 1.115910486123816327e+03 1.830989156539990059e+00
1.098303482848795738e+03 1.138698595307625055e+03 1.245195154004643090e+00
1.152350674756969966e+03 1.157234127880953338e+03 1.016011471230234386e+00
1.217292841062802609e+03 1.177192228755202223e+03 1.734848991919908379e+00
1.263526702174752472e+03 1.210222348466445283e+03 9.205675344528976289e-01
1.057527889894486862e+03 1.254750129331321887e+03 1.750724810296232947e+00
1.132114843588055919e+03 1.289731231265583574e+03 1.799237486650107742e+00
1.370049880433227599e+03 1.028851840882582792e+03 9.943764494086648753e-02
1.486196542086220234e+03 1.039072764035837508e+03 2.686544492279054452e+00
1.307642992231800918e+03 1.095748582083999963e+03 1.986972471506905036e+00
1.406100864024123666e+03 1.111878366548447730e+03 2.775440848453665232e+00
1.215337796579815858e+03 1.176688660088309462e+03 1.702395352188132094e+00
1.344194442383869728e+03 1.204926272106646138e+03 1.549078645004251076e+00
1.261871037805133255e+03 1.210513418934280025e+03 9.545153119679086196e-01
1.492886712750086872e+03 1.247153773993767800e+03 2.254752690764441958e+00
1.437908204324190592e+03 1.277344996749638995e+03 2.327784423338234099e+00
1.388624366861657109e+03 1.301200233294229747e+03 1.827700633086961624e+00
1.377039514823473837e+03 1.031035303606967318e+03 3.870342115982498554e-01
1.490961894027478365e+03 1.044954075885355905e+03 2.848199910193637052e+00
1.432425428591184300e+03 1.105071387039532965e+03 2.945455612545280211e+00
1.382649411807057731e+03 1.118687318315439825e+03 1.843704041058124243e+00
1.514502389520910583e+03 1.117894806447597148e+03 2.552608590573437919e+00
1.609504363010647012e+03 1.197997494640848799e+03 3.033515036212753646e+00
1.569977073186914140e+03 1.233450948893373607e+03 1.978735551094318534e+00
1.492580215889609690e+03 1.248167169429765636e+03 2.241947477866046867e+00
1.436726854181659291e+03 1.277377786919397977e+03 2.222280624556694839e+00
1.386472332005994303e+03 1.298840141033955888e+03 1.859756029859140458e+00
1.582674217426156702e+03 1.334173951086286252e+03 2.260130359449060933e+00
1.560589520759655898e+03 1.027104758676115807e+03 2.340809499834586749e+00
1.515222723607671242e+03 1.119016391988780924e+03 2.579315044866134166e+00
1.610158848048270784e+03 1.197126137160590133e+03 2.999739095863258154e+00
1.567872850459222946e+03 1.233061300526884224e+03 2.080950008070979962e+00
1.741485851478707218e+03 1.235004015673568119e+03 2.860077564469559519e+00
1.701884193129181540e+03 1.274601509237390928e+03 1.833413232550880068e+00
1.582677632430225458e+03 1.335537672822354580e+03 2.365812324977182524e+00
1.783895505650705218e+03 1.331471719644980567e+03 2.261372010520245279e+00
1.741391696706955827e+03 1.233890955671956362e+03 2.853073898492088922e+00
1.698897838135621669e+03 1.275347380243652879e+03 1.965363507314499714e+00
1.783591061440685053e+03 1.333227741731805054e+03 2.339005287874759365e+00
2.637001961205694442e+02 1.198261153050816574e+03 1.607533893189293961e+00
2.932189910509479773e+02 1.327166381407104836e+03 2.583167291549728795e+00
3.070149456245461010e+02 1.404632535785676055e+03 4.475738907273906220e-01
2.605237785857842709e+02 1.199842317131766322e+03 1.641293371907480259e+00
4.436837061771526578e+02 1.293138465409106402e+03 5.872068940177784802e-01
2.928658999243637595e+02 1.326875868845306741e+03 2.464008071317676407e+00
4.840264393263629472e+02 1.353522515996729908e+03 3.084738034682088514e-01
3.058225200297116544e+02 1.404500693722421829e+03 4.841818602048705289e-01
5.220323653327493503e+02 1.422543800666630659e+03 2.752024851575049169e+00
6.174207994491644058e+02 1.247106027301166705e+03 1.078535358214411710e+00
4.418504715283529549e+02 1.293505566420970581e+03 5.719882003537748449e-01
4.820275565788759877e+02 1.353729713759236802e+03 2.777195376702721874e-01
5.191845039796210131e+02 1.421402506670766570e+03 2.725306580551622559e+00
6.318366773681083259e+02 1.467957338732428298e+03 8.979941224696241786e-02
6.166200787600230342e+02 1.246326679187514173e+03 1.051593123678344899e+00
8.541846614799276267e+02 1.262593651673181512e+03 1.119106224676730266e+00
7.998919846382601690e+02 1.447743387074613111e+03 2.701791430441280450e+00
6.268379219393613084e+02 1.465876748356532062e+03 1.316071516910065908e-01
1.003598605371400936e+03 1.235095306945988568e+03 2.408049083568682747e+00
8.536612443989255326e+02 1.262115954256245232e+03 9.820203707966025375e-01
1.011598515878382159e+03 1.322903899943726856e+03 2.566305497180127571e+00
8.720943953424402935e+02 1.333592270447145893e+03 9.369468146785774332e-01
9.851875062807000631e+02 1.384142750321013409e+03 2.649090844113229259e+00
7.976574929196724497e+02 1.446530610079137432e+03 2.793992026264731532e+00
9.273837084165597844e+02 1.466300893418217129e+03 1.995429379332624986e+00
1.017604521454741871e+03 1.471443391049351476e+03 8.659323255748094805e-01
1.001599266678438653e+03 1.236487199389107900e+03 2.383874011741739185e+00
1.060785772583083144e+03 1.250396345816864823e+03 1.736480609837289579e+00
1.132601967753300642e+03 1.286693163512093633e+03 1.766181598314120249e+00
1.009914735045326779e+03 1.322862952209301966e+03 2.577552443169188745e+00
8.693479103504489558e+02 1.333015430427228466e+03 8.142027700476728302e-01
9.858741911511067428e+02 1.384090908596124564e+03 2.696834160432103555e+00
1.122230512390172180e+03 1.418162008854603300e+03 1.300429454732922263e+00
1.175929428745529094e+03 1.442764449246766162e+03 7.917345053790736387e-01
9.255188717254202402e+02 1.467793986541300910e+03 2.033660429739390096e+00
1.018055913186941325e+03 1.468217473877458133e+03 7.315345107927170298e-01
1.262389571357037767e+03 1.206775313917005406e+03 9.313496525262433545e-01
1.057165124672387037e+03 1.249316680131762496e+03 1.851046782793658529e+00
1.132045638930240102e+03 1.288375277154899322e+03 1.824324196495519246e+00
1.283739999345245451e+03 1.389141281389365986e+03 1.015394885891597543e+00
1.120113891872984595e+03 1.419580037599043635e+03 1.310654195591423710e+00
1.172302514446967280e+03 1.441597280314043246e+03 6.538501501194780019e-01
1.241871849582954837e+03 1.498268255107476762e+03 3.807760186035208383e-01
1.260512886403677385e+03 1.206666180647759802e+03 1.765943748019734860e+00
1.344219628562850630e+03 1.203198004195496424e+03 1.620345544318297692e+00
1.494799148270858268e+03 1.244852746986985721e+03 2.308274814889256454e+00
1.437227319626954795e+03 1.275082022839528918e+03 2.294186015569273263e+00
1.387458775795756310e+03 1.300020311626901503e+03 1.898509859656943410e+00
1.282401680635730145e+03 1.389697661753843477e+03 1.054222886173856288e+00
1.470487513018143090e+03 1.411156541059087886e+03 2.651870040163056830e-01
1.354972230582992097e+03 1.484465213081312640e+03 1.029184173906875222e+00
1.492630543854117832e+03 1.465292821461659059e+03 5.044990183716480114e-01
1.242208690491610014e+03 1.495773474561298599e+03 3.873970405906538295e-01
1.609261024767863773e+03 1.195130001317378174e+03 2.961256556918287597e+00
1.569311976553870636e+03 1.231034572846189121e+03 2.028704025664686661e+00
1.491102905783980304e+03 1.245558403484745668e+03 2.270777145251731355e+00
1.435523599760394063e+03 1.274807090156024742e+03 2.251864384855684520e+00
1.386694862459538854e+03 1.298391957254488943e+03 1.777216694126358076e+00
1.585082739852366558e+03 1.335743813215614864e+03 2.294956542079588324e+00
1.661654777554375869e+03 1.352161780294253958e+03 2.287600935502693833e+00
1.467382164192796154e+03 1.410399028690775594e+03 3.412018904333116720e-01
1.573206824688280449e+03 1.408647695453747701e+03 2.190944569117033947e+00
1.353383336436858826e+03 1.480068702590233215e+03 9.227306279535598676e-01
1.496853413098916462e+03 1.464764600081402932e+03 3.643331780964653710e-01
1.609048800599512560e+03 1.196258991009482315e+03 2.984453234999442817e+00
1.567073274695869941e+03 1.232128747529412294e+03 1.963536214722395590e+00
1.738827245267547596e+03 1.235557382815759638e+03 2.969527582541649835e+00
1.702106231287603805e+03 1.272518371406791857e+03 1.781857181150586777e+00
1.584710197492331190e+03 1.337255740419818949e+03 2.308795984148856117e+00
1.784465833449043203e+03 1.332063097506937766e+03 2.451662964109520892e+00
1.659588626919663284e+03 1.352498267361153466e+03 2.298909308475934665e+00
1.750452971822348445e+03 1.390408077413657338e+03 1.790824303255181160e+00
1.572608260849401859e+03 1.409332703710567557e+03 2.182337278094474087e+00
1.694296144361846018e+03 1.454597250501515873e+03 2.572108643724332566e+00
1.741789979304456210e+03 1.234071284527895841e+03 2.874516837216222420e+00
1.700339443749654265e+03 1.274181901166462922e+03 1.857554469901745886e+00
1.784902471381543819e+03 1.330714138050738939e+03 2.396203447009003007e+00
1.749489003606434608e+03 1.390889861677021145e+03 1.830817091372401340e+00
1.692021670401310757e+03 1.456495834358209322e+03 2.637448025312122191e+00
1.929007668034441849e+03 1.467740803458898426e+03 2.287309831871528143e+00
1.926984565187095086e+03 1.466945147706834405e+03 2.383834284362621680e+00
3.058068284210783077e+02 1.402476661982134829e+03 4.374940920131540900e-01
4.805601894090251562e+02 1.351847264352407365e+03 3.328999505360712430e-01
3.048180899928090639e+02 1.403271306098250989e+03 4.734310614144769391e-01
5.204557060857100623e+02 1.419727179259328295e+03 2.794769361781776595e+00
5.376895370801108811e+02 1.570867606206772734e+03 2.563301320922992232e+00
3.833428138783064014e+02 1.601757721030814309e+03 6.387331144742286471e-01
5.370241092831361129e+02 1.628420455936816325e+03 2.535558614202718442e+00
4.809781503797335063e+02 1.350470013868694195e+03 2.867387778975418744e-01
5.179767072702934456e+02 1.419005195767924533e+03 2.778877061042142049e+00
6.290372527715403521e+02 1.464392968362473312e+03 1.692096075876011740e-01
6.055052698746045508e+02 1.559587491951156608e+03 1.809457393788891366e+00
5.386270575057549195e+02 1.571814863445932588e+03 2.530288451008334327e+00
6.644787949707001644e+02 1.570004837980520506e+03 1.867015577991603115e+00
5.395245458964501495e+02 1.635475314033891209e+03 2.622957454605450156e+00
8.001812185665362449e+02 1.446622388592674270e+03 2.711437776949419565e+00
6.289157760487762516e+02 1.464515560678535394e+03 1.762887821422454981e-01
7.241991463143442616e+02 1.503322552199215124e+03 2.262352649617670464e-01
6.046710053059512120e+02 1.560110281230912051e+03 1.806253857852428757e+00
8.186441865688516373e+02 1.545429178028243086e+03 3.057556141390866511e+00
6.618022336224025821e+02 1.569106351084539938e+03 1.829620367139822790e+00
7.201546930309144727e+02 1.558574598423478392e+03 2.422381723911517071e+00
8.373132159699616750e+02 1.622081481273507052e+03 2.340135099918758399e-01
9.871451473917541080e+02 1.380617226970734009e+03 2.614224160074548831e+00
7.974274160816227095e+02 1.446832893095491499e+03 2.756753208711413272e+00
9.279498400253357886e+02 1.465800029401406164e+03 1.982058146997442316e+00
1.019935870558255147e+03 1.468479330561872075e+03 8.258024360398823482e-01
7.198090338099873406e+02 1.505377486447870069e+03 2.006179021883359170e-01
1.020179012412394286e+03 1.527444789770911711e+03 9.314637975937921643e-01
8.159375767270780671e+02 1.545692496615447226e+03 3.046557390407378829e+00
9.270724095544956072e+02 1.560511694063945470e+03 2.379062639329151185e+00
7.164295520492270271e+02 1.559449910812635153e+03 2.560564677044984805e+00
8.473337525265576460e+02 1.633941513358174234e+03 1.315728460908301423e-01
9.479739686229336257e+02 1.639145987546913375e+03 2.166324879711233553e+00
9.851911442237976644e+02 1.382891992434370650e+03 2.671851460245151966e+00
1.122262618976991007e+03 1.417154562640428367e+03 1.324341585395622412e+00
1.173600873263475250e+03 1.442271544265000784e+03 7.725625259721714544e-01
9.265936489377440921e+02 1.465218637163694893e+03 2.064938053387587402e+00
1.017766586101233088e+03 1.467556083729853981e+03 7.251790436113354499e-01
1.141867138988630813e+03 1.517245805410659386e+03 1.051093043905540814e+00
1.019326908852060342e+03 1.524292812274727112e+03 9.026597648526482054e-01
9.253828577411293281e+02 1.560593867006860137e+03 2.480948750018546090e+00
1.096268132236289375e+03 1.619195611812322113e+03 1.027352828433652832e+00
1.181452500369810878e+03 1.634065522819007128e+03 2.002993889567931340e+00
9.470197634127450783e+02 1.643332574552621281e+03 2.434235052772256935e+00
1.284504887119424438e+03 1.385790174510062570e+03 1.063430403467511720e+00
1.120919346002332986e+03 1.417166369090673470e+03 1.427240791251524143e+00
1.171239637246936127e+03 1.439270642112800942e+03 5.911382282981928471e-01
1.242135253053407496e+03 1.496349649221782101e+03 3.215225551888157285e-01
1.140782230084461162e+03 1.516191724379706557e+03 1.093319441205412135e+00
1.239539452136279806e+03 1.547869399473963313e+03 4.235499597100689240e-01
1.318568756474556039e+03 1.596636723894565193e+03 1.583666049775818818e+00
1.095385350456394235e+03 1.618005897328946048e+03 1.022240899122392799e+00
1.179123964217054890e+03 1.637541517280950757e+03 1.965384814230168420e+00
1.243560436341976583e+03 1.649228943788897368e+03 1.165086048784173434e+00
1.283054391519699266e+03 1.386747235498965665e+03 1.106695130811384820e+00
1.469819329862818904e+03 1.409794380187557181e+03 2.258052289625633868e-01
1.356133317696832137e+03 1.481208347254419095e+03 1.049446819033227118e+00
1.497804714290936545e+03 1.462359563893184941e+03 2.529624315730155670e-01
1.240048514812217491e+03 1.496805923054834011e+03 3.361015347274203813e-01
1.459974598962344089e+03 1.556575232644285961e+03 1.952151213912870942e+00
1.238104745598729551e+03 1.548035205537115189e+03 4.584500434672958424e-01
1.315450180313121791e+03 1.598188547148392217e+03 1.537514444955997872e+00
1.242627787448401705e+03 1.646461586107474886e+03 1.168309861825072238e+00
1.366444095002281756e+03 1.647376158747842283e+03 7.088217979686171066e-01
1.468045167555431817e+03 1.408724782540897877e+03 2.672384427147362906e-01
1.572203838385384415e+03 1.407189886913971804e+03 2.228675351781485681e+00
1.497093429755326270e+03 1.463249403362626026e+03 2.795651916485265565e-01
1.351666743320748537e+03 1.481584235984542147e+03 9.882192211014931837e-01
1.538654723056695047e+03 1.516848914099433614e+03 1.040445222974165862e+00
1.458549031296482553e+03 1.555949799556697371e+03 1.887736240359260131e+00
1.580658128098256384e+03 1.562380611603877469e+03 1.046262445823599396e+00
1.629666674032924220e+03 1.604282886988562041e+03 1.265481589226997938e+00
1.370190893242666789e+03 1.642872885623781258e+03 7.218464261984790520e-01
1.659549978592039224e+03 1.351736801684641705e+03 2.340371666061165978e+00
1.750579498713383146e+03 1.389699476771883383e+03 1.900452344296511109e+00
1.572358142736242371e+03 1.410704415960137339e+03 2.270652364454136762e+00
1.694580684828429412e+03 1.453711463500369064e+03 2.570742065077490590e+00
1.536902022278376535e+03 1.518307808926683492e+03 9.977291140899756661e-01
1.670430961411982025e+03 1.509737549880229381e+03 2.600622298301667357e+00
1.578862347036840902e+03 1.563627565353556747e+03 9.948164593146630041e-01
1.627294136111939451e+03 1.604782650138243753e+03 1.219811765805430825e+00
1.703899364720469748e+03 1.614157080644657981e+03 9.903393785775036484e-01
1.756025666713474038e+03 1.634904900255380880e+03 1.856103173513942606e+00
1.749323172849185312e+03 1.388480584540654718e+03 1.852437223644704201e+00
1.693551519498580319e+03 1.452101754130925883e+03 2.615678106853169371e+00
1.927815140102390615e+03 1.466396897015334844e+03 2.329734380863472065e+00
1.667684170087370831e+03 1.509258690398110730e+03 2.667052587426597121e+00
1.888912326424780531e+03 1.538027840642473393e+03 2.411547541258165506e+00
1.706604747666233607e+03 1.610623466579737624e+03 9.271015760310588050e-01
1.757314278645028935e+03 1.632904776612851947e+03 1.606708018907183622e+00
1.882821814292303998e+03 1.647074327155504534e+03 1.299216294479049738e+00
1.926870917275072316e+03 1.657686993629642529e+03 1.672037793045890064e+00
1.925780115147609649e+03 1.464688114938056060e+03 2.346609213194509547e+00
1.887134390807122827e+03 1.536494853999396355e+03 2.434930641608298085e+00
1.881235113527677868e+03 1.642683148946911842e+03 1.342643099541690255e+00
1.923204054914328935e+03 1.656374807253657764e+03 1.794304684238920755e+00
3.048122628081147241e+02 1.677491940742478846e+03 1.701304668467471748e+00
2.072373483427966221e+02 1.815526337217984519e+03 2.996124551670887204e+00
5.382256129623029892e+02 1.568753071482499308e+03 2.653284238057821653e+00
3.832879060690786446e+02 1.600767668873991624e+03 5.810205199471075721e-01
5.402124755467962132e+02 1.631902940900640942e+03 2.715891259277321002e+00
3.030276035405357788e+02 1.678790859940332894e+03 1.690166961479544705e+00
6.059391736302754907e+02 1.560069198901025629e+03 1.831762563958443613e+00
6.629455316389020254e+02 1.569014506164530303e+03 1.820619260618102420e+00
5.390904468000632050e+02 1.571548351083182524e+03 2.533960005239122903e+00
5.406365763132243956e+02 1.636190758068035166e+03 2.612441236533644684e+00
6.546662475560855228e+02 1.662313834752655112e+03 2.995514669441408984e+00
5.451256456425495571e+02 1.715422323913927812e+03 2.730475343602509763e+00
6.033405254624150302e+02 1.559310118776362742e+03 1.826874715032734242e+00
8.181003667577735996e+02 1.543739594099790565e+03 3.061867296772941227e+00
6.611769740274992273e+02 1.568841453685739680e+03 1.855410652301390240e+00
7.211554043052904035e+02 1.560133336637820548e+03 2.482198953581840062e+00
8.421348934591233046e+02 1.621416356919217833e+03 9.546775742868685022e-02
6.536163535100789659e+02 1.662068644805346139e+03 2.949368768301741994e+00
7.080541830977339259e+02 1.728139832497185125e+03 9.746452919060524245e-01
8.543772354697334777e+02 1.786959184845899017e+03 2.770850524645413149e+00
5.505774834081095150e+02 1.577776600711795709e+03 1.762972745895588500e-02
1.015935275109730128e+03 1.532130684004518798e+03 9.012797643730899866e-01
9.272847308643601991e+02 1.560172885947395571e+03 2.407002258984306753e+00
8.169623952035540242e+02 1.544964289323833555e+03 3.052214343813061781e+00
7.209056319685792005e+02 1.561308912893809975e+03 2.536192495734984398e+00
8.537963246067220098e+02 1.645129853900239823e+03 6.086320186417683020e-01
9.523364329409971560e+02 1.642154625783605525e+03 2.345031476428851125e+00
9.205516483730434629e+02 1.722094500351970737e+03 1.651502827273592100e+00
7.061032907053856889e+02 1.727430348932346988e+03 9.380644725116837890e-01
1.016366614121173825e+03 1.753759654978948220e+03 2.746455523095042484e+00
8.546860854389044562e+02 1.783521688598406854e+03 3.071411774953529239e+00
1.138050262060785371e+03 1.521988458565556812e+03 9.917270160356425057e-01
1.017982913719466751e+03 1.524372058053435921e+03 9.057840021547063358e-01
9.251041268097371812e+02 1.559970870433538039e+03 2.450577709046633856e+00
1.095822491340041097e+03 1.617113814887492936e+03 1.005500486347559397e+00
9.490185485604456517e+02 1.640712637099966287e+03 2.438421410373564857e+00
1.047342623761505365e+03 1.709217015495942633e+03 2.217533941064538716e+00
9.186401770641957683e+02 1.720771815053622049e+03 1.673525302910127355e+00
1.164531123696558780e+03 1.714040737437174812e+03 2.459998547594881124e+00
1.020298087422253957e+03 1.753905469137443561e+03 2.851706179874115676e+00
1.151874311167199266e+03 1.777055236555353304e+03 2.901693765658840185e+00
1.139724523854341214e+03 1.515537534655396257e+03 1.108712010025676431e+00
1.238555533117448476e+03 1.546493893482719614e+03 4.802841730038321932e-01
1.317587286674157212e+03 1.596575699722322270e+03 1.515201947663636695e+00
1.094698665668030344e+03 1.617086554395604253e+03 1.053124920244944862e+00
1.179932888661643119e+03 1.638406246032566060e+03 1.960947303016140619e+00
1.241751167327925714e+03 1.650180102230338207e+03 1.120440642933018704e+00
1.044269583813488680e+03 1.707649280693870423e+03 2.212775876514930573e+00
1.254145623711702001e+03 1.711020325218383277e+03 1.049872349739951360e+00
1.163437456960756435e+03 1.714756067085389077e+03 2.405107849247215324e+00
1.317121595812895521e+03 1.744987058859107037e+03 7.205267282805829510e-01
1.148924286425101172e+03 1.778093787382596702e+03 2.810686542964425438e+00
1.460604351120581896e+03 1.555718859482874450e+03 1.945406160679855168e+00
1.236198236321406739e+03 1.544661619547290002e+03 4.393078555375438121e-01
1.315615387233923911e+03 1.597694409428133667e+03 1.544789766998114322e+00
1.241106624724407766e+03 1.650451889449157761e+03 1.162401679163342250e+00
1.366990765581741925e+03 1.644069645957275952e+03 5.970130207354746865e-01
1.473373583096812354e+03 1.673854643157961391e+03 1.312821117734029430e+00
1.414058964861663299e+03 1.698486664827635650e+03 1.216884220440176190e+00
1.253177799583801288e+03 1.711323509572370767e+03 1.048859409616279326e+00
1.316074263321990657e+03 1.742223473876281332e+03 6.831566202731712556e-01
1.435235678993221882e+03 1.808260813139134598e+03 2.921654555877676085e+00
1.539494140290899395e+03 1.515510891864038058e+03 1.044214800927976583e+00
1.458207720941895104e+03 1.555092977777646183e+03 1.949327603106830509e+00
1.580426759332469828e+03 1.560778179686231397e+03 1.003170652276554886e+00
1.629243792825575383e+03 1.601023473380415453e+03 1.253449158417782483e+00
1.363615963384661654e+03 1.644876518952256674e+03 5.547063903335827106e-01
1.471701332385022624e+03 1.671739174337237500e+03 1.179416564183039418e+00
1.527397838669897965e+03 1.705691611700436169e+03 1.427102253980849556e+00
1.412222479332349167e+03 1.699008694912020928e+03 1.168330593274280904e+00
1.641225700982817898e+03 1.718322005983218787e+03 1.753133899110617344e+00
1.582854146390830920e+03 1.726244422616433894e+03 1.559685573088374966e+00
1.431273800741773357e+03 1.806445609387884133e+03 1.342264574195794341e-02
1.534827796486561283e+03 1.516001138906234928e+03 9.416122731775948829e-01
1.669855604728169510e+03 1.506781915009910108e+03 2.612841982426938880e+00
1.578559867832402915e+03 1.560985698431084984e+03 9.700198976170081311e-01
1.627422833599281603e+03 1.602489498497651994e+03 1.213356181399236844e+00
1.704362248444822171e+03 1.611944384102047024e+03 9.601470732721014700e-01
1.757389132907551584e+03 1.631786815798866428e+03 1.837376498897475008e+00
1.521317529815596117e+03 1.703722372163316322e+03 1.523339880312627459e+00
1.638442515682238991e+03 1.717064413580341807e+03 1.673836817243767427e+00
1.581066745742637295e+03 1.726717378603800171e+03 1.516231718041328280e+00
1.695185226942103327e+03 1.765708012637958291e+03 1.757985621049821701e+00
1.675055906311262333e+03 1.514678381843280704e+03 2.611250185754395936e+00
1.888795801933756138e+03 1.537924176377712456e+03 2.453560109035640924e+00
1.703230546936397332e+03 1.612746089790252881e+03 1.016288286943888952e+00
1.758664629685493537e+03 1.630758235587089075e+03 1.729011023468486563e+00
1.881355598115492967e+03 1.643231295665676271e+03 1.290551881857388450e+00
1.931534710685890332e+03 1.659015257291391663e+03 1.802634804969913018e+00
1.692614028034897274e+03 1.764289946532900558e+03 1.712690122627532396e+00
1.887831498342571422e+03 1.538556431369904431e+03 2.503564066159414736e+00
1.879736151974160748e+03 1.644092162273826716e+03 1.294595884898155580e+00
1.929712509495400809e+03 1.658624465644531483e+03 1.794933643629403441e+00
3.053762364288623985e+02 1.678922692098553398e+03 1.702600041347902993e+00
2.081472454526302727e+02 1.813134154485961744e+03 3.049173846725821591e+00
3.048314473901899646e+02 1.680093970729358716e+03 1.622788210296063793e+00
5.436654146282151032e+02 1.715055915880415114e+03 2.802343460498401218e+00
6.764239327221093845e+02 1.927746617556297224e+03 8.205049495439073470e-02
8.570297475634965849e+02 1.680229067104830165e+03 8.580969095702798421e-01
7.092985362241068970e+02 1.726251357093161914e+03 9.572915253199811847e-01
8.556535632647894545e+02 1.782757839526304451e+03 2.983774422291325834e+00
8.286723657116530148e+02 1.871470077454190459e+03 1.357180481557217044e+00
6.771837273776460506e+02 1.926342558930878113e+03 5.863913712900383629e-02
8.633626970055953507e+02 1.670439033791697057e+03 8.959925344206295383e-01
9.197998071033280212e+02 1.721742016250203278e+03 1.704200524849724729e+00
1.016871634577669738e+03 1.753380785633240521e+03 2.778951455171497997e+00
8.532114146678700308e+02 1.782038511686527272e+03 3.016203600369234294e+00
8.275138501923562444e+02 1.872169206773814494e+03 1.308448244740882505e+00
9.867790207416094290e+02 1.876205677723196686e+03 2.877389205863307264e+00
9.844200716689165347e+02 1.957592319899541963e+03 2.075099388894956765e-01
1.047771780510711551e+03 1.709711025672186906e+03 2.098812062810178070e+00
9.185953842903115856e+02 1.719526482599954306e+03 1.660615146837173706e+00
1.165452502496630586e+03 1.709065514067243839e+03 2.402565444529133565e+00
1.019969832533410454e+03 1.752316810231653790e+03 2.813174944394862820e+00
1.151714132635441729e+03 1.775069227537270990e+03 2.901747226493206266e+00
1.004922972512824344e+03 1.861951390752820544e+03 2.872155740754846587e+00
1.132137991085971862e+03 1.835759562253455215e+03 2.880655517366073504e+00
1.097636679692440339e+03 1.908108845795987691e+03 1.780403699016213315e+00
1.152803911716057428e+03 1.945343761459507732e+03 1.446401294725707443e+00
9.848237992027488872e+02 1.955576145942195581e+03 2.048884443388233056e-01
1.035549278129357162e+03 1.734167433646625796e+03 2.200575594054830830e+00
1.253625500280372762e+03 1.710500298670184975e+03 1.028022215328029620e+00
1.154890867881909799e+03 1.753168181754946772e+03 2.695969966305581611e+00
1.315232156795113497e+03 1.741917046304171890e+03 7.111436136488530346e-01
1.256506641519202049e+03 1.821951639950027584e+03 6.300998365688134095e-01
1.130719499997555204e+03 1.836316248586713982e+03 2.831368453201990487e+00
1.302236284698818281e+03 1.852636087164554965e+03 1.298339068271262997e+00
1.096448116244184575e+03 1.909619300964114245e+03 1.849507022991169425e+00
1.150620829329838898e+03 1.948012281479631383e+03 1.606019320073580392e+00
1.333157989490767250e+03 1.928005701296904590e+03 7.375811637545423016e-01
1.465875462283682509e+03 1.675844570490972956e+03 4.029762304742539047e-01
1.411385833795633289e+03 1.699368177647979337e+03 1.307567982403262219e+00
1.252285524042539009e+03 1.709680571924929154e+03 1.129407544980602918e+00
1.314413481917824356e+03 1.742137894434175905e+03 7.336801751332987509e-01
1.435418833264773184e+03 1.804475034882709906e+03 3.056900667433575691e+00
1.255169406905556343e+03 1.822591335355634101e+03 6.546966268459870619e-01
1.301606889699291514e+03 1.852345147055174039e+03 1.404656507102567842e+00
1.412763206193911401e+03 1.853207653915850642e+03 9.005778559585152221e-02
1.452799983043032626e+03 1.905297725763978178e+03 5.827676445866071253e-01
1.330360953549973601e+03 1.925631644624763794e+03 7.855897727067026048e-01
1.466847555804542026e+03 1.672835481513041941e+03 1.138964980764599844e+00
1.410066847605088924e+03 1.697963048334763243e+03 1.223902054599374178e+00
1.640877596673770313e+03 1.718942075623997653e+03 1.791852664917132243e+00
1.582172327732835129e+03 1.725909860301393337e+03 1.528618601900125773e+00
1.527896040229982191e+03 1.706089602322049814e+03 1.447134690509779720e+00
1.433718990249808485e+03 1.803889189888113151e+03 1.327837199466532295e-02
1.634380660925137818e+03 1.831256363095506231e+03 2.118276543705204240e+00
1.532461285094916548e+03 1.837226158612698555e+03 1.574245557626226644e+00
1.411380949941454219e+03 1.853526339754803530e+03 1.507423725382509572e-01
1.574672588421155751e+03 1.893750049963930451e+03 1.420994450664590625e+00
1.450612796664319376e+03 1.905325581217113267e+03 5.902187394939691911e-01
1.525404502179779001e+03 1.706872873559555501e+03 1.267192783754373275e+00
1.639056188152833556e+03 1.715792507240840678e+03 1.633903730597693782e+00
1.581076099182403823e+03 1.726103105411932347e+03 1.475143348329971182e+00
1.695943567591539249e+03 1.765145439621381911e+03 1.707238768736443646e+00
1.634095548373351676e+03 1.829955410082405706e+03 2.162795540114641035e+00
1.531919452118296931e+03 1.835758669586219639e+03 7.239898940602430555e-01
1.574712655376992643e+03 1.893883381267437471e+03 1.319041383377204113e+00
1.933306075600229178e+03 1.669019625408231605e+03 1.839077047148750088e+00
1.694383012442939162e+03 1.767954096962365384e+03 1.740524079600461516e+00
6.772161235143972817e+02 1.923993336068212102e+03 1.173037977389006919e-01
8.277369004106958528e+02 1.872537533443302891e+03 1.381480549245339029e+00
6.765825325296116262e+02 1.924995502585765280e+03 1.002651204906140625e-01
8.276312638232234349e+02 1.870541593377244908e+03 1.365101700567348919e+00
9.863469001180385476e+02 1.874774225490688877e+03 2.898813431804499352e+00
9.851770397993050210e+02 1.954668598082758763e+03 1.909300103557413364e-01
1.005202486843821589e+03 1.862974608543301883e+03 2.043707487757030261e+00
1.134194853383442933e+03 1.830326236625688580e+03 2.768748515987732084e+00
1.097168839335973189e+03 1.907188632559277266e+03 1.761822496999238874e+00
1.153191943053196610e+03 1.946151381208691873e+03 1.556919638873113909e+00
9.848575149552636958e+02 1.954280071560945544e+03 1.880986368646984652e-01
1.036853519945960670e+03 2.008565232765038218e+03 2.965580547159029634e-01
1.132320511615159148e+03 1.832963491486542580e+03 2.703652609331304468e+00
1.302053592647107735e+03 1.858275145668957066e+03 1.264026834596906790e+00
1.096525542182018171e+03 1.908657947899984720e+03 1.803977601473533587e+00
1.152766801766006211e+03 1.947363541005461229e+03 1.587395717909895199e+00
1.332672480550974797e+03 1.926943223757032683e+03 7.922568789896724528e-01
1.035287780904042847e+03 2.009981736149639801e+03 2.562339387049480943e-01
1.302204359489444187e+03 1.851774433327425641e+03 1.341588421775834039e+00
1.412146089877263421e+03 1.853332380302206047e+03 2.024244662066992384e-01
1.452519271734060567e+03 1.904922048380346041e+03 6.180342592959853221e-01
1.331616894573209265e+03 1.926307488148001994e+03 7.964144533703763074e-01
1.532372525559165524e+03 1.836302923324730727e+03 1.580443666067372188e+00
1.639497998453973196e+03 1.834418409988895746e+03 2.245912714547518618e+00
1.409993259518792001e+03 1.851749595792188757e+03 1.870272043111495808e-01
1.575797782292773263e+03 1.894223764801858124e+03 1.416347722849568447e+00
1.451511832855896046e+03 1.905614773795798101e+03 6.141959122313285224e-01
1.528974144589445814e+03 1.838011923293314794e+03 1.378186335138245067e+00
1.634854171225315440e+03 1.832691694183653226e+03 2.190065571176555093e+00
1.574291258356339540e+03 1.894293969399277557e+03 1.374928005960617261e+00
1.035308241004720685e+03 2.008188855394088023e+03 3.683235819244326525e-01
1.044731445050174671e+03 2.008518092684674684e+03 5.252615726869621637e-01
