5.546475417878360759e+02 1.081657165201853559e+02 2.397687583924993371e-01
5.603587094895119662e+02 1.085054117485922234e+02 3.325010094652924852e-01
1.365226336060888343e+03 3.129019577460710479e+02 6.247237321238922891e-02
1.539252098308511449e+03 3.132336289052457232e+02 1.024156858486706900e+00
1.364334010685487783e+03 3.125628829140511016e+02 3.123372743269093643e+00
1.583799540485224043e+03 3.605021194307539645e+02 9.054300578200836780e-01
1.781154008431463353e+03 8.278854851859762221e+01 2.912224465257405193e+00
1.760305166377467913e+03 2.558911389836151784e+02 8.123513014228324058e-01
1.539159077249365737e+03 3.130754957224722830e+02 1.058968106453203273e+00
1.759570491261874622e+03 3.300178683180554344e+02 6.662198182511174238e-01
1.581552265404029413e+03 3.605576343112611539e+02 8.893803299414496655e-01
1.779662499302228298e+03 8.443366385049657197e+01 2.976093727605832573e+00
1.758878051004822055e+03 2.572005232161587855e+02 8.403701101570147936e-01
1.757818833846932421e+03 3.305748481352890167e+02 7.090657384258756135e-01
1.923183151465609626e+03 3.525156567609061540e+02 2.760940493634999271e+00
1.925219841833310966e+03 3.544902235282567062e+02 2.849775066912636934e+00
1.839679689333541091e+03 3.790123044227341325e+02 1.261677911837094879e+00
1.030993505191250279e+03 3.848624960514581517e+02 1.048563970656050559e+00
1.037535231613428323e+03 4.658213346332425999e+02 9.630781833934687342e-01
1.124082897696394866e+03 5.281048464778825746e+02 8.822943721607914291e-01
1.028496210042366783e+03 3.849655901125584023e+02 1.061873829932366897e+00
1.301035629965631870e+03 4.269614707263310720e+02 8.587806276420489882e-01
1.215767395020807271e+03 4.592080089926975006e+02 1.140289431876279291e+00
1.038513013568870747e+03 4.630406815488717029e+02 9.324758984269835294e-01
1.296184844165717550e+03 4.828042104250712327e+02 3.086074194270436610e+00
1.121872467796289584e+03 5.269164549678278036e+02 8.963435570568416555e-01
1.213722070314304801e+03 5.409483176063032488e+02 3.232839784349053613e-01
1.364756558815043945e+03 3.117560757014344404e+02 3.102591153248567046e+00
1.478908964446574146e+03 3.954559964708820416e+02 2.694754240650478305e+00
1.380494022719711211e+03 4.255564653014042733e+02 1.386765686576441281e+00
1.299210886268680269e+03 4.291218760915196526e+02 9.020079676334460395e-01
1.213788410618017679e+03 4.608118708297395187e+02 1.164259082808139389e+00
1.416943964646315180e+03 4.561094462615319571e+02 3.972849492569204277e-01
1.296416007345074377e+03 4.851477499319844355e+02 4.309856596124487377e-02
1.419059453302801558e+03 5.269082320035454359e+02 3.618346259152049327e-01
1.216045053782457217e+03 5.387056442211576268e+02 4.814539576795298648e-01
1.540025982774737486e+03 3.137098587995204753e+02 1.024886660804282368e+00
1.362622630738587986e+03 3.115222527154490422e+02 3.091004571159713610e+00
1.582078776643556466e+03 3.581380460732888196e+02 8.759577736445546270e-01
1.641266298210103059e+03 3.857541639142070835e+02 9.441774819820366593e-01
1.478157669431000386e+03 3.955537931366982320e+02 2.693962937301833449e+00
1.379521091292533356e+03 4.241565536574770476e+02 1.374803138885850151e+00
1.415135097076754619e+03 4.563945901584035028e+02 3.755905551652132246e-01
1.536336867007100636e+03 4.635674391022082546e+02 3.033826621056384010e+00
1.632364365551766014e+03 5.125036285384310304e+02 2.905563169810092994e+00
1.417347283881251542e+03 5.260984057024750200e+02 3.679621335358372880e-01
1.761108518457331911e+03 2.549434305647508268e+02 8.595798995206705984e-01
1.537513005867985157e+03 3.139956163457609932e+02 1.061623679082227767e+00
1.758685854696853994e+03 3.291165045272655334e+02 7.068402412121262968e-01
1.580653484767230793e+03 3.583380263834008019e+02 8.889752772851342577e-01
1.638423852480650567e+03 3.864002447063929822e+02 9.782841348227426792e-01
1.821590964971552921e+03 4.096404834177551493e+02 3.117717240518539157e+00
1.696844611908465367e+03 4.203783957994766070e+02 6.227282457501098767e-01
1.531904162436618208e+03 4.640798520554692459e+02 2.970392198880182022e+00
1.727458197978628732e+03 4.709475989461914196e+02 1.132245276171039705e-01
1.633900214150824695e+03 5.129854226708939677e+02 3.128580309959070327e+00
1.806144797573766027e+03 5.035787997071074642e+02 3.137994595902521944e+00
1.760429726148844793e+03 2.564880463129339887e+02 8.797821293504298756e-01
1.758203875199143340e+03 3.292733900780140175e+02 7.356790479365250546e-01
1.926277663354105243e+03 3.530702598752786798e+02 2.680724137035737531e+00
1.827976022719607499e+03 3.828527855870380563e+02 3.944636466282277487e-01
1.695795112066293086e+03 4.203212589343800119e+02 6.848710064672167697e-01
1.814354118856138484e+03 4.290796419462991480e+02 2.840785069093396231e+00
1.956814847919301428e+03 4.657127165232456036e+02 5.529594342171778587e-01
1.727438640783855362e+03 4.711146086282045644e+02 1.780550213457269826e-01
1.814451606739859471e+03 5.034502102502083289e+02 8.156541419449259145e-02
1.926421403026635744e+03 3.528826857372331460e+02 2.726558220830838319e+00
1.828418799489875482e+03 3.814188812390559633e+02 4.272906035403701286e-01
1.955112557218310030e+03 4.648128989690166009e+02 5.680347867947246332e-01
3.458816692436627136e+02 6.793740871881117300e+02 1.248840171734480142e+00
3.431594631800101070e+02 6.808121418130533584e+02 1.283141143277402030e+00
8.990304886660926513e+02 5.994238103888644673e+02 1.725342330393857315e+00
9.612471495677650637e+02 6.090826332849244409e+02 1.318941873914514895e+00
1.037321892138878866e+03 4.658777562335867515e+02 9.683965096278391860e-01
1.122262937329170427e+03 5.264627867584979413e+02 8.075600706073592372e-01
8.989959195548456137e+02 5.993051002500176310e+02 1.815288890760742069e+00
9.602842000728082894e+02 6.094551809762890571e+02 1.387437114722424036e+00
1.095561778460638379e+03 6.122507941599366177e+02 5.773713752188867065e-01
1.174498127215790191e+03 6.461864789884018592e+02 1.529705710695306031e-01
1.297820018554229136e+03 4.648227585910415200e+02 6.418463635043970827e-02
1.215610746719695271e+03 4.601664551370030267e+02 1.179270331856431486e+00
1.036067980522772132e+03 4.632338804124408398e+02 1.088738382291858375e+00
1.121402482618096428e+03 5.271267129607111883e+02 9.221353380142353062e-01
1.213173963990354423e+03 5.383939860449457910e+02 4.119088007203078328e-01
1.320584783417489689e+03 5.793935009590504706e+02 1.906763624968778326e-01
1.095051961454151069e+03 6.123155320490898248e+02 6.789513428893484415e-01
1.176137013594693144e+03 6.449196298579067843e+02 1.771423846022288917e-01
1.477638052534793587e+03 3.901630376351938594e+02 2.615121245623510227e+00
1.380609046900829298e+03 4.275107360287064466e+02 1.475909029166720954e+00
1.299785864345907385e+03 4.289646984951507420e+02 9.268875868253736439e-01
1.212187105215246220e+03 4.586827908219599976e+02 1.138811110100715673e+00
1.416877318745305729e+03 4.551693580260197223e+02 3.597034461133374328e-01
1.296970771395379415e+03 4.841444314818362500e+02 3.096040468261207046e+00
1.420415658458014150e+03 5.236811436199726586e+02 3.069253105047483055e-01
1.212279891618263719e+03 5.379869157497887500e+02 4.162198456018382231e-01
1.318344751011519975e+03 5.793014904231099536e+02 2.580936513409416988e-01
1.476746847767784402e+03 3.921996881872744325e+02 2.703962218103258319e+00
1.400223930879873933e+03 4.446955287656078326e+02 4.625281724743920408e-01
1.535667519209115881e+03 4.619082469415347987e+02 3.079520964041317921e+00
1.635136323058028665e+03 5.104638738724561335e+02 1.330945490582040591e-01
1.417846238402269364e+03 5.243278426460004766e+02 3.920967610282033444e-01
1.510661871196385164e+03 5.489829298833067242e+02 1.965605870438956959e+00
1.653360638603375946e+03 5.674675526028356671e+02 9.376894271716924856e-02
1.564780926386212286e+03 6.078126359922180200e+02 1.005391520523414961e+00
1.628856221476722340e+03 6.145432955852993473e+02 2.133849857333033562e+00
1.505025686517771192e+03 6.522089504867221876e+02 2.801525806494070014e+00
1.696385929800941767e+03 4.193730495200458108e+02 6.177828233401827518e-01
1.818302299015573681e+03 4.249796081950156577e+02 1.560479735491452080e-01
1.532102970880438306e+03 4.624726091829394363e+02 3.023541168363621967e+00
1.728767659673683511e+03 4.686221057645087740e+02 1.896958172334670678e-01
1.633452945505034904e+03 5.118879009373447388e+02 1.410892065144587204e-01
1.811941392613339758e+03 5.011345675117152041e+02 1.001109333505913607e-01
1.506385702039116268e+03 5.466049525114136713e+02 2.019171265390932390e+00
1.744000618223745960e+03 5.535635801092000747e+02 2.669756401563837256e-02
1.654073539795218039e+03 5.685061766017131504e+02 6.202466310179570452e-02
1.563967032586125242e+03 6.076993302081425554e+02 1.799391295996480622e+00
1.744384104281314194e+03 6.064684752501949561e+02 5.434690596729108147e-01
1.625860551017669422e+03 6.134901784093265178e+02 2.153159279697090422e+00
1.746849466001467817e+03 6.588740515119100110e+02 2.591174583665715847e+00
1.660886030686986032e+03 7.017960559594173446e+02 1.753470123271841485e+00
1.695098664256418942e+03 4.180814897610715661e+02 7.139689738888702619e-01
1.814646587044368289e+03 4.284443230570869900e+02 2.849449430631460167e+00
1.956919818146781836e+03 4.634644953818591375e+02 5.349042488390555183e-01
1.728246795981595369e+03 4.701608721698772797e+02 1.488151090295061207e-01
1.814283587011928375e+03 5.019714250149642112e+02 9.232764651228897446e-02
1.743629304149511881e+03 5.521288573608765091e+02 5.936942238959698123e-03
1.852201943929668005e+03 5.889939468271358010e+02 7.285762300377546241e-01
1.741379538171690683e+03 6.090021868629746677e+02 3.834679873387801807e-01
1.934522085550525844e+03 6.352392260920639728e+02 2.035477036609466772e+00
1.743383091426867850e+03 6.621339928633303771e+02 3.048390617336611985e+00
1.844721106923324214e+03 6.929665068686824725e+02 1.811527331938623586e+00
1.955398751892115797e+03 4.639782745994718880e+02 5.195786614612066812e-01
1.852221959836700762e+03 5.883685414507597216e+02 7.463645536238188161e-01
1.934120595629510262e+03 6.342179393990435301e+02 2.056976444082266653e+00
1.842995515603768126e+03 6.887575247064619361e+02 1.916817587833549164e+00
3.437633232948955992e+02 6.811605473245840585e+02 1.247625709133807437e+00
3.419396367969225139e+02 6.813128929000108656e+02 1.269273558707161964e+00
8.993610952176579758e+02 5.979251207981169500e+02 1.722739558308958419e+00
9.619162747195568954e+02 6.077868153127179767e+02 1.331899805417408711e+00
8.961891099064296213e+02 5.977185275077501956e+02 1.754267813899456296e+00
9.601811893506228444e+02 6.085371935589043915e+02 1.357364382319673934e+00
1.094585648053398245e+03 6.121477249526067226e+02 6.174098853338809700e-01
1.175208682611723134e+03 6.446119491831656205e+02 2.224416805469061342e-01
1.168432107246452688e+03 8.595120305077437024e+02 2.551823723696202251e+00
1.316137745105342901e+03 5.776557721071096694e+02 1.955015634415758485e-01
1.094817957202518755e+03 6.112411113862708589e+02 6.307355663543240398e-01
1.175419546615749368e+03 6.434790209568409409e+02 2.191073672598411459e-01
1.278373128074458464e+03 7.208750292890985065e+02 8.195471896043602378e-01
1.195412157866272537e+03 7.650133927537694944e+02 1.738160384521135748e+00
1.279852794944415109e+03 7.745137795710033970e+02 3.756488133397226648e-01
1.269033815720008306e+03 8.528339773160705590e+02 1.058578017646098601e+00
1.318009711635786061e+03 5.777515491991829322e+02 2.772588700379148841e-01
1.277736836013914854e+03 7.195931596503463652e+02 8.417101384301372002e-01
1.500129734717170777e+03 7.150899943417856548e+02 6.139374611045246288e-01
1.193286675794947314e+03 7.632920303420693244e+02 1.686003847546726275e+00
1.279797776933647356e+03 7.746042477187462509e+02 4.064814995133551045e-01
1.427065893767988882e+03 8.173780156115244608e+02 2.719158680006691586e+00
1.267456531567064985e+03 8.511626125544137267e+02 1.094060577255418831e+00
1.510791944608855374e+03 5.495381066230843317e+02 1.993014842423060262e+00
1.563979438600441426e+03 6.072186991788875048e+02 1.744598500556644671e+00
1.630362331109807656e+03 6.149947802258370757e+02 2.108137014942727205e+00
1.503159987998736824e+03 6.509851008213599926e+02 2.867689786303234456e+00
1.498698652402729067e+03 7.161632781231337503e+02 6.284103449650334516e-01
1.612114886631110039e+03 7.389044412724485937e+02 2.759472846321890493e+00
1.574373541181796099e+03 7.714190120271543947e+02 2.113514579757024947e+00
1.424176334973810981e+03 8.178845642144615340e+02 2.795717486186045875e+00
1.741617775738374121e+03 5.496401218268407547e+02 8.294106007350342258e-02
1.652742479631452397e+03 5.676183402056344676e+02 1.446408447334231462e-01
1.563278823257804561e+03 6.066429976826441361e+02 1.740041788082734575e+00
1.741763232908843520e+03 6.071987580660770618e+02 4.392326254579928535e-01
1.626764132250134253e+03 6.148788627397555047e+02 2.176929099966814274e+00
1.746449688353800184e+03 6.592250491509823860e+02 3.570972725574671214e-02
1.662896275689781305e+03 6.988977043587647131e+02 2.665867678976702404e+00
1.779219323865581146e+03 7.317872155790297484e+02 2.905344021226551554e+00
1.610356418978853526e+03 7.387607494429648796e+02 2.778219713996395779e+00
1.573756030324940411e+03 7.701860556564529361e+02 2.087971831601501904e+00
1.775871321108864322e+03 8.046141105456265450e+02 5.980250094960786189e-01
1.746823720053932902e+03 5.497423976263554550e+02 4.002608653367454306e-01
1.852061728847864970e+03 5.881899794944117730e+02 6.878859333957035860e-01
1.741363572815226235e+03 6.080344790913693487e+02 3.809594354554179940e-01
1.934250575970113459e+03 6.333936478568298298e+02 2.062880036342552792e+00
1.745236833966242102e+03 6.602853861495279943e+02 5.853044605687732910e-02
1.844529408335305561e+03 6.905814833440887242e+02 1.814185538135294040e+00
1.779576924889046495e+03 7.326332357992260995e+02 2.917446916848507321e+00
1.773041671649523778e+03 8.024156570684017424e+02 6.396578496772161726e-01
1.816179686329468495e+03 8.329171759627704432e+02 1.309167227145992429e+00
1.853031352206056226e+03 5.841998828046779408e+02 6.984881770598092565e-01
1.933432543708115190e+03 6.332241356530477105e+02 2.096494204866023559e+00
1.843892503037725874e+03 6.897705216165946922e+02 1.863852444764682481e+00
1.009407147446826229e+02 8.746579245162636198e+02 1.466919846351829593e+00
3.684867763985172360e+02 9.877832420037311749e+02 1.087083717207076639e+00
1.235255676728997400e+02 9.957898886096754723e+02 1.562714032597483926e-01
3.653269539969217021e+02 9.876889659575397218e+02 1.051613664368165502e+00
6.890079345118815581e+02 9.163039804410964280e+02 2.579625779127587837e+00
6.876959438216434819e+02 9.173504967820490492e+02 2.564911286546448288e+00
9.772311738668904582e+02 9.341013696807099222e+02 1.971417729813926378e+00
1.173441169107233691e+03 8.618623431672717743e+02 2.502188325280853221e+00
9.746889195298176674e+02 9.331440742239390147e+02 1.950432546536756906e+00
1.112333792915934509e+03 1.009999935983636760e+03 1.438432842533584832e+00
1.055123273439790637e+03 1.021690528076261671e+03 1.958495698486324876e+00
1.279111536397626196e+03 7.220933251250620515e+02 7.176676314626574404e-01
1.195203383415889675e+03 7.617553645604837129e+02 1.680137036242309811e+00
1.279585538043583028e+03 7.729530874181491527e+02 3.391572568666896825e-01
1.267865984108449538e+03 8.513691773156739373e+02 9.564524458397286599e-01
1.171979448633525863e+03 8.630745494542221650e+02 2.440834950738290043e+00
1.285937530109806175e+03 9.534624460912743871e+02 1.909995250528413235e+00
1.111059415731357831e+03 1.012619465145497770e+03 1.433843197780077849e+00
1.278574195351930257e+03 7.162943415296513194e+02 7.645088078638080376e-01
1.494159471160189469e+03 7.179558984822607499e+02 6.001433543621886857e-01
1.192941177766295141e+03 7.660030565192622589e+02 1.583901953263869844e+00
1.279675306546234651e+03 7.733127708550243824e+02 4.025091329805231544e-01
1.427185479391289846e+03 8.170637033472900157e+02 2.838553982055032066e+00
1.266894118447803976e+03 8.523817337454080416e+02 9.914362234452825939e-01
1.351659147855847323e+03 8.840325535158051480e+02 1.842654229072718586e+00
1.449872807110124313e+03 8.956897389017801743e+02 2.817341433339137780e+00
1.285258658407994517e+03 9.540109213020382413e+02 1.833675326982159959e+00
1.407801269485486500e+03 9.415054749327659920e+02 1.818160932380023631e+00
1.501063227951564386e+03 7.136030764914952442e+02 6.402926917442077759e-01
1.615007430175747004e+03 7.371007427984941387e+02 2.757161221882308944e+00
1.574487922767923919e+03 7.697229010627509069e+02 2.145127778918749062e+00
1.425679369769005689e+03 8.170167014246703729e+02 2.805782652158860024e+00
1.348177517351331744e+03 8.842056037464367364e+02 1.805194549571034646e+00
1.449968738391121633e+03 8.960727438809956311e+02 2.748541218661591845e+00
1.407074132230298346e+03 9.432484792426860167e+02 1.792145553814361136e+00
1.773438244832032751e+03 7.287395240279843165e+02 3.047711657660701956e+00
1.610102727520380085e+03 7.386714738854028610e+02 2.778180135072882084e+00
1.572511248074096329e+03 7.712372147742322568e+02 2.141011048610486966e+00
1.772137823804586787e+03 8.032455397775376014e+02 6.532271846087271960e-01
1.818046605856008682e+03 8.345943622768155592e+02 1.238443858174975487e+00
1.777659073906798994e+03 7.315839677439774960e+02 2.974060594418570513e+00
1.771475715430083483e+03 8.027546795940094171e+02 6.409529379118308334e-01
1.816746930944418636e+03 8.323332436283196785e+02 1.302945340268652386e+00
9.691661341859480672e+01 8.726582298568403075e+02 1.525728538446959881e+00
3.668792295275169408e+02 9.842639596275023450e+02 1.077672186395296494e+00
1.214462061953876173e+02 9.945445158492209430e+02 1.530535792693668851e-01
3.115254771785211574e+02 1.157480330783713953e+03 1.427555811433566801e-01
3.666047440087112363e+02 9.839918923674645157e+02 1.090266351443400783e+00
3.111865336178221924e+02 1.155235604573448200e+03 1.665981784922428988e-01
5.323179904710877963e+02 1.171318714822213678e+03 2.572452232017278906e+00
6.912623698893989967e+02 9.139254309329924126e+02 2.537689668156021927e+00
5.370415342689188947e+02 1.176924191650540479e+03 2.701319330476414038e+00
6.877993936105559669e+02 9.157844403185338251e+02 2.559343022154275893e+00
9.755292166177057425e+02 9.321118615779257652e+02 1.999053026246246478e+00
9.427967409658551787e+02 1.088212330475887711e+03 1.339357095717757851e+00
1.011032813938776371e+03 1.097383015553052701e+03 1.628588484210584220e+00
9.754693382705477234e+02 9.325018981242290010e+02 2.026860542022603795e+00
1.113195558674654421e+03 1.011631067873154507e+03 1.483635764348266717e+00
1.055872440938284853e+03 1.020195754308668711e+03 2.054774539860384053e+00
1.171469416662153208e+03 1.066609978209522069e+03 1.363885378816884542e+00
9.428405706062110312e+02 1.088091543184247030e+03 1.281620780343631250e+00
1.009357595845719743e+03 1.096830253376661403e+03 1.572549463787814572e+00
1.045942243944794882e+03 1.137512403563289354e+03 9.889785605687305692e-01
1.107588432852881624e+03 1.159575558570765679e+03 1.173235117724972909e+00
1.285853120826732493e+03 9.522495208432796971e+02 1.911184850191887774e+00
1.111816571510898939e+03 1.012770264891538318e+03 1.500131521006263347e+00
1.055188869531024238e+03 1.020356565278209018e+03 2.070261898929930844e+00
1.169122893789630325e+03 1.067045655778513719e+03 1.371647556005951341e+00
1.246464946446912791e+03 1.066596466165669881e+03 1.447746888995588010e+00
1.292777193300369618e+03 1.117537023955561153e+03 9.531232551780086659e-01
1.047031596025012504e+03 1.136270342185228856e+03 1.022727913749854389e+00
1.104736683469513764e+03 1.158336113314891463e+03 1.130578414322245262e+00
1.351370346706523378e+03 8.824376822603114761e+02 1.907561354563226175e+00
1.451209669318844362e+03 8.937933191264960442e+02 2.813867519853988419e+00
1.284948325374408114e+03 9.524354690516811388e+02 1.861903996339537182e+00
1.407617079937131393e+03 9.396148239829067279e+02 1.841562142113042810e+00
1.360720103944059701e+03 1.033089925686789684e+03 3.089923338203156344e+00
1.245034050733716413e+03 1.067807733095753520e+03 1.427443377960359916e+00
1.463122857202393334e+03 1.100338347907793377e+03 2.630459953157930020e+00
1.289251589605696381e+03 1.117131805997033325e+03 9.568217370696824320e-01
1.408452043448201039e+03 1.111578008296303778e+03 2.558149880466674464e+00
1.344736715776528172e+03 1.146132917762772422e+03 1.493135130594417603e+00
1.350616835958148386e+03 8.855321219995587398e+02 1.450247454830053240e+00
1.451030060323264934e+03 8.941138135344792772e+02 2.703294895256818098e+00
1.407189839715404560e+03 9.406387763121615535e+02 1.744265191255745640e+00
1.360272364980076418e+03 1.032329456637197381e+03 7.445202146384729582e-03
1.557340252503899137e+03 1.060196584182563811e+03 3.102880443466651705e+00
1.465783037568754253e+03 1.100149786996702460e+03 2.433681046319676522e+00
1.407012042633276451e+03 1.111316638216804904e+03 2.391071320501755970e+00
1.554916976518455158e+03 1.060555143321120113e+03 3.101860555548149545e+00
3.137347037831481771e+02 1.153771688564705073e+03 2.008071308049628745e-01
3.062672195617368516e+02 1.223963440919641016e+03 2.400574076736246010e+00
3.105992282510916880e+02 1.153738519466273601e+03 2.036058271057417657e-01
5.376577940165869904e+02 1.174385293283566398e+03 2.657318622727439461e+00
3.037602382384392286e+02 1.223024802608624668e+03 2.381231843153817085e+00
5.365436313333419776e+02 1.173554816567215312e+03 2.707280120692229008e+00
5.470350504720011031e+02 1.308211299273508757e+03 6.734491603117087610e-01
5.560815479539949138e+02 1.305889232013157880e+03 7.425344242754974289e-01
9.428415208098394942e+02 1.087889124751072131e+03 1.395343557906076892e+00
1.012324832455385831e+03 1.100733024001224749e+03 1.628847296194918526e+00
9.744905258081441843e+02 1.199223857096646043e+03 2.789726328733315164e+00
9.315541430411492456e+02 1.244840876504535345e+03 1.183217797043192854e-01
1.169179708875959022e+03 1.068511825552437585e+03 1.551477395475129528e+00
9.432194632875434763e+02 1.087710753630114368e+03 1.368187591214490073e+00
1.009781877845336112e+03 1.097043897343507297e+03 1.632387710660890168e+00
1.046122899046956945e+03 1.136715588471256524e+03 1.079880686384185440e+00
1.106580892823134718e+03 1.158754491856687991e+03 1.207686584139296970e+00
9.746279041841380604e+02 1.199515220863924242e+03 2.807556650791588115e+00
9.315468466888305556e+02 1.244240367954931799e+03 6.861313832471165053e-02
1.066553447057414132e+03 1.305349761209789222e+03 9.844432950892566536e-01
1.169619370867685802e+03 1.065342612984276229e+03 1.480365175019122237e+00
1.246556464864029977e+03 1.064723614873917768e+03 1.556017543046431806e+00
1.291938902033010891e+03 1.114715331534805955e+03 9.796970880966670014e-01
1.042489129482186627e+03 1.136512798713564734e+03 1.025998684440429631e+00
1.106078493759547200e+03 1.157818737123572646e+03 1.205795765086404403e+00
1.285467308249384587e+03 1.293514339240467280e+03 1.186116976318664307e+00
1.066365256811207246e+03 1.304398043921433327e+03 9.399470196350959705e-01
1.205735581466739859e+03 1.335299064115111833e+03 9.632344237018509725e-01
1.360374076536973917e+03 1.029324338668060363e+03 3.035381948461310042e+00
1.244581508956729522e+03 1.063811520918604629e+03 1.498514377868979786e+00
1.466485540507033875e+03 1.098527228240133354e+03 2.593325194133199840e+00
1.289621607469621722e+03 1.115406506082566921e+03 9.808069744704466242e-01
1.407476551301619338e+03 1.109619996233930578e+03 2.493198432904457640e+00
1.344727406969956974e+03 1.143917982545973700e+03 1.536197672315717799e+00
1.443780364363198032e+03 1.238506412623982669e+03 2.220553604662699243e+00
1.283135410835732955e+03 1.291877905358549469e+03 1.076267961912619198e+00
1.382841689850166176e+03 1.299717634398567952e+03 1.688531868307993733e+00
1.203263584108484338e+03 1.333276032849576950e+03 8.362299963054433682e-01
1.364818808915424370e+03 1.031454253056471771e+03 2.481794780725155858e-01
1.556091699339456000e+03 1.059396536657649904e+03 3.099585994224116625e+00
1.463788017900301384e+03 1.098830549633700457e+03 2.464599640841411254e+00
1.406350876246440293e+03 1.109598806745292222e+03 2.409221920577206077e+00
1.516758672998478232e+03 1.183425811373857186e+03 2.738051518319727595e+00
1.445014536255292342e+03 1.237101319566404754e+03 2.021846774298265537e+00
1.599246077289721370e+03 1.266017596453964870e+03 2.648224115850681404e+00
1.383154071062718231e+03 1.294379516690614992e+03 1.626817597550072492e+00
1.555608093174502073e+03 1.058640135544441137e+03 5.240870987465551939e-02
1.515680441257431312e+03 1.184530604225392153e+03 2.812719752732822265e+00
1.684625473357669989e+03 1.245810814467942009e+03 2.299570632730726594e+00
1.599176525837807731e+03 1.266089898041780998e+03 2.698802236369250984e+00
1.682808942018064954e+03 1.246047724149712167e+03 2.432618783604622248e+00
3.054132232220994183e+02 1.221225673636538659e+03 2.367178936505052178e+00
1.102357858528496308e+02 1.354626992498260961e+03 2.938489408683176762e+00
3.036621911892322601e+02 1.222539186383698961e+03 2.403043447863832949e+00
4.632351050046928549e+02 1.361380035835976742e+03 2.664073055446596783e+00
5.462414115741829619e+02 1.307474873640825308e+03 5.881506512031284828e-01
4.623396521218103317e+02 1.360485102341103357e+03 2.649720148854088020e+00
5.821747954931875029e+02 1.376314374005365153e+03 1.514737210979202775e+00
6.198726674582946998e+02 1.461475312599804738e+03 1.451927665212626284e+00
5.820297938711833012e+02 1.375069652834637964e+03 1.575346827835475860e+00
7.187278091163464069e+02 1.400277798580407989e+03 2.345114248160700132e-01
7.906795965062419782e+02 1.436041724835080913e+03 6.751068765518374315e-01
6.195718734582638945e+02 1.459069875759049410e+03 1.523124268561595107e+00
8.533599745285075642e+02 1.476554200519896540e+03 6.410159704904588862e-01
9.768781472151449634e+02 1.195302995032986928e+03 2.751887174013279314e+00
9.339699861600383883e+02 1.242234632631455952e+03 1.013388398991640765e-01
9.733873554212409545e+02 1.404504835333970959e+03 1.884647020821738739e+00
7.159831851582513309e+02 1.401585806255632633e+03 2.853503836657045323e-01
7.877540015249467160e+02 1.437333874266626935e+03 7.523122540648710110e-01
8.616190859776687603e+02 1.469721383405249981e+03 2.571286621326984018e-02
9.738590410052618154e+02 1.197835274184423724e+03 2.794139687614522582e+00
9.317450120650860299e+02 1.243155996783066939e+03 7.167505577567274966e-02
1.066668749765905204e+03 1.303636259132949363e+03 1.072541795203747039e+00
1.128829422199387409e+03 1.341928101506178791e+03 7.190551886402617443e-01
9.725909175567403508e+02 1.405885110427414020e+03 1.900689414095301011e+00
1.055456362997947281e+03 1.441057777469177836e+03 5.783829746508001302e-01
1.169132600447337836e+03 1.501565393704334383e+03 2.550207205026261414e-01
1.285064990143321666e+03 1.288429141656088859e+03 1.210341907458373445e+00
1.066439579712500972e+03 1.302646968923702161e+03 1.089738840438794654e+00
1.206336238260530990e+03 1.332220281109781126e+03 1.069130432869351832e+00
1.127884549273075663e+03 1.341189746609993790e+03 6.666194198359781664e-01
1.303333243719101802e+03 1.362253678690083461e+03 9.981972129854653764e-01
1.191568269039552206e+03 1.407622168332679848e+03 3.908973621844754054e-01
1.054781166097386858e+03 1.440029723331944751e+03 5.204112860804605001e-01
1.325536159073109957e+03 1.455002970370011553e+03 2.532878621812821418e+00
1.179733876358287034e+03 1.497398795232363909e+03 5.958732572473874473e-02
1.476227925546133520e+03 1.222088357054865128e+03 2.596076534896599064e+00
1.426577177072364748e+03 1.245561404654731405e+03 2.012213677248210431e+00
1.283501249077568446e+03 1.289788759793107374e+03 1.101952804751782367e+00
1.382466699862660334e+03 1.297616813020679274e+03 1.706133258853812951e+00
1.202769211560427721e+03 1.333433582937214396e+03 8.950766415609394677e-01
1.301556035601655822e+03 1.362987655739027559e+03 9.155351264629070229e-01
1.480151692865200403e+03 1.388588868040315674e+03 1.829321657670098578e+00
1.412022658173845457e+03 1.396768130055496613e+03 1.504844031616172861e+00
1.189651693614787064e+03 1.406482668073807190e+03 2.868067217599765684e-01
1.325425982158416900e+03 1.456235734046888638e+03 2.654865537812139742e+00
1.464512789959997917e+03 1.495857249159714002e+03 1.385334375345173910e-02
1.188742820560008113e+03 1.498300544837071129e+03 2.027158914263678113e+00
1.444989848400009805e+03 1.236255059546728489e+03 2.176864966562774839e+00
1.598874600493595835e+03 1.265237728434966584e+03 2.710877024757031073e+00
1.381950184371767364e+03 1.297070087957161832e+03 1.611253758517082968e+00
1.618845693943397464e+03 1.367263392870697317e+03 2.153780649007854819e+00
1.477135929914448070e+03 1.387397359471854998e+03 1.652883291802508037e+00
1.538706087867075439e+03 1.374304045966101512e+03 2.635017176120625582e+00
1.411000223940965725e+03 1.396527414625217034e+03 1.402983372892300906e+00
1.617681274739697528e+03 1.494521182789782188e+03 2.069919486388071661e+00
1.463332901689733717e+03 1.496047337648538132e+03 2.115944226012179130e-01
1.682500084809535792e+03 1.243039695982828789e+03 2.350962837541400674e+00
1.597231457836771824e+03 1.263873854654262232e+03 2.755084959401440603e+00
1.692306937182411957e+03 1.348425124682470368e+03 2.754693609468290116e+00
1.618060009554220414e+03 1.365062419793606750e+03 2.088000907911480297e+00
1.536714138845812613e+03 1.372597025929510892e+03 2.666882937521562802e+00
1.742332186749495577e+03 1.461987097316748077e+03 1.854305581118244506e+00
1.813663984776815596e+03 1.472341174356010924e+03 2.447878323594331551e+00
1.617821143064790022e+03 1.498075765685324768e+03 2.029091021861114896e+00
1.691028099522823368e+03 1.501250498300181789e+03 2.047545833900353607e+00
1.683501022802163106e+03 1.244970446433257393e+03 2.383507345565289537e+00
1.693449389352105527e+03 1.349122566917902759e+03 2.726468247817640300e+00
1.831439909249994344e+03 1.418078240996216209e+03 2.825451175499753109e+00
1.740723712377101037e+03 1.462457325914827379e+03 1.864684083082010391e+00
1.814626295569113154e+03 1.478766700205980669e+03 2.281191931987408772e+00
1.686059388492886001e+03 1.498515975036077407e+03 2.226588476560891205e+00
1.831083698446985409e+03 1.420754271948614814e+03 2.801854240911273664e+00
1.112940990318436434e+02 1.352177708582274818e+03 2.979781056711653608e+00
3.477932208795164115e+02 1.603576063978957563e+03 1.593561862706147192e+00
2.900134465392372363e+02 1.620045767234202231e+03 1.796548403501681879e+00
4.643545090819553707e+02 1.357755984318396713e+03 2.731031789415174771e+00
4.663706830589829906e+02 1.520415516669987483e+03 1.509988711080843649e+00
5.280889634380497455e+02 1.574096857500115220e+03 1.874060773238302557e+00
3.445637567657498153e+02 1.604764731370016762e+03 1.530471581941182047e+00
2.863915094947691955e+02 1.620462181787484042e+03 1.773353764132364896e+00
4.621251667161185424e+02 1.360203478948740440e+03 2.759355030605715076e+00
5.821266052130312119e+02 1.375610143451061731e+03 1.495063654358860017e+00
6.198081283332664952e+02 1.460239463086930755e+03 1.382918595745592505e+00
6.723843264093959533e+02 1.504782722959016155e+03 1.038351704065528569e+00
4.659701478866184061e+02 1.521850256511315365e+03 1.487600314196162676e+00
5.266802901516319935e+02 1.575855655265411770e+03 1.872281351967277185e+00
6.036141417991410663e+02 1.570030979320994902e+03 2.472214057028965684e+00
7.009538887945207080e+02 1.582308862570424708e+03 1.519026512927021733e+00
6.020893094019006639e+02 1.653704365872755034e+03 2.651118076097592979e+00
5.787927246634716312e+02 1.375076878343575345e+03 1.585938170970384586e+00
7.170212025437034526e+02 1.401008604317607933e+03 2.680546509968576019e-01
7.904441492738524175e+02 1.436992514580678517e+03 6.630484592710047531e-01
6.190247063605855828e+02 1.459503087512447564e+03 1.447591645792118520e+00
8.597853772967134773e+02 1.471534348615635963e+03 1.433194444814453183e-01
6.714341966343068862e+02 1.504092533303914706e+03 1.114725680925122919e+00
8.146870246035609853e+02 1.516682165606614944e+03 2.839741720580750250e+00
6.014008445727450862e+02 1.568967822980479923e+03 2.393981957896257118e+00
6.985147370016860577e+02 1.580764878910351854e+03 1.584269331092098998e+00
7.856196197723243131e+02 1.565283678723264302e+03 2.743627174374546840e+00
8.124350784853345431e+02 1.642689041837896639e+03 2.812833716085874958e+00
5.973178135883631512e+02 1.653275126824873723e+03 2.536644385539738256e+00
9.745417463466517347e+02 1.402646442537986331e+03 1.810246740765155238e+00
7.187346774868541388e+02 1.398736023166774203e+03 4.143725647314037142e-01
7.892469047436027267e+02 1.436497723947373515e+03 7.553903861144851684e-01
8.610575107891754669e+02 1.469738669600095818e+03 1.079912169272362193e-01
8.132589083380164539e+02 1.516217353813424097e+03 2.768603519850902028e+00
9.641654371777417509e+02 1.541062017333310678e+03 3.017648487729244877e+00
7.838392235596797946e+02 1.564606002272067826e+03 2.672384584334908997e+00
9.134485063817371611e+02 1.596290569020704197e+03 3.039101212029012622e+00
8.212533009012905723e+02 1.646112269329554465e+03 2.831039670031152422e+00
9.309569954102653355e+02 1.661816147881620964e+03 2.525030239062104442e+00
9.719297728206990996e+02 1.402883607107241460e+03 1.874945418944087061e+00
1.056001628372864388e+03 1.439620148862283031e+03 6.228064784341506011e-01
1.180013638156140132e+03 1.494339023768858624e+03 1.668122227063371932e-01
9.617815430287544132e+02 1.540982759367880817e+03 2.988033098669604648e+00
1.087927556996904514e+03 1.563929587320607197e+03 1.141795155541184270e+00
9.090619049681738488e+02 1.597544127842410944e+03 3.090402552306516615e+00
1.138564414859590897e+03 1.630257339939872963e+03 2.081045472340468550e+00
1.300739871175790995e+03 1.363142340199437513e+03 1.043080362942079287e+00
1.190655068369335140e+03 1.405874168613119309e+03 4.265919497858746134e-01
1.052203719212154965e+03 1.438986335820327895e+03 5.319994619882474352e-01
1.329063064420311548e+03 1.455735603848770324e+03 2.618205698778103052e+00
1.179471129296378422e+03 1.494058825273466482e+03 8.446154784000331484e-02
1.086783839826246776e+03 1.564088449674061394e+03 1.150455880340144343e+00
1.276960459786068895e+03 1.561586117967665814e+03 1.126988784356544260e+00
1.190664595853818128e+03 1.585968979668060456e+03 1.488942980557873330e+00
1.327748384720579679e+03 1.595233175776834969e+03 9.894609415133923669e-01
1.138683628734225522e+03 1.632298117337400981e+03 2.138053260626887386e+00
1.302068935451911784e+03 1.359480736747069159e+03 9.713788018382831790e-01
1.477767129522903815e+03 1.391978099234132060e+03 1.800448466446428863e+00
1.411887759502026483e+03 1.395145922213738459e+03 1.511233851906962355e+00
1.190657278975658528e+03 1.403403421162375707e+03 3.890957220183081100e-01
1.325808717599833699e+03 1.455590326283366039e+03 2.640198370753620072e+00
1.466337031239215321e+03 1.493830634305385502e+03 6.373125450450320417e-02
1.275400593935462894e+03 1.562198188397043850e+03 1.077538585779734603e+00
1.467913108914835902e+03 1.548196770956308910e+03 3.086373401044832043e+00
1.188290848135892247e+03 1.583747996482484268e+03 1.501364214314247825e+00
1.328051219478307985e+03 1.594850906067583765e+03 9.456569053622454479e-01
1.374827253378548221e+03 1.625420887055030789e+03 1.189525203769074890e+00
1.457753350731250066e+03 1.629523677964893295e+03 7.929061405034868448e-01
1.619887242757417653e+03 1.365055925248892436e+03 2.219421435955057031e+00
1.476814408090127472e+03 1.385129268899427643e+03 1.699856317614508505e+00
1.539069047132976038e+03 1.373481369937769614e+03 2.639606945342784172e+00
1.411300866562549118e+03 1.393119568403441917e+03 1.461060071869331178e+00
1.621052706143586875e+03 1.498895722481832536e+03 2.163797235716736100e+00
1.464903351661637316e+03 1.493818892355785465e+03 1.446086978959581215e-01
1.570063075246918288e+03 1.536634407787583314e+03 1.758417767034734513e+00
1.467569222444139314e+03 1.549270557755025266e+03 3.483809306074105855e-02
1.375014471757159754e+03 1.624340008332211028e+03 1.016583152845534688e+00
1.609559656797010120e+03 1.636335325773486147e+03 1.587849085698880058e+00
1.457061741998601974e+03 1.626663718109745787e+03 7.933756068306885290e-01
1.511915425844258607e+03 1.656911628329577752e+03 7.676568755243862174e-01
1.695044522536653631e+03 1.347460353792706201e+03 2.812820386013338059e+00
1.617328871373803850e+03 1.364791740732428252e+03 2.200836627403246926e+00
1.542027834551105570e+03 1.376874863552634224e+03 2.822431217008521287e+00
1.742580079607633024e+03 1.460761393811247899e+03 1.941067381798629476e+00
1.816947301036313547e+03 1.476615313605311712e+03 2.374360561132676128e+00
1.619521802497761655e+03 1.499055986784457900e+03 2.155514422007467790e+00
1.692273809904866539e+03 1.501600860653738664e+03 2.091593987730442805e+00
1.568560824794004930e+03 1.537037722954315768e+03 1.701561253276067553e+00
1.812837633205162319e+03 1.560442764518114018e+03 2.375807395058560978e+00
1.606336437252418364e+03 1.638089077017935324e+03 1.462393045782075296e+00
1.681830729931584074e+03 1.639240823894820551e+03 1.610488669794509775e+00
1.515941905779260196e+03 1.653582543460540364e+03 7.314100903418085942e-01
1.695854462594310235e+03 1.349991388638601620e+03 2.873701782557771534e+00
1.830785967729138520e+03 1.417197029576391969e+03 2.841803293469534974e+00
1.741094638082599204e+03 1.460022968826823671e+03 1.908284507459688806e+00
1.813727952902957441e+03 1.476494509037921489e+03 2.343291425745750445e+00
1.691095083642497457e+03 1.501832460779957273e+03 2.048588240496047597e+00
1.810818565032102015e+03 1.560160837039589978e+03 2.341340503631115677e+00
1.679071209703809927e+03 1.635992991607253998e+03 1.639678470807433230e+00
1.833140969008978573e+03 1.419422831569609798e+03 2.849991246921749433e+00
3.467138863731788661e+02 1.602128107815950443e+03 1.577688894997221203e+00
2.888497077737672498e+02 1.617782163292063842e+03 1.817849939680541649e+00
9.604691434388331572e+01 1.715050057263838426e+03 2.199505640068079249e+00
4.658070750179628021e+02 1.522623193486200535e+03 1.515593042939453294e+00
5.291065152073105082e+02 1.578879224563896059e+03 1.961968099461934845e+00
3.448677569364736542e+02 1.604619180317595010e+03 1.560519125035334742e+00
2.870025232316193069e+02 1.619156658809754617e+03 1.838319095101332179e+00
4.647281862081249528e+02 1.522104219392226923e+03 1.424022919735510762e+00
6.681121690848739263e+02 1.510816659617292771e+03 9.801452351409969399e-01
5.260144258927296050e+02 1.575583931392591467e+03 1.805794332921442091e+00
6.028595841791608336e+02 1.569763596270372545e+03 2.437346100576454067e+00
6.992572291523206331e+02 1.583280109621185602e+03 1.517158239533502817e+00
6.013053828363981665e+02 1.653596566017362193e+03 2.616449132774743891e+00
6.909312167345788112e+02 1.740616543907670575e+03 2.387735521510404579e-01
8.151277711973682472e+02 1.515383562508994828e+03 2.821749371912698479e+00
6.019992173349353379e+02 1.567949755094142347e+03 2.357983015884880462e+00
6.984486304341764935e+02 1.581053093752072300e+03 1.555875290996320937e+00
7.854120293616748540e+02 1.563192444226565613e+03 1.919941501007952800e+00
8.209705107981542369e+02 1.643049511902468339e+03 2.929206948721323034e+00
6.000159068612972533e+02 1.651321615220776494e+03 2.514400962264916384e+00
7.424853864234887624e+02 1.675927782366401061e+03 6.281572573999334719e-02
8.501054738746393014e+02 1.701851978661647991e+03 4.295967028767277429e-01
6.927966739093428714e+02 1.738848715651476141e+03 1.541438235965487125e-01
7.388321793566367433e+02 1.801466768652004703e+03 1.173182114097139239e+00
8.286745065372949739e+02 1.813556539618181887e+03 2.547229165351908797e+00
8.120030214660995398e+02 1.515055720324232425e+03 2.614967748818002757e+00
9.648527786462841505e+02 1.539670615346853992e+03 3.072223873470167455e+00
7.837910802959107741e+02 1.562388757048704065e+03 2.640688184952993733e+00
9.130730439589710841e+02 1.595971272817698264e+03 3.068276983452072226e+00
8.200703356072680208e+02 1.644153644118192915e+03 2.840576454215292035e+00
9.350484946746039441e+02 1.664062279947485649e+03 2.585065205742256733e+00
7.420608515014932891e+02 1.676021562473376207e+03 9.536157665158004337e-02
8.497987494475123640e+02 1.701785889569924620e+03 4.238032841440998455e-01
9.140701915534382351e+02 1.774150489736722875e+03 1.527213192157766963e+00
7.402117349080695021e+02 1.793198376259069846e+03 1.222134070587814536e+00
9.865271848606707863e+02 1.786451959336494610e+03 2.331947161234295685e+00
8.306478812660672020e+02 1.815754234174195972e+03 2.651825241546562850e+00
9.613706009618620101e+02 1.539875426346394534e+03 2.997386274399132855e+00
1.088911105867967535e+03 1.561878434695532405e+03 1.098691438878836246e+00
9.110924920151210245e+02 1.595309633598316168e+03 3.058030161895310517e+00
1.140537270668982501e+03 1.630850725430896773e+03 2.059124320446281242e+00
9.339662688946755225e+02 1.664046292944492507e+03 2.616519994495234425e+00
1.109623269333054168e+03 1.678686667936736512e+03 2.483507661209611861e+00
1.069885603950109498e+03 1.718350007250533736e+03 2.631059230445995656e+00
1.028844495826051798e+03 1.758444411901802141e+03 2.560015962076097384e+00
9.124605769848008094e+02 1.775434251373440929e+03 1.556263722750436340e+00
9.858720719702180304e+02 1.786664436341050305e+03 2.318696782654417365e+00
1.277834563714763135e+03 1.559432448087476132e+03 1.075172349043039821e+00
1.087355494891258104e+03 1.561873861346407693e+03 1.117054085697398724e+00
1.190417944434970195e+03 1.583898036191055553e+03 1.427786624764969536e+00
1.325049166512716511e+03 1.590810650123627738e+03 8.701777156177913364e-01
1.139270801060737085e+03 1.630495104392852227e+03 2.157292283053084958e+00
1.203804563936534123e+03 1.670597634679734711e+03 8.413520081998789868e-01
1.107132633344934220e+03 1.678435869697393628e+03 2.520072922703974427e+00
1.067308715655192600e+03 1.717831959814251377e+03 2.673994466857214647e+00
1.220121093862709586e+03 1.733518616264059119e+03 7.699545214325501652e-01
1.300981956667429586e+03 1.755836405289677032e+03 1.909455323842156771e+00
1.233868190897228033e+03 1.804663683547242499e+03 2.859186149864046733e+00
1.275905255060281434e+03 1.560195958088166435e+03 1.123451182663845804e+00
1.465261499989362164e+03 1.544768900389550026e+03 3.012812513157127725e+00
1.328089990177984419e+03 1.592994808057903128e+03 9.749269087526308830e-01
1.375056054923931697e+03 1.622813227900398488e+03 1.225797887444167955e+00
1.458164432409562323e+03 1.625097473508650637e+03 8.138512888774428466e-01
1.201878150977078803e+03 1.671866213930648883e+03 8.505868372803444544e-01
1.389850973245140494e+03 1.715511265178826534e+03 5.317330636782444664e-01
1.218152573218507541e+03 1.733360967380580405e+03 7.344012168174154365e-01
1.299536379097155532e+03 1.755164388152745914e+03 1.935386273485219855e+00
1.444166931408389246e+03 1.799729479938116810e+03 3.811073111000298219e-01
1.234120578960469174e+03 1.805469441820080874e+03 2.899860875979235253e+00
1.569984409025175864e+03 1.533463979385197490e+03 1.800467914301423944e+00
1.465929241662670165e+03 1.548061643732080938e+03 3.046783337344992848e+00
1.372832694617064362e+03 1.622487279906964659e+03 1.180046276292363139e+00
1.607831082168560897e+03 1.635511823091519545e+03 1.633647353923392664e+00
1.456919598553825608e+03 1.625223638375288147e+03 7.691215706420536646e-01
1.511132393344990987e+03 1.652269614252857991e+03 7.213357155787953889e-01
1.540925788823991070e+03 1.709351116785126123e+03 1.283531103352892000e+00
1.387848729138996077e+03 1.716265209741709668e+03 5.291573174530177504e-01
1.647522762412806514e+03 1.753809703291350843e+03 2.313146307301988891e+00
1.597372133745571318e+03 1.773934157375150335e+03 1.777573498874118085e+00
1.441557308277296215e+03 1.799036002023906576e+03 3.994658866174177203e-01
1.567940617541501751e+03 1.535613890918749348e+03 1.770629769451975033e+00
1.813956546738354746e+03 1.559172604685381430e+03 2.352892460766758731e+00
1.606649181977473972e+03 1.636157430673663157e+03 1.525457877570052689e+00
1.682057728743449161e+03 1.638895330054285068e+03 1.667423823811766459e+00
1.510036965278373373e+03 1.652267689586266442e+03 6.814067531568400726e-01
1.539163446374473324e+03 1.711542559084716913e+03 1.138870320331080155e+00
1.753863149435586820e+03 1.729643339134986718e+03 2.771362148075332765e+00
1.648211938385283702e+03 1.755472824537480619e+03 2.325327932561245259e+00
1.594468945592713681e+03 1.772604761600420716e+03 1.608638173724370679e+00
1.773227234480655625e+03 1.813830670954050220e+03 7.622755988597282872e-01
1.694278357001014228e+03 1.508390513345384534e+03 2.147203176657182855e+00
1.810697349258736494e+03 1.559417085205130206e+03 2.372663033625725504e+00
1.680662743556818896e+03 1.637072330815056830e+03 1.677100352590034094e+00
1.916253514838364481e+03 1.698647437199599381e+03 1.723232577777971786e+00
1.846423007350224680e+03 1.708557592205434503e+03 1.666980260300775507e+00
1.752322451388716900e+03 1.729172087755184293e+03 2.783603611656139787e+00
1.770242778978458773e+03 1.813028078726576950e+03 8.049103064334818258e-01
1.915503690174783060e+03 1.698477039447013112e+03 1.806686155444040098e+00
1.843519309226742280e+03 1.709875849764622672e+03 1.719144423864271687e+00
9.465195833380727208e+01 1.715168235847985898e+03 2.096071490575710961e+00
2.305382496117953792e+02 1.828671839620164974e+03 6.477846309805885827e-01
3.650502139661555248e+02 1.915255131447482199e+03 2.933260320364366791e+00
2.306660969593463619e+02 1.828602897188003681e+03 6.862264996692529762e-01
3.654203464014782412e+02 1.914359507055583435e+03 2.909260445327260136e+00
6.883453789836305532e+02 1.739000508916031322e+03 2.232738107282928597e-01
7.437456578855062617e+02 1.674304134376050115e+03 7.163834365666256476e-02
8.470797110677217461e+02 1.702052660227548358e+03 4.653350455305498845e-01
6.920047049984425485e+02 1.738275186063728370e+03 1.313685501524725074e-01
7.390842016580327254e+02 1.798287912291418252e+03 1.169017927061283268e+00
8.318036131027895408e+02 1.811470950045622658e+03 2.681368618470580500e+00
8.222143064509991746e+02 1.915272304576434180e+03 1.455055165731611755e+00
7.587294680390428994e+02 1.914873021019669977e+03 1.130077055151351484e+00
7.449489022449807862e+02 1.675281733343742417e+03 9.047017902651091625e-02
8.490064386744684271e+02 1.701248241468255856e+03 3.441815228312622987e-01
9.142291375044405868e+02 1.773650473397887481e+03 1.536977121136905211e+00
7.386085280397973065e+02 1.797886057295634146e+03 1.165857848626954851e+00
9.876813861286186693e+02 1.785906241832105479e+03 2.352297508515471591e+00
8.317499415149176230e+02 1.811887697169929424e+03 2.728022784330915496e+00
9.931199751305871359e+02 1.864427820034280103e+03 2.951497136883062478e+00
8.200657379383144416e+02 1.913201857532452777e+03 1.388203731652413842e+00
7.575163177846727649e+02 1.916102186926867034e+03 1.087395527431915143e+00
9.497049881411162460e+02 1.903531351808612726e+03 2.900444724368048899e+00
9.392755677764355369e+02 1.668099514258584350e+03 2.708830524176653931e+00
1.109222923999665909e+03 1.678191223539535258e+03 2.505196119809221411e+00
1.069540110750688200e+03 1.717278389674218943e+03 2.618011931965137151e+00
1.027943307494491592e+03 1.757799893900844836e+03 2.545113058727847211e+00
9.128776301128768864e+02 1.773318512756708515e+03 1.527289479450767429e+00
9.854108141831145531e+02 1.786408346464013448e+03 2.279809298268953288e+00
1.098435976562088626e+03 1.833141090776982082e+03 3.798498727226984339e-01
9.942068602185363488e+02 1.865206387141730829e+03 2.753054342144385824e+00
1.124684547012328039e+03 1.882144496838513078e+03 7.764921679376315389e-01
9.476350077184542897e+02 1.903743705053278973e+03 2.899125411572321731e+00
1.205156852731590789e+03 1.668444244523659336e+03 9.348360784141924729e-01
1.108165283384476652e+03 1.678947939535707292e+03 2.398517173769716404e+00
1.067684070599111692e+03 1.715047006160384626e+03 2.509797766591687296e+00
1.220814339549975784e+03 1.732387919113141606e+03 8.312541572330671702e-01
1.301563158109322103e+03 1.755732653858035974e+03 1.871192996877112602e+00
1.027715185840701452e+03 1.757201193804607783e+03 2.439218927799280845e+00
1.238466077381294099e+03 1.803834728711015032e+03 2.922025070913748745e+00
1.098327325770188963e+03 1.833291399607497397e+03 3.589903823611317879e-01
1.331689764909939413e+03 1.864687502661960707e+03 1.616161422145036830e-01
1.123831274143822611e+03 1.881679740410041177e+03 7.796060596223814976e-01
1.206431867900111001e+03 1.904143565920755918e+03 1.281297073786381857e-01
1.389803958215314424e+03 1.714327604849706404e+03 6.208452881496305809e-01
1.217257406358402932e+03 1.730910776682938831e+03 8.223366218386919391e-01
1.299857613288698076e+03 1.753534361634521247e+03 1.890439622339313619e+00
1.445127666969560323e+03 1.794541948125664476e+03 4.760543113072346899e-01
1.235521773165119384e+03 1.802933222419435879e+03 2.898332386858300413e+00
1.458041824789804423e+03 1.858534276220259471e+03 7.501008662593953158e-01
1.329765457128892649e+03 1.864066062836502851e+03 1.841350321050807259e-01
1.202390842423553977e+03 1.904426820384247549e+03 9.707651245500284465e-02
1.479824604836765047e+03 1.915435973238711085e+03 1.121262307261786662e+00
1.372094557140761253e+03 1.979093559765051850e+03 3.118970821951862593e+00
1.540437074449606826e+03 1.709887536693634956e+03 1.292802541034836494e+00
1.386650938145183773e+03 1.713610124208997377e+03 4.893605714362752601e-01
1.652421735190536992e+03 1.755036437810372263e+03 2.300805048957688115e+00
1.595820109370691625e+03 1.770963009359596981e+03 1.774582056535216390e+00
1.443669005721782014e+03 1.795164913192613767e+03 3.812228682008460545e-01
1.550703611818257286e+03 1.830985000279875976e+03 1.783316805921764781e+00
1.456812308668901096e+03 1.858830773216456237e+03 6.232493568155300645e-01
1.479761534770459775e+03 1.914049988002972896e+03 9.743667712788280921e-01
1.517401655174005327e+03 1.965773357865754861e+03 9.994104234516375529e-01
1.376600259007759860e+03 1.978769272896101938e+03 3.089456932061215522e+00
1.538899892735865706e+03 1.710892806093258741e+03 1.175750783492307328e+00
1.753473647139940567e+03 1.729407064511409999e+03 2.731111639397248325e+00
1.649388952242366940e+03 1.754524705440835532e+03 2.272296063830577140e+00
1.594774215669992600e+03 1.770782897133534107e+03 1.690618337093849233e+00
1.771854066440784663e+03 1.811436376702235293e+03 8.255795630962129428e-01
1.550390330804782479e+03 1.829902734993760760e+03 1.727276785930195180e+00
1.519371874671714522e+03 1.961280150869239606e+03 9.186957956669934422e-01
1.916656212346423672e+03 1.696171944968532898e+03 1.737470898908967332e+00
1.845651015231586371e+03 1.708281212115708513e+03 1.716437818956154882e+00
1.751182294397382520e+03 1.728542303104834218e+03 2.764205222778981952e+00
1.770260351567563475e+03 1.812044704600210252e+03 8.336248827770196268e-01
1.915596697025551293e+03 1.698944477857978654e+03 1.773729911387550651e+00
1.843545536476862935e+03 1.710946674826659773e+03 1.761654410392454517e+00
2.306873973493464973e+02 1.826152441426496125e+03 7.614387136326771222e-01
3.663673646797981291e+02 1.913609594418428969e+03 2.962630938773824774e+00
3.285109674255987215e+02 1.985416491112771837e+03 2.640440140305075900e+00
3.642605955372201834e+02 1.913470755296126754e+03 2.975793814945244531e+00
3.279606243642985532e+02 1.984840797973054578e+03 2.652079998531521543e+00
8.213592018034992179e+02 1.911903826582754391e+03 1.467478282714083315e+00
7.593558856051866996e+02 1.913607890714154564e+03 1.105864097010262004e+00
9.933912559115906333e+02 1.865963243023115183e+03 2.780384461946614927e+00
8.211685061090872750e+02 1.912493376087325942e+03 1.403875665563103503e+00
7.580913959836572076e+02 1.914072103727294234e+03 1.116678693521142351e+00
9.481930264500761041e+02 1.904076350605430889e+03 2.872753055722739646e+00
1.094684744616644366e+03 1.831278980126043962e+03 5.094973246586118609e-01
9.943182051589344610e+02 1.865008652890490339e+03 2.708856357370868828e+00
1.123687385743270170e+03 1.881283819538592525e+03 8.326446790706184542e-01
9.456684133518633644e+02 1.904209179349693841e+03 2.813144956999870772e+00
1.099172479395734399e+03 2.009863453031251538e+03 2.231318584231864466e-01
1.098409853143138889e+03 1.831476322172602067e+03 4.748110469526552468e-01
1.327476810212814598e+03 1.863259772617037697e+03 2.188252735035500496e-01
1.122819005486972628e+03 1.880844216073606503e+03 8.407675823880125243e-01
1.205734322442289795e+03 1.903562487268322002e+03 1.421323601125592806e-01
1.211017261285135874e+03 2.009526355401291767e+03 1.048601914136928492e+00
1.099023503142666641e+03 2.008796591851668381e+03 1.977427054542095497e-01
1.455551379506206104e+03 1.858835986368514568e+03 7.506743580576853425e-01
1.329722730683038208e+03 1.864289189951141452e+03 1.932643893442040905e-01
1.202588988850171972e+03 1.903730564811285149e+03 1.184827443956971565e-01
1.479775911362731222e+03 1.912969464165602403e+03 1.107612062709310230e+00
1.373494383333392989e+03 1.976017854542236819e+03 3.778358624809047966e-02
1.209180998121525590e+03 2.010337440709738530e+03 1.057413375930997823e+00
1.550867322677431275e+03 1.831345474840503130e+03 1.753945563824412579e+00
1.456472813996869036e+03 1.857969829375277641e+03 6.538582048435547245e-01
1.479659961317752277e+03 1.912953858621701329e+03 9.725699372421844346e-01
1.519654144859617190e+03 1.963867122404891234e+03 9.913494257658123088e-01
1.372841970956603745e+03 1.976030479649197332e+03 3.890080683305383036e-02
1.550045941836977363e+03 1.839810754567790582e+03 1.782481041992555193e+00
1.517827754524036209e+03 1.963671104553256100e+03 9.858567028485457628e-01
3.309209852848375704e+02 1.987001075905798643e+03 2.758007117589802437e+00
1.098301399596273768e+03 2.007723776568419453e+03 3.020484722560560775e-01
1.211384778734730844e+03 2.008305242885453481e+03 1.013361738010053692e+00
1.099404027419707290e+03 2.007576677607190504e+03 2.425404848771246236e-01
1.212270578341142482e+03 2.009235293332619676e+03 1.069882130666602871e+00
