1.336200655668973809e+02 3.765913064056545636e+02 2.933626396832092809e+00
6.518593815982562774e+02 9.092246532809647874e+01 2.903454265029262071e+00
6.529134067584810737e+02 9.226645740463084167e+01 2.923956506441810710e+00
1.305491191148639700e+03 3.080938539923061512e+02 2.009824747288442848e-01
1.412490290566761587e+03 1.624896282630441533e+02 1.694709616713305778e+00
1.500853611273797924e+03 3.105542539502135355e+02 1.101936095003650529e+00
1.305636676350632115e+03 3.080260647796334297e+02 1.160230991920509491e-01
1.412868536551985926e+03 1.614298037430713180e+02 1.745902037205831148e+00
1.500046447431486058e+03 3.085071571400460471e+02 9.494870151998677787e-01
1.525755788004334363e+03 3.650570044690182385e+02 8.655400489214644111e-01
1.704438629707396331e+03 2.637008217804713013e+02 6.711622325341808359e-01
1.704082496927236434e+03 3.358258376615343650e+02 6.456247937645840373e-01
1.802265268683607474e+03 3.491406695095676582e+02 1.020715846186277947e-01
1.526523886037388593e+03 3.614047317776457930e+02 8.653522453801882897e-01
1.704063524624574484e+03 2.646371208345875630e+02 7.252671129978710551e-01
1.893333147506607929e+03 3.252094048114676639e+02 2.856651333383804392e+00
1.703236716891780816e+03 3.371852138430836021e+02 7.498015148597686474e-01
1.802521180882883073e+03 3.458894337158963594e+02 1.486004253004928888e-01
1.891829911112301943e+03 3.260122653629692877e+02 2.971633063096740912e+00
1.335830221098331094e+02 3.750366033629248932e+02 2.933159379291883528e+00
9.773006030753433606e+02 4.476289287359894615e+02 1.272029024974383749e+00
9.927275656128872470e+02 5.288901202258687135e+02 1.059034581224843841e+00
9.764616016206298355e+02 4.471713740347094017e+02 1.246389606627037017e+00
1.164694938845307661e+03 4.643949486859189619e+02 1.312918830237379764e+00
9.902671759571881012e+02 5.280925500299329087e+02 1.079005367166010032e+00
1.308006106474777880e+03 3.070134268026156974e+02 8.989544548952439415e-03
1.331247372826851915e+03 4.359029639789187058e+02 1.381905266667753152e+00
1.245126012953869804e+03 4.413059295843667087e+02 8.120120196236446652e-01
1.161808048739387914e+03 4.645691918731862415e+02 1.300495117243218646e+00
1.238067104426903143e+03 5.004124928540304609e+02 1.590549638022672463e-01
1.500562114901091263e+03 3.089675010618066153e+02 1.050319602847540557e+00
1.305721662283492151e+03 3.071279330365862279e+02 2.814155184640679264e-02
1.413455663786441846e+03 3.880330482014944664e+02 2.807972778825596372e+00
1.327926740595727324e+03 4.349735373216994958e+02 1.325412333833145162e+00
1.243779036098441338e+03 4.429171149753709642e+02 8.455232731446741257e-01
1.370249613602041791e+03 4.596143311192836336e+02 6.732571284111878995e-01
1.479205640015420613e+03 4.704444964258700566e+02 2.228719841889001074e+00
1.237397829460134744e+03 5.008870939704720513e+02 1.900507439355771933e-01
1.375253253843470247e+03 5.306117396730412565e+02 2.527331609018438896e-01
1.500172463022656984e+03 3.084547190677086519e+02 1.022913367462885859e+00
1.526796120524424623e+03 3.630639161196720579e+02 8.972862601014415240e-01
1.412511324323892950e+03 3.881301134811768634e+02 2.830630580518482375e+00
1.586204764513962118e+03 3.975444287790461431e+02 6.960235944434102207e-01
1.655938201376798133e+03 4.153812890457954836e+02 7.329903368330634716e-01
1.369832318943469772e+03 4.603084915027162651e+02 6.375199061316473292e-01
1.481037485788192271e+03 4.755987595638314360e+02 2.557994222572501641e+00
1.612554112128523002e+03 4.983148283399843876e+02 3.091024341002723386e+00
1.374412626840581879e+03 5.288546530962141787e+02 3.772210326412477333e-01
1.704345646771097563e+03 2.657563772539047022e+02 7.363236564182219501e-01
1.703893233134990851e+03 3.354131842474932910e+02 7.052338631511574363e-01
1.803921859720310295e+03 3.461942813780564734e+02 1.073616907913517299e-01
1.524162907111345476e+03 3.631495167067162129e+02 9.591242240453159429e-01
1.584453897425217974e+03 3.977297162809636575e+02 7.173407113212345587e-01
1.790576118544016708e+03 4.014169948874355214e+02 1.910506146921067683e-01
1.655222283910621400e+03 4.153036863407032797e+02 7.827138643963122977e-01
1.710698066913532784e+03 4.581405944713899316e+02 3.283312840521993570e-01
1.792224663722513014e+03 4.845521461291480136e+02 2.574358300765949292e-01
1.612309591850836341e+03 4.989172026115595600e+02 3.065914863291951953e+00
1.716055569455193108e+03 5.379823192514519405e+02 3.022742949701871407e+00
1.702128364660784428e+03 2.624969202896789398e+02 7.697977043356440952e-01
1.893108589088202734e+03 3.243658615958711380e+02 2.782143550966326817e+00
1.703473160840221681e+03 3.356575670992064033e+02 7.523934578204004575e-01
1.802921167501535820e+03 3.451506702567066895e+02 1.258514531063606445e-01
1.789794007635777689e+03 4.013818567880584851e+02 1.491458658291923978e-01
1.931068628875621471e+03 4.522697104426969190e+02 1.683900836090870268e-01
1.707857453570900361e+03 4.577038893946212283e+02 5.081049782774774703e-01
1.794352764817730531e+03 4.825269402388662456e+02 2.879807397606443664e-01
1.720553106217372488e+03 5.371575250309392686e+02 2.883683163968782104e+00
1.892896432215065943e+03 3.247799018257171042e+02 2.877655315222724663e+00
1.930330869064755007e+03 4.528423490955116222e+02 2.537670791667842041e-01
9.770311042410444315e+02 4.463723901343138323e+02 1.227877029115945540e+00
9.904767909475149281e+02 5.283801709916249365e+02 1.072076041262593593e+00
8.583401948107725730e+02 6.859110467938905913e+02 1.493101372235414503e+00
9.239973426469186961e+02 6.964304542730483263e+02 1.279678799278793022e+00
9.763571573576573428e+02 4.481732644954994385e+02 1.281457199344493203e+00
1.164304549926838035e+03 4.626418493353370422e+02 1.300481564944618862e+00
9.897431951252126510e+02 5.293075032590706996e+02 1.119223718875940188e+00
1.070282934532513082e+03 5.491972987494737026e+02 1.212834107670016204e+00
1.147996998103701117e+03 5.579743640398196476e+02 4.941112300233846955e-01
1.041755026952703020e+03 6.535794123083007889e+02 9.830392895261280684e-01
1.131480266958538095e+03 6.555099112040981026e+02 5.426455454168540582e-01
9.226662534521656198e+02 6.945089926107127667e+02 1.271568621585954739e+00
1.331868345857892564e+03 4.357663637644972141e+02 1.375874002737567547e+00
1.245250090283678446e+03 4.419301205514068442e+02 8.265638736113115614e-01
1.163060662130988021e+03 4.640521348668960400e+02 1.331767993126108385e+00
1.237296246984394202e+03 4.987809939322218042e+02 7.173301969785277066e-02
1.069819180066919898e+03 5.498223857832894055e+02 1.255212701686652776e+00
1.147018209911035456e+03 5.581889205150237103e+02 5.599425594122668937e-01
1.287236730321662435e+03 5.742206141553413090e+02 1.460700906536114563e-01
1.041714551826740262e+03 6.530620811034031021e+02 1.041336353912292179e+00
1.129273736623858213e+03 6.547184130412408649e+02 6.108856019896465872e-01
1.266863329345196234e+03 6.988735349014198164e+02 9.832572518218234414e-01
1.328770918942948128e+03 4.343336317988499786e+02 1.330130189902407611e+00
1.244271712131555205e+03 4.418102120884793749e+02 8.144042810242586583e-01
1.370979189064324601e+03 4.586586938597594099e+02 6.712969044261478668e-01
1.476721163674495756e+03 4.838566752351597415e+02 2.227380677481942239e+00
1.237069483128855609e+03 4.996001234705593106e+02 1.522900603613674131e-01
1.375304083557471131e+03 5.277918028136751900e+02 2.513793078260407321e-01
1.285354229677163403e+03 5.742725153926620578e+02 2.306292304697216689e-01
1.264744073418528160e+03 6.986980224183344035e+02 1.007160537295330505e+00
1.414350930388545976e+03 3.866950035069153273e+02 2.971245530006779934e+00
1.584599187895659270e+03 3.954632087191318988e+02 6.672433222092699623e-01
1.646780607487471343e+03 4.133028806937172703e+02 6.430918315708344934e-01
1.366274266674754926e+03 4.583505198248316219e+02 6.028702071474225654e-01
1.479725343198380415e+03 4.754139106373370396e+02 2.547156570230790340e+00
1.611989185763106207e+03 4.958341154598228968e+02 4.883699119560990648e-02
1.372520246958609732e+03 5.279665574871967237e+02 3.143029511307334767e-01
1.641049345321291185e+03 5.477591603339861877e+02 2.917876312587591503e+00
1.553237555828154655e+03 5.886828864394385619e+02 1.963964228087993646e+00
1.504312571506367703e+03 6.417575155551047601e+02 2.608143460124505708e+00
1.655875933140830284e+03 6.937877167443399458e+02 2.499389392698926571e+00
1.621047235812604868e+03 6.046745224365669173e+02 2.189074211399535841e+00
1.583626796224820964e+03 3.939085490815710955e+02 7.069633010449339894e-01
1.789828423762151488e+03 3.981912072544662351e+02 5.913291442646774199e-01
1.653601392368836514e+03 4.146936043352981187e+02 6.932652533551932894e-01
1.710226863111844068e+03 4.566463746009926581e+02 3.619319496894848887e-01
1.792086710635854843e+03 4.816365392280508786e+02 2.913682588228351245e-01
1.612139976589949356e+03 4.983389666365027324e+02 3.119475958126994186e+00
1.718948618242380917e+03 5.333619906933868151e+02 3.014331158687021173e+00
1.645467028966175576e+03 5.515081200373591628e+02 3.111977609550030888e+00
1.553025730767311188e+03 5.883525833167975634e+02 2.001201841235417334e+00
1.731995100817043067e+03 5.996494601592266918e+02 5.526483672306545802e-01
1.621167048280128483e+03 6.063897567154274384e+02 2.189666907255438222e+00
1.748492486878517866e+03 6.493019407772442264e+02 2.791876528885597897e-01
1.661506900617171141e+03 6.953252398898941919e+02 2.643949221059759491e+00
1.788479389250916256e+03 3.981887569458274356e+02 1.283711997396371762e-01
1.932115917390907725e+03 4.516704573479784131e+02 1.917415289753499619e-01
1.707086917929857464e+03 4.560444894498625672e+02 4.491126087907036935e-01
1.793458089390324403e+03 4.815504359121720199e+02 2.773563065874241063e-01
1.717620805366204195e+03 5.329405010415525794e+02 3.024709574045799432e+00
1.836230387959911923e+03 5.635167396102037856e+02 9.258334249246141789e-01
1.920064416384524520e+03 5.845297063013306342e+02 1.927206338024523458e+00
1.730339017793980247e+03 5.990229978054801450e+02 5.360206298413657811e-01
1.851335099005530765e+03 6.759372900983953514e+02 1.963839274038603477e+00
1.746827495939795654e+03 6.498730362055823662e+02 2.978129265871673481e-01
1.929975114713256062e+03 4.518001330902286554e+02 1.971693302241166457e-01
1.836220007608253809e+03 5.618685228127353639e+02 9.251347415577381161e-01
1.920056642405411822e+03 5.844002477055980762e+02 1.960319037217220117e+00
1.848436992952900255e+03 6.720585466373320287e+02 2.019172865295679742e+00
1.586765518764261174e+02 7.143939183879840584e+02 2.802379725331914262e+00
2.977044889879060747e+02 7.906937249826271454e+02 1.903747498417873274e+00
1.148889451126715358e+02 8.208362334921200727e+02 8.170564378917825055e-01
2.966109716062468351e+02 7.908238020452073442e+02 1.969087891653581446e+00
8.586603989332428455e+02 6.865331673090450977e+02 1.487908845532926350e+00
8.579984680295497128e+02 6.852823414560062929e+02 1.461201813237757330e+00
9.235438560773482095e+02 6.971962765190635309e+02 1.194243541251427843e+00
1.070091158688250744e+03 5.484043337775017335e+02 1.205983492224740772e+00
1.143324921520337739e+03 5.590525523892426918e+02 5.293287972506661720e-01
1.041679777541341991e+03 6.536633839003141020e+02 9.787281973280732572e-01
1.130398253967282017e+03 6.535933526293119940e+02 5.604496445797375603e-01
9.223626918940387895e+02 6.976631059910916974e+02 1.228414970562981434e+00
1.066866158732560507e+03 5.469369528383210763e+02 1.131162489076664279e+00
1.146128947526737420e+03 5.552202734642917221e+02 5.417781897667492963e-01
1.286030443566964323e+03 5.729382927173057851e+02 1.319302280663808558e-01
1.038199571730303660e+03 6.530181919583369563e+02 9.074134664619820656e-01
1.129297986365141014e+03 6.531372097495824391e+02 5.736300313752521474e-01
1.265100493020814383e+03 6.984165648545173326e+02 9.331470717482241994e-01
1.265641694152170885e+03 7.643972671144676951e+02 1.232436828304606102e+00
1.191863824208634924e+03 7.987864175971168379e+02 1.966466996914356002e+00
1.333336897521066021e+03 8.333074024619766078e+02 1.968399131115227130e+00
1.283929480192974779e+03 5.727795734182757315e+02 2.296542921625358558e-01
1.263278730254689435e+03 6.975965162330383009e+02 9.353228144028394864e-01
1.490920730297621958e+03 7.059362637887719529e+02 3.259235335238018783e-01
1.264900754237107776e+03 7.632611791738222564e+02 1.212128159453306653e+00
1.188656521866678986e+03 7.950115578651765418e+02 1.903764748475310631e+00
1.423748923053257158e+03 7.872616020383896966e+02 3.026478950127608591e+00
1.331579789254825755e+03 8.362788930347044243e+02 1.850188719313929475e+00
1.442459861457050920e+03 8.534783537444873218e+02 2.756387133903458686e+00
1.552462243764173991e+03 5.877530394497846373e+02 1.984803032246979404e+00
1.622945720029780887e+03 6.043707020132501384e+02 2.143949547744607997e+00
1.503528639457837471e+03 6.410788135880417258e+02 2.650763153270521588e+00
1.490171912808536490e+03 7.067951905154483256e+02 4.071208404648495316e-01
1.615488353805135375e+03 7.276790516020807900e+02 2.522856959737021398e+00
1.573478569242137382e+03 7.544928206518989100e+02 1.882287360267477672e+00
1.421893907413224724e+03 7.881217872385224155e+02 3.092848039486180589e+00
1.441094096865691199e+03 8.583461925632784641e+02 2.763980526795386528e+00
1.647711112739310011e+03 5.493698750115162284e+02 1.704935980586773370e-02
1.554323240887984866e+03 5.880745245693271954e+02 1.892592951817326119e+00
1.620793755776056742e+03 6.061688985041153046e+02 2.184935211755969942e+00
1.729887100746660280e+03 5.973057965244057641e+02 5.242710696462598019e-01
1.748468071911874858e+03 6.494955807029340349e+02 3.122111626534127549e-01
1.663235989607825786e+03 6.912703610242999730e+02 2.770499993126852356e+00
1.805075518771601310e+03 7.176849452264685851e+02 2.894095280362045219e+00
1.613634485164950320e+03 7.278763436960930449e+02 2.513523427108323105e+00
1.572593479302801597e+03 7.544612752852926860e+02 1.884931630908335043e+00
1.797417750766454219e+03 7.909752953233059998e+02 6.196845724849209258e-01
1.836571269316347525e+03 5.622345255393101979e+02 8.506034738013503738e-01
1.920579855304624289e+03 5.834623623052890480e+02 1.941956551994771685e+00
1.728073389991952581e+03 5.968294829718581695e+02 4.268036647405834549e-01
1.746933572360001108e+03 6.493389600248500528e+02 2.691661611945198040e-01
1.851591282010652776e+03 6.748453534180741826e+02 1.987604070750511598e+00
1.803812184371610783e+03 7.176357919471874993e+02 2.907410840874461666e+00
1.796588464360202806e+03 7.885684317336870208e+02 6.153231430420815773e-01
1.842975457051262993e+03 8.159521418879548946e+02 1.337281097255181184e+00
1.838164874199580026e+03 5.543814807938515514e+02 8.842910058189662470e-01
1.920298388118385446e+03 5.840903938302298002e+02 1.983980557203202100e+00
1.851643652252278116e+03 6.742973154573270449e+02 2.056533692604094021e+00
1.842418092710065366e+03 8.116473640025023997e+02 1.255576889509300020e+00
1.596521695644711372e+02 7.139613877156940589e+02 2.793047193594350386e+00
2.978143501419260701e+02 7.907534756574652874e+02 1.890365004324883191e+00
1.155989834929071662e+02 8.199751049009771577e+02 8.246986307090252710e-01
2.233927584505200343e+02 9.954629115946140701e+02 2.894260271924573136e+00
2.965967923290833141e+02 7.894940390336300879e+02 1.939758244746598415e+00
9.687311504072524713e+02 9.641771486036955139e+02 2.216303989725310508e+00
1.178682022216964924e+03 9.023111028074213209e+02 2.533858570199174931e+00
9.672033148714140225e+02 9.640247679167277965e+02 2.155602492278731575e+00
1.265131146268425709e+03 7.643900439449532769e+02 1.103504130966733721e+00
1.191038770354881308e+03 7.971200889993870078e+02 1.911455317781261209e+00
1.334137412712716014e+03 8.356516917289249022e+02 1.859703338470347411e+00
1.260387083626581443e+03 8.800776722661926215e+02 1.591153854972012560e+00
1.178865174921106018e+03 9.036193323955956203e+02 2.569765441795921035e+00
1.283459148595459737e+03 9.456806004375480370e+02 1.451869998030236086e+00
1.265683167799044440e+03 7.622058392825016426e+02 1.138346900131721018e+00
1.189921994651622754e+03 7.980091552639511292e+02 1.888722309212255812e+00
1.425287595402272473e+03 7.871230128937531845e+02 3.103779811402280320e+00
1.332170817153182952e+03 8.358102812404242741e+02 1.817404851558745982e+00
1.445322005288111541e+03 8.545864678271370849e+02 2.774213036722569026e+00
1.260118506709465464e+03 8.811428805009200005e+02 1.621919542848385909e+00
1.387693880281555721e+03 9.035147254279609115e+02 1.741994077779783545e+00
1.282545147150574621e+03 9.446038820677122203e+02 1.495223921545892898e+00
1.334699699903155533e+03 1.016392804244197123e+03 3.611174498282921363e-01
1.620324042877754209e+03 7.249972841511969364e+02 2.462335688132619271e+00
1.573671825672158775e+03 7.531697016888048211e+02 1.934629870932440765e+00
1.423242742088410296e+03 7.866266590431040413e+02 3.088314632489869371e+00
1.444868178762905245e+03 8.551479551677126665e+02 2.732979185255530297e+00
1.386753632050169472e+03 9.046059844515070836e+02 1.730305567457416815e+00
1.794415213564157284e+03 7.151519943092076801e+02 2.925866193425384232e+00
1.614607352921301526e+03 7.269959310734127484e+02 2.546401338805403203e+00
1.571742900876511158e+03 7.551179265930608153e+02 1.955533620772576642e+00
1.793611168979128252e+03 7.901691817210580666e+02 6.978339128050140561e-01
1.802493742477882961e+03 7.154635814419568760e+02 2.986108281511874463e+00
1.794778662339767152e+03 7.886080736441377894e+02 6.509286266531862930e-01
1.842963873285950285e+03 8.151795673440651626e+02 1.349182427031503373e+00
1.841585164942860047e+03 8.135708822347493197e+02 1.427064231832175345e+00
2.224862624032411986e+02 9.934803209549636449e+02 2.895980810718252307e+00
2.702224413099370963e+02 1.137917907523646818e+03 1.472801112883768582e+00
2.703535421754246499e+02 1.135274659440701271e+03 1.504937868209215157e+00
4.802716641799897843e+02 1.129015048334809990e+03 2.998161318485958127e+00
4.773353739852600484e+02 1.129064245211853176e+03 3.004967043664505510e+00
8.073985855144101151e+02 1.041812472764586801e+03 2.018639052488552466e+00
9.681008585448296344e+02 9.621092210655160670e+02 2.191302126020047147e+00
8.052524926687032121e+02 1.040559634973832544e+03 1.998999246305635857e+00
1.004072426178697242e+03 1.144067253052197884e+03 2.026288037137145892e+00
9.173736662114683895e+02 1.158537636268151118e+03 9.940851511690016462e-01
1.179654294018751443e+03 8.968271219342352651e+02 2.564269987806254925e+00
9.675360276516103113e+02 9.611970811239611976e+02 2.208538072198968472e+00
1.118961224648352072e+03 1.056638409400269211e+03 1.538962212910234939e+00
1.054799904491025700e+03 1.059227518151474442e+03 2.028564526411579916e+00
1.173155000802741824e+03 1.103111975874824566e+03 1.255442145414840782e+00
1.002519652318394492e+03 1.146242237652332051e+03 1.999887445976218370e+00
9.185749823214582648e+02 1.154155562408531068e+03 8.700300947393343476e-01
1.063288345486628486e+03 1.177845513691211181e+03 1.207618285428702976e+00
1.262374898717216638e+03 8.823497063076263203e+02 1.730646942192259230e+00
1.179427681424371940e+03 9.021534188211901437e+02 2.551162798178554070e+00
1.283761511888447330e+03 9.429486978108679978e+02 1.491501412099964341e+00
1.335252108644531745e+03 1.012530304000147453e+03 2.674409701434706799e-01
1.054243248228872744e+03 1.060004645779077919e+03 2.044048016611092589e+00
1.117378458343983993e+03 1.058707005861172092e+03 1.558395756397877419e+00
1.247114712280428193e+03 1.101274988105223429e+03 1.405499514678895334e+00
1.170664719370301782e+03 1.104232535066714945e+03 1.273224989214536418e+00
1.272547976649111206e+03 1.153448945099446519e+03 8.287850455093610513e-01
1.061319715344931865e+03 1.175843610391405491e+03 1.133699048870618897e+00
1.260513770403301123e+03 8.806902587403951657e+02 1.625020897449152457e+00
1.387340866110821707e+03 9.013163030346997857e+02 1.757395240266796277e+00
1.282807241984432721e+03 9.430129988106982637e+02 1.499422986542399805e+00
1.335290011079076976e+03 1.012758578844420072e+03 2.990043805318809977e-01
1.441525365595055518e+03 1.052873570218259829e+03 2.692879897317990601e+00
1.245816831591605023e+03 1.101620668836191726e+03 1.419380242487535915e+00
1.403616602807743675e+03 1.086921894176570277e+03 2.631557300915302822e+00
1.348991776987346839e+03 1.146824400669416036e+03 1.710400947277150197e+00
1.268188454585973204e+03 1.152620585972561912e+03 8.208639426449964027e-01
1.386983548870400909e+03 9.024167179959576970e+02 1.671657076364209571e+00
1.514852672448078010e+03 1.024836431197509910e+03 2.990529108303937367e+00
1.440738091692517628e+03 1.053529240310161413e+03 2.567507738949503793e+00
1.402889418998552401e+03 1.086782552758475958e+03 2.521026260929295493e+00
1.512201288710251447e+03 1.141682578875415857e+03 2.567777615584764028e+00
1.646869280777543281e+03 1.179224390365079216e+03 2.361003900133122002e+00
1.515667103924638013e+03 1.025254282411298846e+03 3.019937059138097180e+00
1.512799605359189400e+03 1.143177850165139489e+03 2.563098257551851500e+00
2.699310454346253891e+02 1.139482156292125865e+03 1.453078014096283788e+00
1.963391261131786223e+02 1.182313167181678409e+03 2.748023228908502258e+00
3.234652537921251678e+02 1.271622781198970642e+03 3.008778514852471275e+00
6.712902569584116463e+01 1.322385111537965258e+03 2.841636956166699424e+00
2.690054846940476523e+02 1.139482314274741839e+03 1.480936741698631209e+00
4.783881226137029898e+02 1.127924940630428409e+03 2.926738382635244218e+00
5.392953852634536815e+02 1.266718660749275386e+03 5.071196324582721848e-01
3.218439676713569497e+02 1.271538236024164689e+03 2.941074990885204965e+00
4.767057586732818208e+02 1.127316246510155679e+03 2.920048495915122722e+00
5.395418528539750014e+02 1.264410583539334766e+03 4.680426493741335348e-01
5.861611506568783625e+02 1.332806983696756333e+03 1.467410560894707450e+00
8.094875668692873205e+02 1.040942354373718672e+03 2.042686289499791030e+00
5.858895316037160228e+02 1.331366047164804513e+03 1.451399932136147042e+00
8.043828809209705923e+02 1.039918875890848085e+03 1.959787985492129403e+00
1.004338312189076987e+03 1.148518743531141126e+03 1.984902434028571028e+00
9.176014500680980746e+02 1.157241364736856667e+03 1.001518559531692887e+00
9.925007297425052002e+02 1.247963465710615765e+03 2.778310506295188720e+00
9.477903615950140193e+02 1.288405031098020117e+03 2.805617392545466604e+00
1.055484921556595282e+03 1.059821568516390016e+03 2.041562295167427266e+00
1.118250831710221746e+03 1.058004013776726424e+03 1.561031675226953297e+00
1.171930972502292661e+03 1.104402149832874329e+03 1.334870233913200810e+00
1.002708844877229012e+03 1.147606439523468225e+03 1.998255262397647725e+00
9.171530982015676727e+02 1.157663925933155042e+03 9.392903195297969132e-01
1.062275745687477411e+03 1.178035350645654262e+03 1.243519509858932004e+00
1.114098760923041027e+03 1.209422762166371285e+03 1.435413608771925587e+00
9.914995413142917187e+02 1.247450973407094125e+03 2.827666210998923901e+00
9.479760305558975233e+02 1.288227807642728749e+03 2.791439148658202196e+00
1.117350021859370599e+03 1.056043299523642872e+03 1.613819113243062819e+00
1.053054775301829750e+03 1.058952369735424099e+03 2.101305024959875922e+00
1.247919244341743251e+03 1.099511953669734339e+03 1.456253438437067116e+00
1.171168363074844819e+03 1.102070921986130770e+03 1.295618620929435361e+00
1.271643102733825344e+03 1.150242637548367156e+03 8.151717278738235262e-01
1.061258697981761316e+03 1.177260989388166990e+03 1.242932219108604963e+00
1.112902733607038726e+03 1.208571178859297106e+03 1.459009552183402780e+00
1.284910359421030080e+03 1.316143569502109585e+03 1.268772493802246659e+00
1.441516879915107666e+03 1.050830052900843839e+03 2.729928315981092535e+00
1.246276072897077029e+03 1.100810091601176509e+03 1.446516137848548045e+00
1.403287012923638031e+03 1.085013514117436898e+03 2.615808042769232955e+00
1.349026986334255753e+03 1.145066235041625760e+03 1.701545164045561886e+00
1.270198981401292713e+03 1.150885676401006549e+03 8.937085600026285492e-01
1.457160194752066445e+03 1.193340282550461097e+03 2.778188405520556348e+00
1.417461737641062200e+03 1.219298526875989410e+03 2.284106196296867175e+00
1.368382906600390470e+03 1.268984517253274589e+03 1.685008689281801253e+00
1.281213430182377806e+03 1.318016268551265284e+03 1.233873363890542585e+00
1.438791212809726403e+03 1.052185854150932073e+03 2.703067624267958990e+00
1.402313301079651410e+03 1.083972053204382973e+03 2.610336986367815637e+00
1.511135958912060914e+03 1.140431249465765177e+03 2.607132782818428751e+00
1.651443723263298352e+03 1.183263048707431381e+03 2.442929692972537037e+00
1.458644583137504696e+03 1.194389051802256063e+03 2.796327823796881606e+00
1.416274401408942595e+03 1.218759940984793275e+03 2.189052152934811257e+00
1.569298660593094610e+03 1.227946078137099221e+03 2.758289296117921729e+00
1.365806129224261440e+03 1.267211250007541139e+03 1.595625298671549563e+00
1.605098381369802155e+03 1.328883419304017252e+03 1.875784059667666481e+00
1.512266412262523318e+03 1.141467752556517780e+03 2.622099000631858523e+00
1.649366908406685070e+03 1.182094283280886884e+03 2.418791718012546887e+00
1.568774958101001175e+03 1.227587199839936829e+03 2.797630223307140174e+00
1.675325809911399574e+03 1.308115574570633271e+03 2.726443966627944970e+00
1.602841497906963696e+03 1.331341761727020639e+03 1.907530825497369076e+00
1.516981323226511677e+03 1.339175297833891591e+03 2.543484698203684946e+00
1.674894820849808866e+03 1.307978365920054330e+03 2.721518671560175129e+00
3.240307024596137921e+02 1.271624920775420605e+03 3.006001590824774805e+00
6.618188618175892657e+01 1.318376416389501173e+03 2.976843205821270821e+00
3.196198281154030383e+02 1.270226290016648591e+03 3.006875267677286079e+00
5.361751130066088535e+02 1.264467091742705406e+03 5.193525683992067377e-01
5.206341175954701157e+02 1.388545801318428175e+03 2.424427759030036711e+00
5.396167582894033785e+02 1.263203638212381065e+03 4.386776088245219474e-01
5.861825554376432592e+02 1.330377093661521712e+03 1.485499990193289488e+00
5.212049496346339765e+02 1.388293797668603929e+03 2.471088919656735161e+00
6.285546058600866672e+02 1.429722577927787825e+03 2.990903485957414176e+00
5.786069874486488516e+02 1.492944290074183527e+03 1.805404880189632522e+00
5.862773813267817786e+02 1.329438850435564291e+03 1.535827223219080828e+00
6.295101266267953406e+02 1.429317602960876002e+03 2.951530228765639752e+00
7.530420760279824890e+02 1.450696159391022547e+03 9.824519889138636497e-01
5.765514491464856519e+02 1.487962878065212180e+03 1.961466306145232874e+00
8.516152759582940917e+02 1.482158962969096137e+03 2.787025645187282574e+00
9.944298760721362669e+02 1.244545289159719687e+03 2.767190999644155269e+00
9.477217228402000728e+02 1.286569603533108648e+03 2.715881813672236689e+00
9.678633397931234867e+02 1.455516031946873682e+03 1.708214535644728249e+00
7.496522288797353895e+02 1.452490782797021666e+03 9.797518264721033487e-01
8.506782949887079894e+02 1.480261578020862089e+03 3.029408367868471785e+00
1.112522484004685566e+03 1.210221556723629192e+03 1.506604842797268473e+00
9.913493752971339745e+02 1.246256825001667039e+03 2.763839638937810594e+00
9.472667519370725131e+02 1.287338573424343622e+03 2.724239673012332386e+00
1.050305631043026324e+03 1.369196360080261002e+03 9.781803514852345227e-01
1.123937317052495928e+03 1.368934969617951083e+03 1.043343772889897991e+00
9.667047695671371912e+02 1.456225958592066036e+03 1.707808358403035021e+00
1.169475764363068492e+03 1.441939674855908834e+03 6.313467579122766793e-01
1.034007546686721071e+03 1.473726092872578874e+03 7.694611550562402424e-01
1.111761031783544240e+03 1.206231097544688055e+03 1.583111463892226789e+00
1.283200174523131636e+03 1.314877366871684217e+03 1.395366690586487435e+00
1.049395919810885061e+03 1.369022305029081053e+03 1.026168865067204949e+00
1.196432655996756921e+03 1.360546102031266855e+03 7.977401109926965939e-01
1.122884867066226889e+03 1.368334382088363554e+03 1.086716656309695717e+00
1.287336145096862538e+03 1.401461490824171506e+03 7.020150482374856171e-01
1.169539748125213009e+03 1.439974650096769437e+03 5.859145251242001695e-01
1.033392196487871161e+03 1.473550081282745396e+03 8.149176347836597500e-01
1.340320322186316162e+03 1.463122051640970994e+03 3.000215591637588997e+00
1.463314654366810146e+03 1.192521878386235358e+03 2.659860648787371940e+00
1.417992438405123494e+03 1.218030224064023514e+03 2.252795624078343106e+00
1.368014086163555476e+03 1.267278993850261941e+03 1.731201921662365750e+00
1.281654813209427175e+03 1.315450403426755656e+03 1.299852688464420147e+00
1.469558883675381367e+03 1.356263113617814042e+03 1.960442926280179243e+00
1.409862240649537625e+03 1.368399720671447085e+03 1.787223021005353463e+00
1.192814760806537834e+03 1.361629363400815919e+03 7.614759796817955895e-01
1.285301775484033669e+03 1.402304814205744378e+03 7.163597954096692089e-01
1.340564107971305020e+03 1.461347079360698444e+03 3.114770087835374568e+00
1.467950795254360855e+03 1.471970250510944879e+03 1.880182504144750286e-02
1.458124454063111671e+03 1.193147748322835696e+03 2.747314630687696102e+00
1.414431624039597864e+03 1.216789431155640386e+03 2.206507318789822758e+00
1.568775359152922192e+03 1.227128158068213452e+03 2.772245185100474352e+00
1.365262492002673298e+03 1.265491318373083914e+03 1.679330836232107105e+00
1.604506954454928518e+03 1.329299066736078657e+03 1.938266084202368456e+00
1.521598295324410174e+03 1.341594758353884345e+03 2.267733968405473366e+00
1.468096462095883908e+03 1.356004130352702532e+03 1.826985903202499317e+00
1.408871879913011071e+03 1.367549874072534749e+03 1.671887143327414726e+00
1.610325387245083675e+03 1.448050589438559655e+03 1.954470568432939537e+00
1.470088638003175902e+03 1.473467761122495631e+03 1.558307821393570824e-01
1.577254418394580625e+03 1.499845604688203366e+03 1.837969553166644454e+00
1.566204156353469671e+03 1.225840277390836718e+03 2.823689057783421497e+00
1.673905688551376898e+03 1.307616539454193571e+03 2.763241360178642747e+00
1.603419502457572662e+03 1.328242265082208178e+03 1.891039217348908563e+00
1.520698351086126650e+03 1.339994378197672177e+03 2.297544286416014714e+00
1.810521063338509521e+03 1.370178334586887104e+03 3.061726844291723371e+00
1.735089693387081752e+03 1.412913473469531709e+03 1.836088782316351420e+00
1.608683598441310323e+03 1.447528137430297647e+03 1.912740555619688143e+00
1.804527344019539441e+03 1.428450733791360790e+03 2.023966182281208503e+00
1.688189547729194146e+03 1.468884415562030426e+03 2.366378658778610866e+00
1.572251335567003707e+03 1.501283601194247240e+03 1.587847266414167402e+00
1.672721149630893251e+03 1.306899321072334260e+03 2.721071391501939551e+00
1.809192519031711754e+03 1.367193564172843253e+03 3.032168771941393892e+00
1.733480023100763901e+03 1.411989931711390454e+03 1.879240918432617979e+00
1.804616341635833123e+03 1.432279813392981850e+03 2.244075224768264487e+00
1.684873780971533279e+03 1.470219127086313620e+03 2.429401896404896899e+00
2.755513394267826470e+02 1.546006412985370844e+03 1.664677204350598627e+00
3.447815436428208500e+02 1.607882193027889343e+03 1.818591145328045888e+00
5.217541022288492059e+02 1.385935626105360370e+03 2.609887493279553272e+00
4.551946148998656554e+02 1.541475800561191363e+03 1.170428478135196793e+00
2.743972017652557156e+02 1.546288494794529470e+03 1.653596343994959472e+00
5.242575283642697741e+02 1.589316601997160433e+03 1.981459156883775163e+00
3.427221705754793106e+02 1.608494279893880957e+03 1.789999563258357407e+00
5.208898753442550742e+02 1.387742102700991381e+03 2.544955250717174433e+00
6.273399591464459490e+02 1.429782648508647299e+03 3.046796516888730988e+00
5.790372564460208196e+02 1.493916946796390675e+03 1.772567958354238415e+00
6.463010958298098103e+02 1.524988754258281915e+03 1.580643389047189373e+00
4.545139274232232083e+02 1.542607274955863659e+03 1.132925288895776150e+00
5.237280166956504672e+02 1.590940515065087766e+03 1.922076591686268321e+00
6.073635678105357556e+02 1.605860139191884400e+03 2.652706358658675878e+00
6.260922472736738200e+02 1.429609203166643510e+03 3.013679021581893380e+00
7.521564782430286868e+02 1.451654145166709213e+03 9.422191139128340831e-01
5.781104171659105759e+02 1.492793384508071995e+03 1.768692753648313687e+00
8.536213373449148776e+02 1.480324139816000525e+03 3.111012275439681396e+00
6.448640459606801869e+02 1.524489972748420769e+03 1.600480492599812177e+00
8.118611411761163481e+02 1.520246115537675905e+03 2.842549192655544843e+00
7.526823081098137891e+02 1.574509651627323819e+03 2.637971524404453927e+00
6.988506954419012800e+02 1.584119738373794917e+03 1.678193404719502402e+00
6.054259648113942376e+02 1.606421483582268138e+03 2.577114168975269237e+00
7.517224643378947349e+02 1.451321299466460914e+03 9.862162766205266884e-01
9.676034422531056407e+02 1.453081782109866708e+03 1.640448501962377570e+00
8.526419788950742031e+02 1.479212691834914267e+03 3.072282389102228617e+00
8.099441536452695800e+02 1.519717779569392860e+03 2.774553212880209951e+00
9.575747384088770104e+02 1.547378206675518641e+03 2.867487720884525970e+00
7.503556981004804811e+02 1.572833220057283143e+03 2.574425004126482452e+00
8.825519239802210905e+02 1.591116781466541170e+03 3.076923619226590301e+00
8.789585444503436520e+02 1.645476790212633205e+03 3.091083278320188477e+00
1.051795719048825276e+03 1.365904929465703844e+03 1.034914058173787232e+00
1.123861060401566647e+03 1.367327528619391387e+03 1.052147919638261042e+00
9.663213439622984424e+02 1.453189771674537496e+03 1.719638731973363033e+00
1.171952035579319954e+03 1.437559709332630518e+03 6.591152866252147913e-01
1.034748477512553791e+03 1.472048120622129545e+03 8.142975391010376374e-01
9.554887924193299114e+02 1.547373164276479656e+03 2.824279105773967125e+00
1.092934202274749168e+03 1.577493422688359942e+03 9.651307166526272852e-01
8.836257136868346151e+02 1.593632887700085348e+03 3.038931233999312642e+00
1.149226340983951559e+03 1.641272959947458503e+03 2.120924843944553828e+00
1.048032791630966585e+03 1.364315030194925157e+03 9.911972420803990547e-01
1.196252897646965721e+03 1.357877778836579637e+03 8.557498499536118075e-01
1.123216384519756048e+03 1.363859109657049657e+03 1.092898327114953716e+00
1.287671388129610932e+03 1.399048454564331450e+03 7.555270127625522969e-01
1.169198193605245251e+03 1.437617306739387914e+03 6.305342228748764821e-01
1.030408597210631797e+03 1.471737935144079302e+03 7.617973533012258880e-01
1.195782364636364719e+03 1.511148389422583477e+03 1.394725311066365245e-03
1.286203027113542703e+03 1.567709779620780637e+03 1.393793996884365560e+00
1.091418091702932998e+03 1.577804960427510423e+03 9.431178473675068119e-01
1.202895338449590326e+03 1.604180731098797651e+03 1.595103390405335553e+00
1.316797207379813926e+03 1.616100192863695156e+03 3.837841996251401544e-01
1.148907010367942803e+03 1.646822012052240098e+03 2.115157548585473002e+00
1.191564994199517287e+03 1.354537089551456120e+03 7.773498367317939195e-01
1.471436310026703268e+03 1.360890711062210357e+03 1.989146223877050534e+00
1.411635676822685355e+03 1.365136019615156556e+03 1.752093108335833982e+00
1.285824162233551988e+03 1.400543198458430197e+03 7.521287083634673465e-01
1.341724065284551671e+03 1.460703442196773267e+03 3.092648352737703998e+00
1.473683906628288923e+03 1.471860668656641337e+03 6.686146760732507603e-04
1.193506934020664175e+03 1.511787702453816792e+03 3.790354188055701512e-02
1.472492957774101797e+03 1.517188132595884099e+03 1.420616851117387225e-01
1.285069524583692328e+03 1.568343089180752941e+03 1.328610357434182099e+00
1.201508371857011298e+03 1.601872701115995369e+03 1.617568318657128135e+00
1.407627193714234409e+03 1.613917251685978272e+03 1.482233318124278387e+00
1.482929619496977011e+03 1.613060456309461415e+03 9.996344229642143420e-01
1.317121636675717127e+03 1.616323942934504885e+03 3.684609963731348414e-01
1.468511088420574424e+03 1.353068738465922934e+03 2.660004889894081792e+00
1.410133944172380779e+03 1.365946950054450781e+03 1.686534001750508827e+00
1.610460517961222877e+03 1.446500678371493450e+03 2.057288582954862832e+00
1.471004137932749018e+03 1.471149234175183210e+03 4.454231728285458491e-02
1.573297727596846926e+03 1.502618612141596486e+03 1.907813456320745837e+00
1.472368801680225488e+03 1.518475700649787314e+03 1.539919154932871403e-01
1.636209295546019803e+03 1.599292355553227253e+03 1.967535361264129978e+00
1.405585071463915256e+03 1.614655988929967862e+03 1.404510384154458391e+00
1.480025782847954360e+03 1.610868458817416922e+03 9.215173362619167863e-01
1.534651653415297005e+03 1.638207631728405204e+03 9.107507919777609873e-01
1.528930527029234327e+03 1.346951023485977657e+03 2.415281103384042005e+00
1.808328975266098496e+03 1.369160637280458104e+03 2.497150005913654880e+00
1.735652703743882284e+03 1.412356937522462886e+03 1.899105771925116537e+00
1.609111129530223707e+03 1.446830971332769650e+03 1.997075412028405328e+00
1.806713845023620934e+03 1.428167352680976364e+03 2.089834553488830959e+00
1.688351963835753168e+03 1.467305686723509552e+03 2.440933169431009908e+00
1.571908433575179515e+03 1.502153777887725937e+03 1.853028761225915977e+00
1.793958026587866243e+03 1.512312587078422439e+03 2.256383913057050883e+00
1.696968093207485708e+03 1.587906218630495914e+03 2.040006926207391658e+00
1.634217852221279372e+03 1.599691970655925161e+03 1.867895545155462189e+00
1.537560014840272288e+03 1.632929158286267921e+03 7.916941796421193001e-01
1.809326652745943647e+03 1.366694324901309301e+03 3.108845120964467856e+00
1.733606671759099754e+03 1.410568741843528642e+03 1.896420286642692465e+00
1.803872167854578493e+03 1.430674954202704384e+03 2.299985612092695586e+00
1.686739287176744710e+03 1.468320245419069579e+03 2.434484099235170618e+00
1.792811549624745794e+03 1.511321774318841562e+03 2.262300398019112979e+00
1.694635007347546207e+03 1.587293496270243622e+03 1.987381460873639760e+00
1.935956189518636620e+03 1.641255856655014441e+03 1.869929114575806128e+00
1.935810406945964132e+03 1.643075875428710333e+03 2.003543472238570544e+00
2.758368759264876644e+02 1.545170332295662774e+03 1.668232973688860588e+00
3.436972116503501411e+02 1.607511836723987017e+03 1.785496497019640971e+00
1.015991746582943733e+02 1.750972931676476946e+03 2.402835669144537611e+00
4.557923628137143623e+02 1.541722242317082191e+03 1.224987698724392615e+00
2.733682397914101330e+02 1.545023179455261698e+03 1.771898897256751093e+00
5.265313760777875132e+02 1.592935476998855847e+03 2.031835759657175444e+00
3.431841881456792862e+02 1.608838896232706020e+03 1.808779870811741963e+00
3.995677172885614254e+02 1.743302461029659526e+03 5.709799729499465126e-01
6.460705670050945173e+02 1.527928417847716673e+03 1.631742714004385197e+00
4.546899245262330851e+02 1.541008186243423324e+03 1.211411715916324461e+00
5.238033618078487734e+02 1.591388002167884451e+03 1.917284101219906889e+00
7.007466491274758482e+02 1.588585042560232068e+03 1.721869589640831588e+00
6.077808128870839255e+02 1.605895165363135220e+03 2.636596295103358134e+00
6.219669533540426301e+02 1.683673550934983268e+03 2.900671831671664425e+00
3.979790661041507747e+02 1.743916833392106128e+03 6.376383329514077047e-01
6.444103321630719847e+02 1.524892272426292948e+03 1.614949247657014864e+00
8.111039808471273318e+02 1.517041828007322920e+03 2.755349857011641479e+00
7.524854752888732037e+02 1.572142886445348950e+03 2.608973866254067353e+00
6.984343853680941265e+02 1.584965661881316464e+03 1.695464977705309906e+00
6.057018294367417184e+02 1.604456958785211100e+03 2.546239788358858558e+00
7.713557278636179717e+02 1.669895726550745167e+03 1.824210887845830742e-01
6.192787728900717639e+02 1.681786627013374755e+03 2.833054788184807382e+00
7.409776886188534490e+02 1.735511914693775225e+03 6.845572605805314570e-01
8.055927184175334332e+02 1.751803760320076435e+03 1.200152232290060406e+00
8.100602835869985938e+02 1.516261846004050994e+03 2.774889275871372352e+00
9.595674259803442965e+02 1.546128570588601406e+03 2.913299146811021867e+00
7.533207621151034346e+02 1.573320461866255300e+03 2.565638927320880391e+00
8.811272833515176899e+02 1.591602580060359287e+03 3.109022018325064973e+00
8.796856003821819741e+02 1.641131001503067182e+03 3.119439127665837752e+00
9.834582577295507235e+02 1.667854855161762771e+03 2.425548240784102916e+00
7.701920790397946348e+02 1.670918177550650626e+03 2.134380054505850555e-01
9.010551093710910209e+02 1.691008394928815960e+03 4.433555820170239636e-01
7.414515194529772089e+02 1.734428676951389662e+03 7.066245426504714766e-01
8.042445712652614702e+02 1.749673447934813794e+03 1.235785716816274027e+00
9.475467423666423201e+02 1.799460953831992811e+03 1.651533116711428439e+00
9.552141096897698844e+02 1.545943994419519640e+03 2.861218503360269505e+00
1.093537653803094145e+03 1.575744315269340177e+03 9.218125191660123674e-01
8.827780855684177368e+02 1.596545208717727519e+03 1.136150181012041127e-01
1.149971090727235378e+03 1.645692418308731249e+03 2.055424830069753739e+00
9.817471615692195428e+02 1.667510559912062718e+03 2.461989937866956080e+00
8.924671617742251328e+02 1.677594361908164501e+03 1.131679127335972479e-01
1.122244735475485868e+03 1.690010638655945968e+03 2.307770331247610773e+00
1.089452214465056159e+03 1.735685576173093750e+03 2.566772912007086571e+00
1.045787685901694431e+03 1.778298133770789264e+03 2.488458201977322481e+00
9.454001494388980973e+02 1.797713538589778864e+03 1.666951526513765103e+00
1.018153713442477056e+03 1.818883361481452766e+03 2.058712282350248390e+00
1.195010240216158991e+03 1.508240582337049318e+03 5.343459888618675574e-02
1.287562747576183710e+03 1.564581943792579068e+03 1.334824589944244577e+00
1.092467125390251795e+03 1.575207286699479027e+03 9.010411058711884635e-01
1.202814934164833630e+03 1.601852166519818866e+03 1.516449735603499605e+00
1.316765917909340260e+03 1.613256543788789713e+03 2.926849573596441156e-01
1.148505730238662409e+03 1.645230046269218974e+03 2.126140751127688411e+00
1.215744009623817647e+03 1.689183340336398032e+03 9.122072462691139805e-01
1.121219112572392305e+03 1.689785935274633175e+03 2.325411817194278807e+00
1.326075357544204280e+03 1.732856053709211892e+03 1.718675490583196686e+00
1.087413880728681988e+03 1.734895770577309122e+03 2.587366217830670223e+00
1.238746109960309468e+03 1.746942497782170449e+03 6.085665062844236584e-01
1.041786558765747486e+03 1.778134142624765900e+03 2.513975676460104669e+00
1.283783621980587441e+03 1.816764272681518833e+03 2.696090489423026426e+00
1.203587273116638016e+03 1.509787360265950610e+03 3.869860451282162300e-02
1.470961210231668247e+03 1.518645002118091270e+03 3.064060267187696862e+00
1.285303609991955909e+03 1.565374519540610663e+03 1.357020004421745973e+00
1.198757252319299823e+03 1.601532583748332854e+03 1.552492489098118433e+00
1.407556123609088672e+03 1.611656254808011454e+03 1.510845949049874903e+00
1.484489841506911034e+03 1.608675449231209768e+03 8.981631749154480593e-01
1.317637720221658583e+03 1.614409980983104333e+03 2.862625139948594133e-01
1.214409070020425816e+03 1.690187660887130050e+03 8.823394738469411136e-01
1.419332040686453638e+03 1.708531584098840540e+03 8.413671298482563454e-01
1.323295813100962732e+03 1.732894580421830597e+03 1.750145631535982238e+00
1.237077316412821347e+03 1.747123052830975439e+03 5.615536473991245003e-01
1.468054874582299590e+03 1.778415110248789688e+03 7.269724281302851754e-01
1.284845343628846422e+03 1.818666303977049438e+03 2.789035131648111676e+00
1.471067320792730925e+03 1.516189211329850423e+03 8.260510577314817901e-03
1.636351433473075303e+03 1.597683405747012330e+03 2.012561456439244001e+00
1.406035211125325077e+03 1.611964573316830183e+03 1.497154788739720077e+00
1.480489667952037507e+03 1.609538185077936760e+03 9.190868347706202535e-01
1.534125845499786010e+03 1.634613073831215388e+03 8.923218758117538174e-01
1.570640370217609416e+03 1.682720951700877549e+03 1.183365172523449305e+00
1.417430334569286288e+03 1.709295093681838125e+03 8.252225952635153794e-01
1.630639827455578825e+03 1.730827269968675409e+03 1.765685785525407336e+00
1.464956526301160466e+03 1.776341798951879582e+03 7.060628615033918143e-01
1.575815232001791856e+03 1.802904705908922097e+03 1.821415351949454919e+00
1.798469315462720942e+03 1.512037255248196516e+03 2.319883913849927204e+00
1.697291675983638925e+03 1.586439793855175594e+03 2.045747141871988362e+00
1.634085926049607451e+03 1.597875927347150991e+03 1.908022133744150084e+00
1.533042010717441372e+03 1.633964444486687626e+03 8.469825676842251960e-01
1.569158988402567275e+03 1.683581074600745978e+03 1.088038401660817112e+00
1.627160161399676781e+03 1.728727170661392165e+03 1.558116399514847261e+00
1.691440429380694013e+03 1.733447958571140362e+03 2.290779790542080807e+00
1.773384670232883764e+03 1.717244839328795479e+03 3.090700377008156696e+00
1.574257284595269084e+03 1.802583039103249121e+03 1.782691118160842914e+00
1.792896273932490203e+03 1.510919997274829484e+03 2.285965798526168324e+00
1.696427394693544102e+03 1.585911067150062081e+03 2.038196842974325573e+00
1.935270037145161041e+03 1.642166229251664163e+03 1.904411228073493501e+00
1.868296485463135014e+03 1.666697884502548732e+03 1.777631071475922919e+00
1.772685869105683878e+03 1.717359867428194320e+03 3.136734985322032987e+00
1.687144593438869833e+03 1.733901240925776165e+03 2.346462514580142766e+00
1.823016982955314006e+03 1.786361623981466664e+03 1.149766604883021515e+00
1.934447430178063314e+03 1.641512821565721651e+03 1.976669724076567825e+00
1.866365613314668281e+03 1.666387369262195307e+03 1.853927135704458662e+00
1.027978080504159948e+02 1.749330026473177440e+03 2.340773995259687990e+00
4.000181051636302527e+02 1.741080449506655668e+03 7.436829217491076616e-01
4.485914934613774676e+02 1.939822490889035180e+03 1.052714540531115156e-01
6.221639041442828102e+02 1.679959054912502097e+03 2.836937609982570940e+00
3.985424783642049533e+02 1.740790342010437826e+03 7.835490736299500769e-01
4.454721553295056538e+02 1.941222622202323237e+03 1.694156579309159250e-01
7.681729901615171912e+02 1.667645328521112560e+03 3.105322659216603221e+00
6.178419395579272759e+02 1.681579870607837847e+03 2.809378819065174948e+00
7.396787924927758695e+02 1.734970098293358433e+03 6.661149203922630546e-01
8.054551566315892615e+02 1.749839990301148873e+03 1.263395715585667878e+00
7.640068555655005866e+02 1.885930352557270226e+03 1.070305323828679711e+00
8.329285621694612018e+02 1.910396235444730792e+03 9.385473979850598170e-01
7.699408145304953450e+02 1.668126963966691164e+03 2.869306439154287180e-01
9.005591168034602561e+02 1.692996199125898784e+03 1.186811007008632401e-01
9.834579187833883225e+02 1.666998550758482224e+03 2.526198008983618681e+00
7.365940097764932943e+02 1.732830126706439387e+03 6.535159935124842390e-01
8.041295160030354054e+02 1.749316003275203002e+03 1.244255140900431433e+00
9.468037897637864262e+02 1.797283141392618290e+03 1.690356718788637025e+00
1.021228559287711732e+03 1.820696995374988091e+03 2.396505898343546548e+00
8.799713028363180456e+02 1.825153124791071377e+03 2.632055518288960450e+00
7.635563457930898039e+02 1.886343940554731262e+03 1.051361247684775568e+00
8.304639967795737903e+02 1.908990376543070852e+03 9.175141571053728740e-01
9.621710715497797537e+02 1.937862404448984762e+03 2.671896812608308025e+00
9.006557296725202377e+02 1.696681751926846573e+03 1.339590889021324005e-01
9.827719060502608954e+02 1.668593648276979138e+03 2.475850305481646529e+00
1.122806164034356243e+03 1.689951668106692978e+03 2.240759025950519234e+00
1.088850441217494790e+03 1.734693034871923828e+03 2.523696098085196127e+00
1.045074167612918473e+03 1.777613663348858609e+03 2.461099256113777223e+00
9.454483713954141422e+02 1.797382634153822664e+03 1.602898863462391521e+00
1.016861346908747464e+03 1.820727952292299960e+03 2.234737426170626318e+00
1.171653244033359442e+03 1.821893418447632939e+03 4.557883448307951113e-01
8.769658459103777659e+02 1.825925957525586909e+03 2.638775544121306549e+00
1.046546338292506334e+03 1.907794979516900639e+03 9.921394647434600422e-02
9.619354004563233502e+02 1.938392053415736427e+03 2.717237605227340591e+00
1.215859370745758952e+03 1.687310712636565768e+03 9.710272567506726960e-01
1.119552979181640239e+03 1.689366025754421571e+03 2.264212078775311721e+00
1.325714595837150682e+03 1.734812718426738911e+03 1.707155818549996429e+00
1.087180916121757491e+03 1.734244327574056342e+03 2.525170297782366902e+00
1.239238664780742965e+03 1.746064535584192527e+03 6.690123479583348631e-01
1.041389372154417515e+03 1.776722570316630254e+03 2.489712728663020513e+00
1.169908110234512606e+03 1.821060059852351969e+03 4.612083251720078825e-01
1.288625255053391584e+03 1.816504665922454706e+03 2.776035033109844008e+00
1.184547780083612224e+03 1.875815215270731642e+03 8.094950818189818875e-01
1.261198348619979242e+03 1.902579130418441764e+03 5.251578029956533999e-01
1.044902646813394085e+03 1.908465074543919400e+03 3.122192266223432711e+00
1.278622629496389891e+03 1.972855807006129908e+03 1.256216847027456174e+00
1.213850342827798158e+03 1.686779807308466843e+03 9.222861642550830297e-01
1.419163281234693613e+03 1.706955276959112325e+03 8.831287590113930941e-01
1.323365139572533735e+03 1.731711718674603162e+03 1.770964506067258082e+00
1.237251229328228874e+03 1.745472544752700969e+03 6.134269137562489149e-01
1.467318358917111027e+03 1.773877834448768226e+03 7.559199421000915020e-01
1.286894381474198099e+03 1.815507818899823178e+03 2.738925028080539725e+00
1.501149265516609148e+03 1.840196057122691172e+03 1.162138792933019582e+00
1.405417790081650310e+03 1.862660550764050868e+03 7.392140673448599486e-01
1.259609965021160860e+03 1.901895266856432499e+03 4.886857921819373618e-01
1.276349919720619255e+03 1.972306262664103542e+03 1.369236447128778345e+00
1.569171430780973196e+03 1.682067666049943909e+03 1.260411044317461648e+00
1.416992436098189046e+03 1.707364154215736107e+03 8.273089219405264094e-01
1.628383759748224065e+03 1.727988229446122887e+03 1.738844929654251414e+00
1.465245518781138571e+03 1.775543482596614467e+03 6.726129843414869747e-01
1.575840032263640751e+03 1.801607148350482703e+03 1.886231532096681818e+00
1.497966551766276098e+03 1.840757612639106583e+03 1.055851509241654496e+00
1.403548937657230681e+03 1.864096881639228968e+03 6.570990470938845585e-01
1.532277131540692608e+03 1.903828490564334516e+03 1.437378825897403845e+00
1.597438127210956281e+03 1.919191547217074003e+03 1.335902576080251203e+00
1.567956995002082976e+03 1.683295034737767764e+03 1.117347203053264293e+00
1.626878853084293723e+03 1.727567316018510837e+03 1.641263642076292051e+00
1.691650880342411256e+03 1.733167832879710204e+03 2.293443080325263228e+00
1.774798221010991256e+03 1.716381864441678545e+03 3.064976636889553241e+00
1.575396412079173160e+03 1.800946842233415509e+03 1.809606810925324494e+00
1.530490332490812079e+03 1.903957933324262285e+03 1.344139816041157509e+00
1.597565440111530279e+03 1.918128609211597905e+03 1.247571443258017165e+00
1.868142098166091046e+03 1.667506258297419436e+03 1.885052798743691582e+00
1.690636419977957303e+03 1.735900025964338965e+03 2.267723102553091508e+00
1.771969355193509728e+03 1.717286432411256555e+03 3.106019809799243525e+00
1.822636154585293980e+03 1.786341701204525179e+03 1.216167110016311392e+00
1.867939300907050210e+03 1.671630595775230177e+03 1.980368127252392751e+00
4.489117447789442394e+02 1.938889161897290251e+03 1.294739247974407148e-01
4.946607260522947627e+02 2.021936435950786290e+03 4.914086910894173155e-01
4.475113161051866655e+02 1.938749253738739753e+03 1.339161345432164918e-01
4.934635638892289080e+02 2.021961726352870755e+03 4.718114111333213123e-01
7.642950113816028761e+02 1.883784869733843834e+03 1.095404953443597895e+00
8.326792756241443385e+02 1.907752207273282693e+03 9.982735634420084603e-01
7.635967141499330637e+02 1.884700353795037245e+03 1.085814897935819534e+00
8.312889663151363493e+02 1.907948832641520312e+03 9.473829436352243505e-01
9.621958066281747506e+02 1.938149320861651631e+03 2.680874621890630749e+00
8.851521368493351929e+02 1.831500755308999032e+03 2.675990603850264993e+00
1.179338406922101967e+03 1.882751773162706513e+03 8.135710889195393314e-01
1.046876971437323164e+03 1.908877672444819382e+03 9.330697063627203802e-02
9.609213387977845287e+02 1.938579108026952781e+03 2.672077863178205615e+00
1.181416183411131897e+03 2.013201069005931913e+03 8.214865648442869484e-01
1.185513676906244200e+03 1.875061816497121299e+03 8.311239375325699674e-01
1.261668103547473038e+03 1.900922914910951476e+03 5.567650235864741726e-01
1.046323877118020391e+03 1.907706601396416318e+03 3.115764774884960620e+00
1.277158647636102842e+03 1.972961394857321920e+03 1.341871779822842781e+00
1.179838993724079955e+03 2.011126783708795301e+03 7.241835155372942090e-01
1.498679021661194156e+03 1.843527874660717544e+03 1.154531807483158312e+00
1.405586723781193314e+03 1.862531849423079166e+03 7.695665487751189859e-01
1.260418793244381050e+03 1.900644590263885220e+03 5.480287704202049248e-01
1.275884759049105242e+03 1.972694360395391413e+03 1.369350182133643568e+00
1.442017620658465148e+03 1.985240579380264535e+03 4.601173751911566967e-01
1.498306080649451587e+03 1.838820488316314822e+03 1.096713292843413123e+00
1.403343829261630390e+03 1.860961725298494230e+03 7.320461228838698320e-01
1.531824791426392949e+03 1.903566675156700967e+03 1.415501456260713331e+00
1.598684139727354022e+03 1.918018374307947397e+03 1.324177291034635218e+00
1.439905330353586578e+03 1.985947329351849476e+03 4.066109095096223092e-01
1.529689812124944410e+03 1.902556414988932374e+03 1.442798650724638865e+00
1.598492870725714056e+03 1.918043110325283124e+03 1.316072821177280749e+00
4.917903512714492535e+02 2.021784878953845691e+03 5.014763595172571087e-01
4.938811535716766912e+02 2.021211641792495357e+03 4.756985602130482382e-01
1.172224379938489164e+03 2.015880204182958551e+03 9.292134072154452085e-01
1.178593542215674688e+03 2.010493757474328049e+03 7.724404128686921389e-01
1.438901391640723205e+03 1.987426990297110478e+03 4.775030794900138598e-01
