9.801458896087879111e+02 3.163164908678098755e+02 1.729473607602070917e+00
9.787668461161490541e+02 3.175599341666849114e+02 1.723682962683458664e+00
1.394031158036812485e+03 3.296045805469116203e+02 1.268923510708362512e+00
1.479193160981301162e+03 3.287790155656897468e+02 7.916545617619502595e-01
1.617990193102007197e+03 1.668987595040968017e+02 3.006837757971331793e-01
1.391278819364443734e+03 3.316145829204268125e+02 1.334017836434608695e+00
1.477039422533933475e+03 3.265451899559939193e+02 6.863915153386274115e-01
1.614400156324942145e+03 3.274407401474735479e+02 6.124557561582019138e-01
1.496075750401709684e+03 3.800233529948820888e+02 1.851162828371763491e-01
1.617206399579506069e+03 1.674587482647020806e+02 2.547877963525879141e-01
1.681728235766780244e+03 2.267677602546772277e+02 3.357342279544486274e-01
1.735811285026800988e+03 2.796183053452127751e+02 7.590855558552974669e-01
1.613677773436073494e+03 3.263414963338255461e+02 6.076927672426196692e-01
1.697081431632757358e+03 3.486227829611101470e+02 8.682874268674157792e-01
1.785846249226930922e+03 3.531355739522699650e+02 6.512239312000689395e-01
1.681840862578772885e+03 2.261079233037977474e+02 4.017720181226554499e-01
1.736225895855555109e+03 2.783147263259068040e+02 7.570248783573964024e-01
1.700402494963372646e+03 3.435695977806286692e+02 9.945792285147230238e-01
1.786772855531866526e+03 3.499680300185327724e+02 4.727324332192018863e-01
7.070854654737765941e+02 4.580850389993529461e+02 1.482143616787788831e+00
9.796192500111299069e+02 3.150763505765533523e+02 1.769423638487718886e+00
9.235561392075055664e+02 4.998411572388029072e+02 1.536703106102013328e+00
9.914451849375318488e+02 5.212212831085948892e+02 1.295651056337007168e+00
9.786454814784221981e+02 3.144596615063048262e+02 1.683438115293308002e+00
1.100673366380503921e+03 4.592667562150672893e+02 2.310789065855677560e+00
9.213480182155324201e+02 5.000669709633343700e+02 1.504599457515295446e+00
9.876595838219586767e+02 5.211722935248624253e+02 1.274437606872908857e+00
1.294993451185527192e+03 3.913585801502836148e+02 1.114749218433380040e+00
1.187841718253974477e+03 4.379411837064757265e+02 2.829638208164321878e+00
1.099286740877860439e+03 4.592777206879873120e+02 2.195394160690291141e+00
1.281976040407877917e+03 4.767433245856353778e+02 5.302822822414344772e-01
1.319374149639742427e+03 5.294800091969219693e+02 5.350272709761362266e-01
1.393954654744318304e+03 3.294976413809223459e+02 1.235359671730560382e+00
1.481520850033461784e+03 3.274858334095425789e+02 6.231065574185549183e-01
1.293757597235620779e+03 3.922603859234008041e+02 1.152465752015933154e+00
1.490877521788640479e+03 3.705609402609909466e+02 3.654724745217285964e-01
1.390631099871320430e+03 4.343086178868454681e+02 1.103097007268827534e+00
1.279271032248688016e+03 4.764069549437610931e+02 4.924689017250075129e-01
1.459965961458960010e+03 4.919399343327355609e+02 2.730205896865049553e+00
1.322404873755887593e+03 5.276651450002273123e+02 4.752354352984926589e-01
1.478311116688891161e+03 3.270714830734317502e+02 6.828609016639367590e-01
1.393777673157764184e+03 3.291963335414032485e+02 1.243889062469961670e+00
1.615526158611407027e+03 3.250019217729028469e+02 5.944346796151384060e-01
1.494741638677392984e+03 3.740748742548914834e+02 2.253416828708240116e-01
1.389730521255871054e+03 4.345863466274829534e+02 1.116789365470567619e+00
1.525344907419897027e+03 4.377108616539331933e+02 2.637580912802776067e-01
1.635849936312885347e+03 4.589488753853000844e+02 2.363800162768239788e-02
1.459582538963623165e+03 4.921367551148325674e+02 2.748124200572483744e+00
1.572364244650247656e+03 5.001973477415820071e+02 2.954376800945164749e+00
1.737054325862721271e+03 2.777250477712110523e+02 7.425599829746645231e-01
1.614819791238618564e+03 3.248965965206439250e+02 5.807131212387909303e-01
1.698941718779281473e+03 3.471070217008510781e+02 8.028234161282908898e-01
1.787064302993661158e+03 3.498291188211413214e+02 4.668218756272485281e-01
1.522938284277031698e+03 4.385096504271668891e+02 1.848098647761874658e-01
1.636860495814307569e+03 4.576843011384092961e+02 3.058396646025898225e+00
1.775154825409254954e+03 4.818622640107206507e+02 1.740726744737175702e+00
1.569632026246781606e+03 5.022454150334499445e+02 2.846160240675496667e+00
1.683240124256741410e+03 5.303821880637190134e+02 9.642395861267902823e-01
1.736531528279336044e+03 2.775248484492884131e+02 6.727369192451957414e-01
1.697023956531294516e+03 3.471895156124573987e+02 7.686147072448017425e-01
1.786004428269551454e+03 3.494241016599564773e+02 4.469306153589061026e-01
1.830700769680825715e+03 4.805050947307429396e+02 1.783762492238216923e+00
1.772124869393038807e+03 4.796074773984948934e+02 1.611865060235169178e+00
1.690628569236224848e+03 5.166325535083534533e+02 7.239516900004330235e-01
1.902277431708489075e+03 5.286738162726582004e+02 2.343394011117377662e+00
1.902870782250633511e+03 5.294074268806022019e+02 2.463241180854761847e+00
1.827458720889022743e+03 4.769015169726600334e+02 1.894272037285244403e+00
7.063802634679188941e+02 4.555118801960147721e+02 1.452805624089052339e+00
8.553496002974309249e+02 6.329595744155720922e+02 2.093765758500626184e+00
9.232626775238074970e+02 4.984269616543068651e+02 1.522412122515645061e+00
9.883444947423488429e+02 5.205466407261106951e+02 1.284386278310649887e+00
8.548292025884227314e+02 6.360370590573239724e+02 2.072611488025570381e+00
9.058230881971023791e+02 6.459824913304443044e+02 1.397760943552430968e+00
9.571041921111041120e+02 6.879078560057034792e+02 1.478760575633864205e+00
1.100615510094780802e+03 4.587740336252752513e+02 2.233205980835270665e+00
9.227639174572825596e+02 4.988066431235763503e+02 1.528704006615226429e+00
9.873607327461133991e+02 5.208293633481215466e+02 1.304128260385982285e+00
1.157325717348707485e+03 5.597435540808166934e+02 5.896714129585992614e-01
1.036684632436468291e+03 5.877062105078260856e+02 3.567257794509239854e-01
9.039637718171602501e+02 6.460757287111612186e+02 1.379949815128818091e+00
1.154712848013915846e+03 6.263677238864835317e+02 8.420674159718749552e-02
1.079834152635855617e+03 6.636413202609920745e+02 2.601496091168725044e+00
9.544436910839929169e+02 6.879937525550976716e+02 1.506102923674052851e+00
1.292358195605447690e+03 3.947633698637081352e+02 1.190673533827291131e+00
1.187619152700480299e+03 4.370102772227218111e+02 2.774040137211656987e+00
1.099154180973067696e+03 4.587752177895840759e+02 2.167334425352150262e+00
1.280824188552997384e+03 4.754523648772672004e+02 5.895569909362529115e-01
1.323726645566347315e+03 5.248505706707883292e+02 5.420955644268683482e-01
1.154936462759068036e+03 5.615118199392924225e+02 6.539713741916398648e-01
1.034569431935740340e+03 5.891569258126435216e+02 3.911795494652536842e-01
1.261714131673793190e+03 6.458676300339695899e+02 1.133242455706451324e+00
1.152968484495875146e+03 6.258722666702673223e+02 9.549907648467897969e-02
1.076144356436609542e+03 6.650181177125502927e+02 2.522316536741731507e+00
1.293308789253853774e+03 3.900831856666702606e+02 1.228243436794975496e+00
1.390754553285369184e+03 4.337936867370458458e+02 1.156248686679072879e+00
1.188921121041585593e+03 4.371491763159929178e+02 2.788303870264774886e+00
1.279843881900321776e+03 4.751568524817696471e+02 5.384520755130456360e-01
1.461999596974775386e+03 4.920943804106113930e+02 2.727836144519383943e+00
1.322456417402599982e+03 5.238820589141164419e+02 4.929544404847688299e-01
1.394881299248533651e+03 5.476669071451800619e+02 6.037312454270520323e-01
1.370834925911984783e+03 6.243800434355647440e+02 1.066987579858991175e-01
1.260856281207624079e+03 6.465210208867301844e+02 1.143276634749222698e+00
1.340992775041535424e+03 7.019432603281770753e+02 3.907536614128417352e-01
1.387379234807660623e+03 4.314199427884254874e+02 1.163314815252242340e+00
1.524086759918815005e+03 4.363581042865598647e+02 3.296697451437465287e-01
1.636833010408773816e+03 4.567603248461443854e+02 7.552417427143637285e-02
1.460184049412324839e+03 4.923588860479886762e+02 2.775664978936068561e+00
1.572305297498129448e+03 4.987426252229830652e+02 3.013334432438981025e+00
1.393290610824232317e+03 5.477650166819000788e+02 6.312075476688885356e-01
1.576626284310821575e+03 5.582077942460341546e+02 2.745149854230664488e+00
1.530858023071617708e+03 5.916173980993630721e+02 2.799004731571753446e+00
1.367096840752845537e+03 6.248416013989213980e+02 2.205021082393684717e-01
1.643058625041925552e+03 6.402063032691239641e+02 2.926540978696581696e+00
1.524240539411035797e+03 6.551785286702685198e+02 5.878241710212023241e-01
1.633426559719683155e+03 6.797524744492384343e+02 2.248807608282523240e+00
1.523936846918715446e+03 4.363303618135485067e+02 2.264082989938696888e-01
1.636699111284464379e+03 4.569403987315334916e+02 3.141245318730714331e+00
1.773398910358731428e+03 4.791710896079198392e+02 1.540328455184347689e+00
1.570818038061271864e+03 4.987106709411781367e+02 3.061243765489461754e+00
1.687752606691182791e+03 5.428960228785392701e+02 8.710265178882035109e-01
1.576154439394862720e+03 5.585383356055201602e+02 2.790023197787414144e+00
1.528385693702846766e+03 5.921269669941235634e+02 2.796764449294137922e+00
1.640825120497116359e+03 6.374661436073610048e+02 3.658828985523814026e-02
1.524192116328715429e+03 6.528267544242581835e+02 6.385245216685710989e-01
1.633525926206119266e+03 6.901182835544123009e+02 2.548658501803521492e+00
1.772113359143513890e+03 4.790957418826967569e+02 1.520284672525164416e+00
1.830366647818803358e+03 4.801428082963223005e+02 1.713390328970252341e+00
1.688423861640394307e+03 5.440571028710883184e+02 7.324061352533345337e-01
1.902496378391197140e+03 5.283605562895803587e+02 2.382766182983647951e+00
1.825750743237546203e+03 5.878790590516691736e+02 3.586886179502736249e-01
1.934298195636807577e+03 6.352094461512600674e+02 2.210912849352510978e+00
1.826931914647934491e+03 4.806941863761553577e+02 1.706023783329141397e+00
1.902004166212271230e+03 5.285121293548828589e+02 2.423512614829690826e+00
1.827185706946145046e+03 5.872719532274354606e+02 3.945711500231359192e-01
1.932845495441838011e+03 6.345406274457700420e+02 2.227699992322781597e+00
8.568449175571358865e+02 6.356436285626534755e+02 2.085635197609294611e+00
8.401595745616936028e+02 7.284944148017294765e+02 2.106737431156580076e+00
7.974345772157535066e+02 8.143192790577930964e+02 2.205054458644238657e+00
8.551329063115724693e+02 6.348189599914400105e+02 2.034210347336087743e+00
9.053077215806963522e+02 6.456568498184457212e+02 1.321610751311741438e+00
9.559745472824420176e+02 6.877665794139055606e+02 1.367036467171578007e+00
8.414351685370462519e+02 7.304238409430106458e+02 2.128742733444347834e+00
9.181774992067514631e+02 7.969305509388975679e+02 1.902149833490471620e+00
7.995227318053058525e+02 8.167555988663115158e+02 2.268775228584083425e+00
8.698135856424441954e+02 8.439678508741633323e+02 2.267269063644216764e+00
1.156023303851819037e+03 5.594807114162421158e+02 5.449840588971568422e-01
1.037870635424343391e+03 5.867624889889134465e+02 3.646828093714462038e-01
9.040564707465191532e+02 6.465193365522150089e+02 1.404000733038287319e+00
1.155420828106609179e+03 6.243850603643360273e+02 7.706129227129435155e-02
1.080460020749368596e+03 6.629109067843650109e+02 2.608681697832519131e+00
9.548949678435662918e+02 6.876380971521465426e+02 1.458750294666493863e+00
9.168420562076942133e+02 7.986440560260633674e+02 1.886943941481548759e+00
1.079311178548722637e+03 8.316895064581422048e+02 1.441103830588328361e+00
1.156356595937266093e+03 5.575398073957528595e+02 6.707806632230620680e-01
1.034633986947596668e+03 5.867764495249348329e+02 4.650013788552621041e-01
1.262013752883667166e+03 6.441622037314825775e+02 1.090467923656543103e+00
1.152803333341336383e+03 6.253935982446844264e+02 1.295847130988030949e-01
1.078250840044988081e+03 6.623352467484253339e+02 2.541533726086124823e+00
1.259552005822530873e+03 7.472404676102102030e+02 2.658158810369875891e+00
1.233255083536800385e+03 8.100998256359114293e+02 2.440084832118113667e+00
1.077863634758239186e+03 8.316884250220904278e+02 1.475704958127934452e+00
1.317216480323550059e+03 8.603417676496317199e+02 1.433340405207432333e+00
1.370235951766275321e+03 6.230521049352248610e+02 1.877757521401943741e-01
1.260720062611512049e+03 6.438681066265478421e+02 1.072881407239010043e+00
1.340773539128171251e+03 6.977087830734542422e+02 3.768841930179118727e-01
1.258071265916610855e+03 7.469280529401319200e+02 2.668818047923751990e+00
1.399629402301079381e+03 7.836265687497482304e+02 1.850709244703585776e+00
1.230061365003637320e+03 8.116206376634607977e+02 2.472609751688319424e+00
1.579229169037548445e+03 5.580086971660591644e+02 2.770102658131761153e+00
1.530915291906713037e+03 5.899847378032450251e+02 2.879860655453051699e+00
1.368268347719441863e+03 6.235459016611919196e+02 2.419414446429569154e-01
1.642997682178910964e+03 6.373342373689731630e+02 2.156509444571320239e-02
1.525561180195867564e+03 6.544004720265188553e+02 5.370038603765210361e-01
1.636092108336994897e+03 6.865661907912100332e+02 2.595430386778495357e+00
1.588184165830984057e+03 7.207961839328677343e+02 1.771922793078782421e+00
1.398427242007363475e+03 7.852930498423709196e+02 1.814970076484171191e+00
1.510206160415705654e+03 8.307307114464144888e+02 2.387915140068801012e+00
1.580434401178813914e+03 5.623705142267991732e+02 2.925307308077294000e+00
1.691591327819258368e+03 5.567832067125016238e+02 1.656969533177681253e+00
1.534181293106943031e+03 5.931000782273004006e+02 2.653523748731666743e+00
1.641495005552054181e+03 6.363889318834156938e+02 2.979033440003938868e-02
1.523516584760881869e+03 6.556712017541117348e+02 5.805233239854389327e-01
1.636040283645105092e+03 6.883728787509909353e+02 2.599353609451426017e+00
1.587344030357087604e+03 7.230982612138722061e+02 1.812658676458117846e+00
1.508264027696257926e+03 8.351216185732276927e+02 2.368887436889316245e+00
1.707115805928680402e+03 5.732059560602682495e+02 2.034231630138787217e-01
1.825972537905053059e+03 5.882196594070471747e+02 4.223144576752854151e-01
1.933946538160014825e+03 6.361074806141456293e+02 2.207693852048918881e+00
1.830515541839047728e+03 5.861244084863549233e+02 5.367873980233597297e-01
1.932171584393857756e+03 6.343766136734030852e+02 2.253858436769738738e+00
1.802070221985056264e+02 8.798485057569100718e+02 2.725505142910547018e+00
2.680002027955688391e+02 9.399636212156456168e+02 1.734011536547351628e+00
2.677260393616292617e+02 9.396499882408313624e+02 1.821240537983069618e+00
8.431414824348494221e+02 7.322855575697413997e+02 2.186645120156722744e+00
7.988465110327790626e+02 8.156254723118354377e+02 2.192323557723745431e+00
8.411704815028840585e+02 7.297459737917100711e+02 2.111251320949367738e+00
9.182660865246900812e+02 7.962395744234326003e+02 1.861155093052162313e+00
7.992427425226100013e+02 8.167406468064122009e+02 2.226500940294457553e+00
8.700144510648517553e+02 8.455342282499657358e+02 2.211264267683703544e+00
9.945063983171364725e+02 9.096632743081497665e+02 1.902103737970048503e+00
9.172036988798431594e+02 7.959762261861532124e+02 1.933252787332196077e+00
1.078980334279444378e+03 8.299523791686669938e+02 1.377573032380446927e+00
8.683870076320886255e+02 8.451015650563620056e+02 2.301121602912383324e+00
9.932767012600420458e+02 9.084302895479459039e+02 1.957756839497752921e+00
1.145924008738112661e+03 9.311165162261340811e+02 8.609925188246113636e-01
1.258509396729720265e+03 7.463020284981504346e+02 2.714824687113611912e+00
1.232678825835437692e+03 8.091604737236500569e+02 2.512068254420925406e+00
1.077662143304576375e+03 8.297918407409333668e+02 1.453331612849525722e+00
1.315781116553407628e+03 8.601970403188963701e+02 1.510198593319328930e+00
1.143008354342115126e+03 9.320346137903131876e+02 9.324390298371472152e-01
1.214378849484077818e+03 9.474353187283838906e+02 9.688513890409645724e-01
1.261613815818822559e+03 9.852636819591975836e+02 9.533362056958701869e-01
1.256861427386847481e+03 7.454059132933139153e+02 2.706088942977865397e+00
1.399615236493243856e+03 7.813816224090149944e+02 1.824769207132542093e+00
1.231545112042176243e+03 8.076382453529023451e+02 2.495901886392201785e+00
1.314785591597824350e+03 8.589217911181024192e+02 1.481111383784304181e+00
1.367903224572954059e+03 8.621244858286815997e+02 1.687179222842204229e+00
1.455950291115260370e+03 9.202702421462529401e+02 3.067082750789601686e+00
1.214513088765695784e+03 9.476178624808119366e+02 1.037913653621714616e+00
1.259952829594835521e+03 9.827326152030334470e+02 8.942725274552056902e-01
1.351095318591607565e+03 9.819577832327559008e+02 5.300720097882214432e-01
1.488615308477411190e+03 9.827280409832981150e+02 4.825661354607592435e-02
1.412826738601218040e+03 1.017116215508210871e+03 2.677954083316820832e-01
1.589016395640847577e+03 7.184391737861152478e+02 1.801792215717135104e+00
1.398683919114021137e+03 7.818911044848880465e+02 1.840956250458665844e+00
1.509979104602017969e+03 8.288416150412969046e+02 2.421760103012284393e+00
1.366659348279918959e+03 8.628693568869056207e+02 1.689590075583060402e+00
1.456123564262047921e+03 9.197448505795089204e+02 3.104727812465480241e+00
1.352351179797844225e+03 9.820027562269551709e+02 7.255349529251284846e-01
1.505058174578756734e+03 9.848994564075203471e+02 8.861036952547164669e-02
1.418557849804280977e+03 1.015758910021078918e+03 4.143611482760097831e-01
1.588352180766827587e+03 7.226002005012477412e+02 1.823155100847315691e+00
1.510127954135538403e+03 8.304689258001164944e+02 2.503095342414641156e+00
1.514227564120964871e+03 9.904839767781359114e+02 3.389152356250226261e-01
1.799557346732973429e+02 8.781170974213591762e+02 2.704995017088465126e+00
2.683970930352729738e+02 9.383205218995337873e+02 1.795832976164949857e+00
1.919792352592245379e+02 1.129198607848626580e+03 1.210638242899064299e+00
2.672484242595298269e+02 9.382690938577682118e+02 1.789638297858870519e+00
6.727694458249771969e+02 1.113598072815458409e+03 1.791586785815792116e+00
6.129348991099973318e+02 1.116894392284707465e+03 1.775563846664995449e+00
6.724159441570001263e+02 1.113260904364511589e+03 1.755819553379227571e+00
6.114097154674757348e+02 1.116401968119227604e+03 1.800436965411881474e+00
8.567549472693676762e+02 1.149194395692893067e+03 2.911721193543109987e+00
9.948688623223761169e+02 9.102052340332770655e+02 1.903392402366841374e+00
1.011703432460117938e+03 1.037728863058854586e+03 2.225181339995418561e+00
8.629734136274030334e+02 1.153011616708482961e+03 2.977086384873748770e+00
9.924168932430688983e+02 9.069083246863137902e+02 1.951255426673590643e+00
1.143609586717736647e+03 9.313822718446738236e+02 9.374970057919816968e-01
1.009061269413240325e+03 1.035977586368562243e+03 2.273454237337191319e+00
8.660120464029018876e+02 1.159091859803167608e+03 2.938733617381889207e+00
1.143076173009266086e+03 9.301416817553758847e+02 9.021752510676831482e-01
1.214147043406283046e+03 9.454242127040045034e+02 9.421119452286385032e-01
1.261178416888430775e+03 9.810837158327794896e+02 8.795827703996171865e-01
1.327142199464591386e+03 1.078229515208240628e+03 2.066567715052615384e+00
1.264235507693035515e+03 1.088461538062508680e+03 1.888114094061467796e+00
1.224431707441662184e+03 1.150342390066419284e+03 2.095823230845069496e+00
1.316640617069416521e+03 1.171799894683027787e+03 2.006106334336363872e+00
1.455841738883608514e+03 9.187528372132401273e+02 3.090386705772916631e+00
1.211046445292496628e+03 9.442838942154103279e+02 9.503556754807431783e-01
1.259896161772612231e+03 9.802758468558702134e+02 8.940483562563927844e-01
1.350386724272573701e+03 9.807382060832169373e+02 4.743782576190859746e-01
1.498093265031434385e+03 9.823039505051133347e+02 3.092905937514577985e+00
1.411161407396399454e+03 1.013546105656323107e+03 2.488051418302611173e-01
1.323337896504588571e+03 1.077426593101641402e+03 1.976972991313094008e+00
1.263702575813919111e+03 1.089218174560215402e+03 1.852424122942152751e+00
1.445266947326876561e+03 1.121144789862653852e+03 2.611125255527152689e+00
1.221115529029476193e+03 1.149073015762212890e+03 2.094697887835576644e+00
1.398909915314415457e+03 1.148514946312159736e+03 2.105546973451882131e+00
1.315480879227029845e+03 1.176563026544064542e+03 1.906897656627203341e+00
1.455638252000841703e+03 9.186946365945893831e+02 3.092654585256147115e+00
1.348885649580154450e+03 9.805429858858728949e+02 7.292102207421694571e-01
1.503396269480473620e+03 9.835989905392300443e+02 1.025783790223316339e-01
1.412779968340044888e+03 1.013381579007803566e+03 3.363457386359771095e-01
1.523061298129824308e+03 1.056516420407499936e+03 2.936327188321124826e+00
1.643850696349236841e+03 1.091487540546405171e+03 2.436199187528237609e+00
1.509245228409087076e+03 1.099537587264562490e+03 2.321438734879103460e+00
1.445137278551400414e+03 1.121030931269962821e+03 2.450979123145383021e+00
1.394723262362851983e+03 1.147499943921190379e+03 2.132831726832989272e+00
1.615007193785190793e+03 1.176949049637626558e+03 2.244878956388268954e+00
1.509247744554236306e+03 9.838351380702088136e+02 1.573927350983018725e-01
1.519068003364223841e+03 1.055869888164402255e+03 3.071804257731385324e+00
1.672797974129470504e+03 1.068113573693283797e+03 2.939993643183581806e+00
1.629981399723364348e+03 1.098457574613915767e+03 2.379320596156984990e+00
1.507977584056661954e+03 1.099782812485616887e+03 2.370148224686101202e+00
1.746350508421334780e+03 1.162426712410847358e+03 2.187611405326757907e+00
1.616658860349696852e+03 1.179746465695447569e+03 2.384295453905659112e+00
1.673518258973774437e+03 1.068004213724859028e+03 2.949092059453072068e+00
1.744461244029092995e+03 1.162496844953205709e+03 2.282198524483432855e+00
1.919671575463428326e+02 1.127598218995940897e+03 1.198300836221984911e+00
2.253943571013749647e+02 1.233407751469743062e+03 1.519461368259231282e+00
3.255777419146947977e+02 1.249749895706085454e+03 2.080930792847091482e+00
3.248074325658614043e+02 1.248957724355842402e+03 2.080389272113230437e+00
4.117661388365838775e+02 1.283056530806864657e+03 1.719436426068126522e+00
6.746926960511158313e+02 1.112098167223394739e+03 1.682501186080725741e+00
6.131024583715002336e+02 1.115626363666075349e+03 1.746919552135003384e+00
4.079117083758457056e+02 1.282893294631495337e+03 1.680984496399294814e+00
5.762202754839048566e+02 1.305991213815028004e+03 2.900624914347354366e+00
6.729161104703906631e+02 1.112144738478448062e+03 1.700511964854996450e+00
6.117491377137570225e+02 1.115496688296095954e+03 1.732889513167630735e+00
7.631570608147939083e+02 1.189324828349514519e+03 2.503200945884602180e-01
5.736227185867356866e+02 1.307696040860477751e+03 2.821763207378657601e+00
1.015354014238407899e+03 1.034406137838369887e+03 2.288551663372334843e+00
8.636770626764148346e+02 1.151579902260143626e+03 2.919277249381182937e+00
7.615741890848652247e+02 1.189551914349043045e+03 2.762359160420427284e-01
9.911210261025507862e+02 1.233344108066694844e+03 1.690651132671152856e+00
1.008145033616713590e+03 1.032152789717079713e+03 2.248843834369252281e+00
1.131205227192445818e+03 1.203111030072290305e+03 1.363771017030767974e+00
9.897192103399761436e+02 1.232233016481791537e+03 1.626281634141417909e+00
1.069174192302424672e+03 1.250804323928865415e+03 2.302749663955943049e+00
1.177553050440779089e+03 1.239363835873329208e+03 7.608695852678167837e-01
1.040919247089399050e+03 1.335403524713498882e+03 2.050292305510797775e+00
1.327570840574684098e+03 1.074336989799465073e+03 1.970444481472892084e+00
1.264627561483066984e+03 1.086310834540722453e+03 1.838335058655797161e+00
1.224408924375497691e+03 1.147840249004583484e+03 2.053694489047082961e+00
1.316195825365873816e+03 1.173711730317330876e+03 1.882765846858189152e+00
1.130404796565813285e+03 1.202340288812409653e+03 1.344120637463401602e+00
1.176990278323443363e+03 1.238082998239332028e+03 6.343262036788082092e-01
1.067731847288709332e+03 1.248849973464524737e+03 2.348491307517266424e+00
1.306589723775332232e+03 1.288350204385944153e+03 1.674396090394975278e+00
1.033403793287401641e+03 1.332135569637448953e+03 2.115815022009250868e+00
1.191266678611528960e+03 1.335669988583268150e+03 2.407885978952511330e+00
1.250517302580369233e+03 1.328688140974711132e+03 2.348092648348533373e+00
1.324666723309091367e+03 1.076718053490950524e+03 1.969660257042495255e+00
1.264054657098348343e+03 1.087737671210217741e+03 1.822190073468512583e+00
1.445287337177727068e+03 1.118916952719840538e+03 2.688210927188521282e+00
1.223854046162970690e+03 1.148937090234016750e+03 2.038858421417389266e+00
1.398242070632128389e+03 1.147834159623766027e+03 2.135353690123384496e+00
1.316116467659352793e+03 1.175587104196740938e+03 1.876362382032895848e+00
1.387467549398508481e+03 1.236557058958102061e+03 2.217462538686104434e+00
1.304575366058101963e+03 1.290682961850784068e+03 1.633636694583693982e+00
1.247252614665394503e+03 1.329314738757173927e+03 2.454679814249953296e+00
1.456688228391949679e+03 1.339093158472040159e+03 9.069486495414952332e-01
1.520834583161398768e+03 1.056509956111301335e+03 3.058664044549654015e+00
1.633985958198688877e+03 1.097272319792312373e+03 2.366657034737795762e+00
1.508930152540785230e+03 1.098328834417739245e+03 2.415422655111532979e+00
1.443710258064536447e+03 1.119480352835634676e+03 2.617773836489308614e+00
1.396338492628062113e+03 1.147545817004625860e+03 1.999028162861018476e+00
1.619510594074263281e+03 1.180020592045377498e+03 2.303270511693197964e+00
1.544409902844533917e+03 1.207096515153211612e+03 2.243000927545470979e+00
1.385974421835087924e+03 1.236068577260035454e+03 2.120425608739086698e+00
1.530237213429246594e+03 1.281662670216564266e+03 2.662329089870964616e+00
1.656663227554255172e+03 1.280040651802141610e+03 2.425885269348889040e+00
1.453428511736537530e+03 1.340528743307265813e+03 1.031829896226619026e+00
1.522693511497897134e+03 1.058088925608608179e+03 9.985781014677932999e-02
1.670157289285958768e+03 1.068882726473433422e+03 3.060285396779081069e+00
1.630005723805012849e+03 1.097590419148290721e+03 2.423494164946219609e+00
1.508789785123444290e+03 1.103541198485056611e+03 2.475236369343847720e+00
1.746777942705241912e+03 1.164354519542819389e+03 2.255093396979389819e+00
1.618600462109692444e+03 1.180652672992726366e+03 2.314669451412337153e+00
1.706054458136076846e+03 1.190392435595164216e+03 1.838768955697859919e+00
1.543046080153711728e+03 1.206255802408348472e+03 2.252568267645933542e+00
1.655166686732377002e+03 1.279605107274064949e+03 2.425169845426772497e+00
1.528370199418625816e+03 1.285042630378341528e+03 2.696143773621403561e+00
1.676080410808591068e+03 1.068598096986184373e+03 2.969922245232992974e+00
1.745602504114003068e+03 1.163333878885144941e+03 2.309385468886904214e+00
1.704912196273994368e+03 1.191574812226347603e+03 1.899630566233624362e+00
1.833642581395396292e+03 1.243220990974676852e+03 2.452322747210056164e+00
1.829008501494521852e+03 1.332044556704135175e+03 2.392614919552924047e+00
1.832370265381545778e+03 1.243649470739387198e+03 2.493346672164883593e+00
2.245551127118288264e+02 1.232033044113661390e+03 1.523237773685661489e+00
3.239290300541286456e+02 1.248734171494478460e+03 2.072170956464257419e+00
3.262559934150058325e+02 1.377763861875332395e+03 7.361532535349117889e-01
3.588057842703851748e+02 1.445065416434025337e+03 5.964302381098415262e-01
2.594286861760870124e+02 1.484372766818295531e+03 2.330614634841032817e+00
3.238445222399450358e+02 1.247522163903486899e+03 2.037605477882559413e+00
4.112905337857196173e+02 1.281116523140522304e+03 1.701418919298401278e+00
3.254306147597251311e+02 1.377963764650543908e+03 7.220122674582298838e-01
5.112269900953708657e+02 1.425457913389684109e+03 1.661208744192356646e+00
4.495624861177349203e+02 1.443502855070003307e+03 2.129139119010239334e+00
3.584508971198652034e+02 1.442802512872684929e+03 6.268388551322124913e-01
2.561463970780908426e+02 1.483681521371161580e+03 2.334505883947687988e+00
4.094094139914217294e+02 1.279083450393182602e+03 1.690522531053112676e+00
5.767551904221022596e+02 1.304922176005418123e+03 2.870568880439993364e+00
6.445652670415076955e+02 1.398720182731798332e+03 2.745374577225971446e+00
5.093402911660009522e+02 1.422690718394075930e+03 1.522460294128510583e+00
4.482168369419366627e+02 1.443785938894385254e+03 2.034995067776546485e+00
6.443034948454335336e+02 1.474950788463840809e+03 9.587611820012027775e-02
5.738083113917371065e+02 1.304441290068968556e+03 2.780534071742768454e+00
7.551095987732926460e+02 1.353056663821472284e+03 3.172911556300166414e-01
6.426734455010919191e+02 1.398601989721519885e+03 2.645477003114977244e+00
7.742508675511771798e+02 1.407056489294614266e+03 5.089907261947549388e-01
7.993802530256907630e+02 1.463255708941783041e+03 6.195997051333850258e-01
6.420758626070504533e+02 1.475803581108640174e+03 6.984162380657489566e-02
7.623573424455009899e+02 1.186008014180534474e+03 2.941630879063235615e-01
9.906343545242971231e+02 1.232906635899083767e+03 1.712373996198151005e+00
7.527112442421321248e+02 1.353109206079062233e+03 2.442326527680336312e-01
7.724847448457871906e+02 1.408780512915451254e+03 4.310212029080182083e-01
8.002655805338094979e+02 1.468270033795406334e+03 4.183682486736342021e-01
9.237765307817737721e+02 1.488259489413528627e+03 1.850109253728235315e+00
1.133851981020033691e+03 1.205061917688900394e+03 1.406014180034699024e+00
9.895768436920077420e+02 1.230494823859912685e+03 1.624422841064552037e+00
1.067706018069272432e+03 1.248327398824089869e+03 2.317055589194837228e+00
1.167900965901771769e+03 1.236857225245496238e+03 6.721243047393229419e-01
1.039486726854116796e+03 1.332821804580247999e+03 2.045993172451645581e+00
1.106929237530268892e+03 1.374725694087978809e+03 1.766567272514627529e+00
1.038837546445131238e+03 1.449129250659557101e+03 2.977197470245887434e+00
1.152272754046167393e+03 1.450035288647868128e+03 7.019267857085773610e-01
9.196665069160185340e+02 1.486822464489894401e+03 1.864416406008332805e+00
1.130861973545800311e+03 1.201255526449087938e+03 1.441474097269062504e+00
1.178112983676565591e+03 1.236276973363688057e+03 6.603637420246365464e-01
1.067664522928766019e+03 1.248738110149416570e+03 2.314723553668342149e+00
1.305901326245499604e+03 1.288369508978636986e+03 1.674153694766714606e+00
1.252621254866231538e+03 1.328493989457113457e+03 2.322399881831768376e+00
1.037755666708216268e+03 1.333188041557126098e+03 2.095010723453775370e+00
1.191720261208920419e+03 1.335529721211681363e+03 2.383438331556193557e+00
1.106050304681308489e+03 1.375843770438718366e+03 1.787962405913372965e+00
1.040877397097189487e+03 1.431745910728687704e+03 2.774242114157268624e+00
1.153441442549018120e+03 1.447803184894272363e+03 7.141881848837238200e-01
1.323081826777284050e+03 1.465201441287021680e+03 5.275033184497223138e-01
1.387341110971019134e+03 1.235665605691964174e+03 2.212876750043254681e+00
1.304979232519641073e+03 1.288459043561110320e+03 1.702522684370935124e+00
1.251165553345824037e+03 1.329262339738716491e+03 2.285083834790380131e+00
1.455149493493655427e+03 1.339466235565707166e+03 1.090036342011928561e+00
1.187863691482994682e+03 1.334427322801703212e+03 2.337971449478120523e+00
1.322043711475844702e+03 1.462300554139452515e+03 4.728973850894997444e-01
1.543760162444456455e+03 1.205213900802583112e+03 2.310177260950755596e+00
1.385092217774505798e+03 1.236001163851407000e+03 2.197869057262589187e+00
1.656955608723897058e+03 1.277668421945232694e+03 2.418672523797747331e+00
1.529890891980320248e+03 1.280738968035047719e+03 2.653318510034881950e+00
1.453248146155967333e+03 1.340649777724247542e+03 1.084709555937614311e+00
1.550035572135054281e+03 1.355534638154962749e+03 2.345704223553943812e-01
1.599125086370910140e+03 1.405121388657398256e+03 1.099944508801939724e+00
1.507642398894034613e+03 1.429833447799901478e+03 2.129799399079005173e+00
1.645524075524593172e+03 1.455068193576548083e+03 1.315682683318538437e+00
1.706256385657015471e+03 1.187103249539255103e+03 1.825303995810263924e+00
1.543872893375254080e+03 1.210220285569957468e+03 2.334950609715999548e+00
1.654173663675996977e+03 1.278612344589854501e+03 2.445545199190396701e+00
1.527259560337111452e+03 1.279857231629691341e+03 2.643395383039425894e+00
1.549138233978512972e+03 1.355652277114447998e+03 2.475913966997648208e-01
1.703279538187490289e+03 1.373686964963711716e+03 3.040832881224673212e+00
1.597723152752524356e+03 1.405159358117030251e+03 1.091266446662655154e+00
1.642980295143507647e+03 1.454205663588983043e+03 1.370977302402828668e+00
1.790349105603711450e+03 1.450870334417163576e+03 1.593235850970576406e+00
1.712893472159832982e+03 1.481764816182386994e+03 1.669937954541836689e+00
1.703742177497868170e+03 1.191939846208180143e+03 1.923087475392389223e+00
1.832684075281564219e+03 1.241611193158811375e+03 2.438224523134988164e+00
1.827492435070380452e+03 1.329487249732681221e+03 2.415226624617019091e+00
1.702242030074359718e+03 1.373016016417728679e+03 3.078782886089740600e+00
1.788086536600724685e+03 1.447057446371345350e+03 1.511491115298545518e+00
1.927419847393553937e+03 1.456038328672366106e+03 2.123435858259078657e+00
1.844460773508259081e+03 1.454635682487754366e+03 2.040191036205184716e+00
1.712119158807730400e+03 1.475745255254506446e+03 1.668706182631408685e+00
1.833631443630517197e+03 1.242472366087572937e+03 2.468030039587321589e+00
1.826970171868802936e+03 1.329728412707781217e+03 2.470341481217525725e+00
1.951338745527676565e+03 1.440346775402069397e+03 2.532857079069920747e+00
1.837297258652292840e+03 1.449963249143216899e+03 2.140312219228373003e+00
1.911411964208069548e+03 1.464437208731194005e+03 2.017723566163252436e+00
3.255551560661958774e+02 1.377317596999366060e+03 8.166189364685582097e-01
3.600102307776652424e+02 1.442052968181041706e+03 6.843238470620280900e-01
2.595804452197531873e+02 1.483532386771133133e+03 2.241361076359521753e+00
1.712327039620367941e+02 1.657294967797398385e+03 2.741652824909056818e+00
3.257245291398677409e+02 1.377626170606643427e+03 7.710091311117710511e-01
5.111240869179441688e+02 1.421021187084440953e+03 1.608968167452299758e+00
4.491234439148861384e+02 1.442722545550712994e+03 2.076206802620423453e+00
3.585849620146871075e+02 1.442111556581620789e+03 6.638532119804472220e-01
2.586452207446974398e+02 1.483351312973070890e+03 2.237849348314783438e+00
4.700577163065950117e+02 1.544295600632207652e+03 2.911503486510546690e+00
6.450572907284240500e+02 1.397344470393246638e+03 2.795519882146091373e+00
5.090998200476594775e+02 1.421284842129713297e+03 1.471114765110737910e+00
4.475871799198540657e+02 1.440423775275119169e+03 2.050132522355152531e+00
6.452474844790435782e+02 1.473270235368729118e+03 6.146499080809414428e-02
6.194722011953570018e+02 1.552308930325406891e+03 1.948788129706702232e+00
4.672006096259713104e+02 1.543279098623816708e+03 2.970214820836654113e+00
6.999902394174812343e+02 1.585168197282724350e+03 2.185906111897563342e+00
5.518804678231215348e+02 1.653730457954169651e+03 1.943345031532200506e+00
6.188109726425715280e+02 1.657672176471665580e+03 1.916237221559837112e+00
7.560072797863334699e+02 1.350190416468141166e+03 3.414237479968499356e-01
6.427493590083599884e+02 1.398278776837985333e+03 2.687079787153899613e+00
7.743143436154414303e+02 1.405612458922529868e+03 4.290861632760534783e-01
8.004632457204737648e+02 1.464647549187594677e+03 5.403771583673149248e-01
6.446767494196379857e+02 1.473911007984438356e+03 2.615753870624936556e-02
8.048761050555492602e+02 1.516386711704059053e+03 2.897821761546411246e+00
6.190658783719840130e+02 1.553595054447757775e+03 1.938327875997507554e+00
7.223561676810886638e+02 1.549344297738416117e+03 2.722215168404729546e+00
6.993187176804759702e+02 1.589787837155996840e+03 2.202003426660874119e+00
6.163837783813228270e+02 1.660114559127434177e+03 1.908464674097593239e+00
7.537503889282809268e+02 1.351607894415964893e+03 3.998782550132605196e-01
7.735819625347197643e+02 1.405590531192386379e+03 4.445621981930008570e-01
7.999009318996099864e+02 1.464427723354893033e+03 5.288594447311150137e-01
9.235844243851545343e+02 1.487129447423632200e+03 1.847569352589672365e+00
8.026558401915194736e+02 1.516986227589962709e+03 2.850953677492917837e+00
7.185916058743855501e+02 1.548345671991802874e+03 2.747879973653529984e+00
1.015819495887893027e+03 1.543525110912331456e+03 9.791059999531788460e-02
9.079018014551704709e+02 1.593774660943485287e+03 2.270588495548821750e-01
9.564461797604369622e+02 1.647295709531606008e+03 1.044311306689360785e+00
8.523420648179089767e+02 1.659804204359338655e+03 3.687368623583304750e-01
1.106721896337986664e+03 1.372448273613647871e+03 1.797054273175754835e+00
1.040046021675580960e+03 1.448501228802989772e+03 2.832061647715280905e+00
1.155713681320273736e+03 1.445842513769260904e+03 7.129822275238706375e-01
9.221619922267864240e+02 1.486825168330684164e+03 1.883120600208978201e+00
1.175919247026304220e+03 1.498187621189984839e+03 5.713169359015433102e-01
1.015858099358680420e+03 1.545185812652337972e+03 1.021977341810311884e-01
1.151650996147522619e+03 1.602664695354271998e+03 1.558401945087863449e+00
1.057074833075887227e+03 1.583692443447055211e+03 3.112348114063075322e+00
9.049328934925335943e+02 1.594794014526163892e+03 1.822731630681446724e-01
9.534692331400942749e+02 1.647371899570473943e+03 9.711550307243245195e-01
1.040443379007740532e+03 1.644401011801764980e+03 2.053825216120052310e+00
1.105112879459447640e+03 1.373807243965897896e+03 1.804035901994845759e+00
1.038556563564073258e+03 1.452207225244013443e+03 2.835927542494369291e+00
1.153680889575100991e+03 1.447240759621382722e+03 7.481767467423479090e-01
1.325877637248244127e+03 1.460139804171890319e+03 4.870487812568099484e-01
1.175030942555592446e+03 1.499388953656745798e+03 5.493210542488815573e-01
1.241549885742008428e+03 1.525855491245713438e+03 5.007895607666360549e-01
1.315452089817067645e+03 1.563383369090828410e+03 1.648953745547212246e-01
1.149471027055930335e+03 1.603205146174025003e+03 1.530317157580795451e+00
1.056969998855093763e+03 1.583820551553796577e+03 3.127030348238491797e+00
1.249266070515784122e+03 1.635297733739695104e+03 1.855762161592176440e+00
1.303045187423935431e+03 1.661272274742065292e+03 1.230933182489563071e+00
1.323459231508022185e+03 1.460129459769116693e+03 4.661881524587374037e-01
1.421464386440229646e+03 1.504423766895052495e+03 6.698883600326532850e-01
1.239786462119576299e+03 1.525367579099802242e+03 5.348210974783411675e-01
1.312544920771623993e+03 1.562969297548784880e+03 1.411812091636668043e-01
1.390023038529440100e+03 1.609463540349257073e+03 1.013032212254126208e+00
1.245864445023953522e+03 1.630078293670551830e+03 1.823199306887321569e+00
1.441045385974193323e+03 1.647016379671455979e+03 6.439396100647625243e-01
1.551563212606276466e+03 1.353305017292994535e+03 1.815915616590424719e-01
1.600324751591477479e+03 1.402030150251880968e+03 1.150829767661989633e+00
1.506833683180698927e+03 1.427010672480588255e+03 2.188182048477307795e+00
1.645231870174487995e+03 1.450854656390250739e+03 1.443193775878229834e+00
1.419075679820048890e+03 1.505811645552013260e+03 5.961424546237074074e-01
1.551979018766377294e+03 1.546607552811680762e+03 1.705522855234637980e+00
1.608108241620047920e+03 1.561015683616643855e+03 1.779980385526197306e+00
1.389719879744270656e+03 1.612538004810880466e+03 9.429034542820662335e-01
1.521969862229975206e+03 1.647174377949161226e+03 1.838552752859129447e+00
1.436374915413134886e+03 1.646459042353944369e+03 4.905262204100809820e-01
1.548023338102354046e+03 1.352433422209067658e+03 2.084418582764916150e-01
1.703006311152490753e+03 1.372463821356378048e+03 3.042430064476349560e+00
1.598105314494314371e+03 1.402985282830921051e+03 1.086617059868699720e+00
1.642438698654490736e+03 1.451790520806886889e+03 1.402458418219061809e+00
1.790481418211918253e+03 1.446168556193809536e+03 1.614846806824924652e+00
1.712662714872369634e+03 1.478927277383197406e+03 1.757892766583700306e+00
1.551005725379354772e+03 1.546708634524115496e+03 1.691876277676920948e+00
1.668778586129529003e+03 1.560615845635467167e+03 1.718307799239873646e+00
1.605409316226422334e+03 1.561497018210411625e+03 1.777781997217693588e+00
1.739711190359270404e+03 1.568370961276906655e+03 1.220633955990039876e+00
1.707049883798552173e+03 1.374029035308935136e+03 3.084443942851375908e+00
1.788278081019979709e+03 1.446192767269918477e+03 1.590436806774750078e+00
1.951950599714064083e+03 1.439788076260944990e+03 2.636863032063864409e+00
1.844879580185254326e+03 1.454263723564908787e+03 2.225009826042144478e+00
1.712422747621961207e+03 1.478836455828872431e+03 1.722084030857939485e+00
1.913489351216453542e+03 1.463313813238750072e+03 2.058613228476141366e+00
1.820590527854638140e+03 1.549828236181013153e+03 1.672626596650433006e+00
1.666819822935276534e+03 1.560219997442011163e+03 1.732567565507931562e+00
1.739570511365315497e+03 1.568672524637497872e+03 1.199734244826186735e+00
1.950806765587633890e+03 1.439225911948897192e+03 2.534164190079660539e+00
1.844599873547186007e+03 1.453785463046193399e+03 2.144402528867211721e+00
1.912812152383625744e+03 1.463668324273329745e+03 1.990203336881153806e+00
1.722605362117949994e+02 1.653179210391233255e+03 2.822160731192841610e+00
2.890553308662951508e+02 1.820591632458938648e+03 9.631457506861107465e-01
4.715305472624569347e+02 1.543587088842795310e+03 3.011713217846029522e+00
4.931266329471387735e+02 1.670868620919291970e+03 1.843924883525205782e+00
2.860325185499418694e+02 1.820995723141644476e+03 8.765250008136860060e-01
6.192055517325519531e+02 1.553898317963713907e+03 1.981738398563233750e+00
4.679042463500127269e+02 1.543801827289277981e+03 3.002829323056614541e+00
7.008526525034669703e+02 1.590410099942220313e+03 2.156257472134772701e+00
5.517888803834056262e+02 1.652753663459454856e+03 1.964613981153362277e+00
6.205520127006385565e+02 1.661265583867231726e+03 2.001659836672922133e+00
4.916432795276579100e+02 1.670574262132689682e+03 1.794719985066602019e+00
6.371381625760942597e+02 1.755616538952563360e+03 1.714048220486784901e-01
8.053619622701503431e+02 1.514714355885028908e+03 2.787873923551871691e+00
6.191926493299197318e+02 1.553580772768677434e+03 1.984271412770941545e+00
7.219229234559667248e+02 1.547907620056686710e+03 2.779844259312838073e+00
6.988622221883487100e+02 1.589797593505925079e+03 2.278927319102498572e+00
5.489648541792456626e+02 1.651842002864395454e+03 2.027917055657320056e+00
6.197422934951495108e+02 1.661659301661718700e+03 2.013334882799038716e+00
8.553110432672006027e+02 1.656024215809372208e+03 3.031319402161453125e-01
7.276043522987711185e+02 1.689716245244160973e+03 8.784399806887055462e-01
6.373407252842263233e+02 1.755274932437558618e+03 1.113422105870044559e-01
7.912158428622265092e+02 1.784651672770201003e+03 9.253719022247995918e-01
8.037028358966337009e+02 1.517700631343620671e+03 2.782116767311920036e+00
7.239007975150453831e+02 1.548518310818381906e+03 2.643253035818991403e+00
1.009293110624166275e+03 1.540623867295353193e+03 1.176413607257674326e-01
9.074539878968059838e+02 1.592575285957121878e+03 1.689385874620035199e-01
9.543934076648547489e+02 1.647012963365265250e+03 1.043541581291463460e+00
8.529662648007387133e+02 1.656187955628905456e+03 2.580594908930133879e-01
7.253712550000716419e+02 1.690581372784282166e+03 9.163839022301638604e-01
7.890024891802374896e+02 1.783189356803651890e+03 9.149202854701122822e-01
1.011521769638357455e+03 1.777480648784681762e+03 2.422405402527820772e+00
1.015821333039469891e+03 1.543613932927173209e+03 9.333373437056444177e-02
1.150711795823507146e+03 1.599833473318984034e+03 1.499401020610377611e+00
1.057275614945410325e+03 1.582188196125446893e+03 3.104696903352520021e+00
9.046135397036541690e+02 1.592967982664930105e+03 1.850323755008304871e-01
9.528991345336687573e+02 1.646121829256611818e+03 9.868877911668004765e-01
1.040961256928465446e+03 1.647411694987068586e+03 2.136999111350723179e+00
1.022437939070552602e+03 1.709382734685701053e+03 2.098206516809674405e+00
1.123298529491427871e+03 1.764561257538982090e+03 2.274774726592956764e+00
1.012193778332295551e+03 1.789410165459148175e+03 2.313334280539166787e+00
1.239780018545741768e+03 1.523497898312952429e+03 4.397511985491560083e-01
1.313005760744902545e+03 1.561408756629886739e+03 1.498226516782908690e-01
1.148803421124651322e+03 1.600845752748766245e+03 1.507241846112218786e+00
1.054213611364227745e+03 1.583276285907159263e+03 3.132300391773986892e+00
1.250941731639354884e+03 1.633572940279446129e+03 1.858394896050935774e+00
1.296971449496894365e+03 1.663637045770653003e+03 1.266299224548417257e+00
1.178693286113904833e+03 1.667797520504373551e+03 1.107324996085593316e+00
1.038930287709544700e+03 1.659044337852374156e+03 2.301022028625254290e+00
1.338403051037506884e+03 1.720985181202006515e+03 1.170437962490228578e+00
1.245390366423570640e+03 1.733676977426913709e+03 2.492075037609298604e+00
1.121677130395740278e+03 1.767484868885127526e+03 2.275721467387875840e+00
1.244165986038887240e+03 1.802814088048836311e+03 9.734307655544627291e-02
1.240261342654172722e+03 1.521677890636515485e+03 4.544705076437947078e-01
1.311916827631571550e+03 1.561941281643529010e+03 1.338925114103328429e-01
1.390356364723220850e+03 1.608680955053541084e+03 9.910343050450010072e-01
1.248715627011593369e+03 1.633186943064801653e+03 1.904404243390444895e+00
1.437581206350480215e+03 1.644593729655281777e+03 5.332468312693500190e-01
1.295601943012420179e+03 1.663434610897880475e+03 1.320848533639802147e+00
1.335881325543501589e+03 1.718746316646028845e+03 1.196296363414832031e+00
1.433997567662247093e+03 1.711450662282878056e+03 6.888219440088653167e-01
1.243906433822183317e+03 1.733555447251889973e+03 2.471037912276619508e+00
1.442328909991690125e+03 1.768393965080611451e+03 5.976482637011970578e-01
1.241701127235977765e+03 1.803203642647888501e+03 1.454394768341943645e-01
1.552153000935329828e+03 1.544663139401596482e+03 1.706404096881382726e+00
1.608483730032401809e+03 1.560837084957288425e+03 1.729656578885181650e+00
1.388617566952361358e+03 1.608609874407667803e+03 9.010276587038076324e-01
1.521539336650931318e+03 1.646809251901176594e+03 1.832053347721708692e+00
1.435856235802469200e+03 1.644197741139696291e+03 4.909884062744088173e-01
1.640951176950311947e+03 1.690824223474249720e+03 2.136306145928045908e+00
1.432399568126000304e+03 1.711141072314995426e+03 5.793320217660380411e-01
1.584792335527190971e+03 1.729405840391617176e+03 1.455814705445457546e+00
1.457234802845086733e+03 1.785716712115334985e+03 1.513501885264121327e+00
1.657650335405121950e+03 1.810048856276545166e+03 2.633298828042489603e+00
1.550832874536391500e+03 1.545070750781190327e+03 1.534742704264837609e+00
1.669363273419750612e+03 1.559790478547002749e+03 1.687334900378257174e+00
1.606172829886241061e+03 1.561392597953659106e+03 1.710841377766130655e+00
1.740113718756649405e+03 1.567332528183179875e+03 1.183282128273478673e+00
1.518796831395453637e+03 1.647411546297068526e+03 1.823283460026170033e+00
1.730557339839982205e+03 1.667939553278367839e+03 2.775130856180848316e+00
1.639174188053554644e+03 1.690815416697244927e+03 2.065283067261920458e+00
1.583327020856847184e+03 1.730455396545430176e+03 1.382002084819718313e+00
1.706256860508787213e+03 1.736826202272299042e+03 1.936178580454795517e+00
1.661931336787148439e+03 1.811210838358923866e+03 2.753930413720433457e+00
1.821038342749406638e+03 1.549914633099793946e+03 1.679220848570305513e+00
1.667462824316702381e+03 1.562836224148318252e+03 1.623341303733737861e+00
1.740563735288368434e+03 1.568036963480368740e+03 1.229060005166609404e+00
1.731056782023500091e+03 1.667663273254134083e+03 2.768705594416136950e+00
1.707352015631668337e+03 1.738549055517486067e+03 1.944548104904441743e+00
2.877884187315562485e+02 1.817909089912747731e+03 9.704796931445826003e-01
2.770786071157338029e+02 1.962781391523820275e+03 3.135716434701923405e-01
1.463374140088320701e+02 1.968751778534044206e+03 2.589894508267426287e-01
4.955960903270650988e+02 1.672278682157059393e+03 1.976325722436344412e+00
2.861901103902752084e+02 1.818873127198781276e+03 9.371559252648495875e-01
2.760775902856711355e+02 1.962121771970007558e+03 3.105439579993106158e-01
4.923739125538074859e+02 1.673084590596009093e+03 1.840341926777624426e+00
6.374114414687933277e+02 1.756052084734482378e+03 1.685681243571529320e-01
5.541516238306589912e+02 1.667493142115451974e+03 2.116592783681663370e+00
6.208535897011764746e+02 1.666140892601285941e+03 2.095567332357651580e+00
7.277649868642713500e+02 1.689176829129797397e+03 9.040705019499772899e-01
6.371321603003358405e+02 1.755307068220189194e+03 5.081096288970903679e-02
7.913712605001833253e+02 1.781002541907277418e+03 9.129585849893335769e-01
7.242646660304227453e+02 1.689600974369883033e+03 9.330137327994664220e-01
7.884341999490229682e+02 1.781764880021211866e+03 9.164413748161083229e-01
1.013295121099011567e+03 1.787250649200905400e+03 2.351229255876349455e+00
9.694564434995452302e+02 1.821820357146311153e+03 2.713219599392459713e+00
9.984836117199290584e+02 1.939547365914620968e+03 2.671410558699719662e+00
1.176608376886709038e+03 1.674635624767303170e+03 1.059657833667758675e+00
1.022041107001492492e+03 1.709246591978442666e+03 2.087189776652663475e+00
1.123579291396294821e+03 1.764872002935481305e+03 2.250492949780936502e+00
1.012981065945705950e+03 1.789414207439840766e+03 2.323416051553146122e+00
9.678512188177392090e+02 1.820795226777828930e+03 2.764605394475109446e+00
1.114333462001598718e+03 1.861960570785005984e+03 3.361100099383196871e-01
1.000716113308519425e+03 1.938514843237316200e+03 2.752989566887291684e+00
1.109443866777456378e+03 1.968363715466571648e+03 1.088197643936904768e+00
1.333999448269222285e+03 1.723003837433053832e+03 1.110890862323951067e+00
1.245343347884161858e+03 1.732568578037782117e+03 2.513704278003267234e+00
1.121915701548094376e+03 1.765359639156207550e+03 2.301696941522720863e+00
1.243359834955494534e+03 1.800013402013261157e+03 1.278061911551847118e-01
1.117707317371372483e+03 1.822466757225662377e+03 3.108404284737081635e+00
1.264753228803772572e+03 1.843548558359163280e+03 4.196478136477749254e-01
1.329871120379264539e+03 1.886731672555822342e+03 1.612715686220148825e+00
1.111650342540614247e+03 1.879491168226420086e+03 4.323657892310428519e-01
1.182344205929775853e+03 1.930673664049089439e+03 1.089095038679038785e+00
1.259091305687875547e+03 1.937274952111073162e+03 1.766387969563614213e+00
1.106948539983076444e+03 1.968056299058605418e+03 1.145858520306131334e+00
1.335541070762940535e+03 1.718730831244313549e+03 1.125826613530910070e+00
1.432297850437826810e+03 1.711001209987906805e+03 6.369564568004065785e-01
1.244158845973321377e+03 1.732586958192799557e+03 2.510749017959004181e+00
1.438730726305668668e+03 1.766777022166908182e+03 6.157431799522821159e-01
1.240694246809884589e+03 1.800314933374904967e+03 1.016365377168144263e-01
1.475452588040960563e+03 1.810004025610661529e+03 1.300149130761395266e+00
1.262958612559633139e+03 1.845643624172146929e+03 3.835909231124113306e-01
1.327358228244655720e+03 1.886466838167253627e+03 1.607427299235895557e+00
1.257892419838272190e+03 1.938773326860611178e+03 1.766366112781289299e+00
1.642016099066061088e+03 1.693230403466931421e+03 2.087366871748259189e+00
1.431633813294576385e+03 1.711160386807889381e+03 5.780037790962702093e-01
1.584115456990273287e+03 1.729795572444474828e+03 1.509955887030162591e+00
1.436664947249181978e+03 1.767439707151556604e+03 6.465024156136289779e-01
1.475261026525099851e+03 1.809176684812267467e+03 1.335911972440466444e+00
1.661836200567262267e+03 1.808179330499270009e+03 2.684402462819160728e+00
1.568610183107553439e+03 1.846178691978964707e+03 6.423239790069220634e-01
1.639855319002389706e+03 1.689071004874935397e+03 2.014429529256369644e+00
1.583528848791140035e+03 1.729469023086268635e+03 1.470746879204578583e+00
1.707353681876809560e+03 1.736155719073661885e+03 1.924998873419190293e+00
1.662087525689011954e+03 1.808341537590337794e+03 2.696152688983531220e+00
1.568742269012271436e+03 1.845765404679631274e+03 6.679183781630652073e-01
1.666255593175250851e+03 1.888175047562997861e+03 5.778082762645254666e-01
1.737906313435752054e+03 1.669739735156692177e+03 2.720942979597209987e+00
1.708047158559032823e+03 1.739365502385381660e+03 1.912028625193764153e+00
1.668483877570457253e+03 1.887939918771018938e+03 6.538116851362626436e-01
2.753107370786306660e+02 1.960346227418179296e+03 3.547127659819835910e-01
1.469564791730796287e+02 1.966086921284726941e+03 2.031748925816007356e-01
2.749102475622453312e+02 1.960339744364853686e+03 3.756307038511808583e-01
1.001323900874750052e+03 1.938340298484660252e+03 2.779156146198460409e+00
1.117165410811286392e+03 1.826545745841808184e+03 2.976914519524170188e+00
1.110720098366166440e+03 1.881640663123687091e+03 4.090436571790635467e-01
1.001022948103907993e+03 1.939320741823030403e+03 2.730691687228996134e+00
1.105860993548554234e+03 1.970213139218194556e+03 1.224029869149360295e+00
1.264152708220702380e+03 1.843215939995629697e+03 3.875200988445108297e-01
1.113482027161984206e+03 1.869649040338783152e+03 3.417143040125779629e-01
1.328700114243133612e+03 1.890100616124721000e+03 1.718409537295800815e+00
1.183270996641262172e+03 1.929843131194621037e+03 1.092502718706588993e+00
1.259809234254364355e+03 1.937228725219512853e+03 1.785093599617353810e+00
1.105594695883197346e+03 1.969586325009856409e+03 1.193492327650979679e+00
1.193854754307789108e+03 2.012028125458398335e+03 1.146809299815251482e+00
1.262494579511693473e+03 1.842592132229133313e+03 3.689630906015121115e-01
1.328769529800322744e+03 1.885953432068382654e+03 1.582242318424452954e+00
1.259544739885687477e+03 1.936686487641486565e+03 1.770652908519958713e+00
1.193308028726355587e+03 2.012251687996315468e+03 1.112930852853128982e+00
1.567030058741161156e+03 1.847509981064834619e+03 6.766365929022961634e-01
1.567662065847818440e+03 1.844248211838062161e+03 7.961726228015350015e-01
1.665402333658252246e+03 1.887850042140476035e+03 6.731240272077435582e-01
1.668427785987776588e+03 1.886532448066293910e+03 8.243121236367293436e-01
1.193486937974136481e+03 2.012663369775166757e+03 1.199593767840295477e+00
1.189966253299659684e+03 2.016475065273576092e+03 1.244444972904587443e+00
