6.313484537419714115e+02 1.807548195413637018e+02 1.468109048850102072e+00
6.299924267838586047e+02 1.809601295758770334e+02 1.462420003996033557e+00
1.088028775627272580e+03 3.509245625416400571e+02 1.334850747371597368e+00
1.233099343471501925e+03 2.390304310399370138e+02 9.464813474879595345e-01
1.244455548773752980e+03 3.166070781314681426e+02 4.022106083092638618e-01
1.088371697075933298e+03 3.498825173026709194e+02 1.401079697025805260e+00
1.232095137254737210e+03 2.398011926516526273e+02 9.745018082803205139e-01
1.243419818794832736e+03 3.172832451950228005e+02 4.300736486948902315e-01
1.564309138897311868e+03 3.345430636326051399e+02 2.296035481352589613e-01
1.711623580919291726e+03 3.215460488120019136e+02 1.023052792584699056e+00
1.561583101087445584e+03 3.354022634220988834e+02 1.453988971102178063e-01
1.784732096334864536e+03 3.494967119178754160e+02 7.256982443118199511e-01
1.882808532849821404e+03 2.684957294316753860e+02 2.070951692723925319e+00
1.711361610026380731e+03 3.208008845423802882e+02 9.784169088310734619e-01
1.971921213752069434e+03 3.307733809809492982e+02 6.414266811319122019e-02
1.784546431388203928e+03 3.474172104730217825e+02 6.370524980426841566e-01
1.882404671571287963e+03 2.695755788331455278e+02 2.047386449180603307e+00
1.970244236870079931e+03 3.281726282599234992e+02 2.746548777004335085e-01
2.613052818232748109e+02 5.404721618630962894e+02 1.356421125076975542e+00
5.784935220325504588e+02 4.583261131094004668e+02 8.144093634340542343e-01
5.783270824574721019e+02 4.582745715491602141e+02 8.522602406738227776e-01
1.086870287813943605e+03 3.518985126709976043e+02 1.349627824370774887e+00
1.157597496569451778e+03 3.826201542673796894e+02 4.330249016048530186e-01
1.232481424026877221e+03 2.381944704565584061e+02 9.234257976242852273e-01
1.243444405131323265e+03 3.165553320898071092e+02 3.734697517739763994e-01
1.085777985298098656e+03 3.524725885344888638e+02 1.374703695037073681e+00
1.155549661864332393e+03 3.827386807656289420e+02 3.495422620505744260e-01
1.281852889887114088e+03 5.001477435606079780e+02 9.680068445666932808e-01
1.229475464435566664e+03 2.371466859775329681e+02 9.677702316191313381e-01
1.242215654387802715e+03 3.160680197750861566e+02 4.227710651666168329e-01
1.480234410011759792e+03 4.171546545566662871e+02 1.081755163413284038e+00
1.378904445269703501e+03 4.695335347802881643e+02 7.376990211886648163e-01
1.280450964735356820e+03 4.960730014263514249e+02 9.362373802976328152e-01
1.484212673904968597e+03 4.963201238472760224e+02 2.892720959055030683e+00
1.408722274102109623e+03 5.313319997753357029e+02 3.080639960161115631e+00
1.564395426390330385e+03 3.339896410524834209e+02 8.584531972198757022e-02
1.476940524693745829e+03 4.173204018386174994e+02 1.138897981168676798e+00
1.539952347246590080e+03 4.259442664716277704e+02 9.893306263436963954e-01
1.377446029212497706e+03 4.707958360462696419e+02 7.550564756026114654e-01
1.570773545255864065e+03 4.639978733537205926e+02 1.809419045503875831e-04
1.487466905858261953e+03 4.960326611116308868e+02 2.971284550691548620e+00
1.574071424192316044e+03 5.365376638568291128e+02 6.729876520969344522e-01
1.410688347532760190e+03 5.304390405440328777e+02 3.074759109940549351e+00
1.712833491842184230e+03 3.209775958812251702e+02 1.035412531908460387e+00
1.562764291596023895e+03 3.341648514232988418e+02 4.958147669833434801e-02
1.786525234608124038e+03 3.467748537178425750e+02 6.091609698899471681e-01
1.539227822637138843e+03 4.268957784154347337e+02 1.016895755379808364e+00
1.689261273033207090e+03 4.152562460104750244e+02 7.334122773718305954e-02
1.806880866430610467e+03 4.567554520837153404e+02 7.164389036251987974e-01
1.568646949302047915e+03 4.645536998707563043e+02 3.086706607475137254e+00
1.687113208198790289e+03 4.891447842720692734e+02 7.879050124180878578e-01
1.573326746469281034e+03 5.347701741971333149e+02 6.214234809742348320e-01
1.882626396448918968e+03 2.674216955599445100e+02 2.006295288661404719e+00
1.711922206635656266e+03 3.211769249819952279e+02 1.031165729026745081e+00
1.974726464464059063e+03 3.295054574692162532e+02 1.591389811337637072e-01
1.785204861793449709e+03 3.473772757282715133e+02 6.303297044619395884e-01
1.965778768907430276e+03 3.780892902710411363e+02 2.968112827163355671e+00
1.831860758435599564e+03 3.859477797277378386e+02 1.990849762161514547e-01
1.687151926445216304e+03 4.157736315204122093e+02 9.706206073105905219e-02
1.805232225206747444e+03 4.562064823959333353e+02 7.554937154149959921e-01
1.908513701182881505e+03 4.694555050759814776e+02 3.113927957707939065e+00
1.687017227649913593e+03 4.884113025594776900e+02 7.361614946625252287e-01
1.849454368095173550e+03 5.184211495176616609e+02 3.050705661794023360e+00
1.779885723000667213e+03 5.413920509300367030e+02 3.044591845125943053e+00
1.883175180244411877e+03 2.686147254388848751e+02 1.919611955748793175e+00
1.972613364439775523e+03 3.270976888954429000e+02 2.806090434805235123e-01
1.964720522621691998e+03 3.793735597817969847e+02 3.026387341869677616e+00
1.833803582750671239e+03 3.866867768860139449e+02 2.802837316197747120e-01
2.006177748905595763e+03 4.485441886834572642e+02 2.940664393690782141e+00
1.909482896797372177e+03 4.687788253612450262e+02 3.141334069760334469e+00
1.854952622892638828e+03 5.169969792569712581e+02 2.977892288221359873e+00
2.006648207997194731e+03 4.500580982631705638e+02 3.032682947985630317e+00
2.584843748011188040e+02 5.499130793814063054e+02 1.306882109467679243e+00
2.569330565930909529e+02 5.502232059661281482e+02 1.311910521022661147e+00
5.790973039715266850e+02 4.565107535413916366e+02 8.271798971514040533e-01
5.769720818477846933e+02 4.564059807015987644e+02 8.377717614877036034e-01
1.150990731888459322e+03 6.661694374771146840e+02 2.309810562564994729e+00
1.281056067749175554e+03 4.951934246629569998e+02 8.516363065365051277e-01
1.294977603596540575e+03 5.855801765169996997e+02 7.866998991134183106e-02
1.204959114908763922e+03 6.297047448058407326e+02 1.560162439776677790e+00
1.154085564878750574e+03 6.686646894292550769e+02 2.250740548783610517e+00
1.476048773082511161e+03 4.177648364427141132e+02 9.948851064486027296e-01
1.378899437565350127e+03 4.697209627219240247e+02 7.539353887339783622e-01
1.280065476300007276e+03 4.959019330844404294e+02 9.436406042433070906e-01
1.488489511349865325e+03 4.954552983637778425e+02 2.946204361211927747e+00
1.410323131407161100e+03 5.287713091089199224e+02 3.107147999921877179e+00
1.293171219520525710e+03 5.851915092229720585e+02 2.520467561448323845e+00
1.460265008781965662e+03 5.929692436964393210e+02 2.774375789735959441e-01
1.203239632593302531e+03 6.271480904741770246e+02 1.589698021150419471e+00
1.478574204977127465e+03 4.167150362898275944e+02 1.122966083181345720e+00
1.538234466252022003e+03 4.279239618657176152e+02 9.983348600464680977e-01
1.374632588879341711e+03 4.708243818664161608e+02 7.405762844289917046e-01
1.568843277445372905e+03 4.636573273933929613e+02 3.115233332224879970e+00
1.486692339160066695e+03 4.941755063535854333e+02 3.002614902732684055e+00
1.573052152647495859e+03 5.334311532268681049e+02 6.357121090948785191e-01
1.407707553945214840e+03 5.275685106776168141e+02 2.329352163438887402e+00
1.458852290299473452e+03 5.928097122243542572e+02 2.883434522423904967e-01
1.561485001950540436e+03 6.245110895188857967e+02 8.011896065004203704e-01
1.661911613492782408e+03 6.356267284084656239e+02 2.209425636211109101e+00
1.589960243933515130e+03 6.785016381383742328e+02 1.551898993668284765e+00
1.535037670737599910e+03 4.252606324787745962e+02 9.256352201522757284e-01
1.689504162939695334e+03 4.149475689902564000e+02 1.111730287424270852e-01
1.807227341563472237e+03 4.563548226414204692e+02 6.987780483752873417e-01
1.567915767166158957e+03 4.648106867991899662e+02 3.081719299275141211e+00
1.686720993434308639e+03 4.889197977509209068e+02 8.191761319080180792e-01
1.571668006864964809e+03 5.337387196574674135e+02 6.178231916621631514e-01
1.783418175658114706e+03 5.411353638220016364e+02 7.150010828688939668e-01
1.705080140906858105e+03 5.541588532765175614e+02 2.999296124389764895e+00
1.560275582500661585e+03 6.259108671697017598e+02 7.620959080549619680e-01
1.661803284758069822e+03 6.386578183073664832e+02 2.150343151502198680e+00
1.803376059018418800e+03 6.321978429211632147e+02 2.709331111185322882e+00
1.724524857161446334e+03 6.195724327307679005e+02 2.798976264407916137e+00
1.588446903996441051e+03 6.787000582370471875e+02 1.591598777372724038e+00
1.773792130119955800e+03 6.949546712440068177e+02 2.665040277193900575e+00
1.690237233773412981e+03 4.135882687614888482e+02 4.568654684608407235e-02
1.805275691207194313e+03 4.553965385005494682e+02 8.138816253264186118e-01
1.909364741150724058e+03 4.691090817075083805e+02 3.104397759918140931e+00
1.682987134241702051e+03 4.890923229638964358e+02 7.936636528399308999e-01
1.850206983882732857e+03 5.149381586489703295e+02 3.009712272297319746e+00
1.783416496523624801e+03 5.403710892777600066e+02 3.026407685179249629e+00
1.969266060365426256e+03 5.435750452910532431e+02 4.714368816046372590e-01
1.708597756689951439e+03 5.578042692594094660e+02 2.954673961954268790e+00
1.858335147485271591e+03 5.962075040985707801e+02 2.936359182764778808e+00
1.805992681044669553e+03 6.371265667867882030e+02 2.146462431632396139e+00
1.726021252714094771e+03 6.212684342927632315e+02 2.797083465815583647e+00
1.909411890586241498e+03 6.915187717051691152e+02 3.393565061090143553e-01
1.771819440519252566e+03 6.927906478613696208e+02 3.092886880355690149e+00
2.007041968487451868e+03 4.483435514194511597e+02 2.907365625788735031e+00
1.910104790194201541e+03 4.677436331692312024e+02 3.108610118433381420e+00
1.852301916408691795e+03 5.152105732703120111e+02 2.989145284810917236e+00
1.968570699421336940e+03 5.437762198382622501e+02 5.382759198694074820e-01
1.862098066899561218e+03 5.961918578496662349e+02 2.978270343386266283e+00
1.911465340529471632e+03 6.894427844084598291e+02 4.712272683739624490e-01
2.008707900663598593e+03 4.490965864107944299e+02 3.058917302371984448e+00
2.567025125392347036e+02 5.521186571583921250e+02 1.334194696240271538e+00
2.542215127069290475e+02 5.551774040999169983e+02 1.309660667524261024e+00
7.235443884270405306e+02 7.944163947193098920e+02 2.029587938436621108e+00
7.204410024528987151e+02 7.893228505151254240e+02 2.041954897286104131e+00
1.156909171637724285e+03 6.672695910690083565e+02 2.368879712416308347e+00
1.100696922299975768e+03 7.974497792329792674e+02 1.269951637812611223e+00
1.028743902515261652e+03 8.144352959917724775e+02 1.212596643240595462e+00
1.287787576277872631e+03 5.962648003881791965e+02 2.426251288263593153e+00
1.205337775200302985e+03 6.263312089430519336e+02 1.586014834747798474e+00
1.154118705739573215e+03 6.667963385714897413e+02 2.292605177331542343e+00
1.321092612525460027e+03 7.782620430654437769e+02 5.780315680380267995e-01
1.099712690092305138e+03 7.981484421342362339e+02 1.244512472632121280e+00
1.028031064876551909e+03 8.126795903095273843e+02 1.161115129157514803e+00
1.309943999105203829e+03 8.217163803406795068e+02 2.912800573554280570e-01
1.293127462994244752e+03 5.859695460128348259e+02 2.589280231058387560e+00
1.460498853794802017e+03 5.919433434529408942e+02 2.870522910737738909e-01
1.199455534571968201e+03 6.326043390108987978e+02 1.507816042719438920e+00
1.494548576063978089e+03 7.018155973950864563e+02 2.851692686398751508e+00
1.318727680989239389e+03 7.755576269998008456e+02 6.049620853080811544e-01
1.311918212040618755e+03 8.265756065935787547e+02 1.473129827591414809e-01
1.458304831251752148e+03 5.926700014831967565e+02 2.887156298096779095e-01
1.559785381976382951e+03 6.232005493417306070e+02 7.916249711347692619e-01
1.588382594894458634e+03 6.791296057604661200e+02 1.475729596431806900e+00
1.492285969826046539e+03 7.007714276368134279e+02 2.868435325389482760e+00
1.649374112584338036e+03 7.172939875546078383e+02 1.946811865827835275e+00
1.504412053707616906e+03 7.782849593540961450e+02 5.269771009237416148e-01
1.620245419120882161e+03 7.957434948857763857e+02 2.717024463261175526e+00
1.578132866284298188e+03 8.483675558377556172e+02 2.206005916422138835e+00
1.707557755042546432e+03 5.537025190334824174e+02 3.071491999888192215e+00
1.560267052449248922e+03 6.238588749470235371e+02 7.175990646756778002e-01
1.661424457442403536e+03 6.379394437870628281e+02 2.193750877539283106e+00
1.806798862629986616e+03 6.340522408220790567e+02 2.671067680178916603e+00
1.726510229445980031e+03 6.212587628595091473e+02 2.945982805674407956e+00
1.588150298728379312e+03 6.786175641229627900e+02 1.474297899686638935e+00
1.773620954599737615e+03 6.908287450016928233e+02 9.822509567607780323e-02
1.646753719176489312e+03 7.149467123483989326e+02 1.928977479753146707e+00
1.740383838827990303e+03 7.340325571565613245e+02 2.559890371616411642e+00
1.619250281419485418e+03 7.965293345535490062e+02 2.793029903963800020e+00
1.714476887083140809e+03 7.855102771811127695e+02 2.132120500982014555e+00
1.788905989685973054e+03 8.262991820432566783e+02 1.401537263051320092e+00
1.575453198857544749e+03 8.504836003812367835e+02 2.251597221455555520e+00
1.724442282730874467e+03 5.560953223538061820e+02 4.117624822172281096e-01
1.861523951839312076e+03 5.952273593170118602e+02 3.019574642734419001e+00
1.729501575465786800e+03 6.224775188784642523e+02 2.975025542078270302e+00
1.806422379495480527e+03 6.348207623418279582e+02 2.609014587107272742e+00
1.912047404138097590e+03 6.868561642477853866e+02 3.158095780905414984e-01
1.773431105533717755e+03 6.897108273043652389e+02 3.126577533635842787e+00
1.740510047078952311e+03 7.357875912823882345e+02 2.157272474199288873e-02
1.715033872058258112e+03 7.892350765379400173e+02 2.101569096525185643e+00
1.788506359730887198e+03 8.269784449786343430e+02 1.488367819668076075e+00
1.864002030231243452e+03 5.953858563077918689e+02 2.999402911163826513e+00
1.910742854536761570e+03 6.873418702873211714e+02 3.509844639161481261e-01
2.891029271360974917e+02 9.748251625519214940e+02 2.800906365504282292e+00
2.876419495585064396e+02 9.763845225987333833e+02 2.860828661490811164e+00
7.240261461961908935e+02 7.947969512356165751e+02 2.052835284091270918e+00
7.706046517510028480e+02 8.716761729300615116e+02 1.587826176430136682e+00
7.201916591469127980e+02 7.928277204295791307e+02 2.093032260674540623e+00
7.685858585231213738e+02 8.714537370602001829e+02 1.555567388793884565e+00
9.623431885704819706e+02 8.958858947570399778e+02 1.580844840346656843e+00
9.266122346486874903e+02 9.851245568251629265e+02 2.723955751164778061e+00
1.100877589812988617e+03 7.969908540195859814e+02 1.188812971615925695e+00
1.029728977609828462e+03 8.132391127052529782e+02 1.159708388208427587e+00
1.149687657517355319e+03 8.664569533169442366e+02 9.667206218763207959e-01
9.616812112539450936e+02 8.956624461545065969e+02 1.685830121937634596e+00
1.029852530968460769e+03 9.242129250537320786e+02 1.574724302783865326e+00
1.085578498937108179e+03 9.681500880568057710e+02 1.408069647556192905e+00
9.233128185708746969e+02 9.860280124376376989e+02 2.658097366129628103e+00
1.321764941329862950e+03 7.759973814209245120e+02 4.649911333064409846e-01
1.099667509509258480e+03 7.971068154157121626e+02 1.194167481590995727e+00
1.027242415771724836e+03 8.116596059707719633e+02 1.162763303766751077e+00
1.312657170902418784e+03 8.227430574538642531e+02 3.935011612276581583e-02
1.149265553563932599e+03 8.664780662134421618e+02 9.925771224582383701e-01
1.335571962006126569e+03 9.092520282716382098e+02 2.357187184819640624e+00
1.027952235282296897e+03 9.238076048872458159e+02 1.617881852331493953e+00
1.198378329959793064e+03 9.323220554415936476e+02 1.337517944810481696e+00
1.251915383360401847e+03 9.569619010177498239e+02 1.355810055817181281e+00
1.084276414165826964e+03 9.685448182048037324e+02 1.429705935601601530e+00
1.116951844130089739e+03 1.020256464162319162e+03 7.750583049735465524e-01
1.320221445867256080e+03 7.717730245905125912e+02 5.319119370201614849e-01
1.311733680770270666e+03 8.239666257463358079e+02 1.559846894138439410e-01
1.334137604713103656e+03 9.092019666390769999e+02 2.368005654731113019e+00
1.195115245023305079e+03 9.328850452734598093e+02 1.338247022959867749e+00
1.442297667496888380e+03 9.414176373108878124e+02 2.488819468476239471e+00
1.250670825277684571e+03 9.564350447772578718e+02 1.321221833094410547e+00
1.651185037088050649e+03 7.210332925227656915e+02 2.042895555866189206e+00
1.506189366223235766e+03 7.762823516756969866e+02 5.655794650060032014e-01
1.621965674549939195e+03 7.951094985424373363e+02 2.790709890863364961e+00
1.578809990297370177e+03 8.478673245568556922e+02 2.194439179952359709e+00
1.441806950257883273e+03 9.429159209794624985e+02 2.432606123117002639e+00
1.530874644303512696e+03 9.917026384084656456e+02 5.863127282215159219e-01
1.647311943186669851e+03 7.159760769536654834e+02 1.976168307866411844e+00
1.743728267819300299e+03 7.344566438718383097e+02 1.930213351320451687e-01
1.507184494924344563e+03 7.754792751038044116e+02 4.840783518564329424e-01
1.620054451265569924e+03 7.952741966900688340e+02 2.824305824634830042e+00
1.714749359842427566e+03 7.860485537195899042e+02 2.185641431386437628e+00
1.789444449480206003e+03 8.255811622634786318e+02 1.431750239256057489e+00
1.577756346029602128e+03 8.483876104816963561e+02 2.302408212232489149e+00
1.692004775443447443e+03 8.931665566394628968e+02 9.299899522194291501e-01
1.744428300967082805e+03 9.331715043108697500e+02 1.600817160083345181e+00
1.530045802604450955e+03 9.939571442299732098e+02 5.183447496903013096e-01
1.742108614924871290e+03 7.311543049322823435e+02 6.781922970230778169e-01
1.713505437325548428e+03 7.878383773605694387e+02 2.229925536551932375e+00
1.788968633226574184e+03 8.253258801359936569e+02 1.430372664008807693e+00
1.953566796264293771e+03 8.803575410519242723e+02 2.024183525089603641e+00
1.690042115707275116e+03 8.931877831043170772e+02 9.342686027806902382e-01
1.743668125869881806e+03 9.333522295644693259e+02 1.608986760954115969e+00
1.952575127126782718e+03 8.800701007770639990e+02 2.019878313916354529e+00
2.890052681624141542e+02 9.747755683260647857e+02 2.776224277899086879e+00
1.942060549768223154e+02 1.030609403164812875e+03 6.786911444117509351e-01
2.666263846318178139e+02 1.101312575898200521e+03 2.118847414899166282e+00
2.891559026016598750e+02 9.748440969380305887e+02 2.824531912020320057e+00
2.665203153673887755e+02 1.100800493144303118e+03 2.124136869838334274e+00
6.113594601557045962e+02 1.090696890005049227e+03 2.137962912361048851e+00
7.698820305938688762e+02 8.705089270392757044e+02 1.588699760383083692e+00
6.096438486129671901e+02 1.089800834983194818e+03 2.092302529449159287e+00
8.422248262951368361e+02 1.100851004140963369e+03 2.716045074482651422e+00
7.198505239001528935e+02 1.137086344308402431e+03 6.853913251694898623e-01
7.686419503713547101e+02 8.729349626841258214e+02 1.599440003865086890e+00
9.627494781822265395e+02 8.953177367168570981e+02 1.609427112925436942e+00
9.271946773267109165e+02 9.841986706549787414e+02 2.621387653067163814e+00
8.422664770400118641e+02 1.101512961336203944e+03 2.780415480657702609e+00
7.239677646017522648e+02 1.134220508445108180e+03 6.618224492711315410e-01
1.149750195998113668e+03 8.669411466976102929e+02 9.692486954993766446e-01
9.616511673107486331e+02 8.943325745500958419e+02 1.644938473550517033e+00
1.030077945951820993e+03 9.241428063713105985e+02 1.557606871087467981e+00
1.085517373666554477e+03 9.673781285192769701e+02 1.399165207947085765e+00
9.256685657786406409e+02 9.839150781685498259e+02 2.624026213483487524e+00
1.118053721651748447e+03 1.022261821247219359e+03 8.318527444930631232e-01
1.136014924706606735e+03 1.078985932969368605e+03 5.795456878908037401e-01
1.335997757936549078e+03 9.084506494887036752e+02 2.353955391534944042e+00
1.026390638348550738e+03 9.251304336904779575e+02 1.480619895390386853e+00
1.197914393184866640e+03 9.321584511815397036e+02 1.278914004189474429e+00
1.251732033231580999e+03 9.565221069130423075e+02 1.300317372661102366e+00
1.084002175675551825e+03 9.675769238323887294e+02 1.379533664026436846e+00
1.116056892542411333e+03 1.022378612849574210e+03 8.250130332803786715e-01
1.340839269604276978e+03 1.055737368360150413e+03 2.359606912570197057e+00
1.271952383460483134e+03 1.068624746561577012e+03 2.261856362572488788e+00
1.134231085456675601e+03 1.079017573300356617e+03 5.723839599316181692e-01
1.341047892240746933e+03 1.159648422532760833e+03 2.070260973208878141e+00
1.334115770758587132e+03 9.086282985147117870e+02 2.404089414552965209e+00
1.194487407029067072e+03 9.316221846219825693e+02 1.193643168510943653e+00
1.442251578630214226e+03 9.412101388042947292e+02 2.560054582309884363e+00
1.250077929767403020e+03 9.560434328132701012e+02 1.225471325502711206e+00
1.391234573186644639e+03 1.028675002698545768e+03 1.692824036405714550e+00
1.338676624252938154e+03 1.054142247460166345e+03 2.300920912363561222e+00
1.270832639593872045e+03 1.068187046816725115e+03 2.200199678985990559e+00
1.455716617719563601e+03 1.130318121845730957e+03 2.815783922444582643e+00
1.338134755720840531e+03 1.163474999837469340e+03 1.807955899320123461e+00
1.441395015699690248e+03 9.408837785803016232e+02 2.470194357094754434e+00
1.532179397146992414e+03 9.896905829278389319e+02 5.668576425703911736e-01
1.390729131157030679e+03 1.027572506783094468e+03 1.698955116722765224e+00
1.454758735631903619e+03 1.129913258759983819e+03 2.723820581661725360e+00
1.543396139677772908e+03 1.149912901710928509e+03 2.365454415207357997e+00
1.692493225431913970e+03 8.901134795507314266e+02 9.969557029818402194e-01
1.744602725146482726e+03 9.313919718263750838e+02 1.648007169945877592e+00
1.530572554631388130e+03 9.908931352019353653e+02 5.040022613929077133e-01
1.540908826623467121e+03 1.151758776226537520e+03 2.451579162170665516e+00
1.688197252609322277e+03 8.924005637793000005e+02 9.745165329540497190e-01
1.956175590223898325e+03 8.834828336502491766e+02 2.189138377067134655e+00
1.742777536324667835e+03 9.335957130065216916e+02 1.627044458527976856e+00
1.952217940677209299e+03 8.799410338662216873e+02 2.085370280738382043e+00
1.947185802203209732e+02 1.027668803588456740e+03 7.296813524362835146e-01
2.665947658937792539e+02 1.100188961476652594e+03 2.118621658323699641e+00
1.763526994882009831e+02 1.272263457071214361e+03 1.416318912373375379e-02
2.662214701873554077e+02 1.100213100813261462e+03 2.167159427465969124e+00
6.103116271502484551e+02 1.089570717564341976e+03 2.131214110866872957e+00
6.098445381452258971e+02 1.089567345942829434e+03 2.059798019409631475e+00
8.432554873152329264e+02 1.098893172370527054e+03 2.735572361996505109e+00
7.196377612224678160e+02 1.136904758344782522e+03 7.259258819237720539e-01
7.454591434870935700e+02 1.194295854995424179e+03 3.133507535503063490e+00
8.422140871460806011e+02 1.100200214803232029e+03 2.683825058033511901e+00
7.187197545227053297e+02 1.136308414757500486e+03 6.991650939551855570e-01
1.009270480872791268e+03 1.194784748317388676e+03 1.095384971690518849e+00
7.445901150866168337e+02 1.193687890447101836e+03 3.042780967313487572e+00
8.807175462410677937e+02 1.221467912754283361e+03 8.127817861968419377e-01
8.987551256806852962e+02 1.301338590706070363e+03 9.753770114942780234e-01
1.136874462333992597e+03 1.075514227436986857e+03 6.586255322627112552e-01
1.006238626785621364e+03 1.196069173130725176e+03 1.043243242068765841e+00
8.781710700477315186e+02 1.222391379639154366e+03 7.610108502467562985e-01
1.117999471845590733e+03 1.245419627667585928e+03 1.795197550141638176e+00
8.977845720430370875e+02 1.301271326114801468e+03 9.331531909335307740e-01
1.341897314529405776e+03 1.053219693313911193e+03 2.377573032545016396e+00
1.271945166975468737e+03 1.064947405701733487e+03 2.248002811623729169e+00
1.134720194435457870e+03 1.077579547339992814e+03 5.968388255338631376e-01
1.340936851940903125e+03 1.160609134000000950e+03 1.927058083275621003e+00
1.274018434958871239e+03 1.218324584373379821e+03 2.237676381865842057e+00
1.116922525243993960e+03 1.245394683592066485e+03 1.713316526842273646e+00
1.185982714699149483e+03 1.267733877002208146e+03 1.513244995833896267e+00
1.278505591539156512e+03 1.318206197280452670e+03 6.855022241300618990e-01
1.389536717596759900e+03 1.028603026045452680e+03 1.721250536700313694e+00
1.338665399306693871e+03 1.052750300137678778e+03 2.346510502258793540e+00
1.270109353014685439e+03 1.065215305112392343e+03 2.234162505375920649e+00
1.455314094208261622e+03 1.129501370793904243e+03 2.786705980077992528e+00
1.337791359524494965e+03 1.159972990832060987e+03 1.850386412014218829e+00
1.272652864223503684e+03 1.217453165540209511e+03 2.210113222852733816e+00
1.440795703018562335e+03 1.225733969547640982e+03 1.568822389503802484e+00
1.489253425571234629e+03 1.214768130942863081e+03 2.480247603460751904e+00
1.360834902240561178e+03 1.283395819198689196e+03 1.431459659051098621e+00
1.277230079046946230e+03 1.315736017298162324e+03 6.634839199498364648e-01
1.385765854506006008e+03 1.030842288822241926e+03 1.891721158101457911e+00
1.454285660663378621e+03 1.129077582772798678e+03 2.750074049605883975e+00
1.542344908241506346e+03 1.147963882278492292e+03 2.422925655979534465e+00
1.454751954645857722e+03 1.221336373550230519e+03 1.652250321278589285e+00
1.643528864612521829e+03 1.253358696310697269e+03 1.970745695696732414e+00
1.359497798381913526e+03 1.277958517168485741e+03 1.453663337578582571e+00
1.576124303709993001e+03 1.328483579403039812e+03 3.992874806877362570e-02
1.542220625239195897e+03 1.148850302808723654e+03 2.405707136423656856e+00
1.643478173760041273e+03 1.254274597572162520e+03 1.987281488651477579e+00
1.582537202796703241e+03 1.329320647161738407e+03 7.798661476123165681e-02
1.761649023342063742e+02 1.270560788784611759e+03 1.615646325643850523e-02
2.340860367365148136e+02 1.388528576777042190e+03 9.785720033381674066e-01
3.086786733566805196e+02 1.401690843882251102e+03 1.874029618683206388e+00
3.654075096469833852e+02 1.412490103329047770e+03 1.692104558794249813e+00
1.775197089532663881e+02 1.479117714978054892e+03 2.434840374802764718e+00
2.327599164457174652e+02 1.388473289922437289e+03 9.513044966900796595e-01
3.082953254421679503e+02 1.401801123576355167e+03 1.922018585536464208e+00
3.633084245233530964e+02 1.411212281703796179e+03 1.665856102800164384e+00
5.626320381001377200e+02 1.422614222625465118e+03 1.735802559925127886e+00
6.321486326015506165e+02 1.452567369628611232e+03 1.738788109487577227e+00
7.443601413207726409e+02 1.189898838887000693e+03 3.032788250522778117e+00
8.511243899956424457e+02 1.395118834050103032e+03 2.465883379720385515e-01
5.596300136000378416e+02 1.424484411543874330e+03 1.699741834385526618e+00
7.544547339106502477e+02 1.425852673934088216e+03 2.901746844584881746e+00
6.306559810114738411e+02 1.454425572977289448e+03 1.759583761045940165e+00
7.484971821736033917e+02 1.192056125370385189e+03 3.052383282933992970e+00
1.005944315251876105e+03 1.196126178927381261e+03 1.129684644405555272e+00
8.809887906562339595e+02 1.220040822017837627e+03 8.468547922962761376e-01
8.990330498021444328e+02 1.299987169355866627e+03 1.010124960280448514e+00
8.523436054753497046e+02 1.394582222523394194e+03 1.426335283963567901e-01
7.547291234368242385e+02 1.425228761466954211e+03 2.804851544850883283e+00
1.007138904189686627e+03 1.192766724117685726e+03 1.047239432093044487e+00
8.780807240452729729e+02 1.218555081572608742e+03 7.388815885406705419e-01
1.117772839738945777e+03 1.242978165066231895e+03 1.766586543371716500e+00
8.979930369803657868e+02 1.300569512523922640e+03 9.143719097812339491e-01
1.155048423438570580e+03 1.359921068294401266e+03 1.067194196528876843e-01
1.119520447671685815e+03 1.407069314336232765e+03 2.526514836302965694e+00
1.274591764278188066e+03 1.214488935600568993e+03 2.249128877201299836e+00
1.116700180557962312e+03 1.242554069004622306e+03 1.737058234992796768e+00
1.186101451185124688e+03 1.264822695882699009e+03 1.534561916125435577e+00
1.277637772760357166e+03 1.314548773670875107e+03 6.638873056854696086e-01
1.150618733065113702e+03 1.360593500562717509e+03 1.218116407505911852e-01
1.309891458534165395e+03 1.383078366744942741e+03 1.285117229626123958e+00
1.117999296430511777e+03 1.405899843997243124e+03 2.565356431907544810e+00
1.234949121894612063e+03 1.486018842570549850e+03 1.526637558078085100e+00
1.078955420754189618e+03 1.501027763752048031e+03 1.255829903787845314e+00
1.271762497255862854e+03 1.215623400898756472e+03 2.285847035522818871e+00
1.439715917353009672e+03 1.226224565710996330e+03 1.671602333851667010e+00
1.495658062948102270e+03 1.215397347770173155e+03 2.409325607896562804e+00
1.360834570723116030e+03 1.282784646564308105e+03 1.490030838514324385e+00
1.276686408002397229e+03 1.315199461155292283e+03 6.337808769701264167e-01
1.452795006454068925e+03 1.358383466763749539e+03 2.034256526235584062e+00
1.375919339770896840e+03 1.370856792200854670e+03 1.486828136097145370e+00
1.309418457886154556e+03 1.383665627665485772e+03 1.244524053757773530e+00
1.416866127109067293e+03 1.462267888714144192e+03 1.911803052701818162e+00
1.232896870393174140e+03 1.482622973791846334e+03 1.370813760162512329e+00
1.496401573080202070e+03 1.484606216404684119e+03 2.391141014154236633e+00
1.438056996865277142e+03 1.224502386521590324e+03 1.587242650843112335e+00
1.489742432763026045e+03 1.214185514838855170e+03 2.398152782821622253e+00
1.646424943227690164e+03 1.254375847682453696e+03 2.080044733119477574e+00
1.356375313420765224e+03 1.281142231101811831e+03 1.386569809678241061e+00
1.578237306949113645e+03 1.326775341910051111e+03 5.376509031244948271e-03
1.450744198136035038e+03 1.358269034053780842e+03 1.937934120263317350e+00
1.374475817841422440e+03 1.371452486879565413e+03 1.424207589853641043e+00
1.510729520218992320e+03 1.363188690114731799e+03 2.190572696323010771e+00
1.414360041481382723e+03 1.462893971407486788e+03 1.848400631186067455e+00
1.497064078914583888e+03 1.492201478921569560e+03 1.796843786490471828e+00
1.549424686977455167e+03 1.484165584654134818e+03 2.392798187551395728e+00
1.642261374680947483e+03 1.251270375153529358e+03 1.982846112448205078e+00
1.577978415624762874e+03 1.326208361578891527e+03 1.897606611922166703e-02
1.506979851842302878e+03 1.362232168312232943e+03 2.239596669776011684e+00
1.689679476974488580e+03 1.438758758903173430e+03 2.385419437595691416e+00
1.785765945431618093e+03 1.470491952136654163e+03 2.606940414645729120e+00
1.547908844764509240e+03 1.480849459614182706e+03 2.436994466658497949e+00
1.674531430293050335e+03 1.497821133217233864e+03 2.030968879550959727e+00
1.687830690809880025e+03 1.438775562363528024e+03 2.406675254952038934e+00
1.786359840124459197e+03 1.470975712054386349e+03 2.726098135787651700e+00
2.351837384759419933e+02 1.387597244932507465e+03 9.582571920304069346e-01
3.096788921546291249e+02 1.401698295786105973e+03 1.951000398596280716e+00
3.668430830931125683e+02 1.412351815671654322e+03 1.637617961235554365e+00
1.777487089577209076e+02 1.477997331471579400e+03 2.491250703513435916e+00
1.127467526132762146e+02 1.577412110737090643e+03 1.285349548425712252e+00
2.311086492576615115e+02 1.386979243452623905e+03 9.179758661459608282e-01
3.067759840670737503e+02 1.400489016274397954e+03 1.880590021787194477e+00
3.627997331996529056e+02 1.410631881939920731e+03 1.625373153159642703e+00
4.996929728229259808e+02 1.577040932961927865e+03 2.586514963318576221e+00
5.623832529131774436e+02 1.421326201091844950e+03 1.664800478820112506e+00
6.314805732424144935e+02 1.451594825965127256e+03 1.686986081373949897e+00
5.421789716668049550e+02 1.549858343786811929e+03 1.690745391105302531e+00
6.714993880176436960e+02 1.556412420434419801e+03 3.058649996882382815e+00
4.979481928564455302e+02 1.576183410256778416e+03 2.587772517953017548e+00
6.779692035061073057e+02 1.623402481809714573e+03 2.516045842998380966e+00
6.192567980975745741e+02 1.640075367050493924e+03 2.821767228166983887e+00
8.493199130459138360e+02 1.392087232105622206e+03 2.711428403802992881e-01
5.601476189978603770e+02 1.419712667472923386e+03 1.733528468389868182e+00
7.546522144757324213e+02 1.424207037595464499e+03 2.945672696730004869e+00
6.300805468762051760e+02 1.450736080824734927e+03 1.701498355811871921e+00
8.581311215384959041e+02 1.537617694943614424e+03 7.391479233392082016e-01
6.710818308078489736e+02 1.555435803932177123e+03 3.014384986505106667e+00
8.041225217467167568e+02 1.612098901043304068e+03 2.775983917745744822e+00
6.792229887467756271e+02 1.625136966295937782e+03 2.509367615002802143e+00
6.172982891153121727e+02 1.642294176383537433e+03 2.739991979164506652e+00
8.521736634421877170e+02 1.393376747391024082e+03 2.393435173474379174e-01
7.546081543018316324e+02 1.424473303259117074e+03 2.901218011197039370e+00
8.588448175299536160e+02 1.526332608761065103e+03 6.679778997093837045e-01
9.914493261438901754e+02 1.529214878995626805e+03 2.713143266803352383e+00
8.592869349862888839e+02 1.577958664780303707e+03 2.958300469025382906e+00
9.727534171331317339e+02 1.623855965365008387e+03 1.891412426811380332e+00
8.061199851646076695e+02 1.616360878446383822e+03 2.649132221718716096e+00
1.118843420339145041e+03 1.404023533622645573e+03 2.464905738487416897e+00
1.081148998126834613e+03 1.500836287159729409e+03 1.345474728210516613e+00
1.170169436514330300e+03 1.517201828907152958e+03 2.120004424336079829e+00
9.892731129785702251e+02 1.528854915446044288e+03 2.769632013366207346e+00
1.141474445341426417e+03 1.564800405126215765e+03 2.538313471384839648e+00
9.710985940654670685e+02 1.624032363764685670e+03 1.977374897473195281e+00
1.118989821167016771e+03 1.624424594396372868e+03 2.941565235254279376e+00
1.151822679775988945e+03 1.356114681076502848e+03 5.357878435852848897e-02
1.310102126381440257e+03 1.384111937364996948e+03 1.372596154654717848e+00
1.117836253428314649e+03 1.404317248368244691e+03 2.473856011763079454e+00
1.234883721968146119e+03 1.483574068107276162e+03 1.504107117045792030e+00
1.079647728837257318e+03 1.502017995654967308e+03 1.411744036516405343e+00
1.167381550021942076e+03 1.517040223102284472e+03 2.209248997898086042e+00
1.336167294250920349e+03 1.534003406105076920e+03 9.180410243347247867e-01
1.141157348934772472e+03 1.567005227858091530e+03 2.430628306507907954e+00
1.236438353907605006e+03 1.578110449115922847e+03 5.765350293085009792e-01
1.118176092514258244e+03 1.625053996376246005e+03 2.943312088210741084e+00
1.267845047450183529e+03 1.640862303045652197e+03 5.818833980263983241e-01
1.375196430841428082e+03 1.367751415815414020e+03 1.588843153489533755e+00
1.454369922147265243e+03 1.355862087555713970e+03 2.148803339151956315e+00
1.309454514539451566e+03 1.381713893423750505e+03 1.358926547393531470e+00
1.415830788300430413e+03 1.459647052148024613e+03 1.934302771565251433e+00
1.233706567939965453e+03 1.484108426275951160e+03 1.512858260783475739e+00
1.499243591137840895e+03 1.492007974060198649e+03 1.954942354869466437e+00
1.333963181426515348e+03 1.534082469079103930e+03 8.749416734202625223e-01
1.410370904885588061e+03 1.559203636865581529e+03 3.200784462498946770e-01
1.235826616492329322e+03 1.578284422369341883e+03 5.219921742979154455e-01
1.413165612152379254e+03 1.615956702607130183e+03 2.045942438966881771e-01
1.265817999798482333e+03 1.639355256040367976e+03 4.698730782757433166e-01
1.372387226012739120e+03 1.370800905910588881e+03 1.365127068031406932e+00
1.451525064355688983e+03 1.353914048997979080e+03 1.974940131618594163e+00
1.509968713489593938e+03 1.359974524154294159e+03 2.167875585858778376e+00
1.414884965223668587e+03 1.459299553065641476e+03 1.886064390789103262e+00
1.496738402752472439e+03 1.489946469646025207e+03 1.839344305858372497e+00
1.551258058028517098e+03 1.481157495552564114e+03 2.350407054277770857e+00
1.409179369501957353e+03 1.558808622760153412e+03 3.573884448054351903e-01
1.635653262620119449e+03 1.612207557884428752e+03 1.969747456147644904e+00
1.573735186318137494e+03 1.631532055878633173e+03 1.561091582199680028e+00
1.504149663958243309e+03 1.630274717738385107e+03 1.046357646897166926e+00
1.410379398479112751e+03 1.616715167907932937e+03 2.667911337109893921e-01
1.511167906276201848e+03 1.366764755147356027e+03 2.354954884299185203e+00
1.689619600426850866e+03 1.437565091645258235e+03 2.476406622441782446e+00
1.786206455078411636e+03 1.469864740334691987e+03 2.764105575644063784e+00
1.550365390332214020e+03 1.480520606360556030e+03 2.332475593893968302e+00
1.673890037447053601e+03 1.498512335940956746e+03 2.048750437749625064e+00
1.774517314389392141e+03 1.547668255677169100e+03 1.540875977668337837e+00
1.635359413426006313e+03 1.613498741633136433e+03 1.122348790176225464e+00
1.572167327665662924e+03 1.628748503856198340e+03 1.532909911364987554e+00
1.764792192395807206e+03 1.645892129433336549e+03 1.709625283856664568e+00
1.687044476644581664e+03 1.439409613693160964e+03 2.502159004177601176e+00
1.784902134505002095e+03 1.469245064117421407e+03 2.725131898586950818e+00
1.670530526740959203e+03 1.499453932191981266e+03 2.157099136563779940e+00
1.772976591873617053e+03 1.547042878284631570e+03 2.328061626229021019e+00
1.857145150238456381e+03 1.623254120497485701e+03 1.800733559619282831e+00
1.763086107175508232e+03 1.648651890217949813e+03 1.760427607548830764e+00
1.875839619013940137e+03 1.606076786455774482e+03 3.864010156085240788e-01
1.134218635642616277e+02 1.574670054308617637e+03 1.349438567316108228e+00
1.265349788750430093e+02 1.734788905860787509e+03 1.154975950270750312e-01
4.989745424414279569e+02 1.576244026354632751e+03 2.605602739410481483e+00
5.418876262905612293e+02 1.550271747953850763e+03 1.683123626261672889e+00
6.713483013907477925e+02 1.555138382729268415e+03 3.027137233121897975e+00
4.974612733314734214e+02 1.574844110486473255e+03 2.494546653257574853e+00
6.820226877303077799e+02 1.625268241563793708e+03 2.504114052452256267e+00
6.215639353247055396e+02 1.640612639244507591e+03 2.742478099261526303e+00
5.720363560802780967e+02 1.693664013833785248e+03 2.691215933780717329e+00
6.728376645284868118e+02 1.723212960868323080e+03 9.354973333208961295e-01
8.570669594699891150e+02 1.535610821250339995e+03 1.068541968834846312e+00
6.701591150981525971e+02 1.555138984487101197e+03 3.068055245181956714e+00
8.570407526196340768e+02 1.574047805226169885e+03 3.086204203169601090e+00
8.061383290549579215e+02 1.611502105590743213e+03 2.810343621948702353e+00
6.786510067994113342e+02 1.624440983406263740e+03 2.529199726394300907e+00
6.204902161396720430e+02 1.639789323888931449e+03 2.797818450097599108e+00
7.638589525108613998e+02 1.694235115033659440e+03 1.653523823804660564e+00
5.700324205303958252e+02 1.691853420594479303e+03 2.739982587971520278e+00
8.451942926155337545e+02 1.702142692867670121e+03 2.385478476816925486e+00
6.707562221619278944e+02 1.723144164050854897e+03 9.515442148977216741e-01
8.397298225593938241e+02 1.768642622158374706e+03 2.897719590880456053e+00
8.160157279436779163e+02 1.815269790515170826e+03 2.452923467330895502e+00
8.599126849432539075e+02 1.524506269034145589e+03 6.493744249609538777e-01
9.911284068987058617e+02 1.527167532978405461e+03 2.757209369860893489e+00
8.588439771392710327e+02 1.577544303367325028e+03 3.022493899203531065e+00
8.057798598614269849e+02 1.613493337417623707e+03 2.765849798282791205e+00
9.725413066581236308e+02 1.623398501577471052e+03 1.989803746467908363e+00
7.635705631572678840e+02 1.693935233746675067e+03 1.651244619081795317e+00
8.454501458863795733e+02 1.703689756254675331e+03 2.434815424338617973e+00
1.017300796886914441e+03 1.764227511037232489e+03 1.234870241372683974e+00
8.423945905735903352e+02 1.769230099400414701e+03 2.855218569770976877e+00
9.423600116638749569e+02 1.792032249161082518e+03 2.397904749630311194e+00
8.149403555582136960e+02 1.821533336640674861e+03 2.725172394008140930e+00
9.895674350850983956e+02 1.528138629559957735e+03 2.779657681590064655e+00
1.171663670337993153e+03 1.520687547719067425e+03 2.071104851086038146e+00
1.142099273772758352e+03 1.564786439098433675e+03 2.371707061391576055e+00
9.709404196672032867e+02 1.623874868807155508e+03 1.995138888923316145e+00
1.120676831744521451e+03 1.623542735072689993e+03 2.990165082219277348e+00
1.077084201979676436e+03 1.678441898203137498e+03 2.508361125851131246e-01
1.160578302512331675e+03 1.709358556673114890e+03 4.483075833884833106e-01
1.013199722682408265e+03 1.764078548344531782e+03 1.347360752798346883e+00
1.131987998129921380e+03 1.757521207386732385e+03 3.096247220085072360e+00
9.398817099595746640e+02 1.795423371413881796e+03 2.305199146684632439e+00
1.166054147217985246e+03 1.517628915764795465e+03 2.082769392289862687e+00
1.331077874488579027e+03 1.535832246985894926e+03 9.722998487144822732e-01
1.140583855041448032e+03 1.566725824657499288e+03 2.173985688811437722e+00
1.236594054791477220e+03 1.577271587905621573e+03 6.602486238641473992e-01
1.118447885567648427e+03 1.623047970909459536e+03 2.902076748837846498e+00
1.267803489804243782e+03 1.636784332890998257e+03 6.587655192338860433e-01
1.076215383629000144e+03 1.678426798842256403e+03 2.270737828005694181e-01
1.157330903135145036e+03 1.708788726976480120e+03 3.257856824025114340e-01
1.301613335884563639e+03 1.719727766188709211e+03 3.097415900751185891e+00
1.128389749219884834e+03 1.756513222594983063e+03 2.964316176541288428e+00
1.243086499488419577e+03 1.778541289095825050e+03 2.349956115023821734e+00
1.333810391794578436e+03 1.532009052909692855e+03 9.836951286938044881e-01
1.408820504939350712e+03 1.559017082279665601e+03 3.977920532667328368e-01
1.235815763389357926e+03 1.577050502704174050e+03 6.110767105125406440e-01
1.412021413215703433e+03 1.613871778606310045e+03 2.028518519548578591e-01
1.266603301069973213e+03 1.636802344125464288e+03 2.970260299353452371e+00
1.391808454349212752e+03 1.676099514654258883e+03 2.856504527360960721e-01
1.423538313019648967e+03 1.723556559257865501e+03 8.077874093591569382e-01
1.300499237879980910e+03 1.719953690783083857e+03 3.064415609327257872e+00
1.239567601914977331e+03 1.780286948640387891e+03 2.376923997182351478e+00
1.445372356216554408e+03 1.801723104564716323e+03 1.462634983802789224e+00
1.407509648718972585e+03 1.557778783155598148e+03 3.084302940826123551e-01
1.635997248461460686e+03 1.613317614427550552e+03 2.077590154638317532e+00
1.572576431314831780e+03 1.629970968956006345e+03 1.620480433687530919e+00
1.503889332351818894e+03 1.628974236476995202e+03 1.077051122473822398e+00
1.410655590081369837e+03 1.614785422751064971e+03 1.974238790777350927e-01
1.389916994424815584e+03 1.676934642057980909e+03 2.489200994839777803e-01
1.512422943276969590e+03 1.718778498692139692e+03 1.246796726081973006e+00
1.422320888968838517e+03 1.724570361527802561e+03 6.808610069277993837e-01
1.621348466733944406e+03 1.738654087057228026e+03 1.510810500563721348e+00
1.442462452561613190e+03 1.805169973354605645e+03 1.432806711839172076e+00
1.776168931783422067e+03 1.546243551846059745e+03 2.457732175545220610e+00
1.634608675759259086e+03 1.612577151891948688e+03 2.036817661957036840e+00
1.571609789305038021e+03 1.629316131241071162e+03 1.541267892240018256e+00
1.764577376953231351e+03 1.647960665810028104e+03 1.845109950274648858e+00
1.510115372849579217e+03 1.717306441699279276e+03 1.103812912260373702e+00
1.619618670675241674e+03 1.735534855103752989e+03 1.343627218057064532e+00
1.808878492970168281e+03 1.735422908185271353e+03 1.780583889784776330e+00
1.679292708996041483e+03 1.773808893115727187e+03 1.939732357366867443e+00
1.672833725563963753e+03 1.507799809311061836e+03 2.399859141175275212e+00
1.773294038414375791e+03 1.546897350868725198e+03 2.417528474055083088e+00
1.856267335168362933e+03 1.623410791739549268e+03 1.925006342427775463e+00
1.763462229446282436e+03 1.647561679343793458e+03 1.788040670251018982e+00
1.806626417124692352e+03 1.734158213554211898e+03 1.718656553085987637e+00
1.676707186049534130e+03 1.773416583037841065e+03 1.943074641712821515e+00
1.856359693765678685e+03 1.624743796584735264e+03 2.032430293301336732e+00
1.259506547235123435e+02 1.733038018940986831e+03 2.138603859732835233e-01
1.262525972768389124e+02 1.825717077762145436e+03 2.737168273283956399e+00
5.706789862473120820e+02 1.693337512419669565e+03 2.764685957814682737e+00
6.688428300362521668e+02 1.725711941023322424e+03 1.038765155936858697e+00
7.642399815095791382e+02 1.694940742200864634e+03 1.729936689117192783e+00
8.447407806256867389e+02 1.697747435317393638e+03 2.458874664523116316e+00
5.746009935017461885e+02 1.695182524050218717e+03 2.750673428695313394e+00
6.707929491508514275e+02 1.723200518627755855e+03 9.297371487609565888e-01
8.432903827039474436e+02 1.768468200653298936e+03 2.860731974193183813e+00
8.168601578349971533e+02 1.824487180893384448e+03 2.570186347646715053e+00
7.378418506638365670e+02 1.833867323376948434e+03 2.301283420531333057e+00
7.288509876541231733e+02 1.954319734786134632e+03 8.298765817629463193e-01
8.254110317647143802e+02 1.972718922260393811e+03 2.444095660414741911e+00
7.627453578904121514e+02 1.693381149956630225e+03 1.633514603574564461e+00
8.454336645717128249e+02 1.703658645021907432e+03 2.415030966360148579e+00
1.016078528907337386e+03 1.762517887092614956e+03 1.269769964351778135e+00
8.416164513584060387e+02 1.767554880723671886e+03 2.885627905276392013e+00
9.418524154911210644e+02 1.791150932981143796e+03 2.369498212184183217e+00
8.157072000252185262e+02 1.822887785482246272e+03 2.540866732408335604e+00
7.365850086972982353e+02 1.833144079925712504e+03 2.279734760608387312e+00
9.469114595769367497e+02 1.871888112280428686e+03 2.330789776668872881e-01
1.003330673334503444e+03 1.922630118860385664e+03 3.935487052192753188e-01
8.765623111637960392e+02 1.930700322970887100e+03 2.800745671399061720e+00
7.303477053893899438e+02 1.951948671716315403e+03 8.420157450912613140e-01
8.252288977280883273e+02 1.976002652552106611e+03 2.428823506698567058e+00
1.077602083562951520e+03 1.675931238049146259e+03 3.714678793888996355e-01
1.154537526039534441e+03 1.711102028775168264e+03 1.373641756169079908e+00
1.013288327943491367e+03 1.762624061102099631e+03 1.396488021989631401e+00
1.130205543125449594e+03 1.756472291985775655e+03 3.034555904628662759e+00
9.409301641889185248e+02 1.791349953244943663e+03 2.290115431154189363e+00
1.121620312542571583e+03 1.840181073214292155e+03 3.062283315567818409e+00
9.449924724820368738e+02 1.872185158421789083e+03 1.948482475770247913e-01
1.003208057900112408e+03 1.920679978737040528e+03 3.722253489864694731e-01
8.748481945924722822e+02 1.932782442178879592e+03 2.632373976263244320e+00
1.153984306890376956e+03 1.940178793154957475e+03 2.048825775625886247e-01
1.078003296880528069e+03 1.673193641615477873e+03 5.171692092776442040e-01
1.157327718122973920e+03 1.708153811262914132e+03 4.621475556887446601e-01
1.303489866584007359e+03 1.718186772071961286e+03 4.269213573767630110e-02
1.129012165394622116e+03 1.755689520702123218e+03 3.039652977950971557e+00
1.242838273488668392e+03 1.776049052708280669e+03 2.329035362244137985e+00
1.324850151588901554e+03 1.838063174282562159e+03 1.801327910027637369e+00
1.119776915359380155e+03 1.839818728361077319e+03 3.077272628449534420e+00
1.260936092960275801e+03 1.862955907333430105e+03 2.639597114780451115e+00
1.273231956611964506e+03 1.913088390124758916e+03 3.400681540747134690e-01
1.155349614935927548e+03 1.937315298884532695e+03 1.475307570879832997e-01
1.390331372851660944e+03 1.673723552761990504e+03 3.833439211324808360e-01
1.422949949255480533e+03 1.722180070905552384e+03 7.601376398705314008e-01
1.299834316873870421e+03 1.718748468398839123e+03 3.131035383242027237e+00
1.241100995177068171e+03 1.776571314643799269e+03 2.423767845195041737e+00
1.442881461313862701e+03 1.803707565426939937e+03 1.409406570927518088e+00
1.322457073262224412e+03 1.836808119491278603e+03 1.836712643837049797e+00
1.259168220723918466e+03 1.862989675877132413e+03 2.693008466244287469e+00
1.465940107269990222e+03 1.904638906892684645e+03 1.661141470489813532e+00
1.390848362605122247e+03 1.933804457694448502e+03 1.037146728596863632e+00
1.273367344696525379e+03 1.916989900263204618e+03 1.679615020327612507e-01
1.390918837905451028e+03 1.674296272215514819e+03 4.051606594474568834e-01
1.511997804214094231e+03 1.717865278226267947e+03 1.215398535401624125e+00
1.620758372996808021e+03 1.736094387917108406e+03 1.453034769305022511e+00
1.421993505930742913e+03 1.722270835575970523e+03 6.824432392384226498e-01
1.441749743310312169e+03 1.805023529745498763e+03 1.387503620563734996e+00
1.535164269135276527e+03 1.836746806427032197e+03 2.254248795647377346e+00
1.636135617239101066e+03 1.845987788318037474e+03 3.046635466429228778e+00
1.464923173233956049e+03 1.902460093734081966e+03 1.649582861411446277e+00
1.389253702464617845e+03 1.935080400041336361e+03 9.785876863795175407e-01
1.509644197856330948e+03 1.718157394281736515e+03 1.107778751540754225e+00
1.619062936352998804e+03 1.734599837444738341e+03 1.372359593410630962e+00
1.808969168967877522e+03 1.734667066841697988e+03 1.767852424693180824e+00
1.679234630014779441e+03 1.773470933373508387e+03 1.909767596083826957e+00
1.533794916603524143e+03 1.835948170391116491e+03 2.277378934098166940e+00
1.738749371571423580e+03 1.852955253679198222e+03 1.198856033300835122e+00
1.634724922803850859e+03 1.845719836745523935e+03 3.118783630129860374e+00
1.800747563506932693e+03 1.874795899054687652e+03 1.684572947747464911e+00
1.806534362766210734e+03 1.734452680288884267e+03 1.775754465128353665e+00
1.676817691146547077e+03 1.772710932251080749e+03 1.988805164529169778e+00
1.737602210960495313e+03 1.853762637079737488e+03 1.205900053685407869e+00
1.799819275870270531e+03 1.873465786325193903e+03 1.638627745968667559e+00
1.285058470030024864e+02 1.826073826076117257e+03 2.812566717885106815e+00
1.989085415775801380e+02 1.980591405957436564e+03 2.771772510918817378e+00
7.375041263489031280e+02 1.834569993319526702e+03 2.344154568078765433e+00
7.292133535523803403e+02 1.952816676662734608e+03 8.758814315318258492e-01
8.255341380144045615e+02 1.973830351289078408e+03 2.414148353677248782e+00
7.402842266198002790e+02 1.839334832076164275e+03 2.221658590528225119e+00
8.170538520151117154e+02 1.826160409400111348e+03 2.496638230591083918e+00
9.470018002633507876e+02 1.871507845066556683e+03 2.372553410328930579e-01
8.782344948618715534e+02 1.930311273263309886e+03 2.681467861349683179e+00
1.004877692171090530e+03 1.920579263163435826e+03 3.814636527968078838e-01
7.282457481192009254e+02 1.953151653292918127e+03 9.342488596324799444e-01
8.253293973181871479e+02 1.973477429479858984e+03 2.327267004903320391e+00
9.804550625975571165e+02 1.994458738420567443e+03 4.369986675387109269e-03
1.121000509502428940e+03 1.838445211099342941e+03 3.044091339550799802e+00
9.454395352259823539e+02 1.872123239166463009e+03 2.526500918515578453e-01
1.004928840131163497e+03 1.921112088709707223e+03 4.351896900399794266e-01
8.768466179665972504e+02 1.930653221568770732e+03 2.637040636300830965e+00
1.158020590548069094e+03 1.937196653487734238e+03 1.441048818351655381e-01
9.790376924990550833e+02 1.995053892215968517e+03 3.119697667324255796e+00
1.120214122960507893e+03 1.838846638948009286e+03 3.038243851006700691e+00
1.327994221712125182e+03 1.839230055741421666e+03 2.086158293322078805e+00
1.261678107571989585e+03 1.861643335749829021e+03 2.704863402955845153e+00
1.271352777410020281e+03 1.914270492979175742e+03 2.412171654694914014e-01
1.157157665787201722e+03 1.937348992719284070e+03 9.481224748342312325e-02
1.293847608045010020e+03 1.938630796081842163e+03 1.864240851056784831e-01
1.289303339162272550e+03 1.989698318011489846e+03 7.951517821840118350e-01
1.323952844624448062e+03 1.836254481985775783e+03 1.917860761160470773e+00
1.261687381527496882e+03 1.863552562531119520e+03 2.757094179812037193e+00
1.467331103105011834e+03 1.901149569415499172e+03 1.630816184612881914e+00
1.392001682886140770e+03 1.933057366346708932e+03 1.039207452512554530e+00
1.273329172536853093e+03 1.919003663583576326e+03 1.033810092243446360e-01
1.288004905464705189e+03 1.990303040821006562e+03 6.788744212451094384e-01
1.535399713488916404e+03 1.837652354186530374e+03 2.314193208685022984e+00
1.634802736762200993e+03 1.845306166220459772e+03 3.131279751436369274e+00
1.466033101339187624e+03 1.902002503547623292e+03 1.630179598291046306e+00
1.391024738022885458e+03 1.933953449466159327e+03 1.010694407563631492e+00
1.534831024190360495e+03 1.841365289411198091e+03 2.309702444978162017e+00
1.737307640700983711e+03 1.856000515682173500e+03 1.334678990022255984e+00
1.634069535908068246e+03 1.847464585312945928e+03 2.888117447021551834e-02
1.800452137558581171e+03 1.876222703643292789e+03 1.674448093520024106e+00
1.736539166240005216e+03 1.851834515351541540e+03 1.344852185965120350e+00
1.798723358303991063e+03 1.872964318376397159e+03 1.686220548000928021e+00
9.766910450664777272e+02 1.995906475935335493e+03 1.268110841020008740e-02
9.803154590507192552e+02 1.995097919681020812e+03 1.392764910468488049e-01
1.281518932762101031e+03 1.994431309027765110e+03 7.144217486778479120e-01
1.286788150498919777e+03 1.989894729538215870e+03 7.656893594284542859e-01
