1.085635874335263225e+03 4.410624263775544023e+02 1.169256534875542375e+00
1.130650583467621800e+03 5.289422218370469864e+02 2.451190643978085948e+00
1.084462501033895705e+03 4.415968219401912620e+02 1.166988041156438172e+00
1.131556045034740464e+03 5.333402000276763602e+02 2.481608071227428436e+00
1.368995463286620861e+03 5.289186999243030414e+02 1.209761876651511248e+00
1.372821166507180806e+03 5.204409416602197780e+02 1.136762924635106087e+00
9.572118145026720413e+02 5.656115556051208841e+02 1.705209136450254848e+00
1.015872315676291464e+03 5.727799180657074203e+02 9.962030662688254878e-01
1.085112813782718376e+03 4.418094458780632294e+02 1.157353394913540168e+00
1.133267191444666878e+03 5.317456527908580028e+02 2.447224216938463037e+00
9.568228358694730105e+02 5.663354596547560504e+02 1.685332359550136383e+00
1.016105642845395096e+03 5.704308208511790781e+02 8.751124812486212878e-01
1.032762250005038823e+03 6.302497760138169269e+02 7.043986691310047954e-01
1.100539133733410381e+03 7.003347602509800254e+02 4.799170022334238173e-01
1.085189410776378281e+03 4.409820642069778387e+02 1.210474037359026367e+00
1.132581142244910552e+03 5.312183661134467911e+02 2.420788939119910665e+00
1.270330266103594113e+03 5.492557827792102216e+02 6.367250411728803128e-01
1.030903648097203586e+03 6.275557310475210215e+02 6.855605001884528260e-01
1.100130690864926237e+03 6.984536829335115726e+02 5.600454352869470576e-01
1.368785645720801995e+03 5.329909277404146906e+02 1.314733216633247048e+00
1.267618496492200165e+03 5.501478553179342725e+02 6.366200187706451130e-01
1.401999061354020796e+03 5.671699018932117724e+02 3.255015111766167424e-01
1.447596549789827804e+03 6.368634064322549193e+02 9.123592067422993113e-01
1.349993337610461367e+03 6.488021563441386661e+02 6.859980920877173372e-01
1.368018559766630915e+03 5.312646052354167523e+02 1.284144563042475262e+00
1.401414378653890708e+03 5.669332267320027086e+02 3.428959713045013902e-01
1.447010869005247741e+03 6.356287652640743318e+02 8.940796610721370996e-01
1.350409219467974935e+03 6.477583883441448052e+02 7.330820379205509330e-01
1.610720755720052694e+03 6.522526061970102091e+02 6.079178949256627273e-01
1.607821241498671952e+03 6.499433283106609451e+02 6.872454984040925474e-01
1.922335639353963415e+03 5.962206179570979430e+02 2.816992343666053222e-01
1.944883018858801734e+03 6.700824888542379085e+02 4.034702117858167680e-01
1.912918393203067353e+03 6.856830531890184375e+02 2.298630089101190599e+00
1.735176306960840748e+03 7.019758156588044358e+02 1.085753387472687265e-01
1.920845433754018813e+03 5.971272408333522890e+02 2.812920351817478348e-01
1.961212604813324560e+03 6.647011539382114051e+02 2.846543790151044639e+00
1.914260889014087752e+03 6.890585771272867532e+02 2.230827854932173171e+00
2.083554519302422705e+03 6.998469007933967987e+02 2.609658007377317457e+00
2.085224669839340095e+03 7.013808039332748194e+02 2.779334120875876390e+00
5.936621454847739869e+02 7.398790220623835694e+02 1.342471912442408932e+00
6.375594228597839219e+02 7.742906827440760935e+02 1.030288198102738306e+00
6.922130415903521907e+02 8.334921246010335381e+02 9.151481444937492604e-01
7.450336057225138120e+02 7.134286099457160617e+02 5.277807329881677445e-01
5.934942414115736256e+02 7.402628985058242961e+02 1.358773887984309647e+00
6.377412356873337558e+02 7.748511586075652531e+02 1.032686559772968637e+00
7.209779405139682922e+02 7.855821424104542530e+02 2.528740837215024961e-01
6.996090313946430115e+02 8.409561917313710637e+02 2.730075005638212371e+00
9.612263516262573830e+02 5.648991602996497932e+02 1.726814827753310189e+00
1.006368506549988979e+03 5.746785810474946175e+02 7.509395791859689862e-01
7.424381467661241913e+02 7.144883721771876708e+02 5.269838574674439169e-01
9.681191160369974114e+02 7.503959779580047780e+02 1.566526472189896158e+00
9.134405480674686260e+02 7.859014046398697246e+02 1.727879002033964051e+00
7.179110336118138775e+02 7.849291790129968831e+02 2.233305254881783608e-01
9.574565308798419210e+02 5.638799147434310726e+02 1.789932257461827048e+00
1.015702640409463129e+03 5.694502307776400585e+02 8.580379152327046732e-01
1.033060387691624783e+03 6.287316492181892045e+02 6.978432339301151588e-01
1.099446292067734703e+03 6.974021211481176579e+02 4.388953328893515082e-01
9.672224903450135116e+02 7.511020211269444644e+02 1.586320376641819907e+00
1.026084623828040549e+03 7.678088250110790796e+02 1.587182227248810529e+00
9.133260558656982084e+02 7.857531192484480016e+02 1.778495264417781829e+00
1.100899215088101755e+03 8.061566908809029428e+02 4.448649180839333028e-01
1.173875119279330420e+03 8.489582563888091045e+02 1.059548247576802327e+00
1.268921955131017057e+03 5.486676587681674846e+02 6.083816467389373539e-01
1.030969426883258620e+03 6.265967052395662904e+02 8.008920125304038740e-01
1.098668632877261416e+03 6.975817646888357331e+02 4.653683087147862940e-01
1.210525375632295663e+03 7.287578513451694562e+02 5.344993535377090543e-01
1.100073114402119472e+03 8.065868913886731661e+02 4.713545730199777961e-01
1.168450407190102396e+03 8.493417794985757610e+02 1.261282972970289018e+00
1.256059472847716506e+03 8.455525604168287828e+02 1.108944035464467737e+00
1.266827395772542786e+03 5.472987288378056974e+02 5.893937092728620541e-01
1.392031324238987963e+03 5.549519481623510728e+02 2.582612595101554942e-01
1.447299690736498633e+03 6.355176546390775911e+02 9.080491792901800308e-01
1.350586949849711118e+03 6.473953600210530794e+02 6.718788292596624689e-01
1.208538553649719461e+03 7.291398687076767828e+02 5.390092922934052178e-01
1.471023453939925730e+03 8.289223998693171325e+02 4.106647941595515383e-01
1.253388884426087770e+03 8.443631552260419539e+02 1.031711815787979658e+00
1.334201387382434405e+03 8.533163404334385405e+02 1.248031165044418911e+00
1.403349192957927698e+03 5.648380381456266832e+02 3.440064697340581845e-01
1.446713449444900107e+03 6.353456825322282384e+02 8.754997144677427734e-01
1.347975656263638712e+03 6.460517609709673934e+02 7.261079807466809255e-01
1.608381199625360523e+03 6.500724206264037548e+02 6.047890934724289291e-01
1.550340357302002303e+03 7.408647587990831198e+02 2.160386711292753059e+00
1.634620794589068055e+03 7.335072675316230288e+02 1.429219873568166266e+00
1.470235532282321401e+03 8.267274287213767821e+02 4.285225800967432108e-01
1.623362393179249239e+03 8.308093635832302652e+02 1.205728885873349199e-01
1.573034735810393613e+03 8.573908053246914278e+02 2.897128364190119321e+00
1.606470240894767585e+03 6.497567495057974156e+02 6.402706275695292382e-01
1.737336313399039227e+03 7.014085972713832007e+02 9.239757126365408246e-02
1.633930981481472827e+03 7.323081328781098591e+02 1.388259845530981806e+00
1.548307787204621036e+03 7.387609539776069596e+02 2.122483105265729364e+00
1.791929377962754643e+03 7.588764516729479510e+02 2.918283990793355098e+00
1.711894598609014793e+03 7.751031911961611058e+02 3.044140151957022589e+00
1.788958129100550650e+03 8.251151029214973960e+02 3.116705836830223841e+00
1.630537545929665157e+03 8.257849217778900766e+02 2.364578771695249881e-02
1.575286074382345532e+03 8.557609488019143100e+02 2.885036413515865927e+00
1.750336942660296927e+03 8.547998535421263568e+02 1.021528120769869652e+00
1.923842987252462990e+03 5.973403557604950720e+02 2.087233688877889459e-01
1.965103425612905994e+03 6.650661644918760658e+02 2.754118421713543263e+00
1.918768425552574627e+03 6.899457974128574733e+02 2.149349051835903079e+00
1.736169986588887696e+03 7.012024531732332662e+02 1.244851422351249681e-01
1.869463803382459901e+03 7.253762108445619106e+02 1.744378479998121456e+00
1.790937882088309152e+03 7.578350355237678286e+02 2.937601675244396304e+00
1.710346978035343909e+03 7.748516279249439549e+02 3.082173175482207483e+00
1.788799679318363360e+03 8.220475257791188142e+02 2.676757771619608147e-03
1.921150286090264672e+03 5.978535345134353065e+02 2.649497955596153975e-01
1.959678858353347550e+03 6.648362130695295491e+02 2.865027346247602136e+00
1.917343957467365271e+03 6.901635921748805913e+02 2.217624026194830567e+00
2.085968865400377581e+03 7.011809240228337785e+02 2.682959291781462863e+00
1.868773350401441121e+03 7.253808668930855674e+02 1.691737498526556527e+00
1.988191603861528620e+03 7.637981608474643735e+02 1.897990279209949449e+00
2.057462861735090428e+03 7.668396642255872848e+02 2.342888408696643499e+00
2.052586252249457630e+03 8.576040614953668637e+02 2.018810890281084625e+00
1.879238762790948158e+03 8.571311566397682782e+02 2.827010392514398007e-01
2.085781468206523186e+03 7.001228005722632588e+02 2.747093441654114621e+00
2.057052439927779233e+03 7.664148127439801783e+02 2.384668746829691433e+00
2.050649183221069961e+03 8.564519904923793092e+02 2.066121553588182280e+00
2.239694743978988299e+03 8.518498893736536957e+02 2.453656879668720592e+00
1.427251620778297934e+02 8.845950136693220429e+02 3.214271443999139888e-01
5.408065216784933682e+02 9.126120318979628792e+02 1.815227587265423770e+00
5.937288525888220647e+02 7.395872233542927461e+02 1.242912386703296290e+00
6.380897004511309660e+02 7.746450609736400565e+02 9.271508206721027490e-01
7.005923209837117156e+02 8.312329178216127730e+02 2.851482678326183962e+00
6.604411207878924870e+02 9.060720612180632543e+02 1.918282145124848181e+00
5.403429035863400713e+02 9.151531725133388591e+02 1.809536578217197711e+00
6.001764907645302856e+02 9.238211036649661310e+02 1.600547977824151591e+00
7.459054291716120133e+02 7.123200031553753888e+02 5.276897557198700905e-01
5.912127384133307260e+02 7.388706769874822839e+02 1.257877745079619247e+00
6.377844369115358631e+02 7.741118360966587488e+02 9.500893084673939226e-01
7.202817341746250577e+02 7.841214750275075858e+02 2.515051794507953131e-01
7.007101202903965032e+02 8.399911141901159226e+02 2.744991839170130454e+00
6.601082069901934801e+02 9.061866314027258795e+02 1.894170853545317001e+00
8.590791204481896557e+02 8.928032648542030074e+02 6.604050898582849438e-01
6.000018691429952469e+02 9.230195582084686521e+02 1.617923006004037934e+00
7.172138124353706417e+02 9.945485852386095758e+02 1.844906290756227696e+00
7.428890596788296534e+02 7.118549527094153291e+02 5.164711270347822625e-01
9.695951184647701666e+02 7.488123928003470837e+02 1.640273657203181523e+00
9.146770992015858610e+02 7.841644002814160785e+02 1.725513319389857303e+00
7.196752080757142949e+02 7.821863695840784203e+02 1.404850341761932631e-01
9.497754448703014987e+02 8.928857524771874523e+02 9.245980248804680501e-01
8.580455866048417874e+02 8.917364902968386104e+02 6.682927789688748454e-01
1.004687664252133345e+03 9.354915339259118809e+02 1.288582700220477273e+00
7.152374951864022705e+02 9.926266405633800787e+02 1.939327087564764129e+00
8.697649855453694272e+02 1.004049546531176020e+03 5.815162287975700339e-01
9.675053682172303979e+02 7.495371589866856539e+02 1.605312906504649195e+00
1.025269020454240490e+03 7.653576280491525949e+02 1.620638559003866774e+00
9.135614519739785919e+02 7.829655192389426475e+02 1.759851377289806784e+00
1.101251523687212739e+03 8.052137449841310399e+02 4.141841453441199583e-01
1.171141421850322331e+03 8.455944634694601518e+02 1.153471344270580401e+00
9.481415436999061512e+02 8.933818166883270351e+02 8.856636175905601149e-01
1.001637158456228008e+03 9.337320889042957788e+02 1.279317131233114191e+00
1.054292602410652080e+03 9.639963994793456550e+02 1.123455360143127635e+00
1.171818231110534271e+03 9.522784371237944470e+02 1.723530001379377369e-02
8.695789193093794438e+02 1.003321365599477303e+03 6.384158427023685078e-01
1.086294107424853564e+03 1.001006880330108970e+03 5.282230911117530292e-01
1.211675669323868078e+03 7.270560169871559992e+02 5.385259811167328881e-01
1.101109213603947637e+03 8.049101224370336922e+02 4.529447054497318104e-01
1.168830556566645782e+03 8.465613092435775116e+02 1.251022078453755793e+00
1.255512430783519449e+03 8.417789112613570524e+02 1.035345883421121327e+00
1.339329247641929214e+03 8.489260869603194806e+02 1.138800513472123077e+00
1.054688702370024430e+03 9.628523146043123688e+02 1.188547309646122763e+00
1.176043236734790526e+03 9.489649046487643318e+02 3.096793184058969306e+00
1.093846665552473269e+03 9.965244544078377658e+02 4.458702789863109861e-01
1.208437807635991703e+03 7.259602374437492927e+02 6.050065925895568020e-01
1.472168253836749727e+03 8.251224198631617810e+02 4.100511908862694010e-01
1.253323631564361222e+03 8.427712663591006503e+02 1.019465073533269095e+00
1.334662766028317492e+03 8.494773394482240292e+02 1.123115438523264231e+00
1.363999885805703343e+03 8.959326007513191144e+02 6.280567820285577474e-01
1.501306711809096214e+03 8.930106100814568890e+02 3.118256621372089032e+00
1.443691962608382937e+03 9.713486806966254790e+02 1.808914592258628717e+00
1.634713798876629880e+03 7.354065871983666511e+02 1.456594969646350712e+00
1.549521707283713340e+03 7.393401991091076297e+02 2.155492022046876066e+00
1.469008260277992349e+03 8.266336664949292299e+02 4.429557494828745279e-01
1.631024731623280331e+03 8.256914438129693963e+02 3.136024466086473783e+00
1.576907958297263349e+03 8.539977989208985036e+02 2.909606206678124529e+00
1.359385034543306119e+03 8.962709231795306550e+02 5.976487491669151275e-01
1.500711074307597755e+03 8.921714044374177774e+02 3.098939504424511396e-02
1.652582501251111580e+03 9.138013058805413493e+02 1.219556640869184250e+00
1.569152250139223497e+03 9.344895973029242668e+02 8.192799291341829049e-01
1.441789105585360858e+03 9.693958902288432000e+02 1.753093168466971274e+00
1.520910874599196632e+03 1.016699005751676850e+03 2.371790378857851156e+00
1.634172554332076288e+03 7.318091440939026597e+02 1.462358361568921294e+00
1.550173571006264183e+03 7.428882229414012954e+02 2.222352733813151904e+00
1.795816975723752876e+03 7.643665054664672880e+02 2.898102127833872999e+00
1.715349967571509296e+03 7.748665200940255318e+02 3.044640059890141082e+00
1.789599538912386151e+03 8.191048596627636016e+02 2.996901334837275055e+00
1.628645202447007705e+03 8.257702976345632351e+02 3.029498484771858680e-02
1.576197780627120210e+03 8.519658625050877845e+02 2.810869807050462299e+00
1.752086979287773147e+03 8.681738362597536707e+02 2.316500124392865789e+00
1.652233066006458557e+03 9.097982217512753778e+02 1.130813707919100963e+00
1.568350164537475848e+03 9.330301090797704546e+02 8.114197615874636504e-01
1.767017666464394097e+03 9.707481293547791665e+02 8.672060400511535372e-01
1.681655428597034870e+03 1.020004592090049982e+03 1.869880518769744038e+00
1.611722036651435019e+03 1.020490493773009575e+03 1.046326848196540427e+00
1.706184921978837338e+03 9.033180436661973545e+02 1.723929805617236966e+00
1.870485806395406598e+03 7.229988965912748426e+02 1.684425633213251006e+00
1.792106654486098478e+03 7.597943817433067579e+02 2.966344365908505143e+00
1.713184954439856938e+03 7.743263022934715991e+02 3.115243504272864339e+00
1.789755274982744595e+03 8.202498504965342363e+02 3.042802572920610515e+00
1.866351270375360400e+03 8.745379449550227946e+02 4.024122741942690040e-01
1.751146687387924658e+03 8.701504144170664858e+02 2.327614958866339290e+00
1.705102275408549758e+03 9.052479047837684902e+02 1.660428420119740789e+00
1.948949793576442971e+03 9.432062821955742038e+02 2.264343294466658829e+00
1.764586515853508672e+03 9.693722200415404586e+02 8.080672015633920680e-01
1.856834812515937983e+03 9.784169692282910091e+02 2.296704791367621734e+00
1.934121567089231121e+03 1.010642518445471524e+03 2.209736187216309045e+00
1.865975460180264236e+03 7.274762188435175858e+02 1.708373992237319117e+00
1.989155509202637859e+03 7.634134802059297726e+02 1.939683561285829194e+00
2.057795622020184510e+03 7.669187019936911156e+02 2.422959955425105782e+00
2.056130336263388926e+03 8.612437419131762226e+02 2.131320427408232909e+00
1.869176176768334926e+03 8.641097584174181065e+02 3.849583543337235514e-01
2.119886570328440939e+03 8.835000022270114641e+02 1.628741339617775674e+00
2.003811956255699442e+03 9.009834966570463166e+02 1.608021252461956596e+00
1.853716379822423960e+03 9.144242778341620124e+02 3.098384120575569334e+00
1.945501477630750742e+03 9.452751872981093584e+02 2.357876609158579662e+00
1.854777373962444472e+03 9.851015880359507264e+02 2.423930910917504011e+00
1.929504339149500993e+03 1.009602430760916832e+03 2.416316722677924300e+00
2.057062469578404944e+03 7.667051370016622514e+02 2.436796185352890109e+00
1.986625432545427429e+03 7.651780654783339060e+02 2.005427995060345303e+00
2.055390704783626461e+03 8.604154545435026193e+02 2.116975091497991457e+00
2.240292493637955886e+03 8.532526904099531748e+02 2.548673633685618611e+00
2.119580722342712761e+03 8.828819040301577843e+02 1.586056237027902549e+00
2.000822768909370552e+03 9.024746299981288757e+02 1.633037789970893883e+00
2.144489389343284074e+03 9.850002274632411172e+02 1.305650838002797354e+00
1.412504693001373539e+02 8.819856607119495493e+02 2.247077039515180952e-01
1.707048735568657776e+02 1.136158732956451331e+03 1.294084952442977610e+00
4.261869581594048668e+02 1.081596813046249281e+03 1.717977796082550856e+00
4.732727097035347015e+02 1.097365011304863629e+03 8.502898101160833999e-01
4.631278608598304345e+02 1.180849314576667439e+03 9.055338606212014474e-01
6.617444944498424775e+02 9.082474599012602994e+02 1.925858578319107783e+00
5.417351874230107569e+02 9.127000971668301190e+02 1.786581569615347975e+00
6.011258304690176146e+02 9.211997879213681699e+02 1.550195039742006564e+00
5.843629896565013269e+02 1.033429504389690010e+03 9.437093049456627414e-01
4.266326986480343066e+02 1.081068321646366712e+03 1.686845245068689048e+00
6.679834703799617728e+02 1.072712830341800327e+03 2.259747942367350770e+00
4.711919038558370403e+02 1.098857595225166278e+03 7.658979390326985381e-01
6.077669845462380636e+02 1.146152324372200383e+03 2.503643847834668534e+00
5.410132278649045929e+02 1.173123031433723554e+03 1.455284533844773964e+00
4.623260973129935110e+02 1.179859492029005196e+03 8.187456100297655359e-01
6.595097995567422231e+02 9.051585814601778566e+02 1.833585523320997890e+00
8.527861725987529553e+02 8.940964123214757819e+02 6.502928401148893034e-01
5.986989518662209093e+02 9.201267204450041390e+02 1.510480893700153926e+00
7.164810616293962084e+02 9.926784857398185977e+02 1.782089166515713252e+00
5.830342880206985683e+02 1.034667395387398528e+03 9.643223892745190762e-01
7.931464982252865639e+02 1.061570966596677636e+03 2.216814692684927923e+00
6.669144380980947062e+02 1.073717231813720218e+03 2.211995822973759740e+00
7.667871340685834411e+02 1.101791663945661639e+03 2.999931181642604638e+00
6.038603035812699318e+02 1.149311877500428864e+03 2.475116702450467887e+00
8.450812273626287379e+02 1.174038741914211641e+03 1.248567414905365602e+00
7.593146073801091234e+02 1.175174200172807559e+03 2.803761928744690657e+00
9.505439846618876345e+02 8.910882841144973554e+02 8.736813962689337076e-01
8.570668594776138889e+02 8.910242131905692986e+02 6.502415061773061389e-01
1.003836670274083190e+03 9.320027489208771385e+02 1.186052932042260366e+00
7.126448172660316231e+02 9.894182531877258953e+02 1.905631288819736202e+00
8.698014997092739122e+02 1.002125176647526132e+03 5.366387530660166050e-01
7.920074797401859996e+02 1.061043330922693031e+03 2.242880928401576934e+00
1.011438687625489820e+03 1.082510605583687948e+03 1.870535230916002600e+00
9.032525651070598087e+02 1.106661838280556822e+03 1.648421827635901726e+00
7.655168914266903357e+02 1.101863356376118190e+03 2.892205729947404880e+00
9.495779676021809337e+02 1.172852338363130229e+03 9.037719922652071025e-01
8.412672017048502084e+02 1.175447249791969625e+03 1.571923202478227033e+00
7.559922727074880413e+02 1.176021519413148098e+03 2.627528009344907822e+00
9.489501693982842880e+02 8.889403365801179007e+02 9.343728137507665288e-01
1.002041825234873158e+03 9.316131240462812002e+02 1.274966462349644170e+00
1.055006638942761128e+03 9.622745811124850661e+02 1.120865936314432432e+00
1.175668890331323837e+03 9.484189508724659845e+02 3.129272423499110389e-02
1.089552499723848086e+03 9.994172659505829870e+02 4.614826479961086081e-01
8.683159013806384792e+02 1.000936593795807312e+03 5.244354448917462053e-01
1.077247218835148715e+03 1.051429269138759082e+03 2.743504198735099209e+00
1.008415902210317654e+03 1.081476207446108219e+03 1.811697816721132837e+00
9.015424967178194038e+02 1.108026845114671232e+03 1.668412161604673205e+00
1.179539322817402081e+03 1.141718574469005034e+03 2.264859922065804554e+00
1.053328262925431773e+03 1.148050071307148301e+03 8.113543275410812772e-01
9.485710527142553019e+02 1.171744423899269805e+03 9.769966174108926094e-01
1.051719979192781921e+03 9.609338483207657191e+02 1.107820410521237253e+00
1.175830536383473827e+03 9.479758286692306228e+02 3.489685236916416355e-02
1.089239921078660700e+03 9.995017433519060432e+02 5.608077074135331408e-01
1.077132518692631947e+03 1.053393969312200170e+03 2.773786771265476681e+00
1.202562899330130904e+03 1.067184130914992920e+03 1.928144878305662613e-01
1.250911600210070674e+03 1.125097417782000321e+03 1.493038489484528553e+00
1.183127111385186481e+03 1.153604944776596085e+03 2.148356343078058561e+00
1.332569043179565142e+03 1.136397920953793346e+03 7.719476921366710265e-01
1.054822117597828310e+03 1.146268425279052735e+03 4.194371869242496942e-02
1.364840988014806499e+03 8.942816782543154659e+02 5.825855879452316310e-01
1.498345823750296859e+03 8.886952411931256393e+02 5.924187449686057344e-02
1.443095101601193392e+03 9.672549341444953370e+02 1.797678755376016291e+00
1.201918986640559979e+03 1.067221111335777096e+03 1.097943893514320146e-01
1.430846143304443558e+03 1.086418697021087155e+03 1.094234959598175072e+00
1.249625457205680959e+03 1.124879329581789534e+03 1.501197733406284041e+00
1.476593751276141575e+03 1.134365418371039823e+03 1.557987485203355060e+00
1.331344191058536126e+03 1.133282716374931852e+03 5.854245289739580249e-01
1.359844602795086757e+03 8.919076246197430464e+02 6.177048562826921163e-01
1.500685500332901029e+03 8.912354591006624105e+02 2.791288336125668026e-02
1.648004967634094328e+03 9.138032358618561375e+02 1.210001988419455499e+00
1.568768305361188368e+03 9.326178657438349546e+02 7.574592177800174575e-01
1.441582297552852879e+03 9.676699367099117808e+02 1.805767100868355346e+00
1.522269734895259262e+03 1.015824042440561925e+03 2.438893285860457727e+00
1.610748916219426064e+03 1.020913750140266984e+03 9.844993606886439652e-01
1.429137249011301947e+03 1.087780543181411531e+03 1.088980380150734062e+00
1.529268777935843900e+03 1.078429078390963696e+03 2.571370845812058104e+00
1.652431391437946786e+03 1.101283022117258497e+03 1.835691914840121619e+00
1.473013890371885282e+03 1.133382168255468059e+03 1.588438751526466408e+00
1.555705556169659303e+03 1.168724230399444650e+03 4.727039970129090496e-01
1.754568489617248815e+03 8.717684378906863003e+02 2.419221608920406386e+00
1.648693506200698266e+03 9.090087023779781248e+02 1.073100692383081256e+00
1.701830949246706950e+03 9.051300895661790946e+02 1.756869177099595669e+00
1.567557299699601117e+03 9.318806603273953897e+02 7.388417378380378597e-01
1.764668647152232552e+03 9.680450559489365787e+02 7.579345765937745005e-01
1.608820857775110653e+03 1.020951759434353789e+03 9.891674236860314995e-01
1.679702707591009130e+03 1.023521392238224053e+03 1.835265817789877296e+00
1.519999397602786075e+03 1.019757619941592566e+03 2.454817220120422139e+00
1.763745010771655643e+03 1.032131568172171683e+03 1.003711200235533063e+00
1.648653693173943793e+03 1.105731174539505218e+03 1.835018313586524563e+00
1.809812065073493159e+03 1.081629215505708089e+03 1.350781633430532480e+00
1.528589020658493837e+03 1.084012972462628113e+03 2.630786919218885078e+00
1.723309120194953493e+03 1.136900349573560106e+03 1.194259939494021205e+00
1.563683292068094715e+03 1.175941729162223737e+03 4.184779758574252995e-01
1.754769579306201422e+03 8.754390478951518162e+02 2.485505439255751625e+00
1.700354987803989616e+03 9.058910704577378965e+02 1.721856338030747668e+00
1.945610268698744221e+03 9.451203025786987837e+02 2.372791051931557593e+00
1.762942834935444353e+03 9.679099209634757699e+02 7.424641181051115923e-01
1.856161668207908860e+03 9.804683830969634073e+02 2.470240698236302546e+00
1.676909699898654708e+03 1.024036718756250366e+03 1.803737702509575325e+00
1.931515484811855913e+03 1.008123677615558336e+03 2.367924059251055979e+00
1.762055501786813920e+03 1.032496709996369873e+03 9.543930853976045903e-01
1.807756595524503609e+03 1.080021662286552782e+03 1.245718406113832888e+00
1.931161073007862797e+03 1.091699416701340851e+03 2.230260649686386376e+00
1.866019011249534287e+03 1.102107223765872959e+03 1.421000284131992641e+00
1.721677211746270814e+03 1.138154704683149703e+03 1.126461620833036692e+00
1.855588977609271524e+03 8.793113598603165428e+02 1.216809968780982354e+00
1.852597615144910378e+03 9.137815644342044834e+02 1.065846910876511316e-01
2.120371005632686320e+03 8.866052069561469580e+02 1.666284752612122944e+00
2.003836349078992953e+03 8.999732555762086577e+02 1.626057138315519790e+00
1.857302408317406844e+03 9.148064683209070154e+02 3.119795078451199632e+00
1.945277133453775150e+03 9.435107891001759981e+02 2.393775705660202036e+00
1.855104002789294100e+03 9.817142366698328715e+02 2.435174089551859655e+00
1.931315119155975935e+03 1.006236295561947600e+03 2.472786411476086688e+00
2.016360479649620174e+03 1.055459275204329288e+03 2.236380917036125293e+00
1.931935309359784696e+03 1.093362965031997419e+03 2.224100115291694824e+00
1.865030520873317982e+03 1.103613010876629914e+03 1.381780394242966281e+00
2.119000252262688718e+03 8.828313082751510592e+02 1.695030997044360443e+00
1.999645949247414592e+03 9.048284670486950745e+02 1.641420165777317752e+00
2.144319355443533823e+03 9.852908900951583746e+02 1.337776445425089333e+00
2.016219178379031291e+03 1.055857416539020505e+03 2.277436082552961594e+00
2.149904916045189566e+03 1.090826524712885202e+03 1.487378100491228317e+00
1.704108619861817147e+02 1.133884128067413485e+03 1.271392493001009649e+00
4.261118887034076579e+02 1.079548822721198121e+03 1.674462969476248064e+00
4.729680715522576975e+02 1.097106950271314190e+03 8.227765516177740768e-01
4.624417294356802586e+02 1.178193480953314292e+03 8.999466714473778328e-01
4.993353245200660240e+02 1.264472560730149553e+03 1.992180961416157858e+00
4.460222141807423668e+02 1.282713664259649704e+03 2.578562241814880807e+00
5.852825405044019362e+02 1.030681900006931528e+03 9.596103797724998552e-01
4.279373552356497612e+02 1.077832355646035921e+03 1.677728564346722573e+00
6.700252152085117814e+02 1.072350156585266404e+03 2.318189265198649540e+00
4.703169728915038377e+02 1.097828305178020855e+03 7.737440730065627825e-01
6.076031127906999245e+02 1.145706766799821708e+03 2.480609849268556211e+00
5.414927200568456556e+02 1.171454546149897624e+03 1.474521677999328428e+00
4.628658688883880359e+02 1.178122755135873376e+03 8.748631716749259990e-01
5.756945050799821502e+02 1.248554412198859382e+03 1.601598465411094407e+00
6.385014653812440883e+02 1.265658276935546610e+03 1.720134030662177960e+00
4.994352866801102664e+02 1.266211988327313520e+03 1.975787102714604115e+00
4.459895284894912493e+02 1.282678692226965723e+03 2.717389651337838163e+00
5.815911199985315534e+02 1.030194222669336341e+03 9.098241113257559132e-01
7.935962663271151314e+02 1.057731915220827659e+03 2.203153390469169359e+00
6.662738356679934668e+02 1.071346164568318045e+03 2.210135471783207350e+00
7.679458767935169590e+02 1.099370658375594303e+03 3.059929538110783831e+00
6.061228925547593462e+02 1.145779146011414696e+03 2.469852436223970660e+00
8.423771287598159461e+02 1.174445165353046150e+03 1.473011696451205665e+00
7.604017494107197308e+02 1.174589681546065322e+03 2.746535352435541810e+00
5.729564930562825111e+02 1.250039871074218354e+03 1.523320563083255585e+00
6.371022985448736335e+02 1.265970371578508093e+03 1.623399266475639813e+00
8.271969905830427479e+02 1.288524493196410049e+03 2.040105048283557210e+00
7.126578269232987850e+02 1.292849424048471974e+03 2.338437703624697050e+00
7.772369161160970634e+02 1.308774709430102803e+03 1.991501662336701672e+00
7.903799456271274266e+02 1.059869822281375264e+03 2.128115990005063463e+00
1.010947798922979928e+03 1.081544055243628009e+03 1.771880003730949005e+00
9.033546750941259234e+02 1.104622447409358756e+03 1.614397642787000375e+00
7.655777644997297102e+02 1.099448584336039630e+03 3.020083967170785755e+00
9.480357876092891729e+02 1.174923641077872844e+03 9.771799243819356828e-01
8.408371101656479141e+02 1.173827461964433041e+03 1.523106042608337374e+00
7.584521068180364409e+02 1.173894051004781204e+03 2.696267469535823302e+00
9.707740861566203421e+02 1.223435959102112747e+03 3.675324007319352715e-01
8.905356939704511205e+02 1.258512093893615202e+03 2.107031530558648669e+00
8.259188639334745403e+02 1.285282694619166250e+03 2.080271915601899391e+00
7.065345825376000448e+02 1.291866354032200888e+03 2.319536522918949295e+00
7.734729469058731866e+02 1.309502098519588799e+03 2.030568828731795339e+00
9.562181140715833862e+02 1.340619032631431310e+03 1.641923591365932911e+00
1.008427538465149610e+03 1.079647710167373134e+03 1.745582231580759425e+00
1.076508343387126615e+03 1.047342641638232180e+03 2.701010121665563091e+00
9.008634793923122288e+02 1.102541625104046943e+03 1.707055015649460605e+00
1.180756332163378374e+03 1.142162528320425736e+03 2.079751208037860621e+00
1.052726609765279136e+03 1.146722736336343132e+03 8.358230688805828867e-01
9.473445553337423917e+02 1.175174644746628474e+03 1.045478324178539697e+00
1.148997933824331085e+03 1.188293567090866873e+03 2.974054015827136244e+00
9.692393847608664146e+02 1.223447121347156326e+03 3.538345938892360487e-01
1.086161850922758504e+03 1.234814154078293996e+03 1.401475029088114777e-01
8.883104309503237346e+02 1.259496875345770604e+03 2.102875179140625939e+00
1.152958472465344357e+03 1.280920053900190396e+03 5.880867977839527860e-01
1.041930182504381946e+03 1.296264069727273181e+03 2.622985345605507224e+00
1.077526429281497030e+03 1.053826731025675144e+03 2.717830888736007644e+00
1.202107476070830216e+03 1.067157692646782380e+03 2.032107704471076970e-01
1.250938709370494507e+03 1.123952712330631130e+03 1.550765552506830236e+00
1.182880520050151063e+03 1.153487920452507524e+03 2.171461018149350775e+00
1.334067857953475141e+03 1.131979836627891473e+03 6.665413361880320187e-01
1.050678131758219479e+03 1.146841832624525978e+03 8.235600065848087681e-01
1.146809338775450442e+03 1.188881485904402552e+03 2.919487863536282202e+00
1.281463738070217005e+03 1.204284487419859943e+03 7.492229897379580894e-01
1.084820406225007901e+03 1.235126441637616153e+03 1.074399189480169520e-01
1.325981454022544540e+03 1.241218984913636177e+03 1.186165302386378517e+00
1.151549440820199379e+03 1.280474415640515190e+03 4.994029094355220133e-01
1.039542908563677884e+03 1.298111365988517491e+03 2.571555899210711260e+00
1.245565847313120685e+03 1.313589447030315114e+03 1.774203358328825919e+00
1.203409375579614334e+03 1.064672294371078351e+03 1.730245268690804861e-01
1.431950487865382456e+03 1.085129953719058221e+03 1.094645070622153771e+00
1.249671390908663170e+03 1.123602834722997159e+03 1.524984066136364724e+00
1.331729628229358923e+03 1.131698988397547282e+03 5.273178109974603345e-01
1.475028002681387534e+03 1.130081424514478158e+03 1.608950333632478191e+00
1.404946403347845262e+03 1.212993725164054013e+03 1.046950397120103515e+00
1.281021237604086991e+03 1.205009170631111374e+03 6.337210132259016859e-01
1.464012054016232469e+03 1.243879079212723127e+03 1.350597786834344616e+00
1.322190692837576535e+03 1.240440076183036581e+03 1.097088655127171020e+00
1.243323695823156186e+03 1.312396056248363266e+03 1.851722572805739597e+00
1.361823816141770067e+03 1.333692128990135870e+03 1.610689639876992763e+00
1.498676369941794746e+03 1.317770764916156850e+03 8.745228396367767942e-01
1.430288877479866187e+03 1.085499041991957938e+03 1.074807449095425804e+00
1.529705303098807690e+03 1.079511480147219345e+03 2.628391369470080452e+00
1.651485769241567823e+03 1.105409364970417528e+03 1.873406958568544667e+00
1.472631456834528990e+03 1.131254928985693141e+03 1.610807037962832533e+00
1.556015233259115348e+03 1.163157529612033613e+03 4.271570004124398690e-01
1.587000518990182400e+03 1.193121093708692570e+03 1.291130190827971091e+00
1.403018409004898558e+03 1.213721220142899256e+03 1.023808708864649919e+00
1.462476145543297889e+03 1.244585372836135775e+03 1.305948734279730239e+00
1.634882630969606453e+03 1.275390456042672668e+03 1.875325217071973860e+00
1.494346321997425548e+03 1.318171725319905136e+03 8.878644786801950239e-01
1.680086693911000111e+03 1.026554883068515210e+03 1.772044433427700572e+00
1.759530871021038138e+03 1.037355269655538450e+03 8.828311374419155477e-01
1.808132669762678916e+03 1.083529261702708709e+03 1.178247544159892524e+00
1.649732381988038242e+03 1.107308957276356523e+03 1.834647327413920115e+00
1.532690278515582804e+03 1.086887757228033706e+03 2.638057586109685548e+00
1.724092976170486963e+03 1.135689633202119239e+03 1.118760562536293079e+00
1.552159442027877731e+03 1.163881803213460444e+03 4.781609735362502001e-01
1.586354196110138446e+03 1.197122635814618661e+03 1.168398308702244481e+00
1.632673226830520662e+03 1.276784924300770172e+03 1.813782348164046265e+00
1.673233215354649701e+03 1.033178892204848125e+03 2.893651763650614051e+00
1.759584440618850067e+03 1.033795494301248937e+03 8.679196772011856797e-01
1.808212013744122714e+03 1.080280720637588274e+03 1.227946842301003150e+00
1.933508991929573767e+03 1.093493758776083268e+03 2.258350415322553761e+00
1.868384643343654716e+03 1.102290609822463239e+03 1.431083333041147654e+00
1.723258395257606026e+03 1.136468063204160444e+03 1.105405102646864091e+00
1.893082320039300612e+03 1.192053942465475302e+03 1.409792377978581701e+00
2.016350370330190344e+03 1.055603750576209677e+03 2.269186727873671927e+00
1.932447013905396943e+03 1.093367268541229123e+03 2.261288713587632948e+00
1.865474902503100566e+03 1.100377619201561856e+03 1.454604616561535613e+00
1.891692355508434048e+03 1.191906350676580587e+03 1.354938300133825546e+00
2.015862996536104220e+03 1.057391873777544106e+03 2.302689609193328657e+00
2.149229981723112360e+03 1.088978355574272427e+03 1.486291692631041883e+00
2.165007706579391652e+03 1.275897778455886055e+03 2.657871822407610107e+00
3.488722216945440096e+02 1.435693450851533044e+03 4.393397168837129968e-02
4.982973021009908052e+02 1.265806066838082188e+03 1.946394428124086362e+00
4.465142042647005383e+02 1.281820538592097591e+03 2.569966949726485872e+00
4.875691896903240377e+02 1.388304838181778223e+03 2.338144966812588432e+00
3.493808822476775617e+02 1.435788931294732947e+03 2.877240030644852634e-02
5.756829145833454504e+02 1.247950346505594780e+03 1.530254842946007665e+00
4.982240933301180803e+02 1.265897850326790831e+03 1.895756442907529316e+00
6.381956651437834580e+02 1.265948614313188955e+03 1.647671441402359216e+00
4.468954693301343468e+02 1.281273762153828557e+03 2.703325129504562607e+00
5.469222694689310629e+02 1.361664740111776609e+03 1.919729565128295290e+00
6.401033539920041449e+02 1.377582290377833942e+03 1.040230659513135203e+00
4.879992910303230929e+02 1.387746745194804362e+03 2.419474026000707489e+00
5.929608670376779855e+02 1.465976151812562421e+03 3.037704319682407395e+00
6.942879893993787164e+02 1.476708071013489644e+03 2.744392149143457083e+00
5.742453797726200264e+02 1.246371990295774822e+03 1.505312476482107753e+00
6.370484344179719756e+02 1.264359147333201690e+03 1.634649586617467953e+00
8.271721382699165588e+02 1.283909118447192441e+03 2.072745769070176713e+00
7.129163611769120052e+02 1.291398296207695012e+03 2.338929347280588100e+00
7.761303075002567766e+02 1.306756103250727620e+03 1.937720944267082190e+00
6.436068617412852291e+02 1.377199436041547187e+03 9.826733229731652308e-01
8.560903387648601210e+02 1.398150268181895399e+03 2.326557658793710459e+00
7.462835604686325723e+02 1.401098284501771559e+03 2.187759853296729951e+00
8.327555368832579461e+02 1.449518815755604919e+03 1.035302874759900460e+00
5.921215564478342230e+02 1.468960019937724155e+03 3.084557222017702216e+00
6.988128607922609490e+02 1.477139095672207759e+03 2.782949573860636683e+00
8.009074551083955384e+02 1.498842815479530145e+03 3.108551618993904864e+00
9.671693890024234861e+02 1.217798958965458496e+03 3.510025709729192034e-01
8.901062394060331826e+02 1.258652730412313531e+03 2.038714870156697501e+00
8.253129091002383575e+02 1.283523771039476514e+03 2.065206656771223059e+00
7.131946560964893251e+02 1.294187691626057813e+03 2.415338506269795626e+00
7.729916028077949477e+02 1.306714761152441497e+03 1.985548752651274729e+00
9.542135275071436809e+02 1.345249928109219354e+03 1.739065787747595238e+00
8.577868533985943031e+02 1.400236709518408588e+03 2.282363651781436520e+00
7.441739278239650730e+02 1.400075939143020150e+03 2.205138125751146205e+00
1.006851465523407569e+03 1.453949492605347587e+03 1.338033335573399318e+00
8.311264042978700672e+02 1.450996197699366576e+03 7.104046873326673450e-02
9.685254841954795211e+02 1.472963613544711052e+03 2.256058347572604816e+00
7.982804655923850987e+02 1.500650015368852110e+03 2.887739639386083024e+00
9.059857838254440594e+02 1.356269235876107132e+03 1.942323670729629415e+00
1.013540241015985885e+03 1.354998669820613031e+03 1.856002226423672408e+00
9.455306987710691828e+02 1.187084042679759477e+03 1.239402961671143943e+00
9.670061893315007637e+02 1.219713376183637138e+03 3.388388833548850454e-01
1.085823552932375605e+03 1.233218700280522626e+03 1.769072778170690807e-01
8.893075577590461762e+02 1.263625794825428329e+03 2.018565874982519937e+00
1.153065604146141141e+03 1.277957507678970160e+03 4.982722076484704110e-01
1.040654969046570614e+03 1.294956665782759956e+03 2.662871059708149524e+00
1.168804281148268728e+03 1.351665202016447893e+03 1.044004083308001096e+00
9.496241459842649419e+02 1.344710584238742058e+03 1.870756238327470955e+00
1.010855296967246204e+03 1.353279686769059936e+03 1.873717632351484585e+00
1.083604283981382423e+03 1.405763076598675070e+03 1.345984657645662441e+00
1.168649642669534387e+03 1.443421248082690454e+03 1.161015964730481409e+00
1.013286411593300727e+03 1.461825834140278857e+03 1.917598524163572460e+00
9.659004731400757464e+02 1.472943180565079274e+03 2.243103586412507955e+00
9.018553613530573330e+02 1.354636252366532744e+03 1.944980891033233350e+00
1.095385535352410670e+03 1.472929041773083327e+03 1.311779974023060014e+00
1.279853448510180897e+03 1.204636914008786107e+03 5.855033382223524541e-01
1.323658326732007936e+03 1.239756474908846030e+03 1.113483140080087752e+00
1.082421784003742687e+03 1.232745076062266207e+03 5.208155543003489818e-02
1.151712016330421420e+03 1.278729894117438334e+03 4.432614956159209862e-01
1.039206257347781047e+03 1.295004622816619303e+03 2.682076448730620122e+00
1.245475352515949680e+03 1.313395908612046242e+03 1.807525985228988885e+00
1.166761761909148390e+03 1.351818503219473996e+03 1.064431376309795452e+00
1.081639205381373358e+03 1.405224816027472798e+03 1.462872110960570238e+00
1.270463270381424309e+03 1.436998568001343301e+03 1.302176204274798854e+00
1.165340690547409395e+03 1.445770795825760160e+03 1.167006061870553779e+00
1.092696664761681404e+03 1.468022295627547237e+03 1.635715972280619157e+00
1.277572292242773301e+03 1.201718598568816105e+03 6.278053526742639612e-01
1.404149208390911099e+03 1.211335454698189778e+03 1.026921192773101676e+00
1.321618829899117145e+03 1.239414949715597459e+03 1.058783499371605874e+00
1.463887084193215287e+03 1.242625823858597641e+03 1.332694098119481918e+00
1.243906134623344542e+03 1.313032888243854131e+03 1.826615554283621545e+00
1.359463593783987790e+03 1.330173148136716236e+03 1.527601463767096712e+00
1.496911447148140951e+03 1.314060652922558802e+03 7.610827450094385105e-01
1.411285820709340214e+03 1.355417655693082452e+03 1.824977328926748354e+00
1.269542976855663028e+03 1.436689661094698977e+03 1.230928317887145740e+00
1.190215962704739923e+03 1.497442524795187637e+03 7.230750644024949159e-01
1.587554338486973620e+03 1.199158036628136415e+03 1.087362007306545753e+00
1.400529176307880789e+03 1.211288765487110368e+03 9.970403306840692759e-01
1.462717060304360984e+03 1.244337585220222763e+03 1.244215428937255119e+00
1.634770837615268420e+03 1.273679992950157157e+03 1.858960608730868103e+00
1.493811006306309309e+03 1.315902458892731374e+03 8.144800626729320481e-01
1.355503860585986558e+03 1.330615692566419284e+03 1.461143591874560332e+00
1.583194815879886619e+03 1.345516348626459148e+03 1.873368992477091100e+00
1.410356890869481731e+03 1.356458299069467557e+03 1.795192076131170378e+00
1.518621702848575069e+03 1.374125031164011034e+03 1.312946014340070411e+00
1.516118918569875632e+03 1.483457717281028636e+03 1.379383657351224590e+00
1.587547879325181839e+03 1.197054841609781306e+03 1.144365312951380442e+00
1.633545013449685939e+03 1.274558025255803386e+03 1.787422501569325251e+00
1.584579155110579222e+03 1.344903424278152215e+03 1.829719620128675617e+00
1.517435005330341937e+03 1.373168405763445890e+03 1.296084322785689746e+00
1.516004290223582530e+03 1.477755729861248710e+03 1.233376918550080470e+00
1.891590125980391804e+03 1.195093492963894278e+03 1.489627760562973080e+00
1.889398560081498090e+03 1.193816742375424155e+03 1.438753821099954644e+00
2.163451525612764272e+03 1.272928836401072431e+03 2.642069038705904926e+00
3.503829973649395697e+02 1.434512507797447370e+03 1.135375819424775008e-02
4.888542132081596492e+02 1.387748953335094257e+03 2.377516323999447234e+00
3.492090625877909247e+02 1.435248942118807918e+03 6.074721140995517632e-02
5.461348416201271903e+02 1.361288951137109962e+03 1.892886057709700864e+00
6.332442129807469655e+02 1.378977031419424293e+03 1.552496311146154717e+00
4.861091593315619548e+02 1.387701473654390838e+03 2.306536180522650081e+00
5.930298877612442539e+02 1.465988479316907615e+03 3.053325584206977528e+00
6.998773012339606794e+02 1.477417412960579668e+03 2.701054521520541041e+00
6.925885758680490198e+02 1.552192694289063184e+03 2.936977985714230410e+00
6.481264756946644638e+02 1.381063081767233143e+03 1.002878728578795231e+00
8.597124767376410546e+02 1.399302124746366417e+03 2.330278265469366783e+00
7.466223248923175788e+02 1.401416209249389794e+03 2.108446171875957287e+00
8.324317608492398222e+02 1.451887154858273561e+03 3.083117457651405768e+00
5.921730281964521510e+02 1.465074095152633845e+03 3.013280712267706551e+00
6.984792420615677884e+02 1.476372127815250906e+03 2.697027461189813291e+00
8.025934883232130232e+02 1.501137392798611017e+03 2.763914373698823201e+00
6.953433061624855327e+02 1.552587283736531845e+03 2.844157445967510522e+00
8.160658223414791337e+02 1.581221355360258485e+03 2.556457200520758200e+00
7.126918632318793243e+02 1.608512997850327338e+03 4.737692619989780085e-01
9.097882332329459132e+02 1.357897614766979132e+03 2.044977173720393893e+00
7.438543713539041846e+02 1.400676670807002893e+03 2.155534731442034779e+00
8.571299779797345764e+02 1.399828892846792314e+03 2.231653598131650540e+00
1.017909499771656328e+03 1.460740922626928750e+03 2.068058121957389695e+00
8.301925624271541437e+02 1.450302552156977526e+03 2.339775928651170567e+00
9.666051696243193874e+02 1.472558250137764844e+03 1.954510521668609613e+00
8.008879724930972088e+02 1.499509834309742473e+03 2.791784959644855846e+00
9.326789334217814940e+02 1.545732200500467798e+03 3.090158059459835460e+00
8.144698271275577781e+02 1.580866394473514219e+03 2.592941894287450477e+00
9.100713494356234605e+02 1.617633270973609569e+03 2.363796559820702470e+00
1.009934331810204867e+03 1.623473453621499402e+03 7.725780527194359149e-01
1.162913669305331496e+03 1.356507227884288795e+03 1.036902380501499854e+00
9.154237562688363141e+02 1.362083936483582420e+03 1.961584998666285884e+00
1.010809828282690660e+03 1.353356805683670018e+03 1.878148138617442564e+00
1.083455659315697631e+03 1.404576134829371313e+03 1.395978331729131217e+00
1.167903072511988057e+03 1.443023565500759105e+03 1.113133418718992296e+00
1.015515691925628744e+03 1.461688525890449910e+03 2.087059522916494103e+00
9.657662560511525953e+02 1.472531038732727438e+03 2.052357461415048157e+00
1.098660610316061593e+03 1.467286048026239996e+03 1.309941587721026757e+00
9.315413414739405198e+02 1.546160232872630786e+03 2.997769981236060310e+00
1.049060484590288979e+03 1.552880279262498561e+03 3.034881640025792748e+00
9.052110754909920161e+02 1.619470805267615560e+03 2.376598285335504102e+00
1.007821302467589476e+03 1.620717597306383141e+03 6.781916296872226857e-01
1.127779068963828195e+03 1.612829449792583546e+03 1.374082000742322604e-02
1.166649418257044090e+03 1.349557340434434991e+03 1.085997780516551714e+00
1.080559125464108320e+03 1.400758374430489994e+03 1.486704741672977725e+00
1.270879248178466014e+03 1.434930442069251512e+03 1.275206614508525016e+00
1.165447650207069046e+03 1.444341391833166654e+03 1.175886800894740070e+00
1.096524209650946432e+03 1.468159631833691037e+03 1.378855533094451857e+00
1.186253666844103464e+03 1.499337965049789318e+03 8.787544797370269167e-01
1.293351614644388064e+03 1.516353180441120912e+03 5.105465415731917922e-01
1.046296022119032841e+03 1.553976111765017095e+03 2.990455815456889432e+00
1.198177467361980462e+03 1.570897759541334835e+03 6.175181668177373573e-02
1.128505437777070256e+03 1.612233814166263755e+03 3.358275631751978397e-03
1.239408670699520371e+03 1.608619844893631125e+03 8.598679903725827689e-01
1.271150824747329352e+03 1.638197496789591924e+03 2.350597147112262419e+00
1.411967006964343454e+03 1.354756099287267034e+03 1.754732471982525910e+00
1.270055142951878452e+03 1.434851261421350728e+03 1.231175103029944040e+00
1.380007682835030209e+03 1.525248214052184267e+03 1.740936349037688124e+00
1.292518892401854600e+03 1.515797017988461448e+03 4.765032843748541191e-01
1.202900590936534627e+03 1.573317526879351590e+03 3.113207525742231141e+00
1.239983220320032842e+03 1.610973427302139726e+03 3.073079957699393461e+00
1.278955042049644817e+03 1.643436425562841578e+03 1.732114825722050222e+00
1.409521845635044883e+03 1.356355942524971397e+03 1.816597244174076531e+00
1.584520368418882754e+03 1.346810143997135128e+03 1.832488884429320786e+00
1.518993212153889544e+03 1.372833519939276130e+03 1.244080551337369833e+00
1.516297502118728971e+03 1.481085524232757280e+03 1.293696558876924918e+00
1.379104942172363735e+03 1.526192181463489305e+03 1.725624983013643643e+00
1.560430876308428651e+03 1.629510592428222935e+03 2.008681588414137131e+00
1.504086606903797701e+03 1.635055347678088538e+03 1.470315131766585237e+00
1.583998634113797607e+03 1.347463126898644305e+03 1.803883832796693287e+00
1.518700054126614987e+03 1.373662246692048939e+03 1.287517607579974355e+00
1.515082562970299705e+03 1.479655602740541781e+03 1.387485569605006130e+00
1.557121524680386756e+03 1.628734535107759939e+03 1.967118347551038537e+00
6.879087044241782678e+02 1.550872692994667659e+03 2.898314813235761012e+00
6.929441738914497364e+02 1.552194527456628066e+03 2.860482754052266596e+00
8.141405109619956875e+02 1.581144760498141977e+03 2.563505353246017915e+00
7.116989843251385537e+02 1.609010049860248273e+03 4.572421711300221348e-01
9.325054334387691597e+02 1.544371090542419552e+03 3.025821025890064853e+00
7.103682080440344180e+02 1.604789115775003438e+03 4.724212534757619153e-01
8.150043828320604007e+02 1.580356150690101003e+03 2.501769551769941202e+00
9.101431130658704660e+02 1.616617784825582930e+03 2.327285508763118127e+00
1.010622324053178545e+03 1.621747170286601204e+03 7.683947399988492188e-01
9.031515662561607769e+02 1.686583029498454152e+03 3.130115551951944575e+00
8.719181464123446403e+02 1.747607707009753994e+03 2.752300511245044490e+00
9.722891083745655578e+02 1.739638181754334028e+03 3.067063101340625764e-01
9.675267326862742721e+02 1.811291999647069815e+03 1.282453279324943449e-02
9.310354516438314931e+02 1.544408132898794975e+03 2.982552934602647365e+00
1.049297558718043092e+03 1.551413382124716918e+03 3.032144312187695867e+00
9.079427141364792533e+02 1.616096377132654652e+03 2.307414409768407282e+00
1.007881625275565057e+03 1.621068247814611595e+03 7.843421309206820569e-01
1.128727041638400578e+03 1.610744011031295940e+03 8.147136706371449488e-02
1.030396981177686484e+03 1.661059764789890323e+03 7.915404322267427517e-01
1.112218093079832443e+03 1.684542681290431346e+03 5.514997385223945336e-01
9.013509892909094106e+02 1.686283764073055409e+03 3.117132622378036899e+00
9.693012410194210133e+02 1.738655000067681613e+03 1.921005451262626229e-01
8.682986964289805201e+02 1.745559539807250530e+03 2.658088371773033032e+00
1.148114928898876769e+03 1.745152028880451553e+03 1.506001598843757838e+00
1.073609984202626720e+03 1.781897022233522875e+03 2.166850651930898319e+00
9.657685222457648706e+02 1.812056864936311058e+03 3.055738526353748430e+00
1.290113539261091773e+03 1.516291400807496757e+03 5.544034172767781099e-01
1.049691170552973290e+03 1.552168750923151038e+03 2.988225718619237803e+00
1.200612914615215914e+03 1.570073519649330365e+03 7.268226377256147008e-02
1.129274661769253271e+03 1.610901103474882802e+03 2.740390835782842080e-02
1.239767687012703846e+03 1.609138922687902323e+03 8.701992143748271680e-01
1.279732104684504975e+03 1.645853530443835098e+03 1.532883025005133071e+00
1.028988468432032732e+03 1.664329950685663107e+03 5.820181836917125429e-01
1.111849095673368083e+03 1.683838191945192193e+03 5.115876159323674566e-01
1.146003214935456754e+03 1.743481712621002089e+03 1.420434675087095977e+00
1.071007879257485911e+03 1.784116686129919344e+03 2.160699747077239330e+00
1.167388223758656295e+03 1.795710599468800865e+03 1.137499830694930214e+00
1.291838163940576351e+03 1.514390755173506705e+03 5.219836637140407021e-01
1.379594448298902080e+03 1.525326182775505458e+03 1.737729794380941106e+00
1.191220509324331715e+03 1.566343676545200196e+03 2.243524263072238234e-01
1.221770784376258916e+03 1.581528831742533612e+03 2.794328507272714646e+00
1.238867535309664845e+03 1.611069912656101224e+03 8.325811705894647918e-01
1.281680157892394163e+03 1.646373317223816002e+03 1.500580236931442490e+00
1.376404255939363793e+03 1.525166703844525045e+03 1.775629324665813913e+00
1.560081596340678288e+03 1.625909389592460229e+03 1.949025272335608072e+00
1.504431573086256776e+03 1.631666938408757460e+03 1.490515935322574315e+00
1.558379043660929710e+03 1.625529314019350068e+03 1.934222365581904857e+00
1.019979183614786734e+03 1.669883052911459117e+03 8.344551190605107305e-01
9.026066074181312615e+02 1.684116979901588365e+03 3.067030060080958798e+00
8.700345463017833936e+02 1.746523935705894473e+03 2.702411093822929544e+00
9.716759523918740342e+02 1.738530720488902716e+03 2.799032709133497665e-01
9.683148074735915998e+02 1.808272829451464304e+03 3.038220310976933014e+00
9.690524351633671358e+02 1.886355102598706708e+03 4.734798863540287117e-01
9.225834946156151091e+02 1.967072082875961314e+03 5.028919904496409465e-01
1.108493358009104895e+03 1.681310417563381179e+03 5.436510756235353181e-01
9.038580712830844277e+02 1.683985126511733142e+03 2.988833320174613561e+00
1.150991299729669890e+03 1.742197225452126531e+03 1.473299639083776924e+00
9.697935888556730788e+02 1.737991429279933527e+03 1.766382162474078310e-01
8.710512122107559208e+02 1.745396933936208825e+03 2.644077369926869814e+00
1.073963266359067575e+03 1.780463645653350341e+03 2.162728369584898225e+00
1.167906766626703757e+03 1.794744182340388988e+03 1.205723820514853273e+00
9.674928403561816594e+02 1.808109130195708985e+03 2.988488444108153175e+00
1.087762650323671551e+03 1.866287542835663771e+03 2.855775759065371844e+00
9.680907086577094560e+02 1.887263960251239496e+03 4.209861540964566773e-01
1.073231553868412220e+03 1.918655313061288780e+03 3.408110367762546278e-01
9.204196753329563307e+02 1.968105384609594694e+03 4.789618377878159250e-01
1.109638923186182410e+03 1.680795200413929251e+03 4.925457056132331868e-01
1.146880199184641015e+03 1.740364326153368438e+03 1.350910151134622206e+00
1.072260434561684178e+03 1.779718185497053128e+03 2.230128199921403542e+00
1.168830040611804634e+03 1.792603695841708486e+03 1.092329619651727590e+00
1.236076002303858786e+03 1.823403695447240807e+03 2.037122364892460347e+00
1.085703948205581355e+03 1.867129956379893201e+03 2.952910682765189421e+00
1.311189294901062112e+03 1.917094252672615767e+03 1.289638031940075313e+00
1.199173011939949447e+03 1.914633708620943708e+03 2.533142430095343678e-01
1.072837308137271066e+03 1.917232378064059503e+03 2.881231576578954234e-01
1.185612639184877935e+03 1.977771512067295134e+03 2.449362656923750048e-01
1.235775081900780833e+03 1.823355611834165074e+03 2.053696393143947141e+00
1.457231935588754823e+03 1.828628791696948156e+03 8.930525382571081749e-01
1.308897282750810291e+03 1.915064783648544108e+03 1.304956302554740821e+00
1.201294947430649017e+03 1.911720337428414041e+03 1.547085392949106297e-01
1.392628234157313045e+03 1.922205899531320483e+03 5.611210767625280926e-01
1.521249944392437556e+03 1.834200884154880896e+03 1.520562450755355899e+00
1.454916638034969537e+03 1.829603239972224856e+03 9.120141658628738712e-01
1.389511894070077460e+03 1.923395827129187182e+03 5.319130837808897505e-01
1.517995499564568036e+03 1.833065548557914553e+03 1.516968717304457037e+00
9.694419889735572724e+02 1.885489678341113859e+03 4.371793381015374180e-01
9.218915717699380821e+02 1.962831100928293836e+03 4.549677549314824487e-01
1.010976019356006873e+03 1.985221982002131426e+03 2.895346647571148679e-01
9.287472521108056753e+02 2.028156427548193278e+03 1.083624314598180260e-01
1.087285670647037023e+03 1.866330239328113521e+03 2.729608052164336662e+00
9.679923272225914843e+02 1.885678430029403899e+03 3.859008585690624216e-01
1.073108213736728430e+03 1.917340496283562970e+03 2.720262502547809991e-01
9.216340861847970700e+02 1.963774444349593068e+03 4.204750291248272598e-01
1.008542059924275691e+03 1.984463426115616585e+03 2.341247732471314624e-01
1.077025705110317631e+03 2.024017714684288421e+03 7.310968286622332446e-01
9.279740831119479481e+02 2.026805733890490501e+03 6.390077916670566793e-02
1.181681130030125814e+03 2.039063326068566766e+03 9.863934779052477841e-01
1.238188620098953834e+03 1.827048368430739856e+03 2.115746461626057062e+00
1.086112279154887574e+03 1.868412295365018963e+03 2.680317205336341768e+00
1.310351387407753009e+03 1.913625205340881621e+03 1.316107152582986606e+00
1.198108561174737588e+03 1.913823254845590327e+03 2.438332707295205459e-01
1.072322131356517048e+03 1.916790925020128270e+03 2.593584911441367824e-01
1.186650938536830381e+03 1.970421533370659290e+03 2.528678001538389175e-01
1.330065594071407759e+03 2.002051925269728144e+03 3.395890124643149988e-01
1.076280835870517876e+03 2.024278731762834013e+03 6.267687953285790980e-01
1.183855698326077118e+03 2.033840638888814738e+03 8.932159507612711380e-01
1.226578853112794377e+03 2.085405798221202076e+03 1.694406466530327782e+00
1.238196455541733258e+03 1.829705242653542882e+03 2.116436559035545173e+00
1.452551037115166309e+03 1.832703220072691920e+03 9.252059874997973221e-01
1.309404762561987354e+03 1.913425785845670816e+03 1.337844256306022439e+00
1.199744610317542083e+03 1.912218143977670479e+03 2.204714961127480222e-01
1.393164858896135911e+03 1.921314936039574604e+03 5.770973676426432997e-01
1.186404837699290510e+03 1.977672072683047645e+03 2.607264718716384988e-01
1.330152648523287326e+03 2.001081080174038561e+03 2.967804248515744647e-01
1.225703698211717892e+03 2.084910538633345368e+03 1.702860358980271993e+00
1.454194197446137878e+03 1.830163163107691616e+03 9.600349077640349948e-01
1.520431568927351009e+03 1.836077946727931476e+03 1.507296384869062367e+00
1.391512983846759880e+03 1.922632586405427901e+03 6.213993346503040582e-01
1.514387714703767415e+03 1.845955727772809723e+03 1.424618029428178945e+00
9.276350080891254493e+02 2.027076132793950819e+03 1.647624864788523324e-01
1.077218761445787322e+03 2.025252735564415161e+03 7.092553751976480303e-01
9.273824597769701086e+02 2.026412266556446411e+03 1.608296343014952723e-01
1.178068152196351548e+03 2.041664591013533027e+03 8.874969259064592331e-01
1.325410785391798072e+03 2.003587906586818008e+03 4.045746191886796517e-01
1.075681897679590975e+03 2.023499421030002850e+03 6.318981596726349625e-01
1.183084020412130940e+03 2.034975026681931922e+03 8.636687641615694577e-01
1.226806227746116974e+03 2.085605997300671788e+03 1.656859240807228240e+00
1.328723394075781925e+03 2.001540186154999446e+03 4.128769842074470064e-01
1.225910743169216403e+03 2.084884067809319276e+03 1.656470452120160308e+00
