1.010506635045953090e+03 4.463186378741636418e+02 1.082153407160208802e+00
1.010749299222542504e+03 4.447208044123218542e+02 1.043106138305794239e+00
1.072185398386592624e+03 5.126670095714052877e+02 2.832805440847585121e+00
1.072600435890632980e+03 5.113299400015305309e+02 2.859909606975763463e+00
1.009567292974855718e+03 4.454615635066705863e+02 9.695183370616563545e-01
9.591998554676749791e+02 6.191020866989279057e+02 1.327718971717519958e+00
8.937278517033330445e+02 6.630569658660265304e+02 2.184950093088597001e+00
1.011111311235191351e+03 4.427563057942976457e+02 1.013874900172802684e+00
1.071057229188869314e+03 5.106505177248975542e+02 2.778089540891964138e+00
9.592585967774725759e+02 6.189482503828095332e+02 1.355132865864212111e+00
1.145810423983907185e+03 6.135256483317285756e+02 3.808462689350328723e-01
8.917524658530242050e+02 6.618462995152301573e+02 2.143584990997184914e+00
1.070114161461718595e+03 5.109959478753031590e+02 2.717129339864534643e+00
1.268951422451110602e+03 5.459197810044323660e+02 6.565513535831197789e-01
1.143511344128843803e+03 6.140218455392509895e+02 4.728890550053099218e-01
1.265556281732960315e+03 6.171915370575493398e+02 9.267589387713250082e-02
1.267518085112506697e+03 5.453694997455593239e+02 6.336950970975080422e-01
1.263951642370745958e+03 6.166316172785377603e+02 8.606891792699435106e-02
1.486539666728995144e+03 6.559868600513450474e+02 5.905286958652062879e-01
1.595179006214011906e+03 6.558898694392802327e+02 2.245308914193365535e+00
1.486087531455998487e+03 6.512958977490739017e+02 4.419958421268439519e-01
1.769840669196278668e+03 5.474896640047492156e+02 1.013626041775228304e+00
1.692343326830590513e+03 6.339618041554404044e+02 3.805446709522443682e-01
1.593383579934344198e+03 6.548569994527857716e+02 2.221386280338831565e+00
1.732961122497354836e+03 6.874474112790278468e+02 2.768947950017690562e-01
1.769265457221060615e+03 5.474958386204667704e+02 9.978732586837294471e-01
1.877335076504144581e+03 5.510528239058817235e+02 2.922747622437155357e+00
1.845000535117473646e+03 6.004430459996410718e+02 3.011430478914908448e+00
1.691589221446149850e+03 6.350259574101052067e+02 4.398731742051172344e-01
1.937695659434298250e+03 6.476115235884180947e+02 2.015763635130903619e+00
1.874490410596618403e+03 6.880657731296041675e+02 2.107891882707908060e+00
1.737192084093223002e+03 6.846368594622522323e+02 8.859882523777609653e-02
1.877126076831722003e+03 5.516414309631696824e+02 2.983858672300080173e+00
2.007838813785176171e+03 5.865280893314331934e+02 9.148689009751659329e-03
1.844855813720381775e+03 6.006261217123258120e+02 3.075470227263900291e+00
1.935863707483539201e+03 6.480443495866798003e+02 1.994276178779568864e+00
2.007730985093619438e+03 6.394741657196115057e+02 2.639783670716325581e+00
1.872512872546801646e+03 6.897815130227550071e+02 2.148571544022392477e+00
2.006341099430258964e+03 5.889942384288640369e+02 1.089300153972942581e-01
2.007491507426007502e+03 6.427392824400030804e+02 2.704460919257969831e+00
5.653224529240128504e+02 7.274411135129682862e+02 6.419462879626542939e-01
6.513419765736574618e+02 7.840743235995480518e+02 6.766317204761825854e-01
5.494611904688018740e+02 8.353446476164394880e+02 1.289533011140601371e+00
7.115902360545767351e+02 7.122932862093039148e+02 1.983118114187699399e-01
5.658206236635804771e+02 7.272838236605995235e+02 6.861441003758398383e-01
6.523792759706878996e+02 7.839422829933409957e+02 6.770701747796760150e-01
5.500628826678259884e+02 8.306519363785567975e+02 1.293585308332753092e+00
9.600551294332935868e+02 6.178772844709561696e+02 1.339719080446693189e+00
8.940004616319235993e+02 6.609622408265528293e+02 2.178055578367549039e+00
7.073041792999663357e+02 7.125170395236019658e+02 1.538239856965986918e-01
9.598548840764340184e+02 7.262287194457717305e+02 1.190142294647128729e+00
9.872448948321271018e+02 8.552702440544788942e+02 1.971555622413283748e+00
9.153167867752299571e+02 8.616746984286048701e+02 1.310157749834521157e+00
9.594387038841582580e+02 6.180080709691951597e+02 1.325586297040453276e+00
1.144420303608476843e+03 6.124869790808253356e+02 3.491316630343870853e-01
8.931637487595548919e+02 6.603000108882224595e+02 2.167321182046261008e+00
1.019006411830893512e+03 7.228990070459033177e+02 9.714454445059937937e-01
9.593159145406182233e+02 7.264866353467936051e+02 1.214163374459393596e+00
1.089198408740126524e+03 7.577787217499251256e+02 1.643642215792355532e-02
1.062340226475186000e+03 8.463911861203969238e+02 1.100613523448515485e+00
9.839120481375719010e+02 8.572790424048027944e+02 1.857709074830927953e+00
9.136385271309875407e+02 8.597854925066704936e+02 1.256221571522976088e+00
1.136012757820531306e+03 8.577375610574231359e+02 5.852064844959774526e-01
1.144386549966422535e+03 6.123855862376658479e+02 3.763052504648601859e-01
1.265969441590422093e+03 6.158970110436322329e+02 3.139173889458013011e+00
1.297848663189141234e+03 7.196674917213970275e+02 1.175434458476150912e+00
1.207796667282073486e+03 7.297115667246221165e+02 1.097608700404419491e+00
1.089928384471320442e+03 7.579219863484777306e+02 3.115879901147931896e+00
1.064319920649593769e+03 8.426628757428829886e+02 1.231460253523767090e+00
1.136445153531164351e+03 8.563586269313935873e+02 5.908350997896315571e-01
1.263063512435508528e+03 6.162261303583891277e+02 4.444326045313245349e-02
1.487228402298424953e+03 6.519537894367797435e+02 3.754159289092561802e-01
1.295662814855205397e+03 7.204922035779536600e+02 1.132396081492434092e+00
1.490247325807281413e+03 7.094165477428409758e+02 2.764403122053214812e+00
1.205495153596900991e+03 7.308944647186879138e+02 1.065666315665043884e+00
1.423265200962473045e+03 8.183875307813993913e+02 6.838549864907663700e-01
1.464659827542711582e+03 8.603684793114974809e+02 4.025627658185724211e-01
1.594541284441090284e+03 6.539937474201694840e+02 2.159631427698622819e+00
1.486313508508701489e+03 6.505720824359165135e+02 4.125980626607929636e-01
1.489747194095812119e+03 7.098193772368171039e+02 2.831215835578647422e+00
1.592887873832894456e+03 7.769103599019257445e+02 5.968090397299481015e-02
1.420438833038481107e+03 8.170434725164270731e+02 7.067667596094544535e-01
1.558141034355085367e+03 8.254640791370861734e+02 2.945834532257579852e+00
1.657461481056564708e+03 8.502940247741049689e+02 1.355099568030637469e+00
1.475278739108045102e+03 8.589121056700488452e+02 2.974547846467763823e-01
1.693853786252628197e+03 6.344103572261195723e+02 3.873371851601316029e-01
1.593919368963869147e+03 6.545101057506383313e+02 2.175044545411445984e+00
1.735042807889746200e+03 6.840317067225533947e+02 1.567325746177349044e-02
1.683224011970169158e+03 7.253056333939828164e+02 1.670147082066304467e-01
1.764673731325032122e+03 7.504380364867220123e+02 3.869680877497173044e-01
1.592167046317014865e+03 7.779243665744662621e+02 8.114155448060533793e-02
1.736445123017339029e+03 8.038677153215644466e+02 4.667470452906977707e-01
1.559844381952382946e+03 8.238001779396099664e+02 2.199242665085545667e+00
1.654152658938364084e+03 8.568111359750575957e+02 1.506285911405793154e+00
1.698049804348157295e+03 8.430611187901967014e+02 1.886696055970340957e+00
1.879098089394432236e+03 5.503190968403100669e+02 3.001090691642413155e+00
1.847120323968179719e+03 5.997517219719206878e+02 3.016415724396788622e+00
1.691659575381658669e+03 6.359037625424963380e+02 4.079697018818909671e-01
1.938164090359507099e+03 6.466670342593865826e+02 1.960341399991229139e+00
1.875975063475370689e+03 6.902687339116835119e+02 2.116362885314774012e+00
1.732144347532463598e+03 6.845441004188303395e+02 3.286703991786629753e-02
1.680899311959374018e+03 7.241223802741906184e+02 2.391470584302063940e-01
1.761346646985472262e+03 7.508123979447714191e+02 3.825582533495208160e-01
1.881948647640758509e+03 7.736364982828899883e+02 2.657072895625125941e+00
1.733801023930286192e+03 8.040044319499629637e+02 2.942019677545969714e+00
1.850024933662363537e+03 8.164464081190733395e+02 1.904689898804568182e+00
1.959843869476270356e+03 8.554753469006450359e+02 2.552338913491667416e+00
1.694529714258726926e+03 8.444403817758629884e+02 1.952630328538987436e+00
1.856801033815056599e+03 8.531367699854333750e+02 1.694823052841788913e+00
1.877780971377877449e+03 5.531353215402216392e+02 6.662249011962144418e-02
2.007387083739994978e+03 5.868520287453931132e+02 8.717503780286882387e-02
1.847575228417461403e+03 5.972300769928478985e+02 1.152233638693682567e-02
2.007476535072512888e+03 6.378215424554715582e+02 2.693943055988059054e+00
1.935953768389498237e+03 6.454428371250379541e+02 1.975924928251304280e+00
1.874809733812897321e+03 6.893902957681818862e+02 2.134746994597089831e+00
2.015624734654280473e+03 7.233880179348635693e+02 2.222534640300516173e+00
2.114785513736599569e+03 7.504896747848574705e+02 2.282582949603864986e+00
1.880171822445551697e+03 7.728816874477663532e+02 2.825602597098904045e+00
1.847573775326649638e+03 8.171123330662346689e+02 1.119448943127327789e+00
1.958051588422280020e+03 8.540942030106746188e+02 3.106061381378667718e+00
2.009051926382699094e+03 5.884920073301764205e+02 1.371564771398727511e-01
2.006574449959194681e+03 6.416034751644303924e+02 2.767791776362034550e+00
2.015816071637216737e+03 7.248501125106035943e+02 2.297619399333617363e+00
2.112767565328123965e+03 7.500014237425809824e+02 2.314976946641609690e+00
2.191112833900574515e+03 7.509083467742276525e+02 2.471764160528161280e+00
2.175253179396729138e+03 8.546377455277732906e+02 1.561734625966033407e+00
8.760502948719056349e+01 8.989992711455599874e+02 1.372102472270254392e+00
2.229470551196877750e+02 1.019256592592025299e+03 1.054311947116807424e+00
5.145690057973455396e+02 1.014963413056306763e+03 1.513585766417475220e+00
5.661194920620976063e+02 7.264295799055502130e+02 5.683304936479414149e-01
6.529391409562614399e+02 7.828248545498772728e+02 5.895881719618890626e-01
5.494911461475496708e+02 8.317336254730879546e+02 1.145583048380462321e+00
5.892875118691080161e+02 8.628228973630045857e+02 5.326269631247141367e-01
6.358877683184455236e+02 9.714358790480537209e+02 1.994458718361370009e+00
5.787857270196057016e+02 9.914627923818827639e+02 1.965013065875223841e+00
5.138053678113577689e+02 1.019170332765492276e+03 1.656736025059311945e+00
7.117358382255553124e+02 7.096350015033045793e+02 2.016910039837531698e-01
5.659190667464190483e+02 7.237311946388430215e+02 6.654258244021105106e-01
6.526002018183563678e+02 7.829022589000644530e+02 6.283063229398950789e-01
5.477749733679163455e+02 8.315283470818801561e+02 1.229032286727252510e+00
5.890763257652489528e+02 8.625540249346748851e+02 5.896597009003862189e-01
8.320374205968582828e+02 9.049112256708549467e+02 1.191310166370761703e+00
6.346256182548380593e+02 9.708608906275997015e+02 1.938001205274459737e+00
7.290247595129549154e+02 9.645409390746331155e+02 1.234633164510088275e-02
8.577742366633175379e+02 9.661438348929191307e+02 7.954288622976579681e-01
5.768707624191495142e+02 9.890523669580529713e+02 2.035790046826358335e+00
7.112216591284515061e+02 7.075656208281717454e+02 1.431056780857564159e-01
9.595988713682340858e+02 7.261739825009570950e+02 1.128376367958097148e+00
1.012920332924687500e+03 7.221079156638561471e+02 6.590455364353766665e-01
9.842569493529595093e+02 8.593877301628222085e+02 1.817530852412567954e+00
9.148875317628983339e+02 8.614790461682150635e+02 1.276424040434947393e+00
8.308947969276920276e+02 9.056231458905006093e+02 1.140990779540462574e+00
8.569596608751912754e+02 9.637990420725736840e+02 5.584828474596423842e-01
9.522105721915447702e+02 9.706057219664164677e+02 8.734037356658753692e-01
7.255873908900983906e+02 9.655842868643296697e+02 3.136086375052279607e+00
1.001893925318359834e+03 1.012528114122581428e+03 1.132343262736125844e+00
1.019581225933445467e+03 7.198402354700604064e+02 9.650185574146584733e-01
9.604200752392714548e+02 7.228734495666438988e+02 1.194497232361723338e+00
1.089863362595684066e+03 7.564974566182622766e+02 3.132675900060414076e+00
1.063699522263093513e+03 8.426084948280222306e+02 1.030082886548395082e+00
9.833664954009666417e+02 8.577570753129537025e+02 1.810271379214449139e+00
9.142731378624123408e+02 8.605067067430416046e+02 1.287696991164349436e+00
1.137316121145444413e+03 8.534685373024641422e+02 4.358664261836409093e-01
1.173926364633634421e+03 9.268894492981903568e+02 1.319430301314553189e+00
9.502635100536758728e+02 9.700277497707904786e+02 9.083857756189561705e-01
1.101271721653180293e+03 9.938025088666283864e+02 2.833973952600254087e+00
9.974263443505533360e+02 1.013444751729328345e+03 1.262823904862903301e+00
1.295638488495299498e+03 7.205026095262526269e+02 1.095355542686800909e+00
1.207562152904851700e+03 7.286146783585936646e+02 1.041751032007837807e+00
1.088564630856188614e+03 7.569412025991312021e+02 3.099836990550874916e+00
1.061636160942282686e+03 8.432438631114341661e+02 1.110371519596949241e+00
1.136543726325124226e+03 8.542586283666181544e+02 4.762161174284831877e-01
1.171083540464009275e+03 9.265835916344171892e+02 1.317606729555884204e+00
1.337690320609058517e+03 9.243377426391739391e+02 1.465475676157270923e+00
1.251052082526974118e+03 9.279311704124343123e+02 6.501124369626275490e-01
1.097304631982935689e+03 9.935298874496206736e+02 2.977289787975911484e+00
1.296390666816909061e+03 7.178779556578178926e+02 1.113292775623501374e+00
1.203417974601172773e+03 7.289970190890612685e+02 1.012777713757032183e+00
1.422039697797343251e+03 8.163724547601625545e+02 6.498607966447805806e-01
1.476206089045086628e+03 8.562663588820291807e+02 1.428889022841898782e-01
1.414401391475924356e+03 8.989224907924660783e+02 2.534162049820665175e+00
1.334916986994617218e+03 9.242110283582615011e+02 1.413146828597553251e+00
1.249252754853058605e+03 9.285421465051624637e+02 6.622994804247267497e-01
1.488720652446850181e+03 7.068668836548116587e+02 2.787321244304195922e+00
1.591978531591085584e+03 7.769152994520489983e+02 7.585044795472248302e-02
1.419526899675755658e+03 8.170132465850338122e+02 6.924744797999128343e-01
1.554009833455008675e+03 8.220601744127308166e+02 3.131455208470299567e+00
1.651786047339957122e+03 8.598982533391117613e+02 1.464591829190107886e+00
1.473566346053094321e+03 8.560368745391197081e+02 1.982603213620774685e-01
1.564364952922746170e+03 8.779775781742255276e+02 8.123676190679459674e-01
1.411825827739043689e+03 8.964975298739509526e+02 2.504433692089613306e+00
1.513602858820383290e+03 9.517586567774392279e+02 2.528552276674688848e+00
1.626689394850812050e+03 9.761414415427020685e+02 1.099380968293715233e+00
1.683303412964699874e+03 7.229982582698453371e+02 1.322112280655353411e-01
1.761577215231889795e+03 7.502755213890803816e+02 3.283367113650506042e-01
1.589892943183738680e+03 7.770223457268556331e+02 6.596502257787639767e-02
1.735495010714137379e+03 8.022071873461034102e+02 2.843310874280714717e+00
1.554131173330529919e+03 8.222001016160880909e+02 3.043983078541582010e+00
1.698028050776567852e+03 8.425611655123444734e+02 1.989521002821624363e+00
1.649994252310796810e+03 8.592547336245714860e+02 1.464320701742470643e+00
1.562339928648669684e+03 8.779148074394488503e+02 7.974834593639600344e-01
1.769435011339503262e+03 8.992781385949697324e+02 1.109354158718910632e+00
1.805115961881824887e+03 9.500869225642479705e+02 1.392502828796536196e+00
1.700444947983430666e+03 9.659930433072695450e+02 1.986684007255868467e+00
1.509711314317107053e+03 9.537532558290367888e+02 2.493874901381202491e+00
1.623535354724210038e+03 9.757941451421020247e+02 1.080033151991436569e+00
1.761365051115161805e+03 7.504088873405617051e+02 3.558853417749101578e-01
1.881686169478734428e+03 7.729140390134924701e+02 2.718588295912789832e+00
1.735269519730662068e+03 8.038716222107516387e+02 2.921803428266247948e+00
1.851474505078228049e+03 8.141792704892360462e+02 1.657320362339109732e+00
1.697758944046569013e+03 8.435860168654884319e+02 1.946073253046474605e+00
1.959629517050238519e+03 8.566796322736061029e+02 2.997228312294559327e+00
1.768277881237367865e+03 8.983376520082163097e+02 1.063751550683823766e+00
1.873815861377892361e+03 8.880892802240418860e+02 2.808645242772407791e+00
1.963327520566357180e+03 9.203752967547218304e+02 2.407205113407033803e+00
1.804309512294177466e+03 9.472305584834286947e+02 1.227288242962597531e+00
1.698370057996663718e+03 9.681171498605972374e+02 2.044099596126702334e+00
1.853599709500937024e+03 9.836845737007824937e+02 1.599779873573126343e+00
1.916750449754226793e+03 1.001705633103888204e+03 1.660345180343259175e+00
2.016327384599344896e+03 7.239092417307703045e+02 2.298251188312246729e+00
2.116618329395957062e+03 7.483710601615366613e+02 2.353375837251614033e+00
1.878783370680807138e+03 7.717754925583994918e+02 2.826516345794507057e+00
1.849985627346147567e+03 8.156771135990695711e+02 1.493199427337373431e+00
1.957058667064815381e+03 8.522258544043999109e+02 3.133542665111379133e+00
2.060715616114579007e+03 8.838452794640545562e+02 1.790263855646041513e+00
1.872958573245798107e+03 8.879062330710628430e+02 2.896424334463683969e+00
1.957589177155607103e+03 9.106236935065276157e+02 2.384044881393438065e+00
2.035424940226400849e+03 9.671775200801125720e+02 1.823125098759307505e+00
1.847117731617083564e+03 9.770286868707257781e+02 1.486080337439886545e+00
1.912615153839217783e+03 1.002829144472480266e+03 1.569412694868783209e+00
1.986271607756503727e+03 1.012370867287209194e+03 2.398129275322650411e+00
2.017382054526354295e+03 7.288118143563889362e+02 2.417873125890838804e+00
2.112466401232394674e+03 7.490121409084259767e+02 2.363997094988546266e+00
2.190511868458045683e+03 7.500647786081427739e+02 2.522581703657453378e+00
2.175106404403012220e+03 8.543644069934716754e+02 1.556794788363349502e+00
2.059918451469201045e+03 8.828477822579366148e+02 1.806693111905521176e+00
2.034155653901065307e+03 9.692337996659050532e+02 1.873953299941148121e+00
2.169429294017067605e+03 9.839709988249112484e+02 2.226852884572093849e+00
8.470447637280702224e+01 8.988159038843123199e+02 1.392849796349163727e+00
2.223851601154637478e+02 1.019128319217151329e+03 1.052509940521257903e+00
5.144062462235816611e+02 1.018254775397209869e+03 1.636055671016865665e+00
3.933011345744466780e+02 1.139450698683814835e+03 1.202677293507547374e+00
6.352582939183278086e+02 9.700072174468250523e+02 1.929615842317924601e+00
5.784320710313578502e+02 9.905277613853620551e+02 1.918186377495768369e+00
5.134831674483222059e+02 1.019023112308699183e+03 1.541814834498147491e+00
6.988096172092721190e+02 1.051150819447009326e+03 2.046137571861801341e+00
3.931652048213275066e+02 1.131956195056706974e+03 1.014898596954237231e+00
6.522372364598356853e+02 1.134953950833524459e+03 2.222861806616285296e+00
5.428787011840104242e+02 1.133628929667420152e+03 8.129742931056445077e-01
8.332363888132330203e+02 9.050175225664081609e+02 1.067742497073855823e+00
6.339364634342521185e+02 9.706482897500000036e+02 1.878787564694567536e+00
8.579600215414686772e+02 9.638456690759378489e+02 6.480378484587565602e-01
7.272561282375777409e+02 9.640616955633727230e+02 9.782718021138576969e-02
5.772573994676963594e+02 9.906701653578702462e+02 1.885619963212438854e+00
8.472268719024084476e+02 1.031694597969022198e+03 7.685247458149647715e-01
6.962019736176363267e+02 1.050585826803357577e+03 1.948694285602792009e+00
7.728618673239028567e+02 1.105965242946971557e+03 2.313125412638050715e+00
6.508904032572338565e+02 1.135989105233823011e+03 2.165663354055017642e+00
7.569444746150725223e+02 1.155895703901019715e+03 2.999647882543835298e+00
8.316507501244525429e+02 9.044179105667415115e+02 1.182155877396458443e+00
8.573259201871345567e+02 9.622027145873628342e+02 6.025394468341738197e-01
9.521445953596571599e+02 9.684166325001535824e+02 8.692065405831931324e-01
7.241285381788501354e+02 9.636438639017692367e+02 8.110539679049871831e-03
9.993487861216631245e+02 1.010404658519472378e+03 1.130298861745302474e+00
8.450788108850684921e+02 1.032017774061266664e+03 7.963848289293143923e-01
7.713224169149401632e+02 1.105548948387013752e+03 2.306333276007297428e+00
9.871163474861775740e+02 1.120723591654923212e+03 2.493909150663649488e+00
8.760406031209345201e+02 1.142196415551241444e+03 1.703027333493136286e+00
7.520842996007282864e+02 1.154432022343908784e+03 2.847120454540513990e+00
1.171794770913118782e+03 9.271592475508905409e+02 1.303694583278541153e+00
9.502847467812953255e+02 9.689822401782325869e+02 9.242997814743351137e-01
1.100217639615985490e+03 9.923916834159867904e+02 2.946680001986534680e+00
9.970698402411214829e+02 1.011208026350393766e+03 1.176143399950902557e+00
1.056524902955711468e+03 1.049293299729224373e+03 3.633603957997924572e-01
1.144237210945577772e+03 1.085230033458076150e+03 2.425047688290432948e-02
1.029134257547335437e+03 1.105096990862135272e+03 2.671090931488825149e+00
9.810099704731051133e+02 1.121610094646521702e+03 2.254561640805706535e+00
8.729331283519154567e+02 1.140804768960810634e+03 1.736636830407093157e+00
1.160678798915180323e+03 1.159746816514539887e+03 2.272118302724153160e+00
1.171728378691953139e+03 9.235020097983992855e+02 1.265813729230940377e+00
1.335858916969171787e+03 9.234744845697794062e+02 1.465664910600821269e+00
1.252030020118732864e+03 9.258255182426048577e+02 6.582963067281103475e-01
1.098788874971733549e+03 9.912545095241775925e+02 2.947883881058196653e+00
1.055905068482047682e+03 1.048139024006765339e+03 3.422865982296177667e-01
1.141892407078869155e+03 1.083878290054645049e+03 2.761826382939648258e-02
1.031287224142932473e+03 1.106422963094278202e+03 2.689427969240649308e+00
1.236111275219431491e+03 1.134683120079566379e+03 1.497786142288074940e+00
1.164232256235720797e+03 1.166154458560120247e+03 2.314096080795113419e+00
1.413851641010648564e+03 8.949993091547455606e+02 2.532651072982627038e+00
1.335484083788708404e+03 9.203049496973183068e+02 1.379813265703981884e+00
1.250071007504787758e+03 9.261725958988211005e+02 5.883036587379174565e-01
1.446138029972603817e+03 1.033570169394094592e+03 1.198001507671484722e+00
1.496162442927859502e+03 1.076660889006882371e+03 1.746737092398492619e+00
1.343806859446002363e+03 1.110258680438282909e+03 4.425979510987442800e-01
1.235465617136284436e+03 1.134009805368945763e+03 1.508469756161684217e+00
1.429188200984908235e+03 1.158410703967230347e+03 1.034285865227621670e+00
1.563780779344158873e+03 8.785284237539340211e+02 7.041900515412912176e-01
1.411349650712104449e+03 8.944378051753367345e+02 2.535196205520036994e+00
1.647292489720539834e+03 8.718230377151817265e+02 1.476452992090937277e+00
1.514381429813225168e+03 9.506826270525366454e+02 2.576850006537335869e+00
1.625112638620761572e+03 9.744380934102978244e+02 1.057328656030422254e+00
1.444838159136132617e+03 1.035091264090039203e+03 1.192562577588090811e+00
1.538054056253265344e+03 1.028593623276990456e+03 2.684234125871292509e+00
1.493162943629969504e+03 1.079296595047155051e+03 1.773735179047088995e+00
1.567940135186036969e+03 1.105360454364431916e+03 7.244897435540776920e-01
1.622864347292249704e+03 1.121331872542992642e+03 1.488493314852026961e+00
1.426367177709398447e+03 1.159329259078182531e+03 1.016261800182860497e+00
1.559180562481460129e+03 8.768960012171271501e+02 7.155161329087148525e-01
1.768165925260175982e+03 8.978189001429691416e+02 9.331157403702083908e-01
1.802631086867991371e+03 9.484148881712094408e+02 1.187967061850181416e+00
1.700812137240787479e+03 9.656436588176215992e+02 2.081668713345195876e+00
1.513152121550546781e+03 9.541790776378163628e+02 2.628882374618083606e+00
1.622305436276842102e+03 9.759340525613865793e+02 1.006971152472517561e+00
1.536731791548385900e+03 1.030730329204164264e+03 2.758931055771207674e+00
1.679908015338033920e+03 1.049221631806345385e+03 2.092725165553053657e+00
1.777115193927400924e+03 1.050384058239005753e+03 1.167206351008551746e+00
1.566658305425858316e+03 1.106165763252809484e+03 6.591449197256679104e-01
1.619662760760782021e+03 1.121965908438763108e+03 1.470094868846081759e+00
1.671391467913839278e+03 1.176340246085410172e+03 1.614728006473728161e+00
1.873058694851929204e+03 8.840399444611559829e+02 2.763255097285489459e+00
1.766165386569473640e+03 8.962345810529079699e+02 9.420906603337190210e-01
1.801350804726872866e+03 9.465297139337762928e+02 1.124154349890702509e+00
1.960817079604614264e+03 9.101288370972599751e+02 2.393304584823762848e+00
1.698851121441874511e+03 9.646530177434417510e+02 2.067051968024848918e+00
1.853095381090474802e+03 9.822342260659338535e+02 1.620638090749974891e+00
1.915237603502396269e+03 1.001420937463911059e+03 1.607656732446195669e+00
1.775797500076589131e+03 1.050586459054494753e+03 1.076636302267242273e+00
1.675973075482443619e+03 1.048292213698643991e+03 2.150120728887471078e+00
1.949272080788989115e+03 1.093888533452867250e+03 1.653790126304292896e+00
1.667852149273768191e+03 1.167195745640140785e+03 1.479343760824311405e+00
2.061530220999445191e+03 8.839794354931125326e+02 1.897492192281062362e+00
1.877105421443883188e+03 8.899967107911436415e+02 3.005237601869641839e+00
1.959161576329497620e+03 9.125763842448400283e+02 2.490759807523447389e+00
2.036685059401803301e+03 9.674560675971065393e+02 1.918096504117069445e+00
1.852112229878995549e+03 9.807731419988404014e+02 1.575267733338624465e+00
1.914412954397850626e+03 1.001476045721686887e+03 1.554716040007793065e+00
1.985408338621575695e+03 1.009779878526932862e+03 2.476746345715878928e+00
1.948493934779429765e+03 1.092378326949765096e+03 1.589031195296567445e+00
2.060014748773673546e+03 8.832832792084043376e+02 1.884591421642861864e+00
2.035716373056683096e+03 9.675561268353176274e+02 1.946672788832116696e+00
2.169871831650238619e+03 9.850977205692281586e+02 2.245151437976746323e+00
5.131650056681423848e+02 1.026485528555032488e+03 1.584760055124162959e+00
4.028729787667853088e+02 1.161111744799409507e+03 1.046054722793352321e+00
5.253719080154262429e+02 1.255863070365165868e+03 1.927264316046529924e+00
4.476160810026776744e+02 1.269169118311967850e+03 1.151795452204796621e+00
7.008019241793505216e+02 1.052587178588364850e+03 2.143357706659161366e+00
4.036302184926747714e+02 1.163228249641208095e+03 4.360963680966420397e-01
6.527769841575502596e+02 1.135236276012302142e+03 2.203543415219592738e+00
5.442071391717615825e+02 1.132439539525854798e+03 8.093910056558385469e-01
5.941019749114266233e+02 1.207408391091388921e+03 2.889453232694676021e+00
5.240525216583706651e+02 1.254868139653119442e+03 1.809126831085332787e+00
4.476974118497221298e+02 1.269861229834858477e+03 1.083421965068416037e+00
6.392758955740176816e+02 1.305202401915029668e+03 1.956332419024068958e+00
5.768752235022346895e+02 1.310463977432620140e+03 1.533215204338475912e+00
6.997869044149747424e+02 1.329953831204091330e+03 2.587267229010323799e+00
6.962147637806817784e+02 1.047795972726510854e+03 1.948131329453240967e+00
8.436702527784204904e+02 1.033141307567889271e+03 7.582885896740811926e-01
7.727179827787201702e+02 1.105418666926060268e+03 2.306483557414942265e+00
6.509466233476529169e+02 1.134364949846460831e+03 2.167025119808575706e+00
7.570877843905136615e+02 1.152751698224002212e+03 3.122272019031024914e+00
5.928417791907469336e+02 1.207108304440251231e+03 2.934094322508930652e+00
7.376685308123201139e+02 1.219620307814043144e+03 2.428314686152035939e+00
8.209204286638505437e+02 1.231997866298682766e+03 1.290007672396936922e+00
6.370957415696138924e+02 1.305315909422004324e+03 1.837914932685764668e+00
5.754286857968597815e+02 1.306226213389342092e+03 1.247717896360931222e+00
7.004758133461172065e+02 1.337079026843030988e+03 1.938601916044610851e+00
8.237163678254783008e+02 1.340630441107811976e+03 2.448878753893546811e+00
8.445966216385343159e+02 1.029796737095759681e+03 8.591394189735380715e-01
7.709122291375180112e+02 1.107179463273543661e+03 2.225276024089174687e+00
9.844516997260384414e+02 1.118524517311564068e+03 2.240500190894347821e+00
8.756842394567411247e+02 1.141666439783861051e+03 1.635533775803588608e+00
7.533732541712488455e+02 1.153412830771830613e+03 2.999190858260234904e+00
9.228445635636790030e+02 1.204754046154858997e+03 7.365263351746508258e-01
7.352563878778048547e+02 1.219293725931966947e+03 2.379424297787714249e+00
8.191375985817765013e+02 1.232651578237550211e+03 1.357216096519746840e+00
9.515113944364934468e+02 1.251307397458883088e+03 4.338643227666141300e-01
8.715648703416468379e+02 1.315462499851832490e+03 2.467315189239716489e+00
9.972002227066154774e+02 1.319583891188961388e+03 3.122230979060219180e+00
1.054443456515024536e+03 1.048945562848391546e+03 3.935883939699175715e-01
1.145151547994276598e+03 1.083216295972945773e+03 7.979180512112774015e-02
1.027458526934859947e+03 1.101686816761479349e+03 2.630386373250601650e+00
9.830442824195167759e+02 1.117046448337411221e+03 2.110580908592712746e+00
8.722047987528999329e+02 1.140253916540829323e+03 1.696887637243046809e+00
1.164675122687768180e+03 1.164168463514010909e+03 2.272095307901642602e+00
1.043606118828705348e+03 1.189560529138529546e+03 4.813491604683280412e-01
9.222639510044541566e+02 1.204968810576083115e+03 8.168082188311774905e-01
1.165963134083634259e+03 1.227256661471340067e+03 2.629983630479138856e+00
9.495639717423684942e+02 1.250625045414479473e+03 4.486193024659760331e-01
1.066836502247815361e+03 1.261299119401266353e+03 1.387476272592460536e-01
1.125669202085642837e+03 1.296269740515187323e+03 6.032364359432140777e-01
8.693367649024544335e+02 1.319961049478885798e+03 2.327117557287047500e+00
1.006103545156667906e+03 1.314841005246546501e+03 2.748755743451532396e+00
1.060904608729051461e+03 1.042614487469439382e+03 4.499751239365453181e-01
1.141945613061911217e+03 1.084043888792785538e+03 7.304406896987045150e-02
1.030754192016398520e+03 1.105525073632515159e+03 2.689907832532647092e+00
1.236274367096109472e+03 1.134106973195056980e+03 1.492183824435363793e+00
1.164574380610676826e+03 1.166573395469614979e+03 2.334289009283357252e+00
1.271786248129943715e+03 1.185922784582468466e+03 8.449737730903169597e-01
1.043793562720343061e+03 1.189215746418475419e+03 4.653642400500714316e-01
1.330139634304548508e+03 1.216030943606896699e+03 8.104914597541343912e-01
1.162923607729047035e+03 1.228109108875341235e+03 2.591579359434043273e+00
1.066953956683105389e+03 1.262087437486243743e+03 1.235424269327311947e-01
1.244714357159822839e+03 1.293576440329100251e+03 1.816760753381107651e+00
1.123498032565506037e+03 1.296638596627466541e+03 3.623656026044194123e-01
1.446216430543359138e+03 1.034666579884928979e+03 1.163101055695978214e+00
1.495244319725019295e+03 1.080309815112864499e+03 1.889569684968532837e+00
1.343581926858620818e+03 1.109835540072166395e+03 4.238742406629316117e-01
1.235181020077689709e+03 1.134742487932188169e+03 1.536299261854396470e+00
1.427597805723504962e+03 1.157349372169669550e+03 1.000744441166707910e+00
1.267845654426845158e+03 1.185861403156050301e+03 7.215017528798758351e-01
1.478062836349102554e+03 1.198032583679829486e+03 1.182876314102041526e+00
1.324668623452412021e+03 1.216075832246957816e+03 7.992975602737633078e-01
1.355946687633849024e+03 1.259389803922741976e+03 9.520940371728132678e-01
1.411319485973088149e+03 1.284528769445885700e+03 1.714511512148781058e+00
1.242559231659454554e+03 1.295019148357076801e+03 1.875021716443627140e+00
1.478644919243072309e+03 1.306088583135420777e+03 1.168041940521675315e+00
1.445314066501719708e+03 1.031370675076136649e+03 1.197948075496557907e+00
1.539134474472726879e+03 1.028034496138355962e+03 2.722190591200984944e+00
1.492690716854435550e+03 1.077644474704835602e+03 1.834707635112468704e+00
1.570309852470044461e+03 1.103584110816820385e+03 6.262849972946953336e-01
1.621788984459165022e+03 1.118814729953542155e+03 1.564107688429544174e+00
1.426326978997907645e+03 1.157731603856942456e+03 9.891301849747962116e-01
1.476642576130951056e+03 1.198032383913810236e+03 1.184499084259527324e+00
1.615013518635514629e+03 1.244355201065509618e+03 2.040030526054008142e+00
1.566581608874287667e+03 1.242868736037567032e+03 1.446279282446103487e+00
1.352219770249047997e+03 1.258154406237142666e+03 8.146076524973870914e-01
1.409333420711234112e+03 1.285724337044164258e+03 1.736387181672042423e+00
1.475587633624053979e+03 1.306034725087959714e+03 1.138303396310129001e+00
1.540246389943610666e+03 1.031664476264328187e+03 2.877037069150230053e+00
1.680537819251727342e+03 1.046839194703049088e+03 2.111046318644866027e+00
1.778474997640793845e+03 1.049640767514595609e+03 1.137918092812103099e+00
1.567314595493895467e+03 1.105139610249256066e+03 6.803272047797506161e-01
1.621326432399881014e+03 1.119826609061630506e+03 1.391385652463045908e+00
1.672614693699824784e+03 1.173150899445687855e+03 1.568756692470824721e+00
1.617471421009848655e+03 1.243940449496188648e+03 1.916631136156020210e+00
1.564292743630370296e+03 1.243772857731566546e+03 1.406688676568710550e+00
1.680222002456359860e+03 1.055888572622075117e+03 2.214112149708668209e+00
1.777258559866573023e+03 1.051016222144377252e+03 1.134960771525431955e+00
1.950019099187985375e+03 1.093307004597929108e+03 1.707718712603266020e+00
1.669718193577170723e+03 1.174890540115136218e+03 1.636879523371193468e+00
1.947773190162111860e+03 1.091506443249800213e+03 1.633861100752949103e+00
2.086553961864303801e+03 1.231175976845471951e+03 2.329529639026187038e+00
2.085451968556554220e+03 1.230239841307302413e+03 2.301553398675072248e+00
3.757826222996161505e+02 1.453367564217657218e+03 6.472589870000536871e-01
5.261187822759652590e+02 1.257528180507354591e+03 1.818790979286118326e+00
4.477241164952622512e+02 1.269118112402515635e+03 1.143777429136203949e+00
5.043450359423331975e+02 1.353971218862511478e+03 2.044692696562922407e+00
4.570952545038837798e+02 1.390871993548895261e+03 2.360864029247546902e+00
3.827260252658327317e+02 1.452719909887927315e+03 3.334077640176084101e-01
5.196764103049058576e+02 1.490747553172122025e+03 2.644220796577770205e+00
5.937260795471850088e+02 1.204902409287801675e+03 2.956764012562991706e+00
5.234234772142164047e+02 1.252880266889074619e+03 1.783718877944775238e+00
4.476170286142190662e+02 1.267765186063732244e+03 1.073122561231032668e+00
6.388415726872869982e+02 1.303327804868338944e+03 1.868738336587613791e+00
5.763501173139607090e+02 1.308382654033018753e+03 1.477484538370905653e+00
5.021157914040236392e+02 1.352365096572699485e+03 1.989908839950140340e+00
4.577635041970479506e+02 1.388232433887553952e+03 2.419720288629056970e+00
6.113999525601523146e+02 1.418469460690925644e+03 1.817070554684726558e+00
6.658311481416203605e+02 1.441869045286205619e+03 1.210481095236783045e+00
5.726924723872044751e+02 1.459428085028400119e+03 2.527660126384525530e+00
5.258371274934150961e+02 1.490629029053606018e+03 2.839879729708295830e+00
5.926787004778167329e+02 1.206731362655525572e+03 2.962901951017999913e+00
7.374129620883351208e+02 1.218173209414897656e+03 2.427105270563496120e+00
8.211464928260210172e+02 1.229909026313735694e+03 1.270125172249572332e+00
6.374272392578677682e+02 1.305007303048035965e+03 1.805076668666615314e+00
5.747461652474362381e+02 1.308527419702466887e+03 1.437516434213102823e+00
7.012797065955749076e+02 1.336825706933633910e+03 1.918221432482832833e+00
8.238637141762085321e+02 1.342167569049527174e+03 2.443560659881292896e+00
7.761072117770569321e+02 1.402803600766620093e+03 2.047874274450787624e+00
6.104773480603632834e+02 1.420049393065806726e+03 1.783115203575479590e+00
6.619291468255387372e+02 1.443600751851682162e+03 1.174540982900192487e+00
8.516195347908463873e+02 1.425054463916106897e+03 2.315231196278443093e+00
7.654482755583665039e+02 1.450657830807338087e+03 3.103176058843672092e+00
5.686988472314677665e+02 1.459376998662382221e+03 2.590878491423541874e+00
9.207905998811290829e+02 1.203243937757581534e+03 7.403317849716261057e-01
7.364094965818592300e+02 1.222334927403174106e+03 2.440956556993665316e+00
8.195355195744407411e+02 1.230788333292438892e+03 1.339348936073673890e+00
9.507470814603711915e+02 1.249133173928342785e+03 4.363580007694616847e-01
8.715197325919309606e+02 1.314163758732178621e+03 2.481486271144997868e+00
1.009605993436590779e+03 1.314316390238645909e+03 2.872928269768677101e+00
8.220884697708595468e+02 1.342189154815918073e+03 2.387273475331218364e+00
9.630262422418304595e+02 1.363023561407598891e+03 1.767691006020122524e+00
7.739393270930455628e+02 1.402503218923042596e+03 2.027591304374134928e+00
9.255085380023483594e+02 1.407941785877149869e+03 2.704002522942986264e+00
8.533074165513692151e+02 1.433374517105612995e+03 2.390372340770250403e+00
7.607278717235481054e+02 1.450577450351988318e+03 2.042174835110817099e-01
1.044485550878022650e+03 1.186166923726065761e+03 5.031557955447574226e-01
9.182168086534725262e+02 1.201619743089297572e+03 9.093515681874501100e-01
1.164217896234540149e+03 1.225824942957593521e+03 2.555651913987760260e+00
9.488465589613620068e+02 1.248769817435473215e+03 4.268142080445594955e-01
1.067365405411593201e+03 1.259511349380910133e+03 1.421474157487032652e-01
1.125471718746866372e+03 1.294380221041036975e+03 4.304648822962809374e-01
1.006382802658743458e+03 1.313122700912373148e+03 2.785088019994546471e+00
8.695929165890456716e+02 1.314127047275559789e+03 2.451189655669681500e+00
9.630971034538881668e+02 1.356900203479543052e+03 1.880978807837640154e+00
1.174596464946693686e+03 1.366162601145958888e+03 1.091257855152992118e+00
1.091896825542873785e+03 1.399472945825004444e+03 1.457828617224347312e+00
9.208319979652130769e+02 1.407119279152391528e+03 2.566643796060998461e+00
1.165989954283003271e+03 1.482494063703961501e+03 1.405570344672112393e+00
1.026287299370188748e+03 1.497095647456420920e+03 1.734045858915173488e+00
1.036644336724620189e+03 1.406498597537097794e+03 2.259442115637484427e+00
1.099720323412763037e+03 1.488659139484846037e+03 1.288852374642279752e+00
1.327504586729008452e+03 1.213408708021402845e+03 7.134331451425141024e-01
1.162587894365593911e+03 1.227746095995049927e+03 2.623869855067828993e+00
1.065355812645471815e+03 1.260320268172022224e+03 9.039699502083230198e-02
1.244322516463534839e+03 1.292460246832303710e+03 1.850638163304588302e+00
1.123516746739375549e+03 1.295475131026717690e+03 3.560518558610159534e-01
1.172266833154727237e+03 1.366066031543924510e+03 1.036652590781073524e+00
1.089723916336445882e+03 1.404020079637148683e+03 1.462805102890523568e+00
1.028946260832421103e+03 1.406976452010734192e+03 2.210254273218823506e+00
1.280830722658448849e+03 1.448979644703327267e+03 1.745080906929433739e+00
1.165383958351860201e+03 1.488869230664938641e+03 1.566594856946326386e+00
1.236922799910589447e+03 1.475518634653124536e+03 1.438473254737165696e+00
1.101672759905168277e+03 1.485285781288359431e+03 1.454490613904159790e+00
1.477189655860812309e+03 1.198998826370257348e+03 1.061463696760537534e+00
1.324275161146077380e+03 1.213180843051016609e+03 7.642079506603010053e-01
1.356343995547450277e+03 1.257540178899923831e+03 8.898806591989393278e-01
1.411734436248717429e+03 1.283262113461287754e+03 1.643426728795921221e+00
1.243460965469631219e+03 1.292403473222580033e+03 1.858339354404185739e+00
1.477449366273013538e+03 1.302865361156709696e+03 1.081999010311319509e+00
1.405045991139353646e+03 1.439406962847328032e+03 2.233932367030909028e+00
1.266055024912913268e+03 1.457515467435046503e+03 1.693748355587480825e+00
1.328349821833192209e+03 1.488128876725855207e+03 1.096301580254201324e+00
1.476824202638409588e+03 1.196367911337011492e+03 1.110319106580679893e+00
1.618389488621023020e+03 1.243256504503170618e+03 1.953691337975472342e+00
1.565492824445902443e+03 1.241518196401209252e+03 1.381930552714228710e+00
1.352216609126105368e+03 1.257515411244304005e+03 9.474277272718560905e-01
1.410159764188649660e+03 1.283224021656156538e+03 1.660816713518325161e+00
1.475759390585197707e+03 1.304453199494426144e+03 1.069336957679155375e+00
1.545971944146847818e+03 1.361954661304925594e+03 1.054026037042588015e+00
1.402863038685013407e+03 1.439140260522434801e+03 2.261139246385161616e+00
1.570062917322195517e+03 1.469013429970707648e+03 2.195679024417803937e+00
1.516353055462062684e+03 1.484177290675194854e+03 1.717143638460554955e+00
1.617901707274370438e+03 1.241947950151631176e+03 1.899517542477612064e+00
1.564837773380178533e+03 1.241202672761389522e+03 1.396210880892280182e+00
1.545953010382556386e+03 1.361891144110471942e+03 1.093145730896691870e+00
1.567600545797374934e+03 1.470661458275985296e+03 2.113975782135036674e+00
1.514349671353537360e+03 1.481676032922150171e+03 1.904255447853558048e+00
2.086253495361373552e+03 1.228180832639173559e+03 2.325484735070725506e+00
2.084963858619421899e+03 1.228082579964224351e+03 1.540095141617017660e+00
3.800569315767788794e+02 1.452316543728968099e+03 5.024183631176204479e-01
5.048523268691462818e+02 1.354721361237326846e+03 2.130744193106314910e+00
4.569899458246183030e+02 1.389783179729932499e+03 2.328862777981152821e+00
3.825720918388593645e+02 1.451871680960701951e+03 4.135802816035887841e-01
5.264522941218376673e+02 1.489722630025519493e+03 2.764273417745482408e+00
5.036256541619744667e+02 1.354097275272389879e+03 2.008444961609924917e+00
4.569098823034673842e+02 1.389906608436078386e+03 2.316289222042933638e+00
6.109541661252470703e+02 1.417663090168942517e+03 1.768452785019726692e+00
6.663520663440269800e+02 1.442884670646789800e+03 1.306599941507575968e+00
5.715950617149590016e+02 1.459165493696812518e+03 2.358822088783184778e+00
5.245391178191794097e+02 1.489323370950254684e+03 2.700402368514446483e+00
6.407081375340241038e+02 1.546551217851113961e+03 2.714417052056761551e-02
7.747141385096390422e+02 1.401146530372656343e+03 2.004830422890787833e+00
6.093748400994547865e+02 1.417914476071405261e+03 1.799229273342372037e+00
6.628077853555993215e+02 1.442407289980294308e+03 1.270122791194072676e+00
7.629206989782733217e+02 1.450024880039036589e+03 2.934119228723253148e+00
8.528421811764851554e+02 1.425901222149871501e+03 2.229173136158772550e+00
5.682144775273968662e+02 1.456648689803565048e+03 2.398595259148486036e+00
7.190337828995293421e+02 1.518528124821639722e+03 3.023277038298154640e+00
8.394374694921955324e+02 1.548806004714987012e+03 2.552310788892477422e+00
6.388915930992573067e+02 1.545514336885758894e+03 8.213413888538888263e-02
7.782703220459779914e+02 1.601646874620863173e+03 2.896359046013113225e+00
7.769946404024382218e+02 1.656061541001630985e+03 3.944862461578771407e-01
7.728417372867684207e+02 1.402635908293177863e+03 1.968600196743445663e+00
9.257574214324843069e+02 1.405775997291575095e+03 2.635088808331449428e+00
8.525993512162771140e+02 1.431023284417921332e+03 2.317836808644851754e+00
7.618064711584805764e+02 1.447886342162191568e+03 3.104697785785165198e+00
8.749625175150301857e+02 1.512219527187068934e+03 2.790002770894466799e+00
7.167045376472727867e+02 1.519452481940877078e+03 3.056525276776489886e+00
9.906872454690367249e+02 1.529097156595749084e+03 2.560162931782152818e+00
8.355816388073477583e+02 1.548936998119917007e+03 2.551616279369606666e+00
9.860296141954827362e+02 1.590572227843681276e+03 4.346058580298477469e-01
7.749495193381228546e+02 1.602042638485412681e+03 2.907496037236989128e+00
8.826553253830165886e+02 1.646586856002393233e+03 2.323602832133286000e+00
9.385550152415119101e+02 1.660800469931394446e+03 8.117681676203032382e-01
7.748493764632709144e+02 1.655926569778943303e+03 1.106310421965683438e-01
1.171051676798036624e+03 1.366426777062742076e+03 1.075285245553976310e+00
1.091723149698452062e+03 1.398387393105818319e+03 1.437648142000639062e+00
9.595147679499466449e+02 1.379611589003745848e+03 8.964312611463798319e-01
1.036715930138246222e+03 1.405602179800428303e+03 2.253841106780929859e+00
9.249625940103255743e+02 1.404828217052722266e+03 2.655397942461957594e+00
1.168075781846467180e+03 1.484974859416890240e+03 1.507241030180959340e+00
1.036152771202601116e+03 1.501518376115603132e+03 1.954980178879501374e+00
1.103950826146910458e+03 1.485829155078592976e+03 1.240426381102855968e+00
8.715085929432241301e+02 1.511478088119900349e+03 2.779159395262291721e+00
9.907095409110438595e+02 1.530865416466996976e+03 2.564059486836792523e+00
1.123371840421895740e+03 1.580015381558380341e+03 3.508765415378587993e-01
9.877998705050511035e+02 1.589755247536495517e+03 3.400393344685473385e-01
1.159560540130210256e+03 1.623244832086475981e+03 5.363491579678781873e-01
1.050677137978703286e+03 1.644923777655103322e+03 7.700240969298220994e-01
1.173258694204690983e+03 1.363487058254767362e+03 1.070566598191643681e+00
1.090047732366583205e+03 1.397166634525581003e+03 1.563004229730078354e+00
1.282807004486252026e+03 1.449155734868818399e+03 1.815069007855634409e+00
1.234749352496828578e+03 1.474700392568891175e+03 1.430142344199213156e+00
1.165458804899930556e+03 1.485654160281461827e+03 1.570844572214154411e+00
1.329201585145666513e+03 1.487787544661056927e+03 1.130751846324634435e+00
1.102987699844903545e+03 1.485704798591155622e+03 1.353627952266429402e+00
1.032559711478832696e+03 1.502696235498024180e+03 2.129291538451620447e+00
1.123697016879399825e+03 1.580237848411592040e+03 2.787071501414745134e-01
1.263625306204684648e+03 1.577016653503743328e+03 1.965866877400533896e-01
1.281126428074952628e+03 1.623956554773908465e+03 1.082804594719027014e+00
1.164900535033330470e+03 1.626222948338096558e+03 3.451862990929794317e-01
1.047410956031824981e+03 1.646443405842884658e+03 6.450351499100623887e-01
1.040139731605975385e+03 1.411331166355466394e+03 2.582146585020701490e+00
1.404482707975502990e+03 1.437052021438813199e+03 2.207164208973299235e+00
1.278994725174310361e+03 1.448379453888812350e+03 1.709385432682407169e+00
1.232424464632779291e+03 1.476855649444731625e+03 1.452291430336178024e+00
1.328799263705865997e+03 1.486329779814959011e+03 1.113119901276656165e+00
1.260942841213195152e+03 1.574691772834927860e+03 2.612964815315325651e-01
1.347477366718624353e+03 1.623608860738481326e+03 1.856441150361608949e+00
1.278676699020778642e+03 1.623559611637842636e+03 9.894843026559178023e-01
1.546947205509749210e+03 1.360078493742576711e+03 1.068761717766678609e+00
1.404228481625110135e+03 1.437549563771930480e+03 2.232581614342916243e+00
1.570928042306294628e+03 1.467748717816511771e+03 2.106197245534747076e+00
1.516441050461261511e+03 1.480650434837413968e+03 1.636770885605688397e+00
1.545216203926410117e+03 1.361149594455089982e+03 1.129151512644142707e+00
1.569226443377045598e+03 1.467322293255405384e+03 2.090975418497059479e+00
1.513901075381606688e+03 1.481208037986584714e+03 1.682240222704031618e+00
6.378467748872724314e+02 1.546746073354184318e+03 1.062807896641628780e-01
7.214319404051068432e+02 1.519012964832986427e+03 2.933662685740797471e+00
8.383195779722717589e+02 1.547712640236064999e+03 2.466691853133343493e+00
6.387507212078515977e+02 1.546101323205794642e+03 7.379020057005294952e-02
7.783524649118464822e+02 1.602592696888452792e+03 2.858163317431886785e+00
7.796535559867890015e+02 1.657365095044427107e+03 1.657195429007017329e-01
8.789624420155541884e+02 1.511881316617211496e+03 2.667179006299685629e+00
9.899810214225149139e+02 1.526573485510066121e+03 2.555167199572869752e+00
7.236846316508456312e+02 1.519006587731425270e+03 2.976613474055663122e+00
8.352959151453417235e+02 1.547908381354722451e+03 2.456094574322029267e+00
9.874341823737056529e+02 1.591089741862491792e+03 3.627662861483976209e-01
7.772309315762412325e+02 1.602280087676194853e+03 2.889591318472746195e+00
8.831792049091895933e+02 1.644935998233931514e+03 2.280726073686354827e+00
9.532728696294484507e+02 1.662780564543696073e+03 2.289476484174516102e+00
7.780636987508894435e+02 1.655810423522162409e+03 2.009896791216182199e-01
9.484725881571241644e+02 1.748794339948966126e+03 1.186149290773134551e-01
9.282769784108431850e+02 1.807254089461838021e+03 2.656125932039272275e+00
1.122471002923454989e+03 1.577969767915695911e+03 3.554086457916253994e-01
9.863439408422423185e+02 1.588752340792484802e+03 3.165079363312587324e-01
1.162912450418918297e+03 1.618768875023696182e+03 4.636064355443747509e-01
1.051133430133068941e+03 1.642594897996428244e+03 7.351621229197432550e-01
8.829066781261196866e+02 1.645505296176340153e+03 2.423058229142987852e+00
9.495629503658617523e+02 1.660716496021200328e+03 2.367787104665699527e+00
1.073803295148630241e+03 1.706707226691356254e+03 9.021223043221274773e-01
1.170896761724902944e+03 1.682843587601341596e+03 9.409424869578035810e-01
9.464942732550680375e+02 1.750212758389892088e+03 3.075219630249971872e-02
1.026312676515011617e+03 1.785370706642147070e+03 7.872622372701413296e-01
1.122784122412962233e+03 1.795709807296687586e+03 2.201367918782120459e+00
9.897333606145352860e+02 1.526774726238337962e+03 2.494685030040007856e+00
9.257595474756963085e+02 1.808545998897591289e+03 2.598483014267352953e+00
1.062551662665318418e+03 1.507310809345844291e+03 2.938318816115934151e+00
1.263566424415083475e+03 1.575562743791336970e+03 1.870099142549476179e-01
1.123531333893004557e+03 1.578593960196752960e+03 2.719498644300353263e-01
1.280098962053015612e+03 1.620054796941939003e+03 1.113126403924744823e+00
1.163978785120561042e+03 1.624269601787435931e+03 3.394292229292337204e-01
1.050261272974451003e+03 1.642985912230352369e+03 6.442633179232846175e-01
1.170134662759910270e+03 1.682278219408006862e+03 9.106121601565068113e-01
1.072945391344577047e+03 1.706390634848782156e+03 8.225298408869280431e-01
1.199209947699213217e+03 1.754941405017693796e+03 1.220837526317406940e+00
1.122353604950865474e+03 1.799674270187815637e+03 2.265051963017891357e+00
1.227745429975565457e+03 1.802361010599746351e+03 9.093832899329453712e-01
1.262338023901754468e+03 1.573607638671951236e+03 2.503971183205074835e-01
1.348191851773760391e+03 1.622670912154035477e+03 1.857964963482905407e+00
1.280708238060637996e+03 1.620981622071884658e+03 1.039598345941703528e+00
1.198258727063212291e+03 1.751932469053954719e+03 1.064726621811626694e+00
1.235305155469747433e+03 1.797373828529947332e+03 8.743405852612254892e-01
1.584071893166739528e+03 1.703493377675917372e+03 2.129692190018099840e+00
1.528866927690925650e+03 1.725908743983590739e+03 1.589477877648902693e+00
1.582386519981237143e+03 1.702667830805490667e+03 2.122647802044126841e+00
1.527361646499551625e+03 1.725322164332099419e+03 1.663679046204202594e+00
9.485290179301175613e+02 1.748058351779395934e+03 5.003824077479979843e-02
9.281371434952122854e+02 1.810604126707853538e+03 2.670453675869522314e+00
1.165327477357443740e+03 1.689713686310517005e+03 9.114609610758939162e-01
1.074235590732104356e+03 1.705801625820500249e+03 9.321547634689614226e-01
9.470473345355121637e+02 1.747490489366818792e+03 5.331436773628659559e-03
1.027054990236972117e+03 1.784097070012160657e+03 8.053997229379113998e-01
1.123245153081488525e+03 1.793270491294318617e+03 2.226353755611654162e+00
9.269116259235163398e+02 1.806273392651716222e+03 2.595505153706138657e+00
1.050868645946623474e+03 1.859720472362416103e+03 1.118768507379727523e-01
1.162221280811650558e+03 1.882106572379075033e+03 1.672609551348556711e-01
1.044701641873815106e+03 1.908848232563886540e+03 2.764580595075346037e-01
1.135027852287002588e+03 1.951694584030828992e+03 3.821445025014048591e-01
9.962024007375935071e+02 1.979608019626696205e+03 4.720967196227399687e-01
1.172228169314057368e+03 1.679435074235942466e+03 9.784936441381999472e-01
1.073806503673849420e+03 1.702280812647735956e+03 9.199005375829019115e-01
1.199617890248235426e+03 1.752536939963883697e+03 1.225108503371254320e+00
1.121790725538010747e+03 1.793996047818319312e+03 2.287374900835810188e+00
1.229930886972741519e+03 1.797868361565256919e+03 9.904101452918419035e-01
1.314024810053670308e+03 1.852436399490854228e+03 2.280025281036484941e+00
1.049903442298259961e+03 1.861702363864256085e+03 1.418747206135197447e-01
1.162627690434629585e+03 1.881857522264223007e+03 1.331689537022765768e-01
1.043432605720837500e+03 1.909626613193440789e+03 1.414699753078560995e-01
1.285942953926584778e+03 1.916932574396932523e+03 3.073775918614662483e+00
1.136585269769868546e+03 1.947663345834168922e+03 3.479040239381808730e-01
1.263003053470776194e+03 1.965342704090004190e+03 6.252772472764536738e-02
1.196791187303708284e+03 1.749786427918747449e+03 1.084374103067794914e+00
1.230015905656252016e+03 1.798593853886763327e+03 9.083237067053664404e-01
1.313250499795474752e+03 1.850413737938290978e+03 2.308017582611000318e+00
1.387267566065605024e+03 1.856805844486582373e+03 1.625375841673224020e+00
1.496357199885410637e+03 1.870665319244846160e+03 9.067840091235223055e-01
1.286834248457215153e+03 1.912738165899025716e+03 3.057724468628900460e+00
1.425133895845421193e+03 1.972931384140815680e+03 8.777508396241402444e-01
1.261534491773910759e+03 1.969655887056699157e+03 3.082147887354175442e+00
1.583817263682501789e+03 1.701324476159980577e+03 2.151350778781610629e+00
1.528675885824792886e+03 1.723133419009261615e+03 1.669188278446929630e+00
1.386816839536062162e+03 1.856798140861403908e+03 1.660110925367488166e+00
1.493450754735102691e+03 1.870109265227184551e+03 8.971784239450568688e-01
1.422557825681574741e+03 1.971993839639537782e+03 7.985460608295992246e-01
1.582605834266849570e+03 1.703226071857552597e+03 2.155986140993804145e+00
1.528418726639765964e+03 1.727339347420483591e+03 1.614615170212825301e+00
9.909097151077594390e+02 1.975069375243875129e+03 4.761614249442707725e-01
1.015406904990816656e+03 2.061800826710115871e+03 6.796578276363712812e-02
1.052530101447870948e+03 1.857364817156897516e+03 8.818170781997164420e-02
1.161252147862314814e+03 1.880582633295580081e+03 1.865894130304475707e-01
1.044748215634010876e+03 1.908797935525396042e+03 2.075138722604761010e-01
1.136821004822029863e+03 1.947473352549346600e+03 3.528325102109054479e-01
9.952338982414507882e+02 1.975073627092834613e+03 4.480577282516333693e-01
1.054641429557635092e+03 2.010678065752439124e+03 1.017804509989469031e+00
1.158309242071099106e+03 2.019607398058481522e+03 1.122982532202564832e+00
1.018713317197157721e+03 2.061580540054376343e+03 3.094906046242264619e+00
1.317456477537652745e+03 1.852439125738183748e+03 2.258881916918635824e+00
1.053882986820601900e+03 1.857414524709128727e+03 1.531287051471064142e-01
1.162814287786889736e+03 1.880185958303516827e+03 1.280449676822284499e-01
1.042707605635740265e+03 1.907602488598293803e+03 1.124431094293621286e-01
1.286081219328632869e+03 1.912529273880988512e+03 3.036633965024710946e+00
1.136993304903104899e+03 1.946695660068159214e+03 3.420763236592307410e-01
1.264388308474885889e+03 1.965948491965574249e+03 1.556846014899640820e-02
1.157810557167088291e+03 2.019782901606092310e+03 1.088636570898741329e+00
1.053180770596605953e+03 2.010442210806205821e+03 2.311475706871101987e-01
1.245698531504728180e+03 2.026367179881718585e+03 7.513041217374454295e-01
1.296071317094436836e+03 2.060190972820897059e+03 1.456517838616574911e+00
1.313262778563704614e+03 1.850421544647087103e+03 2.323123190923330306e+00
1.387116655070862180e+03 1.856445118866384064e+03 1.674388246000855451e+00
1.493558110636441143e+03 1.871290108284819780e+03 9.040938648823990675e-01
1.286040857471634581e+03 1.911492787906757258e+03 3.054259207694039358e+00
1.423357303048788481e+03 1.971639197179930761e+03 8.749460344050249416e-01
1.261670021478511444e+03 1.966129627484680896e+03 2.260516712582228901e-02
1.243855636108788531e+03 2.027137343816591056e+03 6.643913819091755713e-01
1.295286213908716945e+03 2.059434006484999372e+03 1.332372211689035968e+00
1.384985037988389422e+03 1.856543186156787215e+03 1.751140212452572786e+00
1.493596289045313142e+03 1.869772582161500623e+03 9.721954632275934260e-01
1.422437401579734797e+03 1.971889945696519590e+03 8.970925791258574922e-01
1.016329869536249134e+03 2.058946542484966812e+03 2.511173689179944657e-01
1.055193215541463132e+03 2.010410014320172195e+03 2.429623305907811226e-01
1.155563953978503150e+03 2.022487280136560912e+03 1.101401752272163304e+00
1.018681102098918018e+03 2.062089430698467822e+03 4.705061854690753553e-02
1.061526086238043035e+03 2.009476639150646861e+03 1.894654386407306768e-01
1.157061629819714881e+03 2.020141579474237005e+03 1.067567594910262097e+00
1.244260142015527890e+03 2.028532852461210041e+03 6.808326941516985586e-01
1.296279824648555177e+03 2.060246690766625761e+03 1.389358176951925206e+00
1.242652373935691003e+03 2.026522450350248619e+03 7.756323180686363061e-01
1.295131616062411013e+03 2.060351078359887651e+03 1.340828420659509579e+00
