6.067973426785688389e+02 2.861068111762908757e+02 1.278436412563732638e+00
6.055908070624494712e+02 2.859593413995269202e+02 1.287191412232482346e+00
1.196121353336374341e+03 2.595125544565673295e+02 1.130154541573530125e+00
1.214318174363312210e+03 3.293540371893308247e+02 5.332813966769813785e-01
1.196200483032349894e+03 2.586269544458381802e+02 1.137846265721365269e+00
1.217681171824597413e+03 3.263410481606816234e+02 5.203354965691585621e-01
1.536413590725413314e+03 3.286156659708347547e+02 2.479693353167292946e-01
1.690513848718129566e+03 3.211703418828367376e+02 1.022876479068080879e+00
1.534715201966328777e+03 3.285802405188672992e+02 1.658139603959430108e-01
1.753575245084225344e+03 3.526859620774789619e+02 8.787474061316673524e-01
1.870658193825290709e+03 2.384246678548662430e+02 2.113793905413166918e+00
1.691220365263274971e+03 3.198773272402718817e+02 9.959069957733416301e-01
1.941031549628642551e+03 3.198999962927769616e+02 2.344511717206944346e-01
1.750889924161552699e+03 3.527135534035587625e+02 8.419714286209193377e-01
1.937453447274558130e+03 3.608627186076437283e+02 1.097619383405987331e-01
1.869972767327732299e+03 2.402151499616015258e+02 2.113826158132547484e+00
1.936980270462675435e+03 3.194852921403772825e+02 3.865762586918516375e-01
1.937589419933876798e+03 3.660085594473857782e+02 3.125625199313146751e+00
3.015670369505176609e+02 4.447888569678593740e+02 1.222231428784445795e+00
2.997232676464136603e+02 4.443782124318726119e+02 1.209671923981998409e+00
5.386331656968377501e+02 4.893237447530930240e+02 1.410729443934656491e+00
6.068452877179805682e+02 2.844544692335006175e+02 1.246295980303105511e+00
5.353737753571414260e+02 4.897916048935977642e+02 1.375816367430968912e+00
6.065606548466309960e+02 2.846255818064505547e+02 1.259176403886625550e+00
1.058165237755776843e+03 3.866282975690987769e+02 1.328664688676923111e+00
1.124087172347279193e+03 4.043086215946932498e+02 6.909624589280364271e-01
1.195330005545024505e+03 2.593489656692496510e+02 1.108151430026722783e+00
1.213191992128849051e+03 3.289792857864591724e+02 4.752524237633093951e-01
1.058124388412678627e+03 3.863547974610776237e+02 1.367561105564952362e+00
1.123230133365617576e+03 4.036721286127933581e+02 6.386228755488244646e-01
1.254025343219301703e+03 5.069572962255840594e+02 9.349325463921116519e-01
1.192332942827163151e+03 2.566267855152526636e+02 1.108407424421513854e+00
1.210382415630234846e+03 3.279974345905059181e+02 5.236269675806841661e-01
1.455423096410510652e+03 4.208043193268149480e+02 1.003508246395296899e+00
1.354975476657951049e+03 4.698267015216379150e+02 7.052019212223006317e-01
1.254124616713342220e+03 5.030559043696812296e+02 9.269569740027897575e-01
1.461812744873546762e+03 4.980131757178361340e+02 3.042716481826922337e+00
1.385572319568772627e+03 5.284575094799262160e+02 3.028705539885586884e+00
1.536474859893404982e+03 3.282740344918007622e+02 1.340453481568516514e-01
1.539772429463847175e+03 4.419256687785480153e+02 2.418610912657093159e-01
1.454202216471584052e+03 4.213966224248248409e+02 1.023600853250787868e+00
1.658175036287426110e+03 4.154493582290426730e+02 4.766798213862295797e-02
1.354246189790050948e+03 4.705793218727069416e+02 7.062953881360980457e-01
1.463362408572382265e+03 4.953963246220280325e+02 3.072006142499840387e+00
1.552447242609913246e+03 5.345924719651166015e+02 7.460248686168402532e-01
1.391146344709748973e+03 5.257896402220510481e+02 3.032873762354209912e+00
1.692034181719300250e+03 3.204586849390112206e+02 1.045251662044206720e+00
1.534844130932300459e+03 3.282141200979921223e+02 1.260516313935931554e-01
1.753357888476416065e+03 3.506570392058685002e+02 8.575013133383919683e-01
1.813309348373752755e+03 3.833968983058800859e+02 2.972722835545941744e-01
1.526656141300754143e+03 4.209038006968899026e+02 9.834148561900696306e-01
1.657186591211466293e+03 4.158001538671431945e+02 4.272420323998543656e-02
1.800934731311476980e+03 4.483092872780400739e+02 5.886715989565191043e-01
1.554752135258871476e+03 4.645940738142085138e+02 2.359769354009868050e-02
1.670444119108683708e+03 4.889371137957541578e+02 4.817920584921285831e-01
1.551639084125852605e+03 5.334067350373475165e+02 7.179145184019232184e-01
1.772323180370618502e+03 5.313403488625283444e+02 3.029568027851680334e+00
1.678452021540133728e+03 5.417651692381373323e+02 2.463192160076648651e+00
1.871401593382808414e+03 2.375451084867928557e+02 2.062823372816045442e+00
1.688754402905156212e+03 3.212530354367495420e+02 1.042152977166326711e+00
1.939240602156788100e+03 3.210914528925661671e+02 3.887922756736907348e-01
1.752065785632001052e+03 3.511600401952891275e+02 8.473044150945038266e-01
1.938901464334891443e+03 3.622430996138190267e+02 2.879379215360209798e+00
1.811176630246926607e+03 3.838996865647998220e+02 3.843375131513222520e-01
1.798873847561953426e+03 4.489247064002099705e+02 6.083130613092441186e-01
1.903803215796364839e+03 4.562806496571383832e+02 8.506583922010101106e-02
1.673732080763518525e+03 4.862607353242301542e+02 5.029684119014782295e-01
1.863778234170187034e+03 4.998389634260345247e+02 2.888564937216250517e+00
1.776052371456500168e+03 5.314012639904151456e+02 3.071036734839237781e+00
1.966765954515499743e+03 5.369268916238258953e+02 6.803218547659447557e-01
1.872267101307722442e+03 2.416484301634619669e+02 2.038278617704258444e+00
1.939445835053207247e+03 3.184133441748506925e+02 3.599585706693896325e-01
1.938699555241859798e+03 3.631852297555122959e+02 2.986078691243184924e+00
1.996895632060015942e+03 4.386580840494189033e+02 2.741953404342001299e+00
1.903935460896017048e+03 4.550460533228315398e+02 8.005482409194591975e-02
1.866465409990766375e+03 5.009584235877458696e+02 2.732451888469548340e+00
1.966904614134244184e+03 5.330028176149396586e+02 5.604456507012809396e-01
1.996992722633027370e+03 4.397913889281319371e+02 2.902049538501912274e+00
3.010716659831138600e+02 4.443999741232823908e+02 1.248486695285301318e+00
2.995114391967663323e+02 4.448448711896035093e+02 1.204814929811464985e+00
5.372850442256070664e+02 4.889929081566150444e+02 1.410526977319020325e+00
5.355626857704124859e+02 4.880537692982935596e+02 1.392397161448827081e+00
1.056063327760060929e+03 3.868426455394388768e+02 1.289205335551282250e+00
1.119917496559774918e+03 4.047019990840465198e+02 7.798199312184909138e-01
1.146314536382917368e+03 6.948706748979502663e+02 2.439072456195734429e+00
1.122191468640121002e+03 4.007912692669833632e+02 6.844771545663784762e-01
1.254760653259753781e+03 5.024883365529793764e+02 8.438615012542249882e-01
1.281383758951888694e+03 5.620030065086334616e+02 2.714162096008768121e-01
1.273132990309488832e+03 6.102587562997188115e+02 2.721584647555781444e+00
1.195621755353284243e+03 6.621650903411532454e+02 1.694075585773509030e+00
1.153038127442687028e+03 6.974115358687490698e+02 2.418049320671767699e+00
1.455736776464140576e+03 4.210726846100284320e+02 9.850193058786386180e-01
1.354533004969310696e+03 4.709828270453593859e+02 7.444653937732808036e-01
1.253371233214473250e+03 5.041331996129667914e+02 9.429724289999794618e-01
1.464827301791587161e+03 4.952703096091652242e+02 3.086810974825649811e+00
1.387945582443767762e+03 5.262579614399743377e+02 3.064711517380813266e+00
1.279074735007920481e+03 5.633991113148779277e+02 2.887242068220503555e-01
1.438057683624300353e+03 5.927086806227332545e+02 2.461136136813975861e-01
1.271622382131739187e+03 6.089344814721500825e+02 2.618712082472850255e+00
1.193351432174450565e+03 6.552553656987194017e+02 1.733019400075083816e+00
1.491802678527722719e+03 6.987893085136489617e+02 2.549246629667101249e+00
1.539816204734929443e+03 4.440071793979826680e+02 4.361661870535590152e-02
1.454974035352362989e+03 4.214417476330819454e+02 1.015412547200875926e+00
1.656130739481415958e+03 4.118565030159523985e+02 8.554930223377664456e-02
1.351116061493752795e+03 4.695771053735261376e+02 7.317284686423209950e-01
1.461281529428454860e+03 4.941434486485952675e+02 3.125410517760038420e+00
1.552307449190782563e+03 5.316484783095754665e+02 6.903111925394237458e-01
1.385099336429077084e+03 5.244115242441075679e+02 3.063569185961917185e+00
1.435783598644850827e+03 5.925499605663001148e+02 2.385316224714226496e-01
1.546445370039142290e+03 6.094212190158542626e+02 9.499940758510718730e-01
1.641497902368127370e+03 6.355551545812986660e+02 2.280394093284216162e+00
1.593216831728660964e+03 6.588515206756992484e+02 1.624356109117223390e+00
1.494560771457916417e+03 6.979474496175828335e+02 2.781222322407270742e+00
1.527911556301266501e+03 4.118703346083143515e+02 7.858041366189006949e-01
1.657290399378434813e+03 4.152113147172600520e+02 8.467574040318912032e-02
1.799225744063222010e+03 4.478247532471979184e+02 6.243915689450232342e-01
1.548182660637899517e+03 4.596139784353683808e+02 3.092667265944529120e+00
1.673581074519993081e+03 5.067981476778985552e+02 4.175799179347622903e-01
1.550907396737970657e+03 5.320688900358405817e+02 7.089807041953456457e-01
1.777887247896621830e+03 5.283103309466922610e+02 3.115123145252214343e+00
1.545077732880634812e+03 6.109602506720974588e+02 9.161395980364516189e-01
1.702386213953769129e+03 6.068168961890414721e+02 2.754833768955604612e+00
1.808084327121534216e+03 6.178858565060475030e+02 2.442015108901349763e+00
1.649240993773579021e+03 6.373543936140208643e+02 2.033505585371224278e+00
1.591730109379511077e+03 6.592845471789946714e+02 1.615693788690411692e+00
1.771306849939696576e+03 6.704601865519537114e+02 2.914817343340165401e+00
1.798577440604693493e+03 4.484097525024531024e+02 6.462857889448446747e-01
1.904644971732367594e+03 4.555276087645813732e+02 1.239170765713589889e-01
1.671597230470221348e+03 4.846115105350517069e+02 4.459003880906148853e-01
1.863817602472747467e+03 4.981227950728862197e+02 2.773835580288428027e+00
1.778356884412496356e+03 5.282738497468799324e+02 3.079279571116772640e+00
1.968375823614871024e+03 5.304765946936090586e+02 5.335793219091387041e-01
1.684171983207742869e+03 5.430485137127390090e+02 2.523040523080928299e+00
1.855959133039450535e+03 5.831896326916513544e+02 2.907207861769924850e+00
1.805580990304178158e+03 6.169584634544737582e+02 3.032360562682972382e+00
1.705763401149854417e+03 6.087990817560173582e+02 2.741716421360676392e+00
1.771809191234069885e+03 6.708994446472368054e+02 3.008350124835940331e+00
1.894444099576609460e+03 6.866578793215392125e+02 6.242036923280993577e-01
1.997445440989898088e+03 4.381471874665583073e+02 2.706974385668258876e+00
1.905112147131145321e+03 4.539809944213044446e+02 5.486535178067763335e-02
1.864468740113352624e+03 4.990179768586694991e+02 2.838990972195579054e+00
1.968484441445861194e+03 5.304573676165211964e+02 5.233126850464105972e-01
1.857583240287026001e+03 5.819202724455553835e+02 2.934845357392343868e+00
1.895563773649379073e+03 6.831648757812153008e+02 6.010847145483215748e-01
2.000066768983805105e+03 4.398988214409718012e+02 2.884183745142320010e+00
1.156350652452964823e+03 6.943200531143312446e+02 2.627767171765876597e+00
1.020519112210833100e+03 8.345756340964838955e+02 1.403998793410148105e+00
1.087177160973512400e+03 8.349347745134416527e+02 1.449610382499454397e+00
1.279521422499596611e+03 5.580744877319393709e+02 1.955257922153687544e-01
1.272445809255279073e+03 6.080537530636080419e+02 2.731836457561890530e+00
1.195238645145060673e+03 6.599837015927049606e+02 1.697651327089063411e+00
1.154652606794769326e+03 6.944567453871845828e+02 2.548487872829720668e+00
1.307897117009258181e+03 7.881574486988859007e+02 5.169655452174356514e-01
1.085525734400798683e+03 8.336704364375315208e+02 1.426277136473002694e+00
1.280133835135276968e+03 5.590283014018403946e+02 3.322528271596198457e-01
1.439673955482757719e+03 5.912319547860644207e+02 2.992832700292187287e-01
1.272022087213721989e+03 6.096727401224920868e+02 2.672773751475928439e+00
1.186164492049154433e+03 6.685894445732013764e+02 1.648500582294409655e+00
1.497560192819182703e+03 6.949634618158924013e+02 2.874319498988749277e+00
1.305498254943358006e+03 7.910529612968207402e+02 3.963096615781186993e-01
1.435941997218608549e+03 5.924033646756565759e+02 2.599086760886425429e-01
1.544895023724380053e+03 6.091031471413773488e+02 9.317711262141434858e-01
1.649406999300355437e+03 6.373074389123463561e+02 2.149748335504483521e+00
1.591417738464759623e+03 6.583383426351717844e+02 1.561712235359127510e+00
1.494423994059825645e+03 6.942565152628881151e+02 2.861771951953439697e+00
1.653582998304095781e+03 7.190490963381748770e+02 2.097582438529133064e+00
1.500604618104283418e+03 7.714896368715558310e+02 4.997861405376580746e-01
1.618274811174869910e+03 7.875298688175456618e+02 2.861589008659637390e+00
1.581701081451579967e+03 8.366451066678125699e+02 2.172713358692742514e+00
1.543257431118419163e+03 6.073515727810338376e+02 8.605449765153790898e-01
1.704869576996366277e+03 6.082635774495380474e+02 2.887685721226646240e+00
1.805766055777204201e+03 6.156042345611016344e+02 2.751182248638083916e+00
1.649021361239443195e+03 6.368578945538142762e+02 2.091849596802744848e+00
1.591835183149642262e+03 6.573935705575343036e+02 1.531936629188634047e+00
1.772376859231290609e+03 6.684452047877202858e+02 3.081394342011592791e+00
1.651783476157833775e+03 7.189266974375133259e+02 2.063331097863007280e+00
1.747995374763620248e+03 7.232518518864516182e+02 3.079525649812742127e+00
1.724655639024822904e+03 7.755904155108112263e+02 2.184398221897290604e+00
1.616442584412685619e+03 7.877855139075909392e+02 2.962931252578183905e+00
1.806002317947491065e+03 8.117910675667137639e+02 1.446516162382463389e+00
1.579202888907022270e+03 8.378564552603659195e+02 2.133167863350934113e+00
1.858048262574725868e+03 5.819404424392706687e+02 3.007507216367848901e+00
1.804927677144120935e+03 6.151453581729160760e+02 2.759364452821718050e+00
1.705152658006616548e+03 6.080353412818160450e+02 2.838746387490397982e+00
1.771125549461901301e+03 6.687890858346545429e+02 3.067529723048251888e+00
1.895200457056533196e+03 6.817947084484881088e+02 5.093644778517871785e-01
1.748094385337851463e+03 7.244724695613224412e+02 3.020292526811092060e+00
1.724519588327206748e+03 7.777827763951083853e+02 2.176947318427369549e+00
1.804850805255001887e+03 8.112962133506648570e+02 1.483990339517655466e+00
1.960283986307852501e+03 8.395218342533355553e+02 1.954638557155754519e+00
1.865219309155540259e+03 5.814666796336223342e+02 2.954568488095263845e+00
1.893525135796970517e+03 6.820188671055002487e+02 5.142910151109632011e-01
1.958985923706248286e+03 8.416350475341434958e+02 2.033033912446692959e+00
2.645415290674922630e+02 9.694292832199773784e+02 2.788003553983503746e+00
2.641781789376034340e+02 9.707170353174528827e+02 2.820996829980761955e+00
7.685513533913688207e+02 9.043192940846579404e+02 1.755266474455326353e+00
7.883665037367995865e+02 1.015405300027023941e+03 1.540449147995303747e+00
7.662424648824240876e+02 9.036848641562221474e+02 1.696519477834872447e+00
9.610682016738519451e+02 9.212886726889864804e+02 1.739687030618549235e+00
9.340353648504551529e+02 1.016623433524162692e+03 2.588389380334975343e+00
7.845142465547030497e+02 1.013734386141970162e+03 1.507418256762687259e+00
1.021877271670324944e+03 8.333190092688253117e+02 1.344719071221978757e+00
1.087948022287320100e+03 8.324791276045197037e+02 1.328508371803548194e+00
1.142426827667739417e+03 8.873678638764997686e+02 1.080387199911942986e+00
9.604494227021918960e+02 9.219087597245247707e+02 1.796086361487621907e+00
1.026001970578964801e+03 9.507056541503875451e+02 1.587473536742384672e+00
1.081975628924698185e+03 9.945509325554430688e+02 1.424191955168352397e+00
9.314428212668126434e+02 1.018019860644418259e+03 2.524665655771978212e+00
1.304247183455826644e+03 7.976349885718277619e+02 1.716027461833752876e-01
1.086327678330497292e+03 8.329183215718678639e+02 1.366956421647694375e+00
1.141964649085014344e+03 8.882334731441540043e+02 1.135331472959325350e+00
1.330422222196575831e+03 9.043384982432137349e+02 2.549911802515567150e+00
1.190793478690291977e+03 9.518869556470790485e+02 1.457877099300562529e+00
1.246410411525662084e+03 9.635954950360910516e+02 1.392633657622609489e+00
1.080871418082487935e+03 9.916023574714276947e+02 1.436285176496050031e+00
1.312119763075337460e+03 7.719008414193963290e+02 4.303212155021727270e-01
1.297056005204129860e+03 8.124651804345244273e+02 3.014649940947974560e+00
1.328672364084239007e+03 9.038388849101904725e+02 2.570240106281228787e+00
1.440825432766483345e+03 9.221675830608769502e+02 2.529058811395092476e+00
1.188259316775020807e+03 9.497506179481713389e+02 1.437818431335044167e+00
1.243709104690775348e+03 9.631748046623697519e+02 1.365447409801636924e+00
1.388204963472933287e+03 1.008975218750245176e+03 1.577463016037849775e+00
1.658732679788307451e+03 7.217009607869904357e+02 2.203491355049278067e+00
1.502483069130694048e+03 7.693067253107451506e+02 5.539491751641885120e-01
1.619651286509156535e+03 7.862814245881488660e+02 2.924697538795471452e+00
1.581361427366801081e+03 8.342599774521768268e+02 2.161775142132833949e+00
1.440324111374878385e+03 9.235160967093861473e+02 2.468581006051255411e+00
1.386474494463335532e+03 1.008080065703157061e+03 1.588692394927196716e+00
1.519405168364244446e+03 9.932031182897869712e+02 3.068030440069294817e-01
1.651346928548531196e+03 7.179577333932711554e+02 2.146114837882661774e+00
1.750028266026806477e+03 7.231263044145215417e+02 3.116909619054751612e+00
1.725079255343594014e+03 7.765845094953948546e+02 2.270640434821082909e+00
1.616477398026686615e+03 7.866573457587651319e+02 2.932117148295572129e+00
1.807255626573517475e+03 8.094453564233555198e+02 1.448432877854265444e+00
1.580121203246114874e+03 8.358668950165099432e+02 2.270918041166607448e+00
1.699918143926681751e+03 8.820513119400702635e+02 8.152305598263973607e-01
1.757891121831485634e+03 9.112477689124068547e+02 1.457534880501963448e+00
1.519001277476910218e+03 9.981046261155138382e+02 3.163334497537337309e-01
1.748822690115984869e+03 7.225042403379065945e+02 2.913167554105438484e+00
1.724001698991649619e+03 7.772817776791224560e+02 2.318880294061625769e+00
1.805401508613995475e+03 8.103760369257582852e+02 1.482013119813234692e+00
1.958103384429226026e+03 8.404061898038766003e+02 2.057486012195578695e+00
1.698808383746470554e+03 8.817934867040198696e+02 8.167482190815751331e-01
1.756942148285949770e+03 9.112665242937925996e+02 1.456884373292626211e+00
1.957685254835482283e+03 8.397155304311847885e+02 2.080027105491680572e+00
2.641245275751315944e+02 9.689510442243883972e+02 2.751718672111456598e+00
1.710203458903729370e+02 1.056123094697140004e+03 6.496548136087227920e-01
2.677226459622991115e+02 1.118774555665976095e+03 2.222187938583759070e+00
2.643610695274028330e+02 9.687104099554314871e+02 2.802072850193336961e+00
2.656989393766972967e+02 1.119738871750954559e+03 2.194860497825509071e+00
5.831300326410619164e+02 1.060139675834537229e+03 2.204718318813786659e+00
7.005355635557714322e+02 1.159392501138349189e+03 7.016853455458784694e-01
7.676980757112132778e+02 9.049256222790277207e+02 1.709554446729727673e+00
7.872507035934809210e+02 1.015895063696682882e+03 1.486584177485169800e+00
5.815117446879710315e+02 1.058912467237085366e+03 2.211096079565715744e+00
8.550005309491431262e+02 1.128728219304545064e+03 2.820283203823690243e+00
7.114167339279570115e+02 1.154384063781717714e+03 3.838943111374263362e-01
7.667844344854282781e+02 9.050005019634784276e+02 1.687167969381305976e+00
9.622144132902465117e+02 9.201620128344411569e+02 1.695056018735495496e+00
7.865257004567438344e+02 1.017957515775824049e+03 1.446634533682569446e+00
9.361155800405967966e+02 1.018287758504601015e+03 2.487771872209142643e+00
8.551661711428757826e+02 1.130544181910636098e+03 2.848425022104937643e+00
7.147460880065771107e+02 1.154847713525221252e+03 4.979243816671441447e-01
1.141251833718445369e+03 8.906060202014521110e+02 1.089011765787372799e+00
9.608052005755005212e+02 9.221697880725773757e+02 1.768995199287093589e+00
1.026221311177843290e+03 9.511196905885219621e+02 1.586290730580718122e+00
1.082298649492685399e+03 9.944694356661889287e+02 1.425549065674428961e+00
9.345021909302888616e+02 1.018167144337628770e+03 2.474945217146605092e+00
1.112148295959282223e+03 1.038269281155161025e+03 7.405512739075051920e-01
1.116208551449749393e+03 1.112551259268993363e+03 5.972019369862224814e-01
1.141930487345390475e+03 8.867968645159276093e+02 1.135326929986992583e+00
1.329668033535019276e+03 9.015093146243300453e+02 2.526957925072433220e+00
1.191125252157615478e+03 9.508333690099066189e+02 1.415071577433886896e+00
1.246107027699392120e+03 9.625748226358787178e+02 1.363377755731326246e+00
1.081017602862695639e+03 9.942526281409232070e+02 1.412684645244665971e+00
1.327801331231431050e+03 1.037204119042595494e+03 2.322699178361765426e+00
1.110688704701153256e+03 1.037894140651477983e+03 7.384051993244156176e-01
1.277427624037984515e+03 1.075389683533754351e+03 2.245252138949926035e+00
1.114936478767458311e+03 1.112141315559099439e+03 6.032713417481253559e-01
1.340423964466896905e+03 1.156990584670633780e+03 1.858849224373158471e+00
1.328136978386016608e+03 9.032070497006691312e+02 2.631821192205177518e+00
1.440756211266390437e+03 9.217747878398106423e+02 2.606533502652120582e+00
1.187692877642232133e+03 9.501607727852883727e+02 1.296963069536444912e+00
1.244127012679400423e+03 9.625976055801904749e+02 1.269917075019738828e+00
1.387987562560856531e+03 1.009556939233594449e+03 1.508551897105139039e+00
1.324331153626788364e+03 1.035810171112169201e+03 2.215863658893088228e+00
1.276008566780778210e+03 1.074623908085631228e+03 2.184332386647102275e+00
1.441613269236477663e+03 1.112708782208914272e+03 2.749898706219989553e+00
1.336847947519933996e+03 1.158645738886304343e+03 1.659110566448713575e+00
1.439721320313687102e+03 9.216409560338856863e+02 2.533950076893869419e+00
1.387633806094901047e+03 1.008505947502694198e+03 1.541149598564196976e+00
1.520522994570117589e+03 9.919533411497282032e+02 3.240267991429683914e-01
1.441208893800498345e+03 1.112305727169479042e+03 2.706229551006572365e+00
1.530220671782075897e+03 1.124710919102173193e+03 2.324058015707331393e+00
1.700787521339060504e+03 8.786698833453149291e+02 8.897645430611539341e-01
1.758217719703853163e+03 9.088256998241809015e+02 1.532067379382072936e+00
1.518858841327436039e+03 9.929128729282974746e+02 2.300081245014120590e-01
1.528022423380332839e+03 1.126739040126345117e+03 2.387920400891844430e+00
1.697499296664634358e+03 8.800758570321800107e+02 8.867752709434280067e-01
1.756097283841761282e+03 9.109565298021020681e+02 1.508475963757651472e+00
1.715569305438671677e+02 1.055869976358685335e+03 6.383771363152267453e-01
2.678490376851079304e+02 1.117455130955230288e+03 2.218536618878622857e+00
2.179102999835592982e+02 1.283470916872566931e+03 4.078667947470334537e-02
2.672241311911856201e+02 1.117396532060838808e+03 2.249868991395436169e+00
5.817479214767157600e+02 1.059382635567068974e+03 2.193838757689211327e+00
5.803943182403568244e+02 1.060547258823724405e+03 2.158440588291829165e+00
8.570707876274182127e+02 1.129616907800799254e+03 2.757558309183062661e+00
7.109398216239181920e+02 1.153862928861266028e+03 4.116581800517054024e-01
7.154125901990989860e+02 1.215786336903009442e+03 3.121265778364946453e+00
8.560073834655752307e+02 1.130081650186175466e+03 2.708926838831640982e+00
7.106870761233027451e+02 1.154256838565226644e+03 4.267110666177196809e-01
9.997893808330104548e+02 1.221503273456236911e+03 1.190079598914360215e+00
7.146680378762188184e+02 1.214909684796491320e+03 3.074944089876257891e+00
8.721160053560508914e+02 1.246881780750531334e+03 7.447472324417979683e-01
8.909542028752082388e+02 1.329956062699133781e+03 9.318063357748547215e-01
1.111945763993080845e+03 1.035434173553045866e+03 8.883056677752527719e-01
1.117924044888549815e+03 1.110870151530947169e+03 6.407741050517528070e-01
9.974191782632867671e+02 1.222223429818591967e+03 1.148080462043478578e+00
8.707103616868957943e+02 1.247017327896727011e+03 7.110800150640889106e-01
1.124698579975488883e+03 1.275321116239243565e+03 1.761337692737149130e+00
8.917571942274651065e+02 1.327219685953669114e+03 8.198383298330796931e-01
1.110325034073811821e+03 1.034884529468902883e+03 7.271207447406349278e-01
1.329267470523539487e+03 1.034937764435591589e+03 2.332684286505226634e+00
1.277472909542480238e+03 1.071668312273294532e+03 2.242995213865456972e+00
1.115330722503789275e+03 1.111157121588253858e+03 6.015851802909126800e-01
1.339691466756726413e+03 1.157310508184394621e+03 1.779083790739789395e+00
1.285400621749878155e+03 1.230969935713880886e+03 1.932698973389349817e+00
1.123067925252768646e+03 1.274304544696243283e+03 1.710343693033978596e+00
1.192079187489085598e+03 1.280900609121056959e+03 1.421078373647000070e+00
1.271960804575033080e+03 1.329641566080888424e+03 4.868152902581104891e-01
1.323777304417037385e+03 1.033582313080515405e+03 2.256356507683782819e+00
1.275622828440384183e+03 1.072163162370993405e+03 2.223983265285834232e+00
1.441273830569471784e+03 1.111765051828755531e+03 2.773930799620262455e+00
1.336749479215689234e+03 1.155482258803384184e+03 1.695736931319077101e+00
1.434175475132793508e+03 1.209976995637546224e+03 1.974113533387540587e+00
1.484879245413618719e+03 1.200637833283825330e+03 2.583705707198823198e+00
1.284405962316148134e+03 1.229932502761594606e+03 1.854521234715910571e+00
1.189544873403300471e+03 1.278262331237756825e+03 1.279704212367026361e+00
1.357921499746997370e+03 1.293480015201483184e+03 1.353283381897467663e+00
1.270390333263493176e+03 1.328549073657578219e+03 5.457176798839445953e-01
1.440407862853494862e+03 1.111020640018159384e+03 2.758715854018275682e+00
1.528857091261083042e+03 1.122571253180287613e+03 2.368702990976523370e+00
1.432162590824287008e+03 1.208703399666533642e+03 1.889223409234800366e+00
1.485014066873048023e+03 1.200030287090300817e+03 2.452700684424337307e+00
1.640490354845824186e+03 1.219333962433665874e+03 2.216879432677467676e+00
1.356030508684885035e+03 1.286603524069681043e+03 1.308961245365870329e+00
1.580443407638417511e+03 1.312063647980839050e+03 3.135920775057876586e+00
1.528999113417870376e+03 1.123317827964394610e+03 2.344667400497903564e+00
1.639827921061173129e+03 1.219618963185197117e+03 2.212592238053351590e+00
1.581242752235658827e+03 1.313038613280971276e+03 7.926431618567367221e-02
2.170430276371729406e+02 1.281690675022055530e+03 5.646367605765963138e-02
2.308272195420541379e+02 1.425301023013425720e+03 1.900681940740970854e-01
3.385705569201671779e+02 1.442363218840430363e+03 1.730052853332665119e+00
1.500117264019579579e+02 1.458626507387070887e+03 2.471385447975226857e+00
2.303790743431604255e+02 1.425888415981084108e+03 1.440103136502930703e-01
3.904282573655191300e+02 1.438732719265230799e+03 1.611675832624341442e+00
3.354152519182098331e+02 1.441183093138709637e+03 1.730471894327355598e+00
5.608229041907197825e+02 1.413890734449162665e+03 1.459340561652665347e+00
6.304043550327812682e+02 1.460607671302054769e+03 1.839874494244520653e+00
7.151211759183316872e+02 1.213360771094956590e+03 3.097948644772161142e+00
5.581592918154359495e+02 1.415747733081622755e+03 1.481626009807545774e+00
8.259445836360753219e+02 1.422669708021671795e+03 4.809898742035297048e-02
7.190408784157571063e+02 1.438615105495313401e+03 2.799507854501635418e+00
6.292214702471940200e+02 1.462102505477777413e+03 1.791993570503437772e+00
9.969598914556759155e+02 1.223681363842463497e+03 1.259996191377391384e+00
7.166151006456079813e+02 1.211404245041998365e+03 2.965723098376448430e+00
8.722376875053823824e+02 1.245594220319745546e+03 7.736424756641501199e-01
8.917355387688533028e+02 1.326072009108025895e+03 9.055620590901127809e-01
8.253609506464924834e+02 1.422478603593770003e+03 3.120225496784497565e+00
7.191571652898763887e+02 1.440131218815927241e+03 2.782787630350763486e+00
9.973656332729528913e+02 1.220204690378186797e+03 1.141202226819865606e+00
8.699823277048258205e+02 1.243369030185206611e+03 6.861462162668090503e-01
1.123774473432338709e+03 1.271564057917232276e+03 1.735237603219060620e+00
8.901891488361998199e+02 1.326530505058933159e+03 8.048689430180157034e-01
1.138511066835544625e+03 1.364344532713064154e+03 3.050062092100263467e+00
1.123500780414595283e+03 1.416891119125830528e+03 2.640038194880895972e+00
1.285539556921812846e+03 1.226946147382331901e+03 1.925011478472786530e+00
1.122897595071659907e+03 1.270919119709809820e+03 1.699218050480163500e+00
1.192132712467805050e+03 1.277706998344104704e+03 1.409582011997099649e+00
1.272140890461867230e+03 1.325313812855493325e+03 4.912639616381669905e-01
1.135420737832388795e+03 1.364525749213824611e+03 3.079138645286141784e+00
1.306473974893856393e+03 1.397601500925735536e+03 1.409318714167366871e+00
1.122924269401887614e+03 1.417787840457051288e+03 2.671212778997470672e+00
1.239845893284521708e+03 1.493785232137180174e+03 1.376791498209072762e+00
1.434228517990648697e+03 1.210309193780186206e+03 2.044397526626499761e+00
1.284215628579157510e+03 1.228967242701756732e+03 1.949802950763225962e+00
1.188379234258839460e+03 1.278088151815508127e+03 1.376829193880400926e+00
1.358321224988021413e+03 1.293128429572521782e+03 1.412031095560641880e+00
1.271422861988919976e+03 1.325973803039090171e+03 4.640230720471827941e-01
1.445419599092970202e+03 1.348087279131007335e+03 1.964885061507649189e+00
1.376509684235273426e+03 1.362960511464358206e+03 1.432181918492195782e+00
1.306043995003781220e+03 1.398413539619171388e+03 1.368350608510932931e+00
1.417674059626875305e+03 1.449447924512975987e+03 1.763609087685051646e+00
1.500379830638759813e+03 1.469960062109795672e+03 2.340861977168932739e+00
1.238316623509793772e+03 1.491502178569216085e+03 1.243683532957042592e+00
1.432351612806033700e+03 1.209608010441203760e+03 1.943267676458364290e+00
1.642265435141130183e+03 1.218512059529806265e+03 2.348412655892268663e+00
1.485720839901534873e+03 1.200371794682175960e+03 2.488571087168903961e+00
1.353829263364814324e+03 1.289207954248074202e+03 1.302811746199526555e+00
1.580253359682212704e+03 1.310381798615443131e+03 3.128694889542851687e+00
1.504148604240521763e+03 1.342561676548779360e+03 2.024921707595048304e+00
1.443848592880503929e+03 1.348409568096803923e+03 1.864246561718596817e+00
1.375367077911290380e+03 1.363903302146124133e+03 1.361922994823808075e+00
1.415603075091802566e+03 1.450527316610875232e+03 1.662649220863435140e+00
1.500210781516612542e+03 1.473101803062283579e+03 1.900130386270427518e+00
1.557552113619161673e+03 1.466899302816337240e+03 2.424058318102699339e+00
1.638462829083495080e+03 1.216725177531877989e+03 2.223235773210185506e+00
1.579692834906540384e+03 1.309574313061666317e+03 1.044454747639452646e-02
1.678839083849598865e+03 1.410592333176975671e+03 2.417808127829840448e+00
1.777593722656830096e+03 1.446734537705941420e+03 2.622626261615461640e+00
1.554902873758636815e+03 1.465826830565142927e+03 2.346292749217802953e+00
1.673721165461479359e+03 1.487863274253407099e+03 2.220315548861248711e+00
1.676601564834718602e+03 1.411527386138544216e+03 2.437924768023987276e+00
1.777018801885292987e+03 1.446381917774498788e+03 2.694411398643191458e+00
2.315826992174627321e+02 1.424518393592846678e+03 1.537591246825207036e-01
3.367830054648726446e+02 1.440380250543691091e+03 1.704387362880043222e+00
1.503828594587491239e+02 1.458219880918382614e+03 2.502203411087261742e+00
1.025666611545813680e+02 1.593151159552401168e+03 1.474361520130856862e+00
2.283626498274955452e+02 1.424163069753642276e+03 1.863892397499348208e-01
3.893633951691317634e+02 1.437705262934375014e+03 1.576697366668903477e+00
3.340792550179206728e+02 1.440218909179640150e+03 1.689997816234917627e+00
5.060506425833514186e+02 1.581020668664478080e+03 2.449712098896114743e+00
5.607953237546634000e+02 1.413205880359764706e+03 1.416704319191613548e+00
6.304211046667396658e+02 1.459139239490483078e+03 1.749021816827445841e+00
5.539417540843217012e+02 1.563037748225068754e+03 1.645234750875053331e+00
6.749641464828087010e+02 1.551977585275878937e+03 9.875512695788200845e-03
5.058066720030838042e+02 1.581049217927804420e+03 2.461876897005566001e+00
6.896490411887212986e+02 1.631658018781888359e+03 2.654108654846497828e+00
6.254423456204260674e+02 1.647574582850770184e+03 2.732413491399372507e+00
5.576227075984196517e+02 1.413319577950488792e+03 1.460618659724332691e+00
8.267213494175939559e+02 1.420746221083178170e+03 9.337794283723771516e-02
7.188290593588766342e+02 1.436898526229027993e+03 2.831415368719303771e+00
6.290671581266649355e+02 1.458287558725764484e+03 1.733619153464547535e+00
8.450323590364139363e+02 1.539182637541151507e+03 7.052564212405726396e-01
5.508668511892324204e+02 1.559741995958091138e+03 1.614585218148819390e+00
6.742159186750907338e+02 1.552154930186203273e+03 3.099899522775044325e+00
6.929661381420812631e+02 1.629781913078448952e+03 2.717104210414084786e+00
8.132653520652943371e+02 1.622923480992670648e+03 2.959629856575565210e+00
6.257897800043538155e+02 1.650248943495368167e+03 2.646414500404504544e+00
8.249669637445399530e+02 1.421192747021191735e+03 7.330419654276849883e-02
7.188549507103507494e+02 1.437361293461423202e+03 2.831875776854769100e+00
8.438686007806824136e+02 1.531730669863144158e+03 5.652065463621421815e-01
9.860361780524101505e+02 1.531922282081244020e+03 2.922055087516804317e+00
8.499216560368442970e+02 1.579730423885803930e+03 2.870948338084219120e+00
9.712676328589673176e+02 1.617692345303078810e+03 1.986360916894740924e+00
8.128344346373124836e+02 1.625937441491593745e+03 2.782116794170002905e+00
1.138690686081810782e+03 1.362116708158245956e+03 3.075389938758388286e+00
1.123170454295644959e+03 1.415055879527706793e+03 2.603255276113437766e+00
1.083046908466062632e+03 1.512928701079815710e+03 1.469790730661552747e+00
1.176162131059977810e+03 1.526404765701053520e+03 2.078483860498409719e+00
9.831682317442775911e+02 1.531285922926964759e+03 2.946667447627752345e+00
1.140679221705894861e+03 1.579552261212942085e+03 2.148906057622049559e+00
9.699762317818701831e+02 1.617304256749665001e+03 2.067213520616135725e+00
1.116999535598360126e+03 1.633332736292473783e+03 2.784098517851495203e+00
1.134447159525549296e+03 1.361980195668309534e+03 3.016156400614382616e+00
1.307330087111664852e+03 1.396389447779978582e+03 1.474020457173346177e+00
1.122377271421139994e+03 1.415250605169021128e+03 2.586469650506024287e+00
1.240485902673304736e+03 1.492531466559625414e+03 1.415064905848068211e+00
1.082007002263963841e+03 1.514046969863270988e+03 1.553536040915412642e+00
1.174006567721647798e+03 1.526191511369260297e+03 2.118594640736181312e+00
1.337205937220976466e+03 1.542012777792908537e+03 8.433766762000425299e-01
1.140844874337606143e+03 1.581390725059294482e+03 2.200125678313026079e+00
1.231786683453895421e+03 1.593408385894652156e+03 5.965776350831928365e-01
1.115430436669630581e+03 1.637170218915652185e+03 2.802688926665037883e+00
1.281530672496539410e+03 1.644088891171161322e+03 6.037848189031970181e-01
1.376405685110143850e+03 1.360042973727510798e+03 1.567138526054350001e+00
1.446906736692751110e+03 1.346342771029696905e+03 2.083860004919846354e+00
1.306039185831205941e+03 1.396285622991921400e+03 1.481143591776440616e+00
1.416881247604746250e+03 1.446798687714344851e+03 1.838589000634301973e+00
1.501283927073558289e+03 1.472848939839604100e+03 2.036788131948838121e+00
1.239206344850573032e+03 1.492898010726283701e+03 1.429738692569387792e+00
1.334723977409338659e+03 1.541418084682339668e+03 8.515691728509534597e-01
1.423149089616758829e+03 1.552834753131196976e+03 1.109697113605113250e+00
1.230368909382385027e+03 1.594064110808238411e+03 5.322359745200930803e-01
1.426546487453610325e+03 1.616918290263796735e+03 3.452910142600833926e-02
1.278897049760574419e+03 1.643010323520895781e+03 5.512454103859500965e-01
1.373948307788908778e+03 1.364664241400887249e+03 1.293586351985008820e+00
1.415791266688611586e+03 1.446909857491696812e+03 1.752741094866242966e+00
1.557142009518459190e+03 1.464894847246595873e+03 2.401568368778535412e+00
1.499432068661097219e+03 1.470952158314232747e+03 1.961797381851077438e+00
1.421213890512573471e+03 1.553019557073283977e+03 3.904674022534514455e-01
1.590702662364268917e+03 1.611088001037201593e+03 1.686576919556771692e+00
1.642988870583905509e+03 1.604848549048847872e+03 1.995663230684428857e+00
1.521992397843947629e+03 1.617222820642479746e+03 1.164415883858640921e+00
1.424198084274011535e+03 1.617528769916800229e+03 2.503020155300689775e-01
1.678784026663957775e+03 1.409451250038889157e+03 2.470346025533076251e+00
1.776888027695622441e+03 1.445804768693196138e+03 2.714491205137740781e+00
1.556346103320717702e+03 1.464098338899579403e+03 2.361145609339021956e+00
1.673010988659977102e+03 1.485424938256773885e+03 2.263768598000724719e+00
1.765052807080979846e+03 1.512115130138625318e+03 2.424414493886429600e+00
1.588297942542698820e+03 1.609859487517680009e+03 1.579324282635636845e+00
1.646259010606754600e+03 1.606034683161494968e+03 2.005927658572654426e+00
1.768887870860841076e+03 1.613007950652227464e+03 1.855184396927118229e+00
1.520955300519084858e+03 1.614752664418908580e+03 1.167871487585905976e+00
1.676789147224723592e+03 1.414031660358960835e+03 2.688102611872645653e+00
1.776091711072702992e+03 1.445266412744916806e+03 2.690303220047717936e+00
1.670135186437664970e+03 1.485279006587853019e+03 2.382747065913068063e+00
1.764038680861624016e+03 1.512400014471687882e+03 2.449500306807487426e+00
1.856143333403109182e+03 1.601543422086599094e+03 2.001326641138357232e+00
1.767141313843368835e+03 1.612043450659768041e+03 1.863484335301588635e+00
1.872219006932290085e+03 1.580000082716940597e+03 2.793963540606932305e+00
1.838301686757128664e+03 1.627008631413559215e+03 2.165374969562039897e+00
1.045631814458602662e+02 1.589762052470854996e+03 1.571588831692994237e+00
1.549834641739969925e+02 1.742680344809016560e+03 3.491961235596197644e-01
5.069110255124771811e+02 1.580793230159956238e+03 2.534396378299765829e+00
5.535439748464648346e+02 1.562687678736385578e+03 1.617079273934494354e+00
6.733846212811466785e+02 1.550467304014822730e+03 9.679209359815731106e-02
5.048194612676662700e+02 1.579442730571040101e+03 2.377322408892474037e+00
6.945002688493999585e+02 1.629902077647912165e+03 2.713114516802993315e+00
6.289071410257274692e+02 1.648000244120167508e+03 2.706416025112087009e+00
5.902286333329315084e+02 1.703328112869347024e+03 2.777889160927025092e+00
6.914532463782736613e+02 1.724947523536163317e+03 9.947038799887414351e-01
8.433329951017119583e+02 1.561951482596688038e+03 1.841547681619069010e+00
6.735789007403762980e+02 1.551714128069348817e+03 3.130774319553569107e+00
8.139131482489390237e+02 1.623683735972653039e+03 2.885498906076568115e+00
6.924449553635400889e+02 1.628964755699612169e+03 2.760194455385942547e+00
6.278168361136597468e+02 1.647880222718222967e+03 2.729322550624001753e+00
5.897930720624424339e+02 1.702114937836107856e+03 2.790945162768620591e+00
7.806516752921068019e+02 1.720481976482240952e+03 1.621914781654741899e+00
8.571202320887475707e+02 1.712847534439901210e+03 2.222638502564045382e+00
6.899742889590461346e+02 1.723222704376131787e+03 1.004207241109067006e+00
8.589723893715320173e+02 1.781936002763060742e+03 2.695101209055544622e+00
8.438144700580293147e+02 1.530647508040326102e+03 5.628451685746015398e-01
9.848814464459501323e+02 1.530146707497862280e+03 2.920780511536784640e+00
8.488535332143301275e+02 1.578421315269405113e+03 2.931430879004460532e+00
9.717220783382417721e+02 1.617029253491897407e+03 2.066703633571806975e+00
8.129840810228702139e+02 1.624155677524796829e+03 2.897063857892078875e+00
7.802642698965423733e+02 1.719279281236171300e+03 1.610518229982951022e+00
8.584198302681077166e+02 1.715233747100076926e+03 2.321588012646229160e+00
8.593256412753686391e+02 1.784839243433418915e+03 2.851909213948931487e+00
9.565364283480541872e+02 1.800587226021980769e+03 2.472863611872660794e+00
1.083047497664678986e+03 1.512464721577426417e+03 1.477382081291917615e+00
1.177651528924704053e+03 1.525460145465398227e+03 2.203814379147648328e+00
9.831292936088734677e+02 1.531066369482024356e+03 2.943935188096070021e+00
1.142629371582317390e+03 1.577378986798386904e+03 2.128353673578148531e+00
9.700218620746052238e+02 1.617332728800048244e+03 2.085854059068664945e+00
1.118907595891960909e+03 1.635219501176930180e+03 2.785931549952959330e+00
1.088492241350255199e+03 1.679454320398470145e+03 2.436945949393836686e-01
1.174483510182652253e+03 1.712159699946418641e+03 5.123857300783284385e-01
1.019085682628938457e+03 1.765539879101948827e+03 1.434594349129036051e+00
1.147327383761141618e+03 1.767837920215925578e+03 2.986181188832393030e+00
9.550301000282561290e+02 1.803741796625398138e+03 2.411002313196367819e+00
1.079267781862703259e+03 1.513924205236615990e+03 1.556024574217518275e+00
1.173009067052757018e+03 1.524757214977175863e+03 2.037888253396919147e+00
1.333445241336309891e+03 1.542427459294066239e+03 9.167209792664733348e-01
1.140590054400843655e+03 1.580856806313696325e+03 2.051665232324602961e+00
1.231590546953801322e+03 1.592433856168371221e+03 6.668500500153665689e-01
1.117197044381282012e+03 1.636140935332199660e+03 2.648935455341513201e+00
1.281052513489617240e+03 1.640314749762057090e+03 6.756654040387124471e-01
1.086659522880794157e+03 1.678891664830712216e+03 2.352999873240093631e-01
1.172384072288893094e+03 1.710942173851703274e+03 4.047464847996020132e-01
1.317423000425191731e+03 1.723630032568584738e+03 9.751536265884520882e-02
1.255521443335963568e+03 1.778069374258924199e+03 2.341994943432403886e+00
1.144115616279612368e+03 1.768646840348818841e+03 2.800977099943611659e+00
1.334613575269952435e+03 1.539530792459679105e+03 9.461509522580894282e-01
1.421908668214433192e+03 1.552260761486945285e+03 4.247100986583693394e-01
1.230813895995307803e+03 1.592197197931359597e+03 6.338965003255321307e-01
1.424748033173975273e+03 1.615154160378172946e+03 1.053581432431783677e-01
1.280174089558603782e+03 1.640142599552132197e+03 6.572238893143491634e-01
1.403573203136187658e+03 1.665324107935661004e+03 4.823006961510768464e-01
1.436380846247143609e+03 1.716653082113238952e+03 7.234889560017015997e-01
1.316120092828109364e+03 1.723234266987841011e+03 7.894070607328981803e-02
1.252626123846421933e+03 1.779371269829183802e+03 2.331495640662176072e+00
1.465176759018370831e+03 1.793785557706221198e+03 1.552721214994896792e+00
1.420077582281822060e+03 1.551513787624864335e+03 3.482666628613009241e-01
1.589081335002191508e+03 1.609208937713467094e+03 9.686404260553267420e-01
1.648589735408389970e+03 1.605408782694574711e+03 2.151485579166048101e+00
1.521835157441272258e+03 1.615439661298881674e+03 1.211824344662244091e+00
1.423874982275253160e+03 1.615457462498797213e+03 1.362694152839504236e-01
1.401577055004740942e+03 1.665747500164214671e+03 3.954779343799639246e-01
1.529031889547941091e+03 1.703371211074261510e+03 1.229507637783289864e+00
1.434440343554871788e+03 1.717215450170052918e+03 6.025746891819828699e-01
1.634694428201774826e+03 1.730458146289635579e+03 1.392391771521513055e+00
1.461857463513879338e+03 1.798291905870517439e+03 1.513382327488441925e+00
1.546008947758969271e+03 1.821484153116857215e+03 2.154157907933588412e+00
1.766339578491811153e+03 1.510300658662367368e+03 2.479903815701935965e+00
1.587822230867446478e+03 1.609114046964111594e+03 1.699904450313597160e+00
1.645267604058438792e+03 1.603730524049197584e+03 2.139010951595422760e+00
1.768139569795072248e+03 1.610649408390480176e+03 1.978154111937418858e+00
1.517714686570248887e+03 1.615464208080101571e+03 1.117615854838853728e+00
1.526465406109912692e+03 1.705003585604931232e+03 1.093819682079347988e+00
1.817053095979401633e+03 1.708241278400706506e+03 1.877717338615327414e+00
1.631866839900661262e+03 1.728176788644251246e+03 1.254279187723133182e+00
1.691527391268574547e+03 1.771130909806161981e+03 1.974151559476320594e+00
1.541522160916522807e+03 1.819241287162918979e+03 2.282591885504369866e+00
1.764199280453249230e+03 1.510888149818301827e+03 2.560777295872160408e+00
1.856275243294094480e+03 1.600739305782150041e+03 2.139274756099180053e+00
1.767254037565599219e+03 1.610307490914485470e+03 1.925301288194249949e+00
1.814309693554310115e+03 1.708292276924916450e+03 1.873071772145749714e+00
1.688413403193025260e+03 1.770312632328795644e+03 1.929698759699528532e+00
1.879616021884272413e+03 1.579905233954756113e+03 2.782703391680115157e+00
1.840278355371935731e+03 1.622733445425623358e+03 2.057209423840534956e+00
1.548084487327482179e+02 1.741078126143444479e+03 4.394681906707990637e-01
1.532319753172794208e+02 1.851008099935611426e+03 2.770011702258834418e+00
7.831951049788685282e+01 1.884273414022473617e+03 2.876221155399773188e+00
5.893070007045715784e+02 1.702516841943529926e+03 2.822211203607445373e+00
6.869836259396018932e+02 1.726485465130872853e+03 1.056781395633405340e+00
5.895935097514054632e+02 1.702261120588881568e+03 2.779139136696570755e+00
8.580820833388937672e+02 1.710955822512698205e+03 2.305609562123310585e+00
7.805469193998740138e+02 1.720442873043209602e+03 1.672897976963764854e+00
6.899495655081476571e+02 1.722774380369736946e+03 9.782883884838572408e-01
8.606953463122275707e+02 1.784508627307527149e+03 2.763324431501898992e+00
8.344112095125523183e+02 1.833593359192942444e+03 2.771645356641968760e+00
7.510115517685301256e+02 1.852201798310474715e+03 2.783132962372343755e+00
7.461479613518786209e+02 1.947482785499842976e+03 1.277536832218822083e+00
8.051829925779368295e+02 1.949312551935375723e+03 1.975154733488443615e+00
7.796015712618882390e+02 1.718257629323169567e+03 1.612590471337386866e+00
8.580747286822822844e+02 1.714480774321634954e+03 2.291314354953349675e+00
8.589140243121253206e+02 1.783718606612306075e+03 2.829218463421639296e+00
9.562862492628228210e+02 1.799931854262085608e+03 2.486010638075431878e+00
8.327932213960981471e+02 1.832840170792653225e+03 4.716172854087278266e-01
7.506017742834596902e+02 1.852242400419771457e+03 2.827185248825522468e+00
9.684139880630393691e+02 1.878856123580731037e+03 4.113770843699414703e-01
7.482727196002316532e+02 1.944102403556192712e+03 1.239600452125414920e+00
8.037732112304887551e+02 1.949228687349874690e+03 1.946417495869930070e+00
9.052498103435686971e+02 1.946172414841793397e+03 2.848725491807686083e+00
1.087908822796440518e+03 1.678343635733949213e+03 3.149066932105652472e-01
1.168515801295057145e+03 1.713521983234913478e+03 6.210026921714397741e-01
1.019426188345053561e+03 1.764280770553793445e+03 1.487236784930954459e+00
1.146595630436569991e+03 1.768123740280392212e+03 2.855391571921061189e+00
9.551479303539563261e+02 1.800167809834487798e+03 2.400288375039758115e+00
1.153353012813370242e+03 1.841502652612585962e+03 3.824644666653055636e-02
9.667808240065471637e+02 1.879240810977974434e+03 4.188414684635112240e-01
1.040567317781276188e+03 1.921344254880176777e+03 3.358570138107556113e-01
1.180547137844706640e+03 1.942163710981161330e+03 2.855191656798448552e+00
9.034533530849134877e+02 1.948047792474523249e+03 2.719167672810227643e+00
1.089293864644367659e+03 1.673849726817578130e+03 5.371875706070544654e-01
1.173363895355675595e+03 1.709747352793418941e+03 5.336433172042911455e-01
1.315867094926800291e+03 1.721675154728122379e+03 1.834316316441875760e-01
1.255034783725139505e+03 1.776148918116264440e+03 2.291073675450257419e+00
1.144632327517594604e+03 1.767962093994420684e+03 2.839686083486512302e+00
1.150940489443008119e+03 1.841207382797369064e+03 3.772239670508554382e-02
1.287231155908345045e+03 1.865821660821140767e+03 2.735183310333440421e+00
1.038285386449014140e+03 1.923628799939022883e+03 3.956472451980669880e-01
1.304067595385850382e+03 1.925694853329394391e+03 1.692812008369961319e-01
1.181146401166066880e+03 1.938128711239256972e+03 3.923446326247576402e-03
1.398746761001458481e+03 1.666647434671131577e+03 4.056831084950286992e-01
1.437156290474203388e+03 1.713065662954286154e+03 7.220273116416848769e-01
1.315506549742912739e+03 1.721849121535926997e+03 1.427434164812039774e-01
1.253397624412157256e+03 1.775825816696616357e+03 2.372535368624289376e+00
1.462705528850865676e+03 1.795999851218963613e+03 1.479686998214488014e+00
1.341252266881001333e+03 1.841356973240525804e+03 1.888885513587261311e+00
1.286735024617209774e+03 1.865831242188929536e+03 2.774713110070616828e+00
1.491355655685414604e+03 1.892151969347798513e+03 1.693414409335527893e+00
1.416807879785150590e+03 1.929239457519697226e+03 1.080305725284247398e+00
1.304386818038874480e+03 1.927319041290500081e+03 5.441942825701422820e-02
1.322518059358297705e+03 1.977087295345257644e+03 1.151373318115089361e+00
1.528477610703670962e+03 1.702259034450127501e+03 1.188386901739811652e+00
1.633958451386601610e+03 1.726589135454629513e+03 1.304688586805182515e+00
1.434458761596257091e+03 1.715761170174097742e+03 6.047275247624845917e-01
1.461903711520863681e+03 1.796698702250992255e+03 1.450397413111899070e+00
1.547442283184381722e+03 1.822468692225517316e+03 2.202254518437875230e+00
1.652607690673125944e+03 1.842185590742884642e+03 2.996150150147238289e+00
1.488812917348764358e+03 1.892049067722743985e+03 1.723932929591758478e+00
1.415318547133708762e+03 1.930333341906722580e+03 9.931483486195885613e-01
1.526829970933946925e+03 1.702645845352505148e+03 1.106600241267231999e+00
1.817138665476367805e+03 1.709568679476009265e+03 1.986834341926464687e+00
1.631515239046466377e+03 1.726933192422717866e+03 1.281718180870921708e+00
1.691175527579506706e+03 1.770116313642752857e+03 1.923635347363209069e+00
1.546238364905472281e+03 1.821678937111857294e+03 2.189913273813163919e+00
1.766481488688656555e+03 1.829890909749335833e+03 1.333575599711608328e+00
1.817125884789029442e+03 1.851368432691662065e+03 1.605567153830732563e+00
1.651134515174507442e+03 1.841971022804740642e+03 3.071597172213734517e+00
1.814079182515961520e+03 1.708862199836022683e+03 1.915275550811917693e+00
1.689221039235244689e+03 1.768899073567952655e+03 1.969491741700445386e+00
1.764966899429462501e+03 1.830657179170893869e+03 1.329064204044966502e+00
1.814067178097100168e+03 1.850238777301660548e+03 1.581063273650654244e+00
1.531711295485577011e+02 1.850275406523870743e+03 2.823129266874962351e+00
8.127941501131968494e+01 1.884173357188489717e+03 2.872755521899220899e+00
3.055553553523484993e+02 2.022311898393066713e+03 6.355606934435213962e-01
3.029344251241709571e+02 2.021737621236199175e+03 6.061281976190998622e-01
8.344883422395306525e+02 1.831705026974086422e+03 2.658133945428702294e+00
7.517552885173117829e+02 1.852368697774348220e+03 2.847414624268504557e+00
7.461027638756811484e+02 1.945732375264147777e+03 1.312720858561763126e+00
8.062714042650098918e+02 1.948680949823128230e+03 1.953815385806877414e+00
8.320022299065376501e+02 1.833047087439847019e+03 2.660514710581951991e+00
7.537144074685372743e+02 1.854203690472760854e+03 2.860025623104279990e+00
9.673884268879869524e+02 1.879431283727716163e+03 4.138970325072485190e-01
7.446625986572993270e+02 1.946200537102589806e+03 1.346358673203722489e+00
8.055922448527093138e+02 1.948747456293480809e+03 1.912577901440076555e+00
9.053218025242420026e+02 1.946664580637756899e+03 2.782547839318560534e+00
1.011020610827355085e+03 2.004474664396627304e+03 9.471275255486052980e-02
1.151179968197093558e+03 1.839905274970227538e+03 7.212712193168037585e-03
9.663221370901060254e+02 1.878888715592855760e+03 4.497905349416619347e-01
1.041150385804590087e+03 1.921026599484554936e+03 3.903289622835255934e-01
9.038137049749486778e+02 1.946148279678155177e+03 2.723977185701071946e+00
1.009487441532285402e+03 2.003809024195609254e+03 6.371045909083382364e-02
1.150728206462535354e+03 1.841271720924606825e+03 1.468324036291462735e-02
1.286603386519291689e+03 1.863631752278464319e+03 4.382853634980887203e-01
1.039008401172935237e+03 1.921589048319086942e+03 3.861243609122795295e-01
1.303952509985915640e+03 1.925952343393094907e+03 1.140183556125417413e-01
1.183029818437216136e+03 1.938388676123399364e+03 3.115677537878086323e+00
1.321324716070216709e+03 1.988895296158968449e+03 8.695768324491485179e-01
1.342113668393386888e+03 1.842606239205602151e+03 1.920433978310033041e+00
1.284916300781250811e+03 1.864219532925442309e+03 2.816863275078393958e+00
1.492833975017277226e+03 1.892506054506062810e+03 1.684038057451045400e+00
1.417769396942274852e+03 1.928499349931857068e+03 1.094676079800112056e+00
1.316095485080825028e+03 1.962899179106465454e+03 6.691215283265260494e-01
1.650164350583844680e+03 1.840436374333524554e+03 2.969574830158295153e+00
1.490489680687975806e+03 1.891340442918622557e+03 1.723688881713701493e+00
1.417021281998207542e+03 1.929161347755816678e+03 1.037793207610924640e+00
1.548904526928552059e+03 1.831598236128982762e+03 2.242065758817112453e+00
1.765777136636705563e+03 1.837844194634331870e+03 1.330632768916887976e+00
1.649420760929824610e+03 1.843253005229443943e+03 3.140225691654745965e+00
1.816186799972555491e+03 1.856143014245159520e+03 1.623658150876569062e+00
1.765441794532936228e+03 1.832387096489739861e+03 1.331105636792486502e+00
1.812186023897836549e+03 1.847894528139757313e+03 1.682235315342319071e+00
3.027826380038699199e+02 2.020983263118348077e+03 6.144950391352326236e-01
3.032558231454157749e+02 2.020289221424151947e+03 6.227159316762174157e-01
1.004463620780679776e+03 2.006370708366157942e+03 1.089875211332573951e-01
1.009280632825584689e+03 2.003015790226135323e+03 1.587451068310292424e-01
1.314190458341641715e+03 1.997543985911606796e+03 8.008944504025676814e-01
1.320010595021798508e+03 1.989594247094553793e+03 8.191450445772711086e-01
