1.045998022969085014e+03 4.460537691977152690e+02 1.367185937440037913e+00
1.164710960347804075e+03 4.592311389101479335e+02 7.000258492051099068e-01
1.045885570936144859e+03 4.458398115191073430e+02 1.359919330804354454e+00
1.165310980846760685e+03 4.566499771805924865e+02 7.177293600785995542e-01
1.415154668737615111e+03 4.919932968029651192e+02 8.287548306052412439e-01
1.415565938351808427e+03 4.910687334837016351e+02 7.955082332359677544e-01
1.501799536448904064e+03 5.282267831322660641e+02 1.120868243299546929e+00
1.509760780993754224e+03 5.168535151124083313e+02 1.064972506001316654e+00
1.000071583502747217e+03 6.562276608933877924e+02 1.554219490734874087e+00
1.045967441974994699e+03 4.450008768609204708e+02 1.346357082851533660e+00
1.163817084638250662e+03 4.565447385911124911e+02 6.766927893765818380e-01
1.121570264450308514e+03 5.448535255167332707e+02 3.053703391737417894e-01
1.071590073552977174e+03 6.413585312901271891e+02 9.254179414783282320e-01
9.964479935080598807e+02 6.614763915970293056e+02 1.634275025948055626e+00
1.043587305894129713e+03 4.438237891721491906e+02 1.358208817791295431e+00
1.164300551052011542e+03 4.561193246273766135e+02 7.076813710782625666e-01
1.121532936026648031e+03 5.443885906007487847e+02 3.579189840183389926e-01
1.322664959578396292e+03 5.776892784586151492e+02 1.377772186865927395e+00
1.243457229597325750e+03 6.152953612309275968e+02 2.347645330287284171e+00
1.072030243454335960e+03 6.409696247423861450e+02 9.594510441041601556e-01
1.190468722942728846e+03 6.525411830900895893e+02 2.892737541219235542e+00
1.414395487075100846e+03 4.925390849952631243e+02 7.540537489558225559e-01
1.320045940992435135e+03 5.774757610834193429e+02 1.357366005608970916e+00
1.241543512256175518e+03 6.150298377525355136e+02 2.405297946871697068e+00
1.187712377677117956e+03 6.539449998299127174e+02 2.817585658739786059e+00
1.408555382036356377e+03 6.783405328599114910e+02 1.286512586317436702e+00
1.413346727605286105e+03 4.923636427909613076e+02 8.210375812530199546e-01
1.501641144357709436e+03 5.274209656594834996e+02 1.160908104570619104e+00
1.560665413530803562e+03 5.660051450231068202e+02 1.148034310480436915e-01
1.537851453833119876e+03 6.341828345464514314e+02 2.057265213957661376e-01
1.408380189855191702e+03 6.758802399764656457e+02 1.345897624459966524e+00
1.560562107832044376e+03 5.659659759260482588e+02 1.706960108184527314e-01
1.536478526767033372e+03 6.341535124311320715e+02 2.554776245181470951e-01
1.679494602899010715e+03 6.383927482516216969e+02 4.829708591514115246e-01
1.770130892397159869e+03 6.801657355722045395e+02 3.680307044707850084e-01
1.681565998180238921e+03 6.375643474254635521e+02 5.401592810791091548e-01
1.769285031596019280e+03 6.790593865092139367e+02 3.918430209258285113e-01
1.351394829113833111e+02 8.139153241407041151e+02 7.177936389369413694e-01
6.159690411562423833e+02 7.476620130700349591e+02 1.387185828895203699e+00
6.719427650927077593e+02 8.111475835058661232e+02 1.441753556939908698e+00
5.578262315089926915e+02 8.113104667403997610e+02 2.363497044417640414e+00
7.984416799432812013e+02 7.152656469431019559e+02 1.184585873735833239e+00
7.306530589881469950e+02 7.348034975384246081e+02 1.444315987025675208e+00
6.157851947957142329e+02 7.472118860130742632e+02 1.393947686996241275e+00
6.694697265408922249e+02 8.118155479499928333e+02 1.463006942170646418e+00
5.552111264009333809e+02 8.098732265113816311e+02 2.362178180427628948e+00
8.091024592437062211e+02 8.211596744992889398e+02 2.748358757608115877e+00
7.231480649643168590e+02 8.500092898785136413e+02 1.344172615880706356e+00
9.999660214500381699e+02 6.576848704837393598e+02 1.553146823096464679e+00
7.969989663798622814e+02 7.162476298322633284e+02 1.230098254114597056e+00
7.295141906554496245e+02 7.353929831237112467e+02 1.472863628295997040e+00
9.557925063840243638e+02 7.882494994909391153e+02 1.154199505994308650e+00
8.115610293552260828e+02 8.115723475644788323e+02 2.934430425713806301e+00
7.207343941270110008e+02 8.447576488498259550e+02 1.217079347579216986e+00
1.071916679336112793e+03 6.403839462511743932e+02 8.945460590775365928e-01
9.969163219638694500e+02 6.600694027722738610e+02 1.580809104836867762e+00
1.110884333487674439e+03 7.019848857253095957e+02 5.278301100641275001e-01
9.543507369272726919e+02 7.898239711788039585e+02 1.194651389266821351e+00
1.030102162763523665e+03 7.919738576661889056e+02 1.499658721074460299e+00
1.132793640990288395e+03 7.812937575268001638e+02 2.647327587017229700e+00
1.321935860336788210e+03 5.772704154802727317e+02 1.324255762932547764e+00
1.243632817070509873e+03 6.144868592612348266e+02 2.332562761883094193e+00
1.071803878327621078e+03 6.405791739272783616e+02 9.393572321053411667e-01
1.191132245770685586e+03 6.514121275128452453e+02 2.953409916011034753e+00
1.111045928656928936e+03 7.021408488773793124e+02 6.151481145156316721e-01
1.203548427901589093e+03 7.359628643855990049e+02 2.665588297307690535e+00
1.029926387066503139e+03 7.877796714016926671e+02 1.549135450157933080e+00
1.134307250435784226e+03 7.821568796714848304e+02 2.629709406743793831e+00
1.320671325626508406e+03 5.770555619379447307e+02 1.317502774491876361e+00
1.242273161967743363e+03 6.148120174997807226e+02 2.367829923157674266e+00
1.188799741326505455e+03 6.517773834075051127e+02 2.981604348104730740e+00
1.409334782316630481e+03 6.751828938082578588e+02 1.203638142083604201e+00
1.201188789483186838e+03 7.356903892421508999e+02 2.730464476799718820e+00
1.428107695441999795e+03 8.029552206600036470e+02 3.790778933436254050e-01
1.424123759713018217e+03 8.462370110130327703e+02 3.055917030174569948e+00
1.560958863748650856e+03 5.653222199125652878e+02 1.959132599259903185e-01
1.536600102405940333e+03 6.335832359426202629e+02 2.463482991857780524e-01
1.407487922571192485e+03 6.748258793433307119e+02 1.251615887618876100e+00
1.558558865405718961e+03 7.295783972831558231e+02 2.362316701678582653e+00
1.644809366670758209e+03 7.869738645502544614e+02 8.452347703767821852e-01
1.426054124866202073e+03 8.039635375145840044e+02 3.613145990870466617e-01
1.547132272555436202e+03 8.566529535052050051e+02 3.847643820854458885e-01
1.429244502568932603e+03 8.579466612056191934e+02 2.742803968594956121e+00
1.559069098549221053e+03 5.638358023815630986e+02 2.064432940473730216e-01
1.534516030799837608e+03 6.328006503260857016e+02 2.889277156756376308e-01
1.678696031214293498e+03 6.372528474619610961e+02 4.723985759236993265e-01
1.768815047335591771e+03 6.778508081295094598e+02 3.657640988516395741e-01
1.557137848890218947e+03 7.288162442059438035e+02 2.329079373281656373e+00
1.644613969593084903e+03 7.839902644754062067e+02 8.616985828664051050e-01
1.752818280789493429e+03 8.003258033889692342e+02 2.760145680839960480e+00
1.550050526717625416e+03 8.558898823887286653e+02 4.895722323090943573e-01
1.711194490647492330e+03 8.552067644912883679e+02 2.801616789925486461e+00
1.776846413621277406e+03 8.304542433382274567e+02 2.055429008416418846e+00
1.676204795086089689e+03 6.359421219088176258e+02 4.670240325022267380e-01
1.767898077672020463e+03 6.768569824450695478e+02 3.364839279916519432e-01
1.832770270460801385e+03 7.842542352927971478e+02 1.917204720916932503e+00
1.756125903640049955e+03 8.039767213561997323e+02 2.746636368331886402e+00
1.967648754726973493e+03 8.020032843278470409e+02 9.991084269219266956e-01
1.709763616052432099e+03 8.546751990709504980e+02 2.795813629860335769e+00
2.045625205902736525e+03 7.345968490105956334e+02 3.020061316096183113e+00
1.828921360377401015e+03 7.837461723614882203e+02 1.923297078239989411e+00
1.965921851561823587e+03 8.006160830721086086e+02 9.496606277765661241e-01
2.051380656679193180e+03 8.136688396636055813e+02 2.201857668995535811e+00
1.996169004297683387e+03 8.530318582616530421e+02 1.454011169034113315e+00
2.044582550578258179e+03 7.347606562471036113e+02 3.068994554567832544e+00
2.048000391003495224e+03 8.153728681396125921e+02 2.112708863445578622e+00
2.146816705163113966e+03 8.588315443942627780e+02 2.700689986089703343e+00
1.335622384154704605e+02 8.143407007183159294e+02 7.510293903834479590e-01
2.608333495255888010e+02 8.653760813007970683e+02 3.402047085284654049e-01
2.569941861224444892e+02 8.651188798109496929e+02 3.629384402294592582e-01
5.417261863606696579e+02 9.518768381396862424e+02 1.336143724629319518e+00
4.654383118411794840e+02 9.895213355243131446e+02 1.484628770480941773e+00
6.165344774205236718e+02 7.463339208742796700e+02 1.414467838942032651e+00
6.713806862107642246e+02 8.111050810091990115e+02 1.463141386313387970e+00
5.580594347701055540e+02 8.097681066659670250e+02 2.394354419126458300e+00
6.029211706825509509e+02 9.477058633418623685e+02 1.186962965588560515e+00
5.386156628612627628e+02 9.530679278362026707e+02 1.199599878937421149e+00
4.645973363187738414e+02 9.896673556902928794e+02 1.390457760359651518e+00
7.972572035755381421e+02 7.161830467906962667e+02 1.135645305944509520e+00
7.322524214797381319e+02 7.346135670575351924e+02 1.382385865059612806e+00
6.154538970152830188e+02 7.451193078969223507e+02 1.389486426118118345e+00
6.707476556355534285e+02 8.120097919669831299e+02 1.444316729528358101e+00
5.569434411522395294e+02 8.098255336364273944e+02 2.398723466083731548e+00
8.121917109458418054e+02 8.133382323654241191e+02 3.066660035383009575e+00
7.228226445189050082e+02 8.506049988517395377e+02 1.320462474573365741e+00
8.046099389206642627e+02 8.693805308977362074e+02 2.392382862343316763e+00
7.564824722131811541e+02 9.392111904971700369e+02 1.416920106569620863e+00
6.012815964607813157e+02 9.482701698060068338e+02 1.110883763474555197e+00
7.048666914512000403e+02 1.001232592619323214e+03 2.100708282387179882e+00
8.309824837881945996e+02 1.013430068500337711e+03 2.437309326255003850e+00
7.961010676527498617e+02 7.137281078403166248e+02 1.233827944225439843e+00
7.288670699814861109e+02 7.334677097710573435e+02 1.404719378586793965e+00
9.568377230925957520e+02 7.870569127199280501e+02 1.154735411714627791e+00
8.125341796799402800e+02 8.110634418941044714e+02 2.937044110751946047e+00
7.199558055448829919e+02 8.506047823377424493e+02 1.365331081781299138e+00
8.045571643015351810e+02 8.698354845929859493e+02 2.340186630441185578e+00
7.553073661980392899e+02 9.392788905029876787e+02 1.471296654197052689e+00
9.082358432410514979e+02 9.682674584720823532e+02 5.153740693620412205e-01
8.295416268057462048e+02 1.016435255841804519e+03 2.310935005117209062e+00
9.549382127326280170e+02 7.880188470438147306e+02 1.212889405343417160e+00
1.030349637125472100e+03 7.903560846635393773e+02 1.542099739173738548e+00
1.133468467723722597e+03 7.811302504292345930e+02 2.629578037976333160e+00
1.041869163323766998e+03 8.819063970787030939e+02 7.581283768750136653e-01
1.084530546089186601e+03 9.181119667229299921e+02 6.634545554024233738e-01
9.050585985023444664e+02 9.691712926385312130e+02 5.135867683043089382e-01
1.141517709275422703e+03 9.833210980153864966e+02 5.109869870621751575e-01
1.204519156240847224e+03 7.357209580792232373e+02 2.645141608462575178e+00
1.028402403637232965e+03 7.904578803588785831e+02 1.457981544082094461e+00
1.134295292113473806e+03 7.810521889140708254e+02 2.588607717650039497e+00
1.041315448496238105e+03 8.820491480831840363e+02 8.624230849744504157e-01
1.182001330770597406e+03 8.863449476658361164e+02 8.181193084567698337e-01
1.084826121146404148e+03 9.177282926646998931e+02 7.489009064075577982e-01
1.252448857456776295e+03 9.297925525883324553e+02 1.531693630566328679e-01
1.146762307636511650e+03 9.765396156318963676e+02 3.806920875794344017e-01
1.050285349976516954e+03 1.016414142373271261e+03 1.383909381005735018e+00
1.204042498215826981e+03 7.350027309873760260e+02 2.603929520139247167e+00
1.429287947897016238e+03 8.010259682068063967e+02 3.730799069591497763e-01
1.432331849268616679e+03 8.559190216613238817e+02 2.725224728162518595e+00
1.249510863196573609e+03 9.301851668521412648e+02 1.902880463841072345e-01
1.557517989664139577e+03 7.267086169386503798e+02 2.340526162346495465e+00
1.642297215613256412e+03 7.852837567698502426e+02 9.033087604513064806e-01
1.425907656091770605e+03 8.019740434247128178e+02 3.574474402240619408e-01
1.428499458558490005e+03 8.538472200478292962e+02 2.744641075171325273e+00
1.545948131520788365e+03 8.527189314066482666e+02 3.823091270894892202e-01
1.659653669345156004e+03 8.875922786006260594e+02 2.441076161487538698e+00
1.585157067301249754e+03 9.090331881253416668e+02 3.059066776322581394e+00
1.509979274522252581e+03 9.410352421149123074e+02 4.583164354229284781e-02
1.571712576877495167e+03 9.833045204986699446e+02 8.498020552656260218e-01
1.641735713663483466e+03 9.910884902082448207e+02 1.064814987273216440e+00
1.556921905850435905e+03 7.283671680457381399e+02 2.366335587956067688e+00
1.644999191146693420e+03 7.831853172741610933e+02 8.284519295297360086e-01
1.760314902139667538e+03 8.085324927124962642e+02 2.605842379070897774e+00
1.714036661091935912e+03 8.515737822313374181e+02 2.816507705386164684e+00
1.547709399101472400e+03 8.542927443000857011e+02 3.172156525681377182e-01
1.658127135901372412e+03 8.877215584528617001e+02 2.521762678462864837e+00
1.582650798736935258e+03 9.092538715415735169e+02 6.921266019037582151e-02
1.794079657988041163e+03 9.120308269792074043e+02 2.409544915485913041e-01
1.509474784884197561e+03 9.413654542698225214e+02 1.733139877441938204e-01
1.748319258741683598e+03 9.510949740478940839e+02 2.020138955911019885e+00
1.570902061698438729e+03 9.827220073128314652e+02 7.877989472099979906e-01
1.639621067156257823e+03 9.898153612378810067e+02 1.022765201126928369e+00
1.691490084927331736e+03 1.003142699690010886e+03 1.443401981530845868e+00
1.812768041828651576e+03 8.723101712911279719e+02 2.061935191160396974e-01
1.831849214571457651e+03 7.849019421990532237e+02 1.857842805766727778e+00
1.757754484158965624e+03 8.064515081990758745e+02 2.772805103720224817e+00
1.970571892417649451e+03 8.014089039115857531e+02 9.169634318205731605e-01
1.712702296421871324e+03 8.523160425848100203e+02 2.871409896606285983e+00
1.809726383038670292e+03 8.720510005868943608e+02 2.324265790786941288e-01
1.922662321396955576e+03 8.939721404591866758e+02 2.275498149874338516e+00
1.795185645076850051e+03 9.152320103738331909e+02 1.773696504731756551e-01
1.746775584853799728e+03 9.524584064179657616e+02 2.046022370680291580e+00
1.856442509882019294e+03 9.811887848168362325e+02 2.055004701195798922e-01
1.688003680215728309e+03 9.976102294365045964e+02 1.498248261410352500e+00
2.046081944793026651e+03 7.363175116326431180e+02 3.060399608862188092e+00
1.829203984180279576e+03 7.849989220840352573e+02 1.945210321280788746e+00
1.967050596833611962e+03 8.001420889187382954e+02 9.380906536642424909e-01
2.050575261431611580e+03 8.135433660780938681e+02 2.221822994364140769e+00
1.996874631741984103e+03 8.535885000382227190e+02 1.423493311178036791e+00
1.922448521454528873e+03 8.941670906129029390e+02 2.303385579482446488e+00
2.067033093956909397e+03 9.321193230553128615e+02 1.821121468605078508e+00
2.002113790274605435e+03 9.398803757058140036e+02 1.118497657773574128e+00
1.865845625379187595e+03 9.651940984525404019e+02 1.702963456268331566e-01
2.045161860838453777e+03 7.344657035438713137e+02 3.045765629872811076e+00
2.050850345222392662e+03 8.132363551608773378e+02 2.217931423805719060e+00
1.993224349337056537e+03 8.513190517893609695e+02 1.496422405370033237e+00
2.148248355263709527e+03 8.579741652021251639e+02 2.754261274521595748e+00
2.067119916762424964e+03 9.317962902526751350e+02 1.814475642840450709e+00
2.001820369768101045e+03 9.364210896501431307e+02 1.137600052778448001e+00
2.197692058620564694e+03 9.875526291670873889e+02 1.198104272367472412e+00
5.395492006245744960e+02 9.538407202533317104e+02 1.302094367043223677e+00
4.647685170710087732e+02 9.885690046426138906e+02 1.415022250065713916e+00
4.951667559660979805e+02 1.061299623675700104e+03 9.272209547331832225e-01
4.428792414852773618e+02 1.144656475079299526e+03 2.448134917656073828e+00
5.173936770661712217e+02 1.159514864969395376e+03 1.622211255617892700e+00
6.028791820462868145e+02 9.458336251569896831e+02 1.137938233320160863e+00
5.396061434466859055e+02 9.513801197748425693e+02 1.161816934818057812e+00
4.652197479113681311e+02 9.878163308041805521e+02 1.371713028920198862e+00
5.689923870842090992e+02 1.059846223934640420e+03 1.297008962446926317e+00
4.951462946841261328e+02 1.060017153834329520e+03 8.206506292541364544e-01
6.327732491505411190e+02 1.079296683385658980e+03 2.042735043784745130e+00
4.408106388565980751e+02 1.144222818029767495e+03 2.537640136096358745e+00
5.817743096626197712e+02 1.160753499433399384e+03 1.441136088179382435e+00
5.159069055521295013e+02 1.162713077950422985e+03 1.584172038629404033e+00
8.079594292327105904e+02 8.711078365422144998e+02 2.408868576555928787e+00
7.562144004319258102e+02 9.373108938667257917e+02 1.415199085229936093e+00
6.016189909863417142e+02 9.462691085765727621e+02 1.128836836450477499e+00
7.041757734137005400e+02 1.000078116236837559e+03 2.018823530057813898e+00
8.301604862771258695e+02 1.016216745456952140e+03 2.385747938314556560e+00
5.675677263132446342e+02 1.061041269097183658e+03 1.258935609808193856e+00
7.988435890202149494e+02 1.052782987478178484e+03 2.848696749419978413e+00
6.312186763211255993e+02 1.079298365013185730e+03 1.970495445365424647e+00
7.761223121336985287e+02 1.111996278644065796e+03 2.795106067743516221e+00
5.803218102495779931e+02 1.155976496745085797e+03 1.266724703099604499e+00
8.048428882273924501e+02 8.716381404916298834e+02 2.358969745176989541e+00
7.550542747105619128e+02 9.356772851759917558e+02 1.429562644046676212e+00
9.079664854403715708e+02 9.670086108646955836e+02 5.703233680981051323e-01
8.288313782378442056e+02 1.015858381794218531e+03 2.296652803968838086e+00
7.963898997088170972e+02 1.053007267577756238e+03 2.809673753997697698e+00
9.275689544848064543e+02 1.082034749946329384e+03 1.487610064964358214e+00
9.784328451080534705e+02 1.108666827916507373e+03 1.040154570100695564e+00
7.743022247700016578e+02 1.111798583534692852e+03 2.757878555816560606e+00
8.778491355953362927e+02 1.124689700864055339e+03 1.721193130752659561e+00
1.043183245011146710e+03 8.789502156018913865e+02 7.915620017987080592e-01
1.178185020001076509e+03 8.873600223573553194e+02 6.521650639710995234e-01
1.084989961854439116e+03 9.149764626924745698e+02 6.787067493746848923e-01
9.067611284152974349e+02 9.672632404373130157e+02 5.449086038779984431e-01
1.141319543074628882e+03 9.967885367686192239e+02 2.758899662357086058e+00
1.049499321594383218e+03 1.019802547670478589e+03 1.379254587206931948e+00
9.265554729451216645e+02 1.082878193021665993e+03 1.616529583480714072e+00
9.755497591564121649e+02 1.107860441056917807e+03 1.116598919064377915e+00
1.058594889594822007e+03 1.100926453058708830e+03 8.064731476152882106e-01
1.180233611578659747e+03 1.118378142970825593e+03 2.164078215487535761e+00
8.752000320560978253e+02 1.123278422418113450e+03 1.990523611127096082e+00
1.126618380517110381e+03 1.160567519130682513e+03 2.710108948116991545e+00
1.041579042226660931e+03 8.776204538687045442e+02 8.119595138896813502e-01
1.182072188986397350e+03 8.841446121843287074e+02 7.803358098911803431e-01
1.082341386749269986e+03 9.142679284421449211e+02 6.372046317156053741e-01
1.252233063406481278e+03 9.294515499051815368e+02 1.301152271940723137e-01
1.147067411599979778e+03 9.759553385515825994e+02 3.422583820490557316e-01
1.048953788174810825e+03 1.019105827910671678e+03 1.379995057725226904e+00
1.133253582361266808e+03 1.020792106330115075e+03 2.535889535532328765e+00
1.259112486221700237e+03 1.043749255875002973e+03 2.264302396282645569e-01
1.057881448854197060e+03 1.100112312373547184e+03 8.347467591656854147e-01
1.179121264088389580e+03 1.126253991794703779e+03 2.128415343168756912e+00
1.276588831131285360e+03 1.109679132309053330e+03 1.066127323745564848e+00
1.337493828171600853e+03 1.139389379409955382e+03 9.924400898829611739e-01
1.128178895538244660e+03 1.164331924624471867e+03 2.697711918088367078e+00
1.249115879520280487e+03 9.294246706100991560e+02 9.253268505591738524e-02
1.451459349610227036e+03 1.030204896116438476e+03 1.209201830483877194e+00
1.255559083334158004e+03 1.043194204913712156e+03 2.404516950858484881e-01
1.274044317948047365e+03 1.110330074169525687e+03 1.013793867262939630e+00
1.409767205118208494e+03 1.140196242942398840e+03 1.156658755472390609e+00
1.333268205195299288e+03 1.138708282804788951e+03 9.581121250822435265e-01
1.494868745504055823e+03 1.146184570122318291e+03 2.283362874724319980e+00
1.660640716125957624e+03 8.808875199754600089e+02 2.433711999746784649e+00
1.585979058177674688e+03 9.064175632437663808e+02 3.094481489518807749e+00
1.510871664163719743e+03 9.399802498334252050e+02 1.696703821803509718e-02
1.571684099039239754e+03 9.803045480703394787e+02 8.090400036041492937e-01
1.638528298241334596e+03 9.879726686859835354e+02 1.062615318249788166e+00
1.450089806037084145e+03 1.030957446754861394e+03 1.165235249804323692e+00
1.511202013657418092e+03 1.072843271158181778e+03 2.074886841984076913e+00
1.588852018941785673e+03 1.092292366975744699e+03 9.521937041808051783e-01
1.648660833225055057e+03 1.098802066759775244e+03 1.531492151344133745e+00
1.407252274423437484e+03 1.141747861323441384e+03 1.076137329593936487e+00
1.495387078748196927e+03 1.148143224263917318e+03 2.330228707214200057e+00
1.657857355361122245e+03 8.850496146630252952e+02 2.573329873360591158e+00
1.792390249006656632e+03 9.085660200722466016e+02 3.107987869514620805e+00
1.748243421726738688e+03 9.481570989283816289e+02 1.222156061090829304e+00
1.513673155732803480e+03 9.370106527633383848e+02 2.087861990936466239e-01
1.570931787310068103e+03 9.797997799446679892e+02 7.790444705495972455e-01
1.638043733489335864e+03 9.872463143232107541e+02 8.913190733667126775e-01
1.689428411867420209e+03 1.003269775151650720e+03 1.373285079278547594e+00
1.733630320094123817e+03 1.065798958470589014e+03 5.556802996465353139e-01
1.508313846702656519e+03 1.074585506083732298e+03 2.136221114028595380e+00
1.588937829648103843e+03 1.091387640620663433e+03 8.496667086054888740e-01
1.643430087164369070e+03 1.099462731683242737e+03 1.467459249238645791e+00
1.814130891191544379e+03 1.097892087540073362e+03 1.722395849930045797e+00
1.718887532521853473e+03 1.133714762506521311e+03 8.027338217350810101e-01
1.808044980756855011e+03 8.693009934967776644e+02 1.041466817401009298e-01
1.925844000372952451e+03 8.943181119859552837e+02 2.355092326855311669e+00
1.791031560385037437e+03 9.125660519406148978e+02 5.887771810365513558e-02
1.744448867829719347e+03 9.532985565102749206e+02 2.108427161562487218e+00
1.861308241847036015e+03 9.667081979487177250e+02 1.915185910175360717e-01
1.688688278098978572e+03 1.004885122791489948e+03 1.341838570269927366e+00
1.843575328847433639e+03 1.018478475299681349e+03 2.484794470396065602e+00
1.933345546583003852e+03 1.045467863149813866e+03 2.285284350777522899e+00
1.732901374178065907e+03 1.066370994117696227e+03 6.095407932718368560e-01
1.812293821027897820e+03 1.096713638164088707e+03 1.663082072433863523e+00
1.716945027816936772e+03 1.135163912921944757e+03 9.494198515194491872e-01
1.878949554626748750e+03 1.128724923360236289e+03 2.161906022484983314e+00
1.945238752938272683e+03 1.145325401848281217e+03 2.182146402469915980e+00
1.921743092418622837e+03 8.934154619393036683e+02 2.364007396486934365e+00
2.066800542025277537e+03 9.320094408683878555e+02 1.842264791820073633e+00
2.001734212741220290e+03 9.394887971497871604e+02 1.069232867330984771e+00
1.864084029362709771e+03 9.649799610464151556e+02 1.753704911854747361e-01
2.083269146050348354e+03 1.049602121466750305e+03 1.322137887008543844e+00
1.844363528674824693e+03 1.021607156436622063e+03 2.613702490807404022e+00
1.931336241127787162e+03 1.042893140999830166e+03 2.334697628176158002e+00
2.127788318194930071e+03 1.123472136220760376e+03 1.253050825793129652e+00
1.876092004193516459e+03 1.129436407175381191e+03 2.131353620076533062e+00
1.947722015312214353e+03 1.148433541934061395e+03 2.195060227123140972e+00
2.065933307383305873e+03 9.311353400964212597e+02 1.919034684675828828e+00
1.999134911996482515e+03 9.399561186775765691e+02 1.135227511699127056e+00
2.197548595485235182e+03 9.872346116740327489e+02 1.188232239196954199e+00
2.081897124134570731e+03 1.050128424027761866e+03 1.394609513589438965e+00
2.125516120750955906e+03 1.123763562190565153e+03 1.336203187953913574e+00
1.940043400049128195e+02 1.252753391034503693e+03 1.866583397735241734e+00
4.935569342571982361e+02 1.060696553873175844e+03 8.811015107519140077e-01
4.429500421810968191e+02 1.143028344289522465e+03 2.407529774805808653e+00
5.157087753169288362e+02 1.161301302755813595e+03 1.546171883250703871e+00
4.846479929453780642e+02 1.291902642151921100e+03 1.786508758068524605e+00
5.693640432582636777e+02 1.058515278717455658e+03 1.225470386160102843e+00
4.945593464500742584e+02 1.059059713317710930e+03 8.189303977247062161e-01
6.326788710146528274e+02 1.078005157629758742e+03 2.019121392171552287e+00
4.429910759611525464e+02 1.143216787198135989e+03 2.517030799176872335e+00
5.813144331631342538e+02 1.159413435702599600e+03 1.337604665454193764e+00
5.157462703316095940e+02 1.162498046841239557e+03 1.478176611269619523e+00
6.569438396415155239e+02 1.207469906324154181e+03 2.247383765349625584e+00
5.440108213252666474e+02 1.269950668483031222e+03 1.994885737288013994e+00
6.090025732987795664e+02 1.274922111832594283e+03 1.669824767781429964e+00
4.845191679014222927e+02 1.291542583865379584e+03 1.766954691564522895e+00
6.662405519048253382e+02 1.312845340337380321e+03 8.520545561430369341e-01
5.662320328021946807e+02 1.058488920013371398e+03 1.143772183134147635e+00
7.990679163858501397e+02 1.050269140594445616e+03 2.905885861848156004e+00
6.307597014546339551e+02 1.077397267037322990e+03 1.964924075017174143e+00
7.765084477213375749e+02 1.110356727749258880e+03 2.839333779462283047e+00
5.801865812566119303e+02 1.159445783663825296e+03 1.341763579069638279e+00
6.553453291671793295e+02 1.207996492163217681e+03 2.220079843187151347e+00
8.380235006387206340e+02 1.221077512781527730e+03 1.736851655707839948e+00
7.241482776456264219e+02 1.217202733050904726e+03 1.977076455125381882e+00
7.836340421133604650e+02 1.239588385865756209e+03 1.702148107222723583e+00
6.072451664319269184e+02 1.275883403245574073e+03 1.643219042029729904e+00
6.632995116944254050e+02 1.311999883285102442e+03 8.506692116440526252e-01
7.423083507345234011e+02 1.339116886635040828e+03 2.231559737047113412e+00
7.966751869126904921e+02 1.048246223882129925e+03 2.834999356114114022e+00
9.283479179325993300e+02 1.081967648122340279e+03 1.521570796562014882e+00
9.780526486844551073e+02 1.104337975199719040e+03 8.592488529877418957e-01
7.747855888081483045e+02 1.109170892024642626e+03 2.767094758531254861e+00
8.786587292234464712e+02 1.123375485613155661e+03 1.703095925847864622e+00
9.110698370267989503e+02 1.198945814825058278e+03 1.804814038088846884e+00
1.007329033915585796e+03 1.182219869810883665e+03 3.772782734553388750e-01
8.361038195297854827e+02 1.219557608780195551e+03 1.726001887375785859e+00
7.202531972440949630e+02 1.216688882493134088e+03 1.972017343580445559e+00
7.844881953591577712e+02 1.238054175030076067e+03 1.774983847814340043e+00
8.989747751998804688e+02 1.303802457792573250e+03 1.926568938234805239e+00
9.528768357180149451e+02 1.292812888691274111e+03 1.371829204063174767e+00
9.276044515442301872e+02 1.081724622636754475e+03 1.582362136370172978e+00
9.773708482562287827e+02 1.105265092870629587e+03 1.027024819392559518e+00
1.058086241558747588e+03 1.099458821510220787e+03 7.863389649730382347e-01
8.768871614335798768e+02 1.124843701517818317e+03 1.717403267792429578e+00
1.132378983766533338e+03 1.161296841646358644e+03 2.806094487727564868e+00
9.100113965550604007e+02 1.198465021305310074e+03 1.841793381961016163e+00
1.006132078205987000e+03 1.182775374390264687e+03 3.643992624336206410e-01
1.105426353144021505e+03 1.201406724732550174e+03 2.383929605643203553e-01
1.089980554213989535e+03 1.268663818273616698e+03 2.823528853842279140e+00
8.969007404593105548e+02 1.299318486331693748e+03 1.947926312388770009e+00
9.509031409751023602e+02 1.294949638720594066e+03 1.435049391861984436e+00
1.012316357548318365e+03 1.297150485706465361e+03 1.696446826471571967e+00
1.260514554185320321e+03 1.041314068029328155e+03 3.085457379785938037e-01
1.055000561372088896e+03 1.099149938705850673e+03 8.070607245764092053e-01
1.276692308225629858e+03 1.108328192000067929e+03 1.071463821539697436e+00
1.178740778037362816e+03 1.124776958131644278e+03 2.120575610224649132e+00
1.333448137543448411e+03 1.135537717052881135e+03 8.990999351342612300e-01
1.129993466467767576e+03 1.162629313530972240e+03 2.741568655805467714e+00
1.102400382516936133e+03 1.201902404735871869e+03 2.118846640961415118e-01
1.199869363995705726e+03 1.225922817814526525e+03 7.345119695334212384e-01
1.272050323228807656e+03 1.239927496324102549e+03 7.392885171719254522e-01
1.088122108320601001e+03 1.269264884541043557e+03 2.797875882159324146e+00
1.314397635301858827e+03 1.279445889916422630e+03 8.329262646503113876e-01
1.163390116109897690e+03 1.335144169120358811e+03 1.011812428402832031e+00
1.232002431499235172e+03 1.340747737732275937e+03 1.675597354275066397e+00
1.450268614154419538e+03 1.032299613883156326e+03 1.155460117301057466e+00
1.255539473865243053e+03 1.040252054720460592e+03 1.749867971777438191e-01
1.274888827237219630e+03 1.108915059897404262e+03 1.001771322708874035e+00
1.409848732423761930e+03 1.138806512949100807e+03 1.080866456795082975e+00
1.332980830199136790e+03 1.136554390700653357e+03 8.488487630101766435e-01
1.498617176459689290e+03 1.148421393229360774e+03 2.396742272167281307e+00
1.431624197256488060e+03 1.193429776758728849e+03 1.387271805648750300e+00
1.198690209883804755e+03 1.225977224814404053e+03 6.859106119342663899e-01
1.271021394320173158e+03 1.239461963431349432e+03 7.123612653967634767e-01
1.311776098826364887e+03 1.278575552665886562e+03 8.525619635365029314e-01
1.366292441323971616e+03 1.292781909101443944e+03 1.500228460637397676e+00
1.441924242253624470e+03 1.315704875612629621e+03 1.808315444307424746e+00
1.229155795181449093e+03 1.340827095521271758e+03 1.725147640210055178e+00
1.450102059999918765e+03 1.027714901462037687e+03 1.118357117492441599e+00
1.511459428157255161e+03 1.072704636451987426e+03 2.150370544260628236e+00
1.589320871664281185e+03 1.089812301545756327e+03 8.457197248533300238e-01
1.645344118266084479e+03 1.100063664009411696e+03 1.569445343373945478e+00
1.407780115191490040e+03 1.138508545844119908e+03 1.024764579926873420e+00
1.495639342090714763e+03 1.147673362245157705e+03 2.401941831240237857e+00
1.602828741991456354e+03 1.193491178108359009e+03 1.630601772028530627e+00
1.430206251727707695e+03 1.193420870559708419e+03 1.352867569833653416e+00
1.502020134841765412e+03 1.228804921651570112e+03 3.045018821994842084e-01
1.659523519651205334e+03 1.230522125737469423e+03 9.616718265128177956e-01
1.362313465532529108e+03 1.289979521649241860e+03 1.396756329806964292e+00
1.440453577247105841e+03 1.316580691705095887e+03 1.805411901148896048e+00
1.573370667135417989e+03 1.322640111168778049e+03 1.964326072237225551e+00
1.495324356975913133e+03 1.341975589442335149e+03 7.853771656246093524e-01
1.732913449663526762e+03 1.065476585194992367e+03 5.417532417355941377e-01
1.507285236937927721e+03 1.073929019480828174e+03 2.317931721860559957e+00
1.586944785934321999e+03 1.090392572961071437e+03 8.790843042616743874e-01
1.644692208057516154e+03 1.098435902832127113e+03 1.571513836706963652e+00
1.814241471449236997e+03 1.099258420948664934e+03 1.814171657690960782e+00
1.716986648062676977e+03 1.131011673092568117e+03 7.051976470281865472e-01
1.601243076058866109e+03 1.195127305257743274e+03 1.650262909963072566e+00
1.743946912830064321e+03 1.183702693506730611e+03 1.061125564890380346e+00
1.655501696219133237e+03 1.229834463077788314e+03 9.678302226625754567e-01
1.778965678380988948e+03 1.244929780132219094e+03 1.293647070282128553e+00
1.570369672500814659e+03 1.324806924403633730e+03 2.043732050884631057e+00
1.817823082657280338e+03 1.315850185245555622e+03 1.433201262983949675e+00
1.935579433485154368e+03 1.043729770120187140e+03 2.409106200458184688e+00
1.732695722989391243e+03 1.063281523743186654e+03 5.215191106577804492e-01
1.811954123420938686e+03 1.096314306694869174e+03 1.692800743953469134e+00
1.878834533121345430e+03 1.126936565424525952e+03 2.186488627346273361e+00
1.716702750697027341e+03 1.130776167368697315e+03 6.990749253645893724e-01
1.949222923740307124e+03 1.148136477097728857e+03 2.257358933670526202e+00
1.743341761886396853e+03 1.183801145602242059e+03 9.898373502505583010e-01
1.848575772599311904e+03 1.213664208165374930e+03 1.982248333370656201e+00
1.778510010325374424e+03 1.244711821145320300e+03 1.188500578920693496e+00
1.814282105495939504e+03 1.317114679743259558e+03 1.424475369745900943e+00
1.849963745673948779e+03 1.026574541672693158e+03 2.547568926204043294e+00
1.931835918127863806e+03 1.043086669103019176e+03 2.372143615647964054e+00
2.082672056979408808e+03 1.050706983338487589e+03 1.296797367702241077e+00
2.126551293823894866e+03 1.122692209885484090e+03 1.267438340503627803e+00
1.877336388989773923e+03 1.127215332027313480e+03 2.081626457372154348e+00
1.948003425216596497e+03 1.147660570486361166e+03 2.167111404925717633e+00
1.847518006859588468e+03 1.213258855848201620e+03 1.939562313780045955e+00
2.081207520704174840e+03 1.047686270318131164e+03 1.354669764618986916e+00
2.125205787901352778e+03 1.122196737452638672e+03 1.301727536072609936e+00
2.145587104864191588e+03 1.224906940086425266e+03 1.860889642442811853e+00
2.214686133546578731e+03 1.324016099855408811e+03 2.289270999892332625e+00
1.940734037804874106e+02 1.251551937210489996e+03 1.804902182855180337e+00
3.586493208559552386e+02 1.358605810653584058e+03 2.400543339977776913e+00
4.842755274434434796e+02 1.290722087856274356e+03 1.708283037176032471e+00
3.566581117744015046e+02 1.359227382525445137e+03 2.382791774584097855e+00
6.590072445676378265e+02 1.209013396142308693e+03 2.220565347926590771e+00
5.437320800910462140e+02 1.269079244989378822e+03 1.910202963832977607e+00
6.091400944032401412e+02 1.273637268352752926e+03 1.634209491832965933e+00
4.838132034616414785e+02 1.291123585914874411e+03 1.693066286571391466e+00
6.646565965267503771e+02 1.311752465203888050e+03 9.126398301350929776e-01
5.557600173405854775e+02 1.365565590971559914e+03 5.658697548892364232e-02
6.804013347888427461e+02 1.408155803974020955e+03 2.563663350868012891e+00
6.317207565883547886e+02 1.446735766609217762e+03 2.381814088918967620e+00
6.555163014885246184e+02 1.207474720370189289e+03 2.205874948907142308e+00
7.236937515845905864e+02 1.215711217783739130e+03 1.941437534603788651e+00
8.361062732807450857e+02 1.219093698118768316e+03 1.757523678602553430e+00
7.829943094684758762e+02 1.237369622509856981e+03 1.612897697126291163e+00
6.068974275066372002e+02 1.274277216391235925e+03 1.600631019218299977e+00
6.627536965258339023e+02 1.310977150754021750e+03 8.783741931453021845e-01
7.432863059024318773e+02 1.339671020668648453e+03 2.195547339461569880e+00
8.119184290132934620e+02 1.356514115939980456e+03 1.774632880775788069e+00
5.519902692710444398e+02 1.366027840585766171e+03 6.223113701153300953e-02
6.787537123267925381e+02 1.408806253383378134e+03 2.644205128105010516e+00
7.634337953475121594e+02 1.437330568465105216e+03 2.372183327243052364e+00
6.313247465912505731e+02 1.445340242026313717e+03 2.400156465435990150e+00
8.357006763678751895e+02 1.218354895376213335e+03 1.709731503150123677e+00
9.110940751807847846e+02 1.202115944939409474e+03 1.708452218142354262e+00
7.217827971198558998e+02 1.218709740460425110e+03 1.901816356895117188e+00
7.819833453279535433e+02 1.237615299825988359e+03 1.633528149861320111e+00
9.489819748265106227e+02 1.293773967439970647e+03 1.198638080769991232e+00
8.978386669848791826e+02 1.304805421069647764e+03 7.351427446892058182e-01
7.421788093520075336e+02 1.340234335937819424e+03 2.233628830838755519e+00
8.105156916192141807e+02 1.356566898414027492e+03 1.802655672429003708e+00
8.686175436326370800e+02 1.358134774073919289e+03 1.867759384503899112e+00
9.409371895679807949e+02 1.411642904437733023e+03 1.287670049728099730e+00
9.958804553237146138e+02 1.406037789887412600e+03 1.932823064711437944e+00
7.614229312154683385e+02 1.437194124555879625e+03 2.396208820539652784e+00
8.732509675518695076e+02 1.482967008364183812e+03 2.998278792906395651e+00
9.887469305976799205e+02 1.493759652020099566e+03 3.049152149846109605e+00
1.013350093526701812e+03 1.297746164761291993e+03 1.636894102697175279e+00
1.104238850602253706e+03 1.200951961337925468e+03 1.818781065021437826e-01
9.090096488392387073e+02 1.211969793513029799e+03 1.753481533933639369e+00
1.089305358444481953e+03 1.267357664211032215e+03 2.820861747800214037e+00
8.967256083143483920e+02 1.309330079819319963e+03 4.265101538651429325e-02
9.482866353593522035e+02 1.292960108045734387e+03 1.438721543855126406e+00
1.010155290654686723e+03 1.296712097268262141e+03 1.718107679579518488e+00
1.163573328352480985e+03 1.333229014033416661e+03 9.092855584834974580e-01
1.081736593014094296e+03 1.357095527018984285e+03 1.026111749516284810e+00
9.943957290417447439e+02 1.408018452779154586e+03 1.959087651513876649e+00
9.385746992168628822e+02 1.412318210405318723e+03 1.457623376787648972e+00
1.152579236097959665e+03 1.416321910736984364e+03 8.480525899755418928e-01
1.071446151388634689e+03 1.432385530198365132e+03 1.061650080542024366e+00
1.134229453739833389e+03 1.494654253217397581e+03 4.929646744942116077e-01
9.945560421115421832e+02 1.498486440073420908e+03 5.723658229031438616e-01
8.673284042082143515e+02 1.357614328845025739e+03 1.929307727740313672e+00
1.101006119881375298e+03 1.197947887188411642e+03 1.000978395643459806e-01
1.199966298838899775e+03 1.224219024422922075e+03 6.836431171870250845e-01
1.270942346745405302e+03 1.237990688178990467e+03 6.744054594916703005e-01
1.087893581507240924e+03 1.268467965172021195e+03 2.804506143130033990e+00
1.312839770756945882e+03 1.276573612808301505e+03 8.096069888353907285e-01
1.163466975305646201e+03 1.333361358719851296e+03 9.402389007406126709e-01
1.231265173999708395e+03 1.337856206866455523e+03 1.698041653217944313e+00
1.080741509083389474e+03 1.358106811750820270e+03 1.079945954380497009e+00
1.150329896766837919e+03 1.414724136035913261e+03 8.227666252842138483e-01
1.274828463676887395e+03 1.425567459082271398e+03 1.525337003537488245e+00
1.070942548768776305e+03 1.430025956139842265e+03 1.182866953839228241e+00
1.334904007297815042e+03 1.445211852426965834e+03 1.243443656291816080e+00
1.129377157819597869e+03 1.494828544499488771e+03 3.441588000930815294e-01
1.431114038962459972e+03 1.196695992022480823e+03 1.247954842972267109e+00
1.195891386270111298e+03 1.222559840931851113e+03 7.220389296770957088e-01
1.269497818557143319e+03 1.237155727407742233e+03 6.713747854133808035e-01
1.311082255753015033e+03 1.276700066446941037e+03 7.725582465606632976e-01
1.365812836207754344e+03 1.291452416429651976e+03 1.440705802811218073e+00
1.442243658839630370e+03 1.316480007502475019e+03 1.831144489819550136e+00
1.230190449512322402e+03 1.338257587841179657e+03 1.690530945372965999e+00
1.497337143088568610e+03 1.340056487371362891e+03 7.643616908262090837e-01
1.401797311030549963e+03 1.424818273403053581e+03 1.437287712528734440e+00
1.273217995760231133e+03 1.425655750200535749e+03 1.447078302491977775e+00
1.331243283769271329e+03 1.442877455524080005e+03 1.165700487775487293e+00
1.490338494363408699e+03 1.465087146069691244e+03 1.579495114113117271e+00
1.429418808872527507e+03 1.194673756453098122e+03 1.239205820150606652e+00
1.603448004029162576e+03 1.196259476608329578e+03 1.580029549568031877e+00
1.503215148665159859e+03 1.228164297020500044e+03 2.992228623208507687e-01
1.657898621667885664e+03 1.230264866809075329e+03 8.959167433982543338e-01
1.363113882965946232e+03 1.290883887421245845e+03 1.422628736664216520e+00
1.440688518414760665e+03 1.316164619374309268e+03 1.774946247994662496e+00
1.574027258478105296e+03 1.324272297839986095e+03 1.983169211566092383e+00
1.494658994625744526e+03 1.340881200457301475e+03 7.235914914674991261e-01
1.636330025481382108e+03 1.417066447589404788e+03 2.146733196383217024e+00
1.401005117501975292e+03 1.425131136112680224e+03 1.391515377516949092e+00
1.537663256575160858e+03 1.420365405589283000e+03 1.871513586559342412e+00
1.486211832520189546e+03 1.466401986396050688e+03 1.577117617442150621e+00
1.600797912054737935e+03 1.194182077944489492e+03 1.593551173023583845e+00
1.743410528525467043e+03 1.187174031657816613e+03 9.593383258475522979e-01
1.657155165113916610e+03 1.229234155653213747e+03 9.569434630948463472e-01
1.779196813946183966e+03 1.243178147684106079e+03 1.196961950424620058e+00
1.816059404498532331e+03 1.315563440216680192e+03 1.403020841912163252e+00
1.573983954575295911e+03 1.324854657960280974e+03 1.966821403472259755e+00
1.634348110994757917e+03 1.416196798187312424e+03 2.103313501933006702e+00
1.536044577550107533e+03 1.422603650091074542e+03 1.840578099553131119e+00
1.849581501372649882e+03 1.212452616488377316e+03 2.048950243697363671e+00
1.778465897407669672e+03 1.243568283317731357e+03 1.208601945849206105e+00
1.814231107601818849e+03 1.316605912489523689e+03 1.435049511878921935e+00
1.848336248919240461e+03 1.217199113401444720e+03 1.992072608474107831e+00
2.145457742323160346e+03 1.223241834533338988e+03 1.794616505105185444e+00
2.213546501413054102e+03 1.321736457894738805e+03 2.280009661489546424e+00
3.613437732830534515e+02 1.362843027988530594e+03 2.547050460140196648e+00
3.577083211762330848e+02 1.359012014717946613e+03 2.453712023593360492e+00
5.553262945181626264e+02 1.366441768063308700e+03 1.180023884787523430e-01
6.825902919822588046e+02 1.407670026311483525e+03 2.457387909545317939e+00
6.305501199428733798e+02 1.446422752699652847e+03 2.293368136935893364e+00
6.399602579107213387e+02 1.532151439341697824e+03 2.884978675534279446e+00
8.117314975394129988e+02 1.358708418582638387e+03 1.587393397713366738e+00
5.575208784965151381e+02 1.367409232725433640e+03 2.310719028010740084e-01
6.783812081157270768e+02 1.405987268295809827e+03 2.508496415007080316e+00
7.636657336967277843e+02 1.436260434385710141e+03 2.274386711038207665e+00
6.291476784938270157e+02 1.444889574952619114e+03 2.258009011222745333e+00
7.712456307387424204e+02 1.517860342314937498e+03 2.654501531234998879e+00
6.384467787886405858e+02 1.530372899265506021e+03 2.957606966691169070e+00
8.259369281885027476e+02 1.610117869129568362e+03 3.114725462554368551e+00
7.823483032050974089e+02 1.659238913084871001e+03 2.820840411620345378e+00
8.101400040672397154e+02 1.352459903751643196e+03 1.725101014230620455e+00
9.991350988218689508e+02 1.407097876485492407e+03 1.925366865096108882e+00
9.387835707395483951e+02 1.410152466996414887e+03 1.377305686751794100e+00
7.619072858449293335e+02 1.436303390320035078e+03 2.290655365435299018e+00
8.735476316669130483e+02 1.481554630398561130e+03 3.009731560655944715e+00
9.977365232968302280e+02 1.495792811197744868e+03 3.023743501417272217e+00
7.694140075234046208e+02 1.516435050737556367e+03 2.623623861525959722e+00
8.635050993373575920e+02 1.553740959919020270e+03 2.155486224080850999e+00
9.754489875744657184e+02 1.548932261533176870e+03 5.054908439686255361e-01
8.295332817879268532e+02 1.609908975035222056e+03 3.077215682296913002e+00
9.551185205964209217e+02 1.625911417773505946e+03 4.970144499075320743e-01
7.803538022168002044e+02 1.660085581433692823e+03 2.775628285647315785e+00
8.684846726681957989e+02 1.358242400139312167e+03 1.877052964882570008e+00
1.081535097190027955e+03 1.358034291852928618e+03 1.133338167879204716e+00
9.951615744690957399e+02 1.407187859197262242e+03 1.953532087452187760e+00
9.378577266278239222e+02 1.411627778202583841e+03 1.481899651027467346e+00
1.151418607021390471e+03 1.412963171517890714e+03 9.109817389073973093e-01
1.071670185540627244e+03 1.430182015548381059e+03 1.132471710697251499e+00
8.718880228776495187e+02 1.482375811478786090e+03 2.942346425038674163e+00
1.134002188523717450e+03 1.491423343475121101e+03 4.170763087420695792e-01
9.958445699659191632e+02 1.497705956435460848e+03 2.893186651723411273e+00
9.751238723208339252e+02 1.548187377956963019e+03 4.752959737041602128e-01
1.141725300320392762e+03 1.544230405016912300e+03 3.376047082743247052e-01
1.063058489609759363e+03 1.584392404987555892e+03 3.104539159202508891e+00
1.174478538269627052e+03 1.589599523588300599e+03 1.031504197275671109e+00
9.546964260461577396e+02 1.624277504663446962e+03 4.606674480855340037e-01
1.040792623514876141e+03 1.656525927774328920e+03 2.873413326528196365e-01
1.080024866683160781e+03 1.356343594621299872e+03 1.050904539231193091e+00
1.150225329551897630e+03 1.413443103948018688e+03 8.488004525494281527e-01
1.274310306977507025e+03 1.424239699574184442e+03 1.483401822686211347e+00
1.069750073572530937e+03 1.430482565178115919e+03 1.165700830081526362e+00
1.333722247882183638e+03 1.441403716673592271e+03 1.220999898911814707e+00
1.131820172783517137e+03 1.491658985589567692e+03 3.567161077394280788e-01
1.244936125966531790e+03 1.527635215865617056e+03 2.838031950283378180e+00
1.139837563525970836e+03 1.546380597666295216e+03 2.224917524704111971e-01
1.061941010192322665e+03 1.585051005039551228e+03 3.087183120108205614e+00
1.298968461220053314e+03 1.593860743456387354e+03 6.937605451728786621e-01
1.173594825858551530e+03 1.590704913412079804e+03 9.487406100069770698e-01
1.192820630152299827e+03 1.643997645383741201e+03 1.075507173007318462e+00
1.051856187325668316e+03 1.656080641781159102e+03 3.098772050785962850e+00
1.403341034907055700e+03 1.423577131558726478e+03 1.452252223629085126e+00
1.272653143752598226e+03 1.423900269283053376e+03 1.446391479664095758e+00
1.333549138638574277e+03 1.440902340593252575e+03 1.221835764648335543e+00
1.488883737592866510e+03 1.463596897449622475e+03 1.584350625245026123e+00
1.243862068641865790e+03 1.526618777810006804e+03 2.875811190038878529e+00
1.296203117158649320e+03 1.593733165532705016e+03 6.529597656549765983e-01
1.194872895661304483e+03 1.642684861166639848e+03 7.939101066409923746e-01
1.636132652077626972e+03 1.415652147956870294e+03 2.137642966233959108e+00
1.402533549679828411e+03 1.424943767550395478e+03 1.415861248016755614e+00
1.539237577502079148e+03 1.418481383390013434e+03 1.903057943833422527e+00
1.486094672816277352e+03 1.465623245467036440e+03 1.581588683895537084e+00
1.633687501680069545e+03 1.414839631889599787e+03 2.051273946943823034e+00
1.536242400536867081e+03 1.418098232133608008e+03 1.881069165591451986e+00
6.371798026192218458e+02 1.530468361561967413e+03 2.944103399022247380e+00
7.718971942006581912e+02 1.519840463399267264e+03 2.613481283357508733e+00
6.369287335731642088e+02 1.530035077361885897e+03 2.878043036079187988e+00
8.301819894893893661e+02 1.609513075872772561e+03 3.073412959552296098e+00
7.842473215505328881e+02 1.661497475924363698e+03 2.719482233157160422e+00
7.716272577186123272e+02 1.518538754425814432e+03 2.521238395722504855e+00
8.638115620700890531e+02 1.551712976127259026e+03 2.122538612179188711e+00
9.736714420110799892e+02 1.549519409150857655e+03 5.018663461180674634e-01
8.299690611309040378e+02 1.608199266978290552e+03 3.013524054674376451e+00
9.562554834505206145e+02 1.622504311779621503e+03 4.592545222538713112e-01
7.830959954035298551e+02 1.658430128360979552e+03 2.651819542848204758e+00
8.917341694330998507e+02 1.670672823490338033e+03 9.311017995135303926e-02
9.252058814330689529e+02 1.727770017927439994e+03 2.956508239324223020e+00
9.912125864084516706e+02 1.816014179570329361e+03 2.379233672670509669e+00
9.752193203383699256e+02 1.547840448143053891e+03 4.756341068523173843e-01
1.139340201322138000e+03 1.543362200249255920e+03 4.029058930220828505e-01
1.062326860176767468e+03 1.583344047649984077e+03 3.129930736694225057e+00
1.174792524082459067e+03 1.588009536991971345e+03 9.277539003411062746e-01
9.552553436763284935e+02 1.622354161357577595e+03 4.233035901672236312e-01
1.039766140416656981e+03 1.652227981395813231e+03 3.347648695917139761e-01
8.907050923910232996e+02 1.670954814209887445e+03 3.114056512015263678e+00
1.086541919060604187e+03 1.715429089835266268e+03 1.441686702231238959e+00
9.219987473207816038e+02 1.726273148830412765e+03 2.878043852027003080e+00
1.024058765677799329e+03 1.744090504687427710e+03 1.982176493895854597e+00
1.101853132209503656e+03 1.784725781782735112e+03 1.426521703274809205e+00
1.170227139130555315e+03 1.785673349976535746e+03 1.619978771101049597e+00
9.949915325165848117e+02 1.821652291679290101e+03 2.386695874643034898e+00
1.246818319558070925e+03 1.524747265065726879e+03 2.847376279071498040e+00
1.138748065090422870e+03 1.544548736175581553e+03 2.366389642771674906e-01
1.298542994897917424e+03 1.590871290162403739e+03 7.018339118469055782e-01
1.062941002229895957e+03 1.582905178223391886e+03 3.078292268377616381e+00
1.173558542771350403e+03 1.589467615540789666e+03 8.576834719252087735e-01
1.195603237751111237e+03 1.641377669227968454e+03 9.644709482213822405e-01
1.039934683381761943e+03 1.651901586498390998e+03 2.812587712953646402e-01
1.085968861269720946e+03 1.713934932694422741e+03 1.423701306858081717e+00
1.100658811565588167e+03 1.782073388228939393e+03 1.426630155793402688e+00
1.171193572921448549e+03 1.789007877732355382e+03 1.748747876356559150e+00
1.247078731304543453e+03 1.526806014231165818e+03 2.931024805319063287e+00
1.297444478193598115e+03 1.592293011167955683e+03 7.106280894572147844e-01
1.192462519065615425e+03 1.641190068456919789e+03 9.398719878424697249e-01
1.465464319270779470e+03 1.707112452927567347e+03 1.400982273557803248e+00
1.464270320172500760e+03 1.706513647895553049e+03 1.358512242819585936e+00
8.518159654677599519e+02 1.916033247600119012e+03 2.962346300765586804e+00
8.325918124226125201e+02 1.970621813705589375e+03 1.871209307585673109e-01
8.921592149247428551e+02 1.666268728172344936e+03 2.008707801469406251e-01
9.260661765265085705e+02 1.727521353073982482e+03 3.001219418762217206e+00
9.977358248901564366e+02 1.820916046880704243e+03 2.357395112118179537e+00
8.919344661126131086e+02 1.822582294361286586e+03 2.956178970094427427e+00
9.833579300670944576e+02 1.870109638130276380e+03 2.301801178202656228e-01
8.570810671043881257e+02 1.917290340993635709e+03 2.894353535174310821e+00
9.633990143254336544e+02 1.946827663385535743e+03 8.748106024529220814e-01
8.379786507360115593e+02 1.975442751718462205e+03 1.653327961950741510e-03
8.923286428522214919e+02 1.670132525954770472e+03 1.432130796954857455e-01
1.087330985166891651e+03 1.712144839826622729e+03 1.398980573795812532e+00
9.227302411478224258e+02 1.725439861031224837e+03 2.917965700486297109e+00
1.024070870577389996e+03 1.742062994280306839e+03 1.982150618803279807e+00
1.102759974959710235e+03 1.780354855380145409e+03 1.343231201662388852e+00
1.173997452230152703e+03 1.786577734028159057e+03 1.699805398844335347e+00
9.921976864102955460e+02 1.840520003745791428e+03 2.471623507288829735e+00
8.913741833138331003e+02 1.823310740235952380e+03 2.975513706630498856e+00
1.116339101910534282e+03 1.875068066761681166e+03 9.040904289550216744e-02
1.180108574884597374e+03 1.919709048368966251e+03 6.690162320016023179e-01
9.609627650757813626e+02 1.947571790431332374e+03 1.038217406494763295e-01
1.070361365022312384e+03 1.968920680922179145e+03 2.977822007299823159e+00
1.085671270432919755e+03 1.709436915963297906e+03 1.476582520962358869e+00
1.100689899299968829e+03 1.780581500495239879e+03 1.375369879209620061e+00
1.171123263633527358e+03 1.787628516674670664e+03 1.730642460119093506e+00
1.301452107964904826e+03 1.869334241099421433e+03 8.721347270918912431e-02
1.116583848051024461e+03 1.875402986077489686e+03 5.070117335625311250e-02
1.181085823319876908e+03 1.919677290437006832e+03 5.828935779268948902e-01
1.262694726121785152e+03 1.945774568180002461e+03 3.817971382168928174e-01
1.070499924205054640e+03 1.971153011059675919e+03 2.900230246242627263e+00
1.465101991322117328e+03 1.706116315608252307e+03 1.465195637268535744e+00
1.437934535930879065e+03 1.817947601665721550e+03 1.134199269474023275e+00
1.485348192233227337e+03 1.842563014889971782e+03 1.793529256252824222e+00
1.299665101477160988e+03 1.869406494106714035e+03 7.057234071414526799e-02
1.367247926532033489e+03 1.945699445945705975e+03 8.845754403137069399e-01
1.260194016725360598e+03 1.943711067172276671e+03 3.465399004639618252e-01
1.464624334819819296e+03 1.705247002512432346e+03 1.357544638966378114e+00
1.437146773322543368e+03 1.818668635714950597e+03 1.051934043935459417e+00
1.483496251036516696e+03 1.838872262338544260e+03 1.798396194544374049e+00
1.367544574763631772e+03 1.943532638027858411e+03 7.969466967952592018e-01
8.560416312797699447e+02 1.915084862665746641e+03 2.952269317429998097e+00
8.395385581253081000e+02 1.969837495723641950e+03 5.984396742098651439e-02
9.803993458927911888e+02 1.872437141843400923e+03 1.322451461395456607e-01
8.575753596178130920e+02 1.916453115891997186e+03 2.854195147749626127e+00
9.629151933648365684e+02 1.945489469298586755e+03 8.628416552990121335e-01
8.388350546536203183e+02 1.972277911600413518e+03 3.092205267856003470e+00
9.443429959411696473e+02 1.997534153141022216e+03 8.537509056184826584e-01
9.906880374633690280e+02 1.850886679068273679e+03 2.321429066782750184e+00
1.115731458730995655e+03 1.874114962862036691e+03 8.469993490899560551e-02
1.179004347625968194e+03 1.919043175761086786e+03 6.891051423303427015e-01
9.613080027160881400e+02 1.946592274707891647e+03 8.903599326022644256e-01
1.071779974062454585e+03 1.967417930739092299e+03 2.940004812417821078e+00
9.435025123311061179e+02 1.996890782999161274e+03 8.692302368113684619e-01
1.075863302376261117e+03 2.026068090024955836e+03 5.385651534375278660e-01
1.167154999668128085e+03 2.079599675044688865e+03 6.246974406434352423e-01
1.299463600711355639e+03 1.869117239614954542e+03 8.462142137290591393e-01
1.114957186545389959e+03 1.874039287652800795e+03 5.878290310402603525e-02
1.180414219839358339e+03 1.918768625950589012e+03 6.936701819527403279e-01
1.259807388703691913e+03 1.943406528662897927e+03 4.027739893543468286e-01
1.071318821846215315e+03 1.968339709307871090e+03 2.893332475316255259e+00
1.205304214851682218e+03 1.989940932270015765e+03 1.421015548950146645e-01
1.075281477279148930e+03 2.025080875351678969e+03 5.980860999903747643e-01
1.168977080016121818e+03 2.075752678690969788e+03 6.609108244198048654e-01
1.487653561700532464e+03 1.848549289692123466e+03 1.825763785502689585e+00
1.300053632131148561e+03 1.868770099736786960e+03 7.467026863142875448e-02
1.367791158251372963e+03 1.944992301840355140e+03 9.586597029039135576e-01
1.261065592714752484e+03 1.943088429054259450e+03 3.614425209015201812e-01
1.205683105226252337e+03 1.989649042558789915e+03 2.069563293696128070e-01
1.483941710287052047e+03 1.841883296965299223e+03 1.786903788354799127e+00
1.365232036434903875e+03 1.946223234310589305e+03 8.749044661824235680e-01
9.407260631051742621e+02 2.002918816043184961e+03 7.829792580567276339e-01
9.421489603024845110e+02 1.997173110957860899e+03 8.688502928395327451e-01
1.075085355336346311e+03 2.027366764806096398e+03 4.940591126644355846e-01
1.166133555450997846e+03 2.078424341840851412e+03 5.955912122505546691e-01
1.204080794822877579e+03 1.990518482299209609e+03 2.389171100102506773e-01
1.075211702621005315e+03 2.024071958236925184e+03 6.008314952905597917e-01
1.168807609821395317e+03 2.075830930857321164e+03 6.526009150724727537e-01
