9.946259057592064892e+02 4.485917547279738073e+02 1.169434574323501730e+00
9.928737618074742386e+02 4.481499544193089832e+02 1.137694610310722165e+00
1.060964389984928175e+03 5.080286266573923513e+02 2.976161687828690283e+00
1.062827009337071331e+03 5.074637176569826806e+02 2.972946738694583591e+00
1.743754004960713019e+03 5.409635442919729940e+02 1.040821278007277417e+00
1.842792609427456682e+03 5.299571390754123286e+02 8.501080796863594302e-02
1.842661821710714321e+03 5.284379577481656725e+02 2.676093062809789536e-01
9.927349295089775296e+02 4.472567320111870686e+02 1.140256632151781302e+00
9.489068038926022837e+02 6.353771137677447314e+02 1.489604198299852689e+00
8.870343501329282390e+02 6.892345271829906324e+02 2.046708485847335002e+00
9.931552765734941204e+02 4.460765931819424850e+02 1.124114849416953277e+00
1.060462058982811641e+03 5.063452027795151480e+02 2.900153312424829988e+00
9.488110763515974213e+02 6.355565526610155302e+02 1.521799516211370440e+00
1.112694163787394018e+03 6.269939496131920578e+02 4.426996229355599222e-01
8.843084004921299766e+02 6.886609848458309671e+02 2.089693811107446120e+00
1.059546820437644783e+03 5.063669439898352493e+02 2.856465989896480373e+00
1.243978284458040207e+03 5.548590851105800539e+02 5.576667141810183193e-01
1.111883897552563212e+03 6.276883412388795023e+02 5.396193323141370568e-01
1.234045613639095791e+03 6.319918491600585639e+02 3.087522796623096699e+00
1.242017938312131264e+03 5.546426733307166614e+02 5.491713308185288689e-01
1.230789493332163829e+03 6.314429696234835774e+02 3.123314651887031168e+00
1.462759178773189888e+03 6.508316544292731578e+02 3.900672923831314254e-01
1.575608118040490126e+03 6.364767653087913004e+02 2.602076431286338920e+00
1.459064127804716463e+03 6.489857589414779113e+02 4.588686404301141608e-01
1.741890295627903924e+03 5.426148147566657371e+02 1.005438374484428188e+00
1.685808801343949881e+03 6.245686886333720622e+02 4.765570406937147951e-01
1.573691553819963246e+03 6.351253814204675336e+02 2.549214855501004795e+00
1.724883831713623067e+03 6.719084997761253817e+02 1.404713468035996282e-01
1.842550450680729227e+03 5.266501189229344391e+02 5.525036351305278454e-02
1.741871878627284332e+03 5.426234794499650889e+02 9.574536157193078711e-01
1.825511410767819370e+03 5.821788019660754117e+02 9.286685857386663134e-02
1.921826842062632295e+03 6.201306143532566466e+02 1.897649930442113941e+00
1.686435987860025534e+03 6.252725265211124679e+02 5.533145443570639532e-01
1.877726010382183631e+03 6.704724972830719025e+02 2.166657222168795194e+00
1.725471873952485339e+03 6.691595399313249573e+02 1.356663536087909794e-01
1.841740137281486568e+03 5.273429660853057612e+02 1.505574842856044759e-01
1.988796917611250592e+03 5.606133513368240529e+02 1.210733698361145666e-01
1.827143772338784856e+03 5.808137929735665921e+02 1.081598392422335464e-01
1.921357837550507611e+03 6.203755175780910349e+02 1.891882971666895452e+00
1.994094706071609380e+03 6.208041729790963927e+02 2.839008517006164745e+00
1.874603995138679238e+03 6.716694443215870933e+02 2.160028374063069467e+00
2.002339872464900964e+03 6.950240542624570708e+02 2.358150128894823894e+00
1.986617544766983883e+03 5.598487612367706561e+02 2.311663672840806594e-01
1.994933401096070611e+03 6.232022635314723402e+02 2.902925418572902760e+00
5.196214143984079783e+02 8.469440227212857053e+02 9.980342988357762124e-01
6.963668184933976590e+02 7.127271151988131805e+02 1.301474543934907080e-01
5.546856996097783394e+02 7.337263229353212637e+02 6.254440801271416994e-01
6.381274635862234845e+02 7.887538555759363135e+02 6.420090081436966578e-01
5.202054409730345697e+02 8.425654446550915964e+02 8.934024481704965215e-01
6.962392631585538538e+02 7.129899478623091227e+02 1.268933577215012320e-01
5.533662673055549703e+02 7.343571997211420239e+02 6.857830778249647263e-01
6.380648863032176905e+02 7.893836653876048786e+02 6.658784371897745746e-01
9.497733534624710501e+02 6.339865994374205229e+02 1.471800372868948603e+00
8.874179483035004523e+02 6.866806169765918639e+02 1.997974441839971860e+00
1.009494750719688909e+03 7.278986024789220437e+02 1.050035187677631265e+00
9.381442638815028658e+02 7.580427055973656252e+02 1.401718823011812498e+00
9.489805898384461216e+02 6.339756939625693803e+02 1.490222758996369690e+00
1.112284661230024994e+03 6.259839670429473699e+02 3.846469835700475071e-01
8.868799436330302797e+02 6.856222419502537377e+02 2.000646879886091689e+00
1.005696048115982194e+03 7.276055970768185261e+02 1.081901371681028401e+00
9.371803940854713346e+02 7.577590648737632364e+02 1.452273018460081611e+00
1.064338824576250545e+03 7.584906048615913505e+02 3.657322065123174704e-01
1.180144309942678547e+03 7.637122784932120112e+02 1.060055429668657734e+00
1.053787134788316507e+03 8.555968793970439492e+02 1.113497850714513460e+00
1.245867438756554066e+03 5.524726209597915840e+02 4.908527769074078617e-01
1.112429256147685919e+03 6.258634926441727657e+02 4.247678106842420753e-01
1.234507002550016750e+03 6.307044166948186330e+02 2.999572755952972791e+00
1.269846902707279924e+03 7.491620031178066483e+02 1.122077402357791298e+00
1.178637470642996732e+03 7.626321479648584045e+02 1.171838911169662323e+00
1.064677951543020072e+03 7.586776826421803435e+02 4.079243903499831236e-01
1.057119537538298800e+03 8.517214282457063064e+02 1.226727109936409876e+00
1.241301821271990775e+03 5.525327118108499462e+02 4.638538097930220427e-01
1.231248563765882409e+03 6.306443371179229871e+02 3.067624360529415561e+00
1.462442823181718950e+03 6.478414554411842801e+02 3.402603056311915286e-01
1.491351150661186466e+03 7.075527747445432851e+02 2.946944492493751788e+00
1.267653283391911600e+03 7.497353839094161003e+02 1.088002069531330607e+00
1.415685216749058782e+03 8.064817719921184107e+02 7.894601678852349869e-01
1.470055614570837861e+03 8.554158202669950697e+02 3.671196275810927889e-01
1.574471474812736460e+03 6.346683398973036674e+02 2.502862613345870901e+00
1.460094741286237422e+03 6.483697089172343340e+02 3.902451209462012294e-01
1.491617869294965203e+03 7.079493306539528703e+02 2.985219813219762042e+00
1.586633770588821562e+03 7.614478662019591866e+02 3.018810909420089672e+00
1.414113329633269814e+03 8.065972337620655708e+02 8.117957915296897253e-01
1.557079574628928185e+03 8.095049123050707749e+02 9.655605424495909694e-02
1.653427945933555293e+03 8.471209902975451769e+02 1.716859443462541712e+00
1.466549838986398072e+03 8.542764989422569215e+02 2.955971286816789778e-01
1.688364311341218809e+03 6.246649261334605399e+02 5.344357749578690919e-01
1.574573934751562092e+03 6.353370693234110149e+02 2.551986301292305193e+00
1.726378732155034868e+03 6.692847753720113815e+02 2.070579535842272459e-02
1.678442102730512033e+03 7.098174451113549139e+02 3.691210929949089170e-01
1.763141825893919304e+03 7.354489265217582670e+02 3.388595396105258950e-01
1.585892496349365274e+03 7.622526888246159160e+02 3.069592628867366280e+00
1.734505287278120932e+03 7.879506686303250262e+02 2.953042384726184189e+00
1.560109320236231042e+03 8.232294687276919376e+02 3.120952816057722679e+00
1.650084241227389839e+03 8.514323287888842060e+02 1.613990751632989440e+00
1.700834368224197078e+03 8.427433202114414144e+02 1.957987244426314444e+00
1.826949098371418586e+03 5.804401562478667529e+02 1.321877713059785575e-01
1.922579079995760367e+03 6.210292120864404524e+02 1.817110849149420782e+00
1.685846063270237437e+03 6.252590965209974456e+02 6.194739856167158498e-01
1.879557800820135753e+03 6.705913765657201111e+02 2.132375358949146538e+00
1.725121582201284355e+03 6.697019543490036995e+02 4.605290232555728225e-02
1.678904083504898836e+03 7.069333320647195933e+02 4.728580587932641466e-01
1.760921847854780481e+03 7.355855254412881550e+02 3.241573598815590818e-01
1.885811831814102334e+03 7.579044261449579380e+02 2.558340625515926892e+00
1.732544387999086894e+03 7.883402788213601298e+02 3.010949252738015502e+00
1.845322690648125899e+03 7.990711429745858823e+02 2.656183085421973900e+00
1.964601656681746135e+03 8.328695905611696162e+02 2.650543194342768416e+00
1.695686831657441871e+03 8.436020875562510355e+02 2.064880344143602997e+00
1.989091608560231180e+03 5.601718602847738566e+02 2.182289844951705027e-01
1.828878950543727797e+03 5.774918993436446044e+02 2.595220808049961470e+00
1.921407316127017111e+03 6.194494138190257218e+02 1.824696598530680669e+00
1.993564001408197328e+03 6.201171599181586771e+02 2.908462408998884641e+00
1.877301352641667563e+03 6.705541009163009676e+02 2.143157405825242723e+00
2.001595474006404856e+03 6.934710496168976306e+02 2.329348820672869191e+00
2.095431482959003915e+03 7.230362494230721495e+02 2.405357192132354438e+00
1.884862533946026815e+03 7.571724394762691190e+02 2.742493429831500684e+00
1.845510176978224081e+03 7.989641885672103854e+02 8.530702064730065759e-01
1.964113570504576728e+03 8.287852218996298461e+02 9.017456839876422658e-02
1.989823700251778973e+03 5.582738659513771609e+02 4.243487677405152203e-01
1.993053282665866845e+03 6.277341116511466907e+02 3.089600530522131017e+00
2.000789513717999398e+03 6.955706522002885777e+02 2.461486098590754956e+00
2.095139619044272422e+03 7.235075848736414628e+02 2.427663416983381062e+00
2.180889068108121137e+03 7.208990892328333757e+02 2.649806767144794684e+00
2.183228509421132458e+03 8.276144724062301066e+02 1.826993613507628345e+00
7.420236911254929169e+01 9.156241152219392916e+02 1.455310100674221063e+00
2.409342331148338872e+02 9.920622951517063939e+02 9.540048398585040390e-01
5.211296540263670067e+02 8.406282977701266645e+02 8.878123555694460434e-01
2.378924780754729227e+02 9.914301945146698927e+02 1.035528051208258304e+00
6.910763135928739302e+02 7.083456639628425364e+02 2.322570405288353623e-01
5.552442711486864937e+02 7.326837267021402340e+02 5.492103840382666080e-01
6.387099736424113416e+02 7.877639687089707650e+02 5.512505447364069999e-01
5.201425762343502583e+02 8.396874820098242935e+02 8.102799062299226307e-01
5.689119039370144719e+02 8.777620310362365217e+02 8.624511643945504957e-01
6.224841085081918663e+02 9.762202600592465842e+02 2.042719541010910689e+00
5.667427114353162096e+02 1.011631988707651089e+03 2.259652020953597518e+00
6.962518781068420139e+02 7.098034885624141452e+02 8.277391051108835829e-02
5.543678826989963682e+02 7.292822545114096329e+02 6.262345456076248151e-01
6.387118402279039628e+02 7.875454824484555729e+02 5.833648652520173616e-01
5.684697043075628926e+02 8.771512653003840114e+02 8.767317137318044740e-01
8.156609866434923788e+02 9.209469767868663439e+02 1.110540022015573447e+00
6.212999266369743054e+02 9.772513114444811890e+02 1.989958587598712247e+00
7.170790553820930882e+02 9.710682752747270570e+02 3.081212317784236099e+00
8.311869705616222745e+02 9.798809847047591575e+02 7.663973606358768231e-01
5.622788880157147560e+02 1.011359838213867306e+03 2.249578975858361307e+00
1.006641415100685663e+03 7.283646796359929567e+02 9.996033385006375394e-01
9.382760532237912230e+02 7.569148578189426644e+02 1.428797644479313567e+00
9.780916843998779768e+02 8.776326844621748933e+02 1.908541370453057828e+00
9.047553026822333777e+02 8.795432807183196928e+02 1.134783274004172560e+00
8.139121730376236883e+02 9.210122079272086921e+02 1.009084093436423357e+00
7.138703733654514281e+02 9.729261269607632130e+02 3.098793637729515105e+00
8.320092132233498887e+02 9.811425078232464330e+02 5.755631118060475782e-01
9.419920381808622096e+02 9.814449521663775613e+02 5.389764435008366217e-01
1.006260286160142414e+03 7.260290031687654846e+02 1.104774286227029334e+00
9.378145280215535422e+02 7.550972535718508425e+02 1.475414037775484966e+00
1.064748344462747582e+03 7.569838304558774098e+02 3.256175475904883876e-01
1.179575382305401035e+03 7.608555896709605122e+02 1.021095909368633592e+00
1.053904548809065545e+03 8.522128092151865530e+02 1.037828268904702256e+00
9.773057556981336802e+02 8.764034640143638626e+02 1.923253046959422452e+00
1.115684142601114672e+03 8.659930763772943010e+02 5.479983465962221523e-01
9.041158652275112217e+02 8.784692832481366622e+02 1.170359762268100789e+00
1.163819966637034668e+03 9.449937018754299061e+02 1.417113392186583942e+00
9.392313331803898109e+02 9.814842466331763262e+02 5.777286354697207527e-01
1.082693658047777490e+03 9.997474578218013903e+02 2.676499020859583577e+00
1.269930678432707737e+03 7.469191797274474993e+02 1.015761111705237640e+00
1.178455321931016442e+03 7.611996162433866857e+02 1.086671191787389468e+00
1.061720546530146066e+03 7.558503867746812830e+02 3.094255857731098569e-01
1.052159738488265020e+03 8.528297234642762987e+02 1.123710001331167607e+00
1.115381280998439934e+03 8.666194919418235258e+02 5.871461293379559576e-01
1.336205945533447903e+03 9.193479785088284189e+02 1.744356895189878909e+00
1.160307676717326103e+03 9.446341466676663003e+02 1.397210412135496238e+00
1.233563108925908864e+03 9.463987323442327124e+02 6.137120011907803985e-01
1.081995862790421370e+03 1.001432402817642469e+03 2.710897994249679588e+00
1.267955440614158306e+03 7.488850352510368111e+02 1.030693542454754752e+00
1.415746888864691982e+03 8.053979630669767857e+02 7.344465301897022957e-01
1.470905597827916154e+03 8.512798927937336657e+02 1.664950628225764784e-01
1.401554132966779207e+03 8.924666438695160195e+02 2.594836988170210912e+00
1.332025486571753618e+03 9.207507218630948955e+02 1.700901543283434680e+00
1.231016792651635114e+03 9.473715840666443455e+02 6.665547428495712801e-01
1.585603513807329591e+03 7.607200829942312339e+02 3.045989389421138949e+00
1.414493094111991240e+03 8.063320161614162771e+02 7.668468687820803042e-01
1.557109673867055335e+03 8.066291082461564201e+02 1.652281269166004096e-01
1.651989685938861157e+03 8.494576566434990355e+02 1.541730592708892456e+00
1.467902631877534532e+03 8.513115179672445265e+02 1.942348608340262184e-01
1.562593502050764073e+03 8.662080537362373889e+02 8.095215148113833470e-01
1.398646909180146849e+03 8.900897662671959552e+02 2.592027990798662085e+00
1.515149511488825283e+03 9.400330227862859829e+02 2.597700158319663277e+00
1.630202797492724130e+03 9.633566091790798964e+02 1.034259377990001783e+00
1.530493318826083851e+03 1.020754226525758213e+03 2.843756557320581635e+00
1.677277425308124975e+03 7.084301984052621037e+02 3.624057027089246374e-01
1.761381707326069773e+03 7.359578720059022316e+02 3.056119685272175590e-01
1.584550937756007670e+03 7.618429815810723085e+02 3.094786222133739884e+00
1.733308185579292740e+03 7.859170804609880179e+02 2.927061594180810022e+00
1.558002541107673551e+03 8.076301780277523221e+02 8.380381207958043088e-02
1.649540919634238435e+03 8.494313017659238767e+02 1.553415072871359159e+00
1.560989411765538762e+03 8.664261017237572560e+02 7.817532831618284606e-01
1.700005558607007060e+03 8.405496403257960765e+02 2.040130214130175368e+00
1.772718545172241193e+03 8.815613570084565254e+02 1.145781628950616637e+00
1.812486033696283357e+03 9.321969351489838118e+02 1.429048448130896043e+00
1.707859947785065287e+03 9.577755084982525204e+02 2.028613049410748381e+00
1.509967761544816995e+03 9.420402623137038063e+02 2.485356248369882781e+00
1.627048176131745095e+03 9.620497759196614425e+02 9.725226385596846823e-01
1.692550443699932430e+03 1.012950820925742846e+03 1.676707781912464501e+00
1.760911007712081528e+03 7.343956129686129088e+02 3.020210987105590439e-01
1.886032810255059530e+03 7.574982810971403069e+02 2.593295607340875275e+00
1.731959373467283967e+03 7.869971455462857648e+02 3.009427308061328965e+00
1.847941827191126549e+03 7.985873934448870841e+02 2.895465338660661914e+00
1.964885995598109275e+03 8.333113599557331099e+02 3.086773745383968759e+00
1.698518972361614715e+03 8.414095282154016786e+02 2.026884587186879472e+00
1.771889361152364700e+03 8.810907262608548081e+02 1.105325238187909509e+00
1.876209032608605867e+03 8.619819970363211041e+02 2.834985355326600232e+00
1.974762141359723500e+03 8.982355079633418882e+02 2.363629431666281810e+00
1.811168166754420099e+03 9.290841909244368253e+02 1.314615168179418925e+00
1.705289819094091172e+03 9.579894693250134878e+02 2.026553245638072376e+00
1.868377619781507974e+03 9.629641884661696167e+02 1.575651933908675639e+00
1.927179591468153376e+03 9.721369492316134711e+02 1.696395855651845030e+00
2.099335524507931041e+03 7.232355519170207572e+02 2.471453067544357118e+00
1.883337644527406383e+03 7.560037877282366026e+02 2.737427084664224797e+00
1.847405338933450366e+03 7.978808078761720708e+02 9.376257219209729321e-01
1.964104573126714513e+03 8.285969134912198797e+02 5.950261489343854071e-02
1.875192401260293082e+03 8.619569804596624181e+02 2.889967067652507993e+00
2.083237576896089649e+03 8.843684223727275366e+02 1.604729206778359174e+00
1.970742761554000481e+03 8.918235369018734673e+02 2.359361911933620437e+00
2.050156316718455855e+03 9.457384760186951098e+02 1.099366376626885966e+00
1.862088174031693370e+03 9.616287281663601334e+02 1.627775996831110739e+00
1.923895395595738137e+03 9.703959459005598092e+02 1.600399028859236683e+00
1.991297274294985527e+03 9.834366752370362974e+02 2.378782588441922030e+00
2.094909802313182809e+03 7.229330821436940369e+02 2.504045285679230570e+00
2.179828942536553768e+03 7.196692689766823605e+02 2.659358933236314115e+00
2.183258662586741593e+03 8.268884865534715800e+02 1.845128332509937019e+00
2.083573462957333504e+03 8.826298296601707989e+02 1.641171345298471973e+00
2.048741065672151308e+03 9.453709350620245004e+02 1.909459323137405518e+00
2.171220940112862536e+03 9.619143762948447147e+02 2.397453246093556700e+00
1.987006742525045865e+03 9.875091690545816618e+02 2.514784134516459435e+00
7.332716086209660489e+01 9.138449883833911827e+02 1.480258108406800055e+00
2.407343400521840522e+02 9.918289385347420648e+02 9.768758779460859909e-01
2.361475546919566000e+02 9.920059259163986098e+02 8.794394403681887740e-01
5.034495569099985914e+02 1.046862075328107267e+03 1.788972513359895045e+00
3.812166065902845276e+02 1.153506170046107854e+03 1.169117023326194937e+00
5.345097879600392616e+02 1.159298508290135260e+03 8.590781190997794914e-01
5.686429312181805926e+02 8.751819588986154486e+02 8.122529778713198922e-01
6.225716082728461060e+02 9.753795418170159337e+02 2.014175681690577591e+00
5.666511044167260707e+02 1.012033706438183117e+03 2.228354229719204938e+00
5.026647939605254578e+02 1.046929047068244017e+03 1.682649879855703690e+00
6.907353284015728150e+02 1.064480916088761887e+03 2.082453032011755134e+00
6.489838164544964911e+02 1.144099365421661787e+03 2.231947529437707356e+00
5.303679739175327086e+02 1.156713667138458732e+03 7.676084730491309349e-01
5.647862394812107141e+02 8.728848254843912855e+02 7.567024300565585726e-01
8.175685605431015119e+02 9.209448491481734891e+02 1.078473701574244270e+00
6.208035911972428949e+02 9.754988525919031872e+02 1.967942107468453328e+00
7.154068308186515424e+02 9.705666032026908852e+02 3.737265710343959380e-02
8.325871998221755348e+02 9.779466220656570385e+02 6.203494646110951916e-01
5.651470299478099832e+02 1.011471007483713493e+03 2.210309116079848479e+00
8.363296554344926790e+02 1.043260821210768199e+03 1.003907428534686508e+00
6.889261048344843630e+02 1.063837963072869115e+03 1.999478317010347395e+00
7.746234141152225448e+02 1.126595680897866259e+03 2.340828208386436238e+00
6.478894597217845330e+02 1.145300382956014346e+03 2.176000586183968633e+00
7.603389704893907037e+02 1.168018573068352225e+03 3.066965175800109744e+00
9.056178692772523391e+02 8.761059454453936723e+02 1.135148149080650315e+00
9.793844592729637952e+02 8.750725378886902490e+02 1.975131763642097971e+00
8.157644535901055178e+02 9.205343234931049210e+02 1.053916512222392132e+00
7.123692649044709242e+02 9.700773997029411930e+02 3.091350999495553253e+00
8.312030280080463172e+02 9.791339186501697895e+02 6.040787774584068792e-01
9.412473244632044498e+02 9.798123369353572798e+02 5.627661805433591402e-01
9.879566202224468725e+02 1.023468313034503581e+03 1.111806662987567140e+00
8.358496906671311990e+02 1.041887833346621164e+03 1.068266436966063715e+00
7.727600891795877942e+02 1.126556868439645768e+03 2.321547999420228603e+00
9.799635351690499192e+02 1.136545586272501396e+03 2.473657113923181772e+00
8.710119339552252313e+02 1.156239952005839086e+03 1.462604687508957335e+00
7.558551854114649586e+02 1.166810287445087852e+03 2.775680791473791764e+00
9.001741220665617220e+02 8.790561015690348086e+02 1.078436913492795801e+00
9.770506510459726996e+02 8.754787222289467081e+02 1.843799670368373222e+00
1.163447187237066828e+03 9.428971275398407670e+02 1.294825498135281805e+00
9.391092295868943438e+02 9.804601468652253971e+02 6.137851832381995276e-01
1.081857572190691826e+03 9.997501992265392801e+02 2.736809528117873036e+00
9.858306717854950421e+02 1.024947402914882105e+03 1.126504573729661729e+00
1.043406494176274464e+03 1.063420420317060916e+03 7.028312766100541786e-01
1.128368696533591901e+03 1.091947007988591622e+03 5.517644816521224960e-02
1.032726334528905909e+03 1.114662218045443069e+03 2.695482556640152350e+00
9.742545283964541341e+02 1.136957100766227541e+03 2.229790037666855795e+00
8.662835285656683482e+02 1.154105136968136776e+03 1.303516168112522022e+00
1.153163784610227140e+03 1.168237362726197716e+03 2.319705094568849990e+00
1.334478310331693137e+03 9.193798926349568319e+02 1.718900285546882012e+00
1.160723578479499338e+03 9.417957307226495232e+02 1.335773347876474393e+00
1.234443399418953504e+03 9.441610433346038462e+02 6.433139223578479005e-01
1.080551769398171473e+03 9.974525147234530777e+02 2.766030028664817397e+00
1.044399699364177877e+03 1.058703445644915973e+03 7.014366158440652477e-01
1.127646473620871575e+03 1.090946405475202027e+03 9.516542820812169678e-02
1.232045257682393412e+03 1.142052552991534412e+03 1.477643290919694374e+00
1.338135502451789307e+03 1.113854643556657720e+03 1.775439786796535468e-01
1.035587034620166605e+03 1.117398705521153943e+03 2.665330952297383593e+00
1.155327980092149119e+03 1.172199175327798457e+03 2.360516639123783289e+00
1.400424392703509511e+03 8.883968367990046318e+02 2.585909384141026113e+00
1.332126796351094072e+03 9.173441544278146011e+02 1.685280627322500280e+00
1.231678111429039973e+03 9.453729700014966966e+02 6.028383978869111814e-01
1.444734887152822921e+03 1.021468532472708830e+03 1.190289950203365921e+00
1.499583896288850156e+03 1.059921446221443603e+03 1.787185232956728820e+00
1.338469759473432759e+03 1.111883327588059046e+03 1.490813966826930459e-01
1.231302922551330539e+03 1.138096136098614352e+03 1.444328203187905890e+00
1.433343911116101026e+03 1.147974937991120896e+03 1.003153630384019834e+00
1.273022521687737026e+03 1.181062669328727679e+03 1.090208312978824923e+00
1.561730179086721137e+03 8.663082815434047461e+02 7.097152942876540083e-01
1.400048986483560157e+03 8.885391769810823916e+02 2.607432454181970893e+00
1.515921894504573629e+03 9.387450225486888939e+02 2.650974161045485555e+00
1.629390646749614234e+03 9.604307997855285066e+02 9.650089234898955315e-01
1.443396725541606656e+03 1.022859363145980751e+03 1.202899001429305503e+00
1.535417323654418624e+03 1.015751077595625247e+03 2.811455227764737774e+00
1.496062817255036407e+03 1.062905502949217635e+03 1.859703014490150297e+00
1.639033342438590580e+03 1.094370080895610727e+03 1.522736354982693552e+00
1.567578810884315999e+03 1.094850655851714237e+03 7.589179202060778451e-01
1.430001589811007534e+03 1.149210350624691273e+03 9.738372382456067511e-01
1.769073455107978361e+03 8.829311546766505217e+02 9.924634920910326841e-01
1.809349162398966428e+03 9.337416417881540838e+02 1.330566842550811701e+00
1.709951427529572811e+03 9.591127975818167215e+02 2.115727981641685851e+00
1.515757096820867901e+03 9.425787823508078418e+02 2.700939442717011030e+00
1.627210007881320735e+03 9.615117447981315308e+02 9.266249441481855253e-01
1.534341696396510315e+03 1.017131128697569693e+03 2.885655513224814950e+00
1.788070418421743852e+03 1.035864239831035547e+03 1.182839502373445262e+00
1.689727573253716855e+03 1.024910452730216321e+03 2.150354519812332832e+00
1.634790522422960066e+03 1.094268466742898227e+03 1.460327598988417908e+00
1.566445713694048436e+03 1.095638784468631457e+03 7.117229111238202455e-01
1.683771662006437282e+03 1.153649365233578919e+03 1.652869263996280536e+00
1.768866401309545154e+03 8.783019147450363562e+02 1.010187518243389926e+00
1.976801741227766342e+03 8.948184244198537272e+02 2.303774875061052274e+00
1.809269333909372335e+03 9.287710017968256579e+02 1.228418337968086194e+00
1.708259275092860207e+03 9.587489906499317840e+02 2.109630234132020554e+00
1.866053755486470664e+03 9.602355550451320596e+02 1.683849998844926477e+00
1.925277938271864059e+03 9.692636218723564525e+02 1.689317593826543895e+00
1.689503909164996458e+03 1.026003928805805572e+03 2.177023866463969615e+00
1.786847884224313930e+03 1.036051455811382539e+03 1.081217081701336014e+00
1.959138241721275790e+03 1.069160136514542501e+03 1.707854044480741074e+00
1.681161954670033992e+03 1.151513988617765108e+03 1.520503405456563595e+00
1.970669784802114918e+03 8.910273164067270955e+02 2.439098057910264128e+00
2.083500141128275118e+03 8.859451101455749722e+02 1.675970978306674741e+00
2.050255959148367310e+03 9.455628839005773898e+02 1.978560794211089879e+00
1.864409531535562337e+03 9.601068440454632764e+02 1.634823373106403022e+00
1.924352888963070654e+03 9.695290124226428361e+02 1.616434046567488680e+00
1.991911843030297405e+03 9.842938758654338471e+02 2.420305768230205601e+00
1.958199557461509357e+03 1.067701782562350218e+03 1.652168977969083796e+00
2.083344928489680115e+03 8.830103506557043147e+02 1.643802518783770594e+00
2.048598500602528475e+03 9.450743343805643235e+02 1.956489004950255017e+00
2.171483513762633265e+03 9.623737212841015207e+02 2.424147062627314053e+00
1.989912704743063387e+03 9.841876017317554215e+02 2.434463612501808427e+00
3.811454417597684596e+02 1.172489860885545340e+03 1.511211792348916561e+00
5.027932725284972548e+02 1.049112746886794184e+03 1.795267625232967790e+00
3.901019522485879634e+02 1.180651269724985696e+03 9.801578434207725010e-01
5.319656152122104231e+02 1.155255982457725622e+03 8.371157619731202093e-01
5.207384882928188290e+02 1.273296875370335329e+03 1.931086316533550340e+00
4.461441831227904231e+02 1.291889587865028261e+03 1.326567909575373072e+00
5.034453719327923409e+02 1.043559606961279087e+03 1.679856750679160626e+00
6.932184481621285386e+02 1.065028740976209065e+03 2.155058626988246129e+00
6.500196528874514570e+02 1.143613147275973461e+03 2.216855556159114560e+00
5.320476039655657132e+02 1.154860223940346259e+03 7.782991433557389094e-01
4.017137143269203534e+02 1.206608170222928493e+03 2.763141322586360471e-01
5.929459206445976633e+02 1.222334871216119382e+03 2.985705616810632623e+00
5.201828894587342802e+02 1.272458489571606378e+03 1.845242249455449457e+00
4.458210956077472247e+02 1.293061561468163291e+03 1.250153018482879963e+00
6.335683879424314000e+02 1.317965616513983377e+03 1.879861975478520408e+00
5.743220969059344725e+02 1.325696437521975895e+03 1.486460126606176102e+00
8.349940904426439374e+02 1.046101134273386378e+03 9.496997052976433595e-01
6.889698267739295261e+02 1.062340410598470271e+03 2.014848723835537481e+00
7.746778616358440104e+02 1.125865634771058922e+03 2.334880888360642448e+00
6.478936841013291996e+02 1.142989346519172386e+03 2.191313359326508614e+00
7.600216127404986537e+02 1.166554602259473540e+03 3.026337799630621106e+00
5.910166023731858331e+02 1.222238557052857686e+03 3.023211191983641299e+00
7.334859765174319364e+02 1.231547957088712565e+03 2.401404653314418880e+00
8.151242699410979640e+02 1.258110865136213533e+03 1.303056494928703790e+00
6.296865811084105644e+02 1.319898039886928927e+03 1.850314461903617813e+00
5.716312844105924569e+02 1.321839578221063448e+03 1.153864393799508115e+00
8.347980631530305118e+02 1.041461047555526420e+03 1.080345567182018351e+00
7.730523104273445369e+02 1.126179324321377635e+03 2.291414873746659087e+00
9.763887156874475295e+02 1.134431143300771737e+03 2.222416439047322889e+00
8.704290659177195266e+02 1.155289011871152070e+03 1.436480681525077685e+00
7.570313380707002580e+02 1.166489533973168136e+03 2.904313328350295986e+00
9.113719935477417948e+02 1.213459815838643181e+03 5.914002662579312952e-01
7.302474270263007838e+02 1.230251500526163909e+03 2.364882215362698492e+00
8.132928816960934455e+02 1.258756518486447476e+03 1.354907671250798140e+00
9.333987754448548912e+02 1.262988901700843826e+03 3.327560910701795049e-01
8.720321127965808046e+02 1.335360088234103841e+03 2.312813125837468675e+00
9.722297572599779869e+02 1.340668497554120677e+03 1.043171262206040728e+00
1.044891084792389165e+03 1.063130910415369499e+03 7.126992341042172052e-01
1.128040022848138278e+03 1.090548125585209846e+03 4.638123782318557403e-02
1.035445538154799351e+03 1.114174172740950553e+03 2.676210928591483462e+00
9.750488760900852867e+02 1.132985309284565346e+03 2.100902681989798459e+00
8.663974924675437705e+02 1.154926113468756967e+03 1.462136616708446191e+00
1.155976600231737621e+03 1.170476773103104051e+03 2.326476154359769843e+00
9.112103631639631658e+02 1.213559252435429016e+03 6.244679495597021956e-01
1.042064254846664426e+03 1.208544384995764176e+03 4.771271088379065439e-01
1.170543235757171487e+03 1.238220582466520682e+03 2.505089673274980111e+00
9.323182561228782106e+02 1.262066698195819754e+03 2.491769721273129623e-01
1.063117435047799518e+03 1.267121138611074684e+03 1.296955404233736675e-01
1.121677068750575927e+03 1.304228795566805047e+03 3.424316179354806033e-01
9.930337317646592510e+02 1.324891170793609490e+03 5.650770507020936861e-01
1.048877925878733095e+03 1.050565264325498902e+03 7.595479028893323825e-01
1.127511367374741894e+03 1.090632899418217448e+03 1.136682230378305430e-01
1.232673421259118413e+03 1.141204256701402073e+03 1.503507398151474383e+00
1.339630077438895796e+03 1.110701156459134609e+03 2.640045403574030614e-01
1.035766930951822360e+03 1.115301586546165481e+03 2.714098123787846983e+00
1.156821629233938665e+03 1.173514567311508017e+03 2.348477400111839142e+00
1.266818703230934943e+03 1.178879186320734789e+03 9.761482301243883386e-01
1.040037552302423592e+03 1.209000303910411048e+03 5.245802440230047381e-01
1.332476052218475843e+03 1.208422652207877491e+03 7.759616292282678351e-01
1.167780322831355079e+03 1.245076154530775739e+03 2.646289841073854898e+00
1.063652955659016470e+03 1.268700603891245009e+03 1.564791054318703245e-01
1.247835206862035193e+03 1.287887363723878934e+03 1.882301617057656973e+00
1.118036218426640744e+03 1.304801336259792834e+03 3.685707025264187697e-01
1.498631585445171368e+03 1.064977806696379275e+03 1.935204540317911226e+00
1.338544417119251648e+03 1.111214242241888314e+03 1.598723758052758848e-01
1.231141822055431248e+03 1.141034453760486485e+03 1.517025016970064977e+00
1.432561806163935216e+03 1.145671424010003193e+03 9.554570296927402673e-01
1.262563733346501976e+03 1.179608792949507688e+03 8.802832653685900288e-01
1.484706397035733062e+03 1.189546125467639968e+03 1.133406354446809594e+00
1.327959487823056179e+03 1.209722300179950025e+03 8.274102152069569005e-01
1.362588316178278319e+03 1.243927327998488408e+03 1.008758199080491691e+00
1.412766050241539233e+03 1.263806824163485317e+03 1.704471509909577076e+00
1.245778512379486756e+03 1.289438041951512560e+03 1.907430153861685351e+00
1.474529697333787681e+03 1.310531708403680113e+03 9.738452619019202228e-01
1.495887842235264998e+03 1.062494913725915467e+03 1.914768548175589169e+00
1.637075548787240677e+03 1.092505015396892077e+03 1.563439976101428819e+00
1.568977163849096087e+03 1.093475856254932751e+03 6.843832824048056152e-01
1.431426212515755878e+03 1.146138411880258900e+03 9.308366959914808891e-01
1.482253957986751402e+03 1.190246741206778097e+03 1.152780974693932814e+00
1.569453817321977340e+03 1.210858806126514537e+03 1.538000864741262630e+00
1.628769263869904307e+03 1.220107874148827705e+03 2.024771843054380405e+00
1.410893853414996784e+03 1.264092319564084164e+03 1.792779860835380656e+00
1.358749260674441075e+03 1.243414072874356407e+03 7.221581922685523791e-01
1.471845439038232826e+03 1.308458313590107082e+03 9.101264041532235449e-01
1.563686597490803024e+03 1.320989101290884037e+03 1.246903828829331262e+00
1.691439240793438103e+03 1.026930780294940632e+03 2.270465426361798933e+00
1.790726957725568354e+03 1.033319926537019001e+03 1.058171118993165516e+00
1.636602752807612887e+03 1.092001029725589433e+03 1.425346013517822197e+00
1.567459366469409588e+03 1.094721957685413145e+03 7.001004255965658229e-01
1.685462109047983631e+03 1.148929391961133433e+03 1.596797572815984445e+00
1.567767245975531523e+03 1.210621994467969898e+03 1.461420932550298923e+00
1.629710660134434875e+03 1.220352521198700060e+03 1.934398956632314537e+00
1.562980737077378080e+03 1.318077908934417792e+03 1.086619110584269077e+00
1.788249452927113452e+03 1.035324198698745931e+03 1.137373969571836563e+00
1.692356937299348829e+03 1.037212094403233323e+03 2.313462668938294886e+00
1.960350403886161075e+03 1.071646728719460043e+03 1.820470958579139209e+00
1.683505663146603865e+03 1.152451207826087057e+03 1.641728105299959273e+00
1.957524268263123304e+03 1.066365486412503969e+03 1.691807529714601577e+00
2.069962749453835386e+03 1.213830523706307758e+03 2.157525858495141780e+00
2.068682193396489311e+03 1.212661714693873137e+03 2.133888723857355174e+00
3.779231265267335402e+02 1.457409656131454540e+03 3.097328392642787476e-01
3.934953525903908940e+02 1.196377932744992904e+03 2.518665240910802350e-01
5.221440928573438214e+02 1.273122192790130157e+03 1.871670053394172140e+00
4.464226470263363353e+02 1.291412373920386472e+03 1.290692883201980834e+00
5.085145082483109036e+02 1.377886937392475375e+03 1.890904087258458155e+00
4.614808637975974079e+02 1.413341312619576229e+03 2.415372488605009416e+00
3.886478066948913010e+02 1.457386175489543803e+03 1.562793539504153673e-01
4.054767128714746605e+02 1.205564539069726834e+03 2.952168533096177772e-01
5.921572110922608090e+02 1.221003731866170938e+03 3.022005768219878874e+00
5.193261840389001236e+02 1.270079344767640578e+03 1.848667303737956402e+00
4.459322747452464455e+02 1.289417304995806944e+03 1.235196955210447811e+00
6.335196156920887915e+02 1.316924266872179714e+03 1.901728204358390295e+00
5.737382377604592421e+02 1.322865387731977307e+03 1.441769269862275493e+00
5.070910059991014123e+02 1.376207810113899541e+03 1.835084174238188925e+00
4.609037070689895472e+02 1.412981088322271944e+03 2.512051053528297828e+00
6.108061519237071479e+02 1.425070607692582826e+03 1.864099440440232236e+00
6.706190096112321726e+02 1.458091161715515000e+03 1.267081943200875083e+00
3.888042209417931190e+02 1.457859295722180150e+03 2.151060847233750295e-01
5.870856138388267027e+02 1.481444310740933588e+03 2.604103541554962042e+00
5.884274391543027605e+02 1.220774048843074070e+03 3.034587220646517203e+00
7.331394755224664550e+02 1.229356458672392591e+03 2.408068295845333218e+00
8.154654411813252182e+02 1.255130157357693861e+03 1.258361553294880197e+00
6.323724244216624584e+02 1.318250907203624138e+03 1.911052787755028515e+00
5.719950557775335938e+02 1.322821797781795112e+03 1.387145276854245823e+00
7.032591751950230901e+02 1.358439569787753953e+03 1.842299249151714946e+00
8.296668304018708113e+02 1.361144618875777496e+03 2.767223265523893527e+00
7.786039081796110395e+02 1.414229826793241955e+03 2.177264318614254179e+00
6.088280887772457390e+02 1.426169617763544693e+03 1.847316827270145234e+00
6.676014671882026050e+02 1.461209565057975851e+03 1.323700157514027254e+00
8.510461287386816593e+02 1.424563524494755711e+03 2.172141564534337377e+00
7.698777233563116624e+02 1.469968209508943801e+03 2.972193906919530448e+00
5.817731989528682561e+02 1.479872870819251830e+03 2.706148189317183483e+00
9.112306784671893638e+02 1.211964789387529436e+03 6.110838256139151659e-01
7.315196333164557245e+02 1.231616674125473082e+03 2.339616716042264510e+00
8.138440669177253994e+02 1.256882326321224582e+03 1.312647118667390478e+00
9.339386214655951335e+02 1.260794488997909866e+03 3.348316711453115380e-01
8.732403590121348316e+02 1.334003341857164742e+03 2.346897520351335142e+00
1.002148779500557794e+03 1.319594968348978455e+03 3.027339326095226379e+00
9.655442772499932289e+02 1.351252856094440631e+03 1.421534125762040413e+00
8.285000922364661164e+02 1.362275356089386605e+03 2.691091166206108554e+00
7.773482693137993920e+02 1.414730196702246758e+03 2.115764293863187540e+00
9.376760283203220752e+02 1.424935729258942274e+03 2.783281096603228644e+00
8.558313580386363810e+02 1.440293151388739943e+03 2.500310750034815843e+00
7.639429482490390910e+02 1.468461028225902737e+03 2.923202504454906148e+00
9.099630166894426111e+02 1.211053138934176104e+03 6.355389664582108411e-01
1.042904262998152717e+03 1.206447652371439062e+03 4.978620463138806462e-01
1.170039302232448790e+03 1.237000470517424219e+03 2.401336317463544479e+00
1.063355244804534095e+03 1.265514031048541483e+03 1.678042910534214838e-01
9.318721361066802729e+02 1.260484834335687765e+03 2.527007929402156350e-01
1.121407674045989552e+03 1.302782212975841503e+03 3.514733302780719826e-01
1.000045067422147440e+03 1.318765123034416547e+03 2.915920445788702242e+00
9.625437529051853289e+02 1.351573418477160203e+03 1.493463228980394408e+00
1.172403844002742289e+03 1.374225816607111028e+03 9.966764442977092964e-01
1.091903896895571506e+03 1.407845376342433156e+03 1.429068461775704790e+00
1.039955814235325079e+03 1.413441353546930941e+03 2.301386179784809194e+00
9.355491647868013843e+02 1.424197370693131916e+03 2.704626359247728207e+00
1.108507132677278605e+03 1.481550751410086605e+03 1.743777101522290485e+00
1.171133405860487301e+03 1.482990898372447646e+03 1.204649183513055499e+00
8.714623724915113598e+02 1.334581857426006536e+03 1.497662663458839249e+00
1.040875309863356506e+03 1.205358769373294990e+03 5.188721738368285985e-01
1.323388049854082510e+03 1.205687213768208267e+03 7.046351327384366980e-01
1.168348784128964326e+03 1.244203064089633699e+03 2.722426369624990627e+00
1.062251439262094436e+03 1.267209699928521786e+03 1.428410380177762284e-01
1.247766541719020097e+03 1.286858672725903034e+03 1.912522704842846810e+00
1.119364506831369908e+03 1.303527005056062990e+03 3.096900882629428087e-01
1.171043984933626916e+03 1.373060196081324648e+03 9.618765264238711143e-01
1.090623873856030059e+03 1.407121564669285817e+03 1.443276336548136252e+00
1.032182610096238250e+03 1.414374103320520589e+03 2.323897780927645762e+00
1.289375595819788714e+03 1.450466495499184248e+03 1.650593930285129574e+00
1.239922217901436625e+03 1.461287843328314239e+03 1.483199211822749941e+00
1.170457819913965068e+03 1.490858238342394998e+03 1.771938254143676561e+00
1.104278275349791102e+03 1.489618981138164600e+03 1.697219351810618004e+00
1.480955198646279541e+03 1.194349756837127416e+03 1.047702167415109908e+00
1.327502552682846272e+03 1.206470611320299440e+03 7.774185715870491897e-01
1.413373173553554352e+03 1.263156246413460394e+03 1.636377074839315382e+00
1.363635891678062080e+03 1.241541699762590724e+03 9.300912614416657620e-01
1.246669278564294473e+03 1.287345511493840149e+03 1.909785301685359871e+00
1.474134748974950071e+03 1.305671436940007197e+03 8.807020191251745400e-01
1.405359712749855817e+03 1.412563031366548785e+03 2.233390115714120938e+00
1.287216333825068659e+03 1.449573869788048341e+03 1.617004219581043456e+00
1.238472229560317146e+03 1.461755168069212004e+03 1.575763720950612345e+00
1.338826772724738476e+03 1.482116880786681804e+03 1.169593191142828337e+00
1.481904279312922881e+03 1.190127183080903478e+03 1.062507212024994541e+00
1.569502874887820326e+03 1.209031518638363877e+03 1.417166521361153064e+00
1.630164704006684133e+03 1.220583940565947387e+03 1.974274069485426164e+00
1.412340421731832976e+03 1.264164788583075278e+03 1.649365893891323376e+00
1.358583049604262442e+03 1.243689395449082667e+03 9.725284541059848742e-01
1.472321184311587103e+03 1.307829644096201946e+03 8.734023210266974591e-01
1.563832431796130095e+03 1.317449652018784946e+03 1.110479895516595317e+00
1.404321198312826482e+03 1.412553349149707174e+03 2.271276867815963829e+00
1.574515933746088876e+03 1.433705266086248002e+03 2.182339213559573388e+00
1.514651767477042767e+03 1.448937581778114236e+03 1.701193974820565336e+00
1.567841676745588757e+03 1.209205518934557858e+03 1.410591153303923484e+00
1.629680101490624111e+03 1.219392850226199926e+03 1.894481324069881900e+00
1.563399340364685258e+03 1.317469672677457538e+03 1.123282167482276162e+00
1.574751593667883299e+03 1.433143448311001976e+03 2.155344273791992116e+00
1.512347037194330596e+03 1.447360467482048307e+03 1.797356305343642102e+00
2.069691491559296992e+03 1.212290303711257593e+03 2.207694207789624663e+00
2.068725580798465671e+03 1.212424210172645644e+03 2.187598077954155951e+00
5.081981423887227720e+02 1.378561239092703090e+03 1.972022251483888100e+00
4.607024070325070397e+02 1.412043050758420804e+03 2.378983644301990719e+00
3.878018525642587520e+02 1.456659401751439418e+03 2.266249068220747287e-01
5.365857144005642567e+02 1.515850777911166915e+03 2.717844184883060343e+00
5.077028019818916391e+02 1.376836258259702845e+03 1.840391730049508956e+00
4.604599202264184896e+02 1.412160025395099183e+03 2.412214539303964234e+00
6.101039823794540098e+02 1.424511526400012372e+03 1.801120211916270364e+00
6.707075606488394897e+02 1.461553751111293423e+03 1.381990107675677537e+00
3.883790772352019758e+02 1.456465457600848367e+03 2.133241959092535001e-01
5.864015483504379063e+02 1.480181387971179447e+03 2.436485607331801084e+00
5.364600234762418722e+02 1.515903942222027354e+03 2.685342396624041506e+00
6.569278736847770688e+02 1.564865501591823886e+03 1.432759857296018458e-01
7.027221939983708126e+02 1.358396200002034902e+03 1.830183789033130060e+00
8.265621829899098429e+02 1.354399275680100800e+03 2.686491438554921007e+00
7.775618287389667103e+02 1.412707212611154773e+03 2.132292861310620680e+00
6.083732522375064491e+02 1.425473648484293562e+03 1.806622731214646338e+00
6.677328867005043094e+02 1.460574751154622618e+03 1.375322781440494913e+00
8.541828409420111257e+02 1.432989860948935529e+03 2.253380490724794960e+00
7.670751825281221272e+02 1.468003573143490939e+03 2.906477243330403581e+00
5.836196690475381956e+02 1.478624492493192747e+03 2.423586911220602769e+00
7.235006254670872750e+02 1.532970225462499684e+03 7.468129530449599263e-02
8.519473711827254192e+02 1.557108169909921799e+03 2.590167341120486189e+00
6.565048839038937558e+02 1.563826342318610386e+03 1.992837783701546517e-01
7.992386369589116839e+02 1.609932704981287770e+03 2.753468912311030969e+00
8.272636646350559886e+02 1.355990093095117345e+03 2.796004302331771996e+00
9.676390180650892034e+02 1.351683750397816084e+03 1.586909667075969477e+00
7.763390609759734389e+02 1.413527573751318869e+03 2.047558736253728640e+00
9.362453325979674901e+02 1.423127115942695127e+03 2.762343778142971829e+00
8.549753293561909686e+02 1.438151815064185485e+03 2.453914789454954892e+00
7.651564967860206252e+02 1.467082310254847016e+03 2.905333167729710286e+00
8.889334371818579257e+02 1.526952142188761854e+03 2.808406002223463815e+00
7.241667584853952349e+02 1.532087072022691700e+03 1.240228785358001851e-01
9.927252565276528458e+02 1.538611676020354480e+03 2.900595662827458732e+00
8.474076313597884109e+02 1.557425725142838019e+03 2.489385628514415139e+00
7.960968065103483013e+02 1.608821012912449305e+03 2.793787982329781094e+00
9.841802031879105925e+02 1.615624396154596070e+03 1.446698622972915516e+00
9.666616082205680414e+02 1.353191978356693653e+03 1.647807593186036534e+00
1.165889717642151481e+03 1.377297156546034330e+03 9.815838264914283906e-01
1.090894973575520908e+03 1.406489757426816141e+03 1.378191091048362571e+00
1.039014560408902526e+03 1.411755585872509528e+03 2.313937464214027795e+00
9.351402761022184222e+02 1.423023712082702787e+03 2.725865590850125475e+00
1.172886801030293100e+03 1.487920388066972464e+03 1.736649975917683220e+00
1.102539942615532254e+03 1.495264685703066561e+03 1.581085502076312155e+00
1.037824284473256967e+03 1.513733780496723284e+03 1.921498833532409911e+00
8.886310948118803026e+02 1.526996334090105165e+03 2.767062313692217668e+00
9.932316176532274312e+02 1.539923883584629039e+03 2.835289717569567269e+00
1.142666597216596529e+03 1.581486816900346639e+03 1.014816743524769443e-01
9.927009394913627602e+02 1.606818277505623428e+03 3.754521193550034996e-01
1.070655295868651592e+03 1.646581611172127623e+03 6.800373379724691247e-01
9.592174376084551568e+02 1.659365541366001025e+03 1.161545388230120102e+00
1.171168210201202555e+03 1.636364952901929655e+03 5.064674508361669547e-01
1.171727136993147496e+03 1.371480108810348611e+03 9.750551049076905397e-01
1.090718554227046980e+03 1.405014725967543882e+03 1.486082625083877229e+00
1.039983297325116382e+03 1.414396271092707593e+03 2.462701701811507604e+00
1.290994156666580693e+03 1.449506191016437015e+03 1.698215362242856630e+00
1.240127924298488551e+03 1.458830645179129078e+03 1.457063357180190977e+00
1.169778596370121022e+03 1.487714143827093949e+03 1.789827820498024691e+00
1.103347597470102983e+03 1.494674941268752718e+03 1.642138419115073411e+00
1.339675711067128759e+03 1.480613034998274770e+03 1.245233441400330321e+00
1.036961353398464325e+03 1.514443298975236303e+03 2.157688945674332892e+00
1.273845071778061310e+03 1.572862344116889972e+03 3.788471902502120736e-01
1.143931422682704806e+03 1.582318352596425711e+03 8.181868748816831238e-02
1.291566495824212097e+03 1.623107147317519775e+03 1.238217608934121694e+00
1.176430241610437406e+03 1.637611182161869237e+03 3.514471365073779663e-01
1.070267774389435317e+03 1.645244853761615786e+03 5.044536892307099896e-01
1.405400880776354370e+03 1.410518947154994294e+03 2.236657342850774555e+00
1.287125134869711474e+03 1.446879395568685595e+03 1.606820915729783028e+00
1.238168362817608795e+03 1.458913463408923008e+03 1.495380715307701447e+00
1.339822435454680999e+03 1.479532759152019935e+03 1.159923265807894177e+00
1.273190339407387228e+03 1.572463320408949130e+03 3.838590966577213326e-01
1.357080818439222639e+03 1.604455255803243062e+03 1.951495287307140503e+00
1.288090097365384054e+03 1.622745168844747241e+03 1.130293535667971305e+00
1.404896979245434977e+03 1.410215349334372149e+03 2.262335999487320670e+00
1.575489648864547007e+03 1.430813262541205404e+03 2.117340567658366091e+00
1.515103071975843932e+03 1.445814600519172700e+03 1.660528965509449506e+00
1.353819952440194129e+03 1.603783689922597432e+03 1.989978319376868532e+00
1.574179345583877421e+03 1.431475541913701136e+03 2.092775274916015782e+00
1.512342482509053752e+03 1.445876625682406711e+03 1.740335112666292261e+00
5.385686311053873396e+02 1.513697344311083953e+03 2.696925087993232939e+00
6.533902321419625423e+02 1.566486033347374814e+03 2.012550495039456266e-01
7.266518964762281030e+02 1.533486187379060993e+03 9.707357198486485719e-03
8.509874530540553224e+02 1.557480341768576409e+03 2.415250543596100918e+00
6.557907534739820221e+02 1.564862392793510480e+03 1.924007153960120842e-01
7.986092866907965799e+02 1.609814044345968796e+03 2.716400486302962491e+00
8.000664833961728846e+02 1.671304589052499750e+03 2.974818920152666815e-02
7.308948743768778513e+02 1.530172141398447593e+03 7.167552341777097547e-02
8.947560061755877996e+02 1.527269936944391475e+03 3.373987106205471043e-01
9.928857878931348750e+02 1.537713040825818780e+03 2.713440445339582840e+00
8.473838041088756654e+02 1.556569290957611656e+03 2.411750937380070958e+00
7.968247292125113290e+02 1.607888658511802532e+03 2.761770602571369082e+00
9.928248424449125196e+02 1.606985753491498372e+03 4.249830883662626957e-01
9.037801860615063561e+02 1.665331197563138176e+03 2.199544933569863137e+00
7.980744291552498453e+02 1.670009043238698268e+03 7.206577810420744523e-02
9.688775162926003759e+02 1.671774445144200399e+03 2.240639079983917092e+00
9.651838208756325912e+02 1.761875040482299710e+03 2.675431679708435428e-01
1.090344575662181569e+03 1.507072401260187689e+03 6.892022662847608894e-01
9.944251478351452533e+02 1.537792094708533341e+03 2.765398131642931912e+00
1.138581492859525724e+03 1.578998418851001816e+03 4.780891290994654375e-02
9.925240236487195489e+02 1.603857389161593119e+03 3.630019008489877019e-01
1.069631168414422973e+03 1.643237035411286570e+03 6.406476782831367345e-01
1.177376065393280896e+03 1.632627413918520233e+03 3.111166081255172244e-01
9.035726707288583839e+02 1.665374760446325581e+03 2.341261865459422165e+00
9.649700572168208055e+02 1.668851837131965794e+03 2.294630296235751210e+00
1.088293996196120588e+03 1.711761386821611723e+03 8.999682055733877473e-01
1.178297805302945562e+03 1.694481053478787999e+03 6.664514231545087819e-01
9.631792857772336447e+02 1.762099260814344689e+03 1.585305183883319313e-01
1.040041375466191994e+03 1.793747573982496078e+03 8.657482973269677862e-01
1.135119774054849131e+03 1.797605286524903931e+03 2.296254333626797095e+00
8.971528243064090020e+02 1.526979937307833097e+03 1.914449140997574794e+00
1.038212242070838556e+03 1.513096530201609994e+03 1.984931265259803457e+00
1.274392423716723670e+03 1.572503209396181319e+03 3.641548616561842144e-01
1.143822583902253427e+03 1.579693697299162750e+03 6.665291232602736649e-02
1.288916899479269205e+03 1.620277792608088248e+03 1.221105956127720438e+00
1.175340595404399664e+03 1.635639481878072274e+03 3.487200365631271115e-01
1.069671300753757350e+03 1.643356407158804814e+03 5.730726863511160785e-01
1.183066141545688424e+03 1.690536279495085182e+03 6.871616193610697865e-01
1.088282758449803623e+03 1.711035339222129551e+03 8.398694332257314876e-01
1.214396524061020045e+03 1.757715941414636745e+03 1.319118156683733556e+00
1.039687456422913328e+03 1.792615239806461432e+03 8.262296393131034478e-01
1.136214623522020929e+03 1.801954596129571200e+03 2.353510720225588493e+00
1.257459754186390228e+03 1.799677383255020004e+03 9.482221009723181826e-01
1.273588333335413381e+03 1.570735027702343586e+03 4.068148309712456556e-01
1.357628091965099657e+03 1.602852643508542315e+03 1.960483246371262478e+00
1.289456571032325655e+03 1.620569557504640670e+03 1.172105475744046332e+00
1.212399392949522280e+03 1.757018370267853470e+03 1.229079011189876613e+00
1.258807774849437465e+03 1.795134833159238951e+03 8.724184065211506578e-01
1.354439908566949725e+03 1.603223053914275852e+03 1.957668532340735679e+00
1.591674447244185558e+03 1.665506567579454440e+03 2.141199892295627016e+00
1.536363902094985860e+03 1.701449324473453999e+03 1.865124824510596913e+00
1.405824678604868041e+03 1.821506303117691687e+03 1.409200505326729358e+00
1.589951871208476405e+03 1.666001466671043090e+03 2.131034609584192552e+00
1.534839411473444670e+03 1.701806739527012951e+03 1.883880244202245091e+00
7.937333874098457045e+02 1.668711131387041405e+03 9.923333618651868082e-02
7.982630034509253392e+02 1.669467370373058884e+03 1.891184058136172533e-02
9.073382141711128952e+02 1.668628932169948257e+03 2.325267337569253190e+00
9.693641107890907733e+02 1.673971579530774761e+03 2.271385550003188314e+00
9.647649307448452873e+02 1.760974491462613969e+03 1.759263526679072376e-01
9.467110619053660230e+02 1.827808848370028500e+03 2.684192720881202199e+00
9.102215323336845358e+02 1.668894545676646658e+03 2.314101164949669442e+00
9.657870666872440779e+02 1.670200781263861700e+03 2.305485401889928010e+00
1.088736141455500729e+03 1.710922494253307377e+03 9.168062594194077430e-01
1.177771832487258052e+03 1.695377570388730419e+03 7.559739338066348013e-01
9.639829971551205290e+02 1.760072242588087420e+03 1.246749757244775825e-01
1.136151791645431558e+03 1.796516320380297657e+03 2.322441866293968982e+00
1.041751119061423196e+03 1.792733454232678696e+03 8.693379031040298077e-01
9.457692348761274843e+02 1.823799557878378437e+03 2.624690910943377364e+00
1.074349317987265977e+03 1.869356835164349377e+03 1.405029107850598036e-01
1.180911454841781278e+03 1.886966787844284454e+03 2.900877699912934871e-01
1.059168283168629159e+03 1.916847899357261213e+03 1.548983763474172104e-01
1.153754178564847052e+03 1.955808698682414160e+03 4.090878792850196621e-01
1.016564892044135377e+03 1.980496016748867987e+03 4.315843953263607813e-01
1.184603690179638306e+03 1.687535744869471955e+03 7.879833624934585723e-01
1.087659614348204741e+03 1.707037446303833576e+03 9.236826779303448642e-01
1.214200215980660005e+03 1.755415088666855354e+03 1.333558664564532537e+00
1.038373204319559363e+03 1.792062573778189062e+03 8.177264891979886263e-01
1.134412184811324551e+03 1.796542108395371315e+03 2.373164113132032682e+00
1.257694229095217224e+03 1.794411127534196339e+03 9.408392897323958337e-01
1.337840168912360923e+03 1.863188538951191504e+03 2.394667939110358912e+00
1.074038470010247465e+03 1.870921978490924630e+03 6.657528166120710300e-02
1.181277594835318723e+03 1.884486977831022614e+03 2.544723270806266702e-01
1.315452870220715113e+03 1.919317718310586770e+03 3.022617871430586245e+00
1.055899312572835242e+03 1.916817752870991171e+03 8.904471794932737605e-02
1.154245576666912712e+03 1.951979374543199356e+03 3.003510275470663293e-01
1.281925580954876750e+03 1.967403675550734988e+03 2.405881356635467316e+00
1.210581357375597463e+03 1.753226152979461176e+03 1.227953047182159807e+00
1.257557027157249649e+03 1.794613494229375192e+03 8.947295692295142988e-01
1.405654491618259954e+03 1.824532324400561720e+03 1.520692712206310748e+00
1.339517857420892597e+03 1.861741170312864597e+03 2.450150149214599615e+00
1.317097175951164445e+03 1.911036700091120110e+03 3.056449274395296900e+00
1.451747849252513333e+03 1.957661551593589593e+03 9.841308698979814862e-01
1.281467610602600416e+03 1.969429561759628541e+03 3.121142275824646539e+00
1.593176150075510805e+03 1.667005339630415847e+03 2.220882967986947953e+00
1.536304702315281929e+03 1.699668052694876451e+03 1.953459548990309047e+00
1.405200297284864291e+03 1.824850547659444373e+03 1.538122549208328360e+00
1.514041673999601244e+03 1.854385397895560118e+03 9.276612888613321450e-01
1.448476152967026565e+03 1.958072685539761096e+03 8.901937342436254674e-01
1.591726678296565751e+03 1.670968465590434107e+03 2.195742790905885311e+00
1.536670466079648804e+03 1.705525688588670619e+03 1.887488198813753071e+00
1.513309342741053115e+03 1.855516188179777146e+03 1.027353252710923259e+00
1.009851334913681058e+03 1.976691942970491255e+03 4.476787627054308327e-01
9.486989045802069995e+02 1.826905402763819893e+03 2.589607257184009192e+00
1.075757249413367390e+03 1.867070104009280158e+03 1.125382189134060823e-01
1.179311071474179698e+03 1.884325464533629656e+03 3.972534090931277295e-01
1.059533371578228753e+03 1.916380806896916511e+03 9.624206668438574364e-02
1.154134935910174590e+03 1.952036340671239486e+03 3.818245259830915783e-01
1.016275950231665547e+03 1.974973220808179121e+03 4.144819460525998034e-01
1.066788835830512653e+03 2.013618611377010438e+03 2.814807140168015809e-01
1.177527023618152271e+03 2.016933915473318848e+03 1.067902889884228435e+00
1.048947530305572400e+03 2.075354492082533397e+03 3.038431952954256055e+00
1.337213541539331800e+03 1.859278800649133927e+03 2.268847837848919635e+00
1.073069672173406843e+03 1.867235014013356931e+03 1.488520251297358321e-01
1.181469046334459108e+03 1.882713845868975568e+03 2.642645276707132340e-01
1.316318498272630450e+03 1.912455567995268211e+03 4.649214360105438995e-03
1.056087870180223717e+03 1.913608234781423562e+03 2.473604758763549988e-02
1.154610060361770593e+03 1.950926442183671043e+03 3.241677261968219925e-01
1.285219630685809761e+03 1.965550382388596972e+03 3.237589031313948401e-02
1.176053120252176541e+03 2.014234386401780739e+03 1.084107565794983685e+00
1.064674153828108501e+03 2.013200820037455742e+03 2.444921221799405686e-01
1.256496451841959697e+03 2.031054426885677458e+03 7.097258233836172270e-01
1.316581623823030213e+03 2.062390953821945004e+03 1.508755615951875351e+00
1.046076424229054737e+03 2.074400321220694423e+03 2.977610633577168819e+00
1.404817230708802072e+03 1.827453559310114315e+03 1.575229807684991101e+00
1.339566370617676284e+03 1.862379418219724357e+03 2.412740517520493455e+00
1.316152318696307702e+03 1.909078113813442542e+03 3.058045464874682651e+00
1.450247929543710825e+03 1.956383544037188585e+03 9.615538556509437562e-01
1.282849284435526670e+03 1.966023229130955770e+03 1.793335488636510489e-02
1.254424999889598439e+03 2.032304488860641413e+03 6.124701651717392448e-01
1.314893388475517213e+03 2.058807454208324998e+03 1.393619256345169033e+00
1.403099966699015340e+03 1.827337331980554609e+03 1.686429491640266454e+00
1.514846268663260616e+03 1.853753277652184124e+03 9.932927156723679873e-01
1.449782429195350460e+03 1.956536774601517664e+03 9.691635515372810650e-01
1.512719167939719000e+03 1.853960918735326004e+03 1.094907404137696050e+00
1.066602249494671014e+03 2.013182356077182703e+03 2.621719536608131951e-01
1.172210013812043826e+03 2.021506718952193296e+03 1.053086606151297344e+00
1.048860604866026279e+03 2.074960934775032456e+03 6.596530518411939867e-03
1.175653113289865132e+03 2.015734538323925335e+03 1.047510855738648328e+00
1.068448204322052788e+03 2.013049825244024305e+03 1.996001714023444562e-01
1.255026054794264155e+03 2.033608711709209729e+03 6.486185641053150430e-01
1.314927058721031926e+03 2.061572278686240679e+03 1.398727845306887652e+00
1.047153290757223886e+03 2.074931002431431807e+03 3.042776630319663056e+00
1.253985883340516011e+03 2.032566620852913275e+03 6.970095117550472175e-01
1.314430586340771924e+03 2.059473429126579958e+03 1.380117905726135685e+00
