7.422586954762155074e+02 7.960650434142343101e+01 1.661706310019731125e+00
7.404384108031820233e+02 8.238667760095921722e+01 1.561621666794270613e+00
1.334966351894390755e+03 1.238520136766766768e+02 9.905549680123437728e-01
1.339864418537532856e+03 1.178184264886644428e+02 1.000857978772749846e+00
1.445622780673051466e+03 2.671794039731428256e+02 2.904092947671446989e+00
1.386008229836962300e+03 3.516298140858727947e+02 3.036830225995530874e+00
1.502867424272554445e+03 2.147297781137814354e+02 3.149953800209703836e-01
1.445988538021021441e+03 2.668066395293618029e+02 2.916812648630796811e+00
1.387813278395040243e+03 3.534672589879169209e+02 2.986259024943928253e+00
1.799777084874168622e+03 3.324125527618560341e+02 1.907840191061198176e+00
1.797672993723107993e+03 3.361310132877705996e+02 1.862018469942617438e+00
1.885015447096834123e+03 3.733767757714858817e+02 2.902900735343588945e+00
1.885127408760946992e+03 3.724372314756080868e+02 2.900387743290305131e+00
4.270809833747598532e+02 5.382636741470196284e+02 4.153981716347981412e-01
4.320742842861160398e+02 5.373108681550900201e+02 3.281045127057373723e-01
1.252796257427208729e+03 5.075714902776535382e+02 1.377337265175871295e+00
1.334493214681913742e+03 4.991623211927990269e+02 1.029114623042237442e+00
1.447282625990732186e+03 2.633830174695272603e+02 2.918955858934863201e+00
1.385701487133313094e+03 3.496755327372135298e+02 2.983592180325521426e+00
1.449190580792576611e+03 4.891720074659647253e+02 6.295236745135508460e-01
1.334867217617924325e+03 4.971682723521698790e+02 9.716853873558357613e-01
1.251938847589251509e+03 5.089352147553579471e+02 1.399871010976530661e+00
1.444649514640514781e+03 2.651206346838554282e+02 2.892232629093074880e+00
1.385029653313048811e+03 3.495800746192519455e+02 2.988588700307261092e+00
1.586544823503915950e+03 4.415425419450557456e+02 1.435386537443495980e+00
1.633890680329226143e+03 4.696195925591437117e+02 8.996316267324639959e-01
1.446703577229587609e+03 4.870595304177749085e+02 6.616343806295865715e-01
1.499246523164829796e+03 5.319559065415264740e+02 7.259773013612931258e-01
1.602619652549766670e+03 5.411534592615546444e+02 4.912330085453761597e-01
1.799270688256135145e+03 3.340223277431973088e+02 1.851820293204925472e+00
1.699074758755961511e+03 4.110672873495277599e+02 2.865061126125216795e+00
1.584517743630611449e+03 4.409074078369415020e+02 1.374517737780279525e+00
1.628917268609482107e+03 4.684533285368798943e+02 8.057965025331988995e-01
1.798780576891311057e+03 5.068546367213282338e+02 7.763992021336829641e-01
1.699484572380517875e+03 5.043908678906313980e+02 2.371649512057830700e-01
1.606290644437646051e+03 5.410263448070500090e+02 3.123297469162923168e+00
1.797831354311855648e+03 3.341357894872957104e+02 1.818744288458867153e+00
1.885145358418275009e+03 3.720642794531925119e+02 2.761005218412198481e+00
1.697709538023669211e+03 4.110300393795108675e+02 2.888156498707951325e+00
1.853446821229609441e+03 4.312379695294970361e+02 2.931938195313577467e+00
1.972353543757775697e+03 4.662362400624692782e+02 2.565650047699973069e+00
1.798209413353710488e+03 5.049135417769693959e+02 8.002756211464167047e-01
1.698574175626154783e+03 5.066469607008559706e+02 3.338436785821058961e-01
1.893076269643459455e+03 5.148834431307166142e+02 5.122739405197819229e-01
1.884655601848406377e+03 3.719403303522312854e+02 2.793467600208572321e+00
2.021007849875837110e+03 4.141802582797479317e+02 2.564607505108035923e+00
2.120411100797917243e+03 4.226611946270146518e+02 2.936812455935785326e+00
1.852885490115433868e+03 4.323580285400647654e+02 2.996247438522931184e+00
1.972615573598027368e+03 4.665347827203521547e+02 2.656468070129653469e+00
2.100893332035135700e+03 4.979549929833187889e+02 2.668552815216322371e-01
1.894824542347010265e+03 5.098914454846312765e+02 4.450274605482885670e-01
2.020606187861774742e+03 4.143833797323287627e+02 2.632842962180020674e+00
2.118462130337683902e+03 4.221475616492192557e+02 2.986168367824853842e+00
2.100758299095171424e+03 4.869849564139612994e+02 1.522704513031829521e-01
2.093602896851316927e+03 5.280740730131119562e+02 2.435217366952655560e+00
4.277220079359112788e+02 5.370416737897867279e+02 3.679517546501546721e-01
4.261799883844676060e+02 5.371005194010228934e+02 3.686873958420833208e-01
1.126575647873017033e+03 6.677728646285031573e+02 1.052332815515667264e+00
1.253059685918075047e+03 5.079187281217984946e+02 1.391505423171669475e+00
1.336056213382750911e+03 4.963994489450433321e+02 9.466551342359053045e-01
1.226705066073026273e+03 6.174296563637442432e+02 1.159258882118515244e+00
1.124098068928128669e+03 6.707264418552545067e+02 9.526779221376638906e-01
1.447166111687568673e+03 4.864843496183677871e+02 5.529356763289584586e-01
1.335174778729215859e+03 4.966666952752830184e+02 8.915922128307832706e-01
1.252439623827381865e+03 5.086870800974684244e+02 1.359067510622250508e+00
1.365937124718550194e+03 5.881144104337769249e+02 1.083412124942353838e+00
1.445806141990015931e+03 5.981496351677429857e+02 2.214541522637182513e+00
1.225840962793051631e+03 6.182309968985100568e+02 1.147870977938314718e+00
1.587474276066562425e+03 4.403421378392704355e+02 1.482279304222997141e+00
1.629220912003181638e+03 4.664643130202077828e+02 6.349983109608223764e-01
1.446455464276971952e+03 4.873549287733510482e+02 6.044410414381646834e-01
1.499730004443593316e+03 5.288251999536809080e+02 6.410816778716831310e-01
1.604876043051981014e+03 5.377150867260421592e+02 6.005191108895529400e-02
1.364404270494530238e+03 5.886228497277768383e+02 1.093112471493131732e+00
1.444520108727428351e+03 5.967872781390723276e+02 2.145487516072961398e+00
1.539484769553463138e+03 5.807072258122011590e+02 2.121615052753767633e-02
1.569191002456976321e+03 6.364659207690783660e+02 1.278195792795878694e-01
1.562547218037327184e+03 6.964038625949873449e+02 2.260160046878141038e-01
1.699158650433053026e+03 4.108345704433006631e+02 2.061028529566938161e+00
1.586011182752886725e+03 4.399217726605622829e+02 1.494659120003841934e+00
1.628630508735245712e+03 4.673173053496403782e+02 8.090586150579957003e-01
1.800609558329311767e+03 5.043020578353094834e+02 7.611600849872819374e-01
1.699706159525389012e+03 5.045423184935690415e+02 1.873043569256054308e-01
1.603403660073613764e+03 5.376751279543783539e+02 1.051269804645078715e-01
1.539565014690242606e+03 5.803261567715758247e+02 4.102087598464960322e-02
1.680722750879196383e+03 5.850132719551093032e+02 2.689519262221374274e-01
1.814109972367509727e+03 6.034234887128784521e+02 2.755567792608347499e+00
1.566749714435814440e+03 6.380857945374137898e+02 1.363952557523117337e-01
1.730025661951562824e+03 6.342550965374380212e+02 3.118630965417360290e+00
1.561822682443937993e+03 6.969080134598098084e+02 2.351071386805622332e+00
1.698919232381748770e+03 4.101035300078260661e+02 2.818808872919916997e+00
1.854825177833573889e+03 4.312864620444900083e+02 2.890190482324050514e+00
1.974218718104539221e+03 4.646320704940261521e+02 2.491422682747429285e+00
1.798524663461550972e+03 5.048856565680135873e+02 8.089696109577305672e-01
1.699080587736488951e+03 5.051334697537785132e+02 2.573935897026634056e-01
1.894662672108989682e+03 5.115313390263811471e+02 4.297859510965003627e-01
1.859032959461936798e+03 5.626027941070647103e+02 3.061916953690758891e+00
1.974192141324948807e+03 5.738450538943860693e+02 2.879568548008644147e+00
1.676931148626086497e+03 5.889211557313145704e+02 3.231492341260562284e-01
1.813352681785924915e+03 6.039981964251073805e+02 2.720929038812546885e+00
1.963766515899511887e+03 6.192592237171163561e+02 2.971670435113298758e+00
1.729984958065880619e+03 6.350144043163223841e+02 6.981176589274078192e-02
1.888566575829034718e+03 6.802161726831345732e+02 2.787733473271572393e+00
1.857019003846511168e+03 6.877888358854115722e+02 1.095672169601301649e+00
1.829295827815174562e+03 7.007025686795068395e+02 2.393763545272447057e+00
2.023107200189675950e+03 4.157512720231089816e+02 2.565000643003822134e+00
2.123686520374331849e+03 4.222568767288614708e+02 2.774434527001579553e+00
1.855006365890180405e+03 4.316869193211399534e+02 2.938487115675991301e+00
1.973563437105306548e+03 4.666208076047429358e+02 2.657544198925991807e+00
2.102796523866212738e+03 4.865272704713618168e+02 2.770620748287428992e-01
1.894754744381907130e+03 5.103277599716666373e+02 4.197333604754112657e-01
2.096760041001890841e+03 5.277637154677343005e+02 2.278386092283045006e+00
1.859558078347403125e+03 5.636340709948592576e+02 2.964791738672343246e+00
1.971592738187442137e+03 5.717139392947525494e+02 3.113283492543189368e+00
1.960314284861357464e+03 6.220186472215066260e+02 2.901268363034455788e+00
1.887042570027183046e+03 6.801303297374579415e+02 2.961269108634384306e+00
2.024292128762568609e+03 4.161779900674641794e+02 2.656346376079746552e+00
2.120047041938382336e+03 4.226301792743366832e+02 2.972602598718773415e+00
2.101590645401607617e+03 4.862668754496935435e+02 1.384351342296322451e-01
2.095725791728428703e+03 5.296096229998826175e+02 2.373721562445935795e+00
8.612032880331105389e+02 8.155589298186284850e+02 2.633843056171182528e+00
8.652112763860761788e+02 8.224178442357991798e+02 2.527266674317383721e+00
1.125867644366477862e+03 6.684868301467840865e+02 9.192840852089659842e-01
1.035126235779188391e+03 7.393661674278343980e+02 1.712789746015661363e+00
1.113757767259615093e+03 7.945931842147640509e+02 1.261760281715010201e+00
1.227812544339856913e+03 6.152817446257432721e+02 1.125539533717583529e+00
1.124814691842795582e+03 6.686899339792104229e+02 9.277973153347093271e-01
1.032148627272280237e+03 7.399040366434066982e+02 1.744441153490351670e+00
1.113573558853433724e+03 7.941925402693536853e+02 1.287367856476435923e+00
1.222922569891008607e+03 8.104004569364321924e+02 6.093974580784780049e-01
1.366700939700707522e+03 5.866963002561982421e+02 1.081369691075463546e+00
1.446492699290674864e+03 5.950664445861661989e+02 2.135875134263575781e+00
1.226017352395251692e+03 6.158191860749910802e+02 1.129520861599929704e+00
1.470813989634968948e+03 7.157393657964770455e+02 2.688380650899061752e+00
1.341598438291518960e+03 7.382949661770777539e+02 1.400216526198994949e+00
1.222118892126217588e+03 8.117834445920959752e+02 6.515732500483636391e-01
1.363643946771961510e+03 8.094767480630313230e+02 1.503016670182068526e-01
1.362934075899233903e+03 5.866070917901907933e+02 1.099882809208613255e+00
1.539739016666471571e+03 5.791764070923140935e+02 1.001868144583827613e-01
1.444973371704266583e+03 5.965429738519673037e+02 2.119736434780311818e+00
1.568884155750511354e+03 6.352434512467946206e+02 1.646431818033168293e-01
1.564202655421075633e+03 6.948493603348583747e+02 2.541879797709366007e-01
1.469056014789371602e+03 7.156221802777972698e+02 2.682295015081803236e+00
1.570261797826677821e+03 7.518525768497834179e+02 8.991537513013075911e-01
1.621830462311076417e+03 7.640718013930260213e+02 1.604119984849803116e+00
1.360567976737270101e+03 8.122611311863120136e+02 2.099023949811889278e-01
1.540691758877968596e+03 8.371556412922330992e+02 5.337577355237860428e-03
1.543467824437392892e+03 5.764162474797274172e+02 4.109896219158713504e-01
1.680260501391198432e+03 5.836857613720427480e+02 2.795461230791757568e-01
1.812904826392846644e+03 5.996427527912658206e+02 2.697083084207709813e+00
1.566951640381327707e+03 6.362485847952758604e+02 1.531945856083508917e-01
1.729818741516876798e+03 6.337990610877761810e+02 4.395343131070923726e-02
1.563519682956945871e+03 6.950163342255657426e+02 2.297717657117507029e-01
1.678418192066884785e+03 7.244359403835305784e+02 1.329064376807480130e+00
1.753518557240542123e+03 7.127793225791695022e+02 2.296334079856999555e+00
1.570245458780786066e+03 7.504340066008380745e+02 9.044384583807715261e-01
1.618701034722162603e+03 7.632792650682675912e+02 1.602669497321343561e+00
1.772816093765005917e+03 7.868861707503774596e+02 2.565540421034678609e+00
1.707361862496816229e+03 8.131289631466756873e+02 3.084887975451863440e+00
1.536379582482895330e+03 8.375501631547049328e+02 3.057331861997192313e+00
1.860420602193916011e+03 5.612597542523003540e+02 3.086091110236199864e+00
1.678960412106123385e+03 5.895373500380308087e+02 8.595678705181410972e-01
1.813372975731302176e+03 6.026208032071562002e+02 2.796081163308890449e+00
1.964170446934077972e+03 6.199216290796600788e+02 2.938008272403556553e+00
1.729854046965650923e+03 6.335034201961784674e+02 9.968410335933389210e-02
1.887192975507122355e+03 6.766291862451780617e+02 2.944807799583984309e+00
1.676529964941568778e+03 7.259084523577727168e+02 1.295749473120290984e+00
1.753435789492060167e+03 7.134491214167902626e+02 2.254102345101574922e+00
1.827329268032372966e+03 7.006055345300703721e+02 2.437545639945336351e+00
1.943706564416497713e+03 7.531320370278692735e+02 2.805828367019910008e+00
1.772554486612974870e+03 7.871910102490115833e+02 2.607433554102107642e+00
1.705556345585239342e+03 8.133113246806142342e+02 3.139847233077884159e+00
1.970816751119210494e+03 5.680680968497507592e+02 1.772168222879010546e+00
1.866932198027625873e+03 5.639975548320248890e+02 2.777471236441431568e+00
1.972120852079055567e+03 5.702892056494688404e+02 3.130787346630556467e+00
1.960618056171598255e+03 6.221531740945821412e+02 2.947446953203584297e+00
1.888519767280999076e+03 6.767401020916323660e+02 2.975635211984243522e+00
1.827450630040286796e+03 7.021573236373733380e+02 2.337620128420443866e+00
1.943102929657396999e+03 7.536866462812438385e+02 2.831188155017799968e+00
1.721707132256296973e+02 8.801421553052582567e+02 2.370990673550454453e+00
1.746993020620934658e+02 9.994531739479780299e+02 1.013166901633830275e+00
7.979240235602742359e+02 9.639873581742308488e+02 1.158496318437663541e+00
8.664324793810621941e+02 8.220900453698958472e+02 2.520124518758700916e+00
7.975363534369721492e+02 9.635825771800509756e+02 1.061849387130552325e+00
8.688882237616346629e+02 9.817878779468203447e+02 1.602477253926691381e+00
1.035173681412124552e+03 7.378183667074232517e+02 1.696473520655327416e+00
1.114270650560061995e+03 7.920597706684835657e+02 1.203965251665631397e+00
1.130829153511856703e+03 8.620452807753930529e+02 9.205967334212675768e-01
1.179740177310944546e+03 9.438632306362840154e+02 1.423380077364048146e+00
1.031468715006785942e+03 7.395240697394051494e+02 1.804899321101818055e+00
1.341684006641959513e+03 7.410478826826345085e+02 1.546450113453868624e+00
1.113460467288168957e+03 7.936340230492003229e+02 1.301008948392253117e+00
1.222389392861243323e+03 8.105070072370243679e+02 6.268624780332502366e-01
1.129363373135844768e+03 8.623351552688752690e+02 9.834231287094756802e-01
1.279391949551444668e+03 8.774609414674052914e+02 1.180974592390331201e+00
1.177062929857442896e+03 9.443834332123110471e+02 1.495651248681105772e+00
1.246960047682867298e+03 9.736713488385694291e+02 2.555456142570498024e-01
1.469836398506030491e+03 7.113798056968214496e+02 2.670445984042540744e+00
1.341824711525948032e+03 7.350345062262574629e+02 1.444440686209466085e+00
1.222926665713582906e+03 8.098720685694336225e+02 7.091542669898275308e-01
1.363766855628640315e+03 8.078251638936272911e+02 1.000972488639287478e-01
1.278389490774912247e+03 8.766000399113393087e+02 1.214822602130027240e+00
1.340757537835879020e+03 8.992372962016847850e+02 7.011971746356318036e-01
1.245371128841940617e+03 9.738443014160670828e+02 3.199011848986820228e-01
1.468251299420049236e+03 7.141192524156472246e+02 2.713645376145160437e+00
1.570937265350296457e+03 7.510252074412802585e+02 8.689199363556945332e-01
1.621282408899565780e+03 7.639423179983951968e+02 1.543748859127405781e+00
1.359707437673257800e+03 8.088878200154111937e+02 1.751753004682187753e-01
1.540931800126268854e+03 8.364350692931105868e+02 2.934237174358266323e-02
1.626743519735100108e+03 9.045708775199773299e+02 2.247109420494662668e+00
1.573072952801633392e+03 9.322029277145227297e+02 1.850207636945759626e+00
1.515093219318848696e+03 9.404702954650949778e+02 1.814693809915653100e+00
1.678458200295194729e+03 7.233903710622251992e+02 1.309328913504779868e+00
1.756870868164144213e+03 7.114604635234593388e+02 2.368405774477462700e+00
1.570442176634156567e+03 7.475853098809474204e+02 8.770468086363434335e-01
1.620181214451520418e+03 7.622622499476988196e+02 1.549951164191098352e+00
1.774072209062958791e+03 7.861703595493918328e+02 2.700236186900810242e+00
1.707934403098952544e+03 8.117028690565698525e+02 3.107040132898121865e+00
1.539809065154779773e+03 8.358278769188304977e+02 2.553840464916135380e-02
1.665925959325378699e+03 8.722847387125261776e+02 2.051439997478021304e+00
1.624601590970133657e+03 9.045956964955810236e+02 2.345110498478350181e+00
1.732170354914345808e+03 9.152935299441760435e+02 1.843782827455201057e+00
1.571568856843627827e+03 9.315634571517816767e+02 1.913970937544201778e+00
1.512297910947460196e+03 9.402509367793636557e+02 1.891957039107150962e+00
1.814162051609101582e+03 1.018271043358110319e+03 6.740504145443609874e-01
1.676074823644309390e+03 7.249629629262825574e+02 1.107287878559755079e+00
1.754361869141357374e+03 7.142163609608669503e+02 2.426996821434143747e+00
1.944392798627370212e+03 7.515413836153969669e+02 2.840903417930080277e+00
1.774609001058280910e+03 7.868169285204189691e+02 2.664355960382671196e+00
1.707198003254327659e+03 8.117796525168645303e+02 3.027908775278021380e+00
1.732952890196623457e+03 9.164328214967074473e+02 1.796412870529406902e+00
1.666804749168536773e+03 1.013360732599156336e+03 1.264592699649645491e+00
1.815825888249254149e+03 1.013368117501368715e+03 4.046483043474384256e-01
1.833310960550711570e+03 7.107826250057784137e+02 2.494656130876319544e+00
1.942049006207662387e+03 7.523302694967719617e+02 2.891116341032160530e+00
1.829514063021930724e+03 1.012286110657722247e+03 5.394604175922131928e-01
1.701398074461152987e+02 8.767369359113313294e+02 2.401773728758075155e+00
1.741187331092399972e+02 9.977677783012472901e+02 1.018516250541680712e+00
2.786170198384048717e+02 1.179435571438830721e+03 2.043758203212404645e+00
4.067459568838329460e+02 1.042044225428412574e+03 6.703635454389496040e-01
5.199681128297286250e+02 1.062837012227963442e+03 2.666868137116141568e+00
2.757445893421569281e+02 1.180690338867311993e+03 2.062271764709663557e+00
4.056630844594175187e+02 1.042497506848790636e+03 7.170662480236879022e-01
5.181057650339489555e+02 1.062609854717262351e+03 2.680768662771910282e+00
7.981373936790497510e+02 9.626969719511771473e+02 1.157228279452092945e+00
8.520398503739497755e+02 1.083954514726517573e+03 4.438215862979776882e-01
7.974289758295906267e+02 9.626430651601560839e+02 1.135803642907503797e+00
8.684689618519255419e+02 9.806981149394212025e+02 1.671411256269287104e+00
8.517352131941735252e+02 1.082449583190817748e+03 3.764411127486343989e-01
9.792999223930346488e+02 1.087364271646167481e+03 5.904595272013559715e-01
1.178989751659596550e+03 9.446785555482224481e+02 1.530040693098517091e+00
1.063807872441909240e+03 1.028615796063387279e+03 1.515196502549624569e+00
1.118623964109439839e+03 1.041442866064679947e+03 1.455721476678218940e+00
9.792123389656603649e+02 1.087092087362619395e+03 5.397511831110212155e-01
1.181474678294167916e+03 1.126758785633779326e+03 1.713626125864268435e+00
1.278302078538584055e+03 8.785502768196938632e+02 1.099766809271979007e+00
1.337959595553209510e+03 8.996431600149571750e+02 5.630227401261838072e-01
1.177134092724368656e+03 9.435492686272718856e+02 1.439729109741243240e+00
1.246785458973173490e+03 9.733552778905086598e+02 2.666004079810759264e-01
1.063106811015695939e+03 1.029162967856203295e+03 1.501026262946430601e+00
1.115557158299799539e+03 1.042260382845367758e+03 1.438827049835761374e+00
1.298392092339902774e+03 1.072414737630607760e+03 1.421134339684967829e+00
1.232729855540254448e+03 1.115691408294653002e+03 1.734336531875030118e+00
1.176558305837284024e+03 1.128714803640833907e+03 1.696660307838102622e+00
1.326069896461760436e+03 1.179442787436271146e+03 2.281384008006602127e+00
1.278297821551139805e+03 8.736315976762132323e+02 1.153224765068429969e+00
1.340703045290939372e+03 8.980918160333599189e+02 6.575303100468590234e-01
1.246468037663812311e+03 9.724100282326503475e+02 3.365159436902239731e-01
1.478912529733753217e+03 1.038775473058466559e+03 2.534607010189679155e+00
1.361310790626726885e+03 1.065355837804994735e+03 1.210170658434844393e+00
1.297252824537238439e+03 1.071380524125750753e+03 1.360961028326253208e+00
1.229766814530856209e+03 1.116123776883153141e+03 1.608905384310332476e+00
1.442402777033762504e+03 1.113424590664376410e+03 2.410152232458683930e+00
1.401411306412799831e+03 1.164581083600582588e+03 2.527895762477990527e+00
1.629413370487705834e+03 9.030761999859259959e+02 2.377842619768834265e+00
1.573280737983134031e+03 9.295553427102161095e+02 1.891387450265172188e+00
1.515146387927685964e+03 9.373042165152091911e+02 1.835570380762712395e+00
1.477810830923970116e+03 1.039203607825912968e+03 2.569454567347008389e+00
1.358622845121991759e+03 1.066529123648184623e+03 1.172034822554337552e+00
1.574082463826903449e+03 1.099498459657962485e+03 9.845297899563133504e-01
1.441332369759991252e+03 1.113433611663083411e+03 2.438877095677337348e+00
1.397794657912562116e+03 1.166491584592958588e+03 2.551042406321907041e+00
1.665799397529860016e+03 8.741565086760720078e+02 2.188820537750553630e+00
1.625665247924187270e+03 9.037822388481458802e+02 2.347485032256368953e+00
1.733087341028066248e+03 9.151687157601472791e+02 1.849040828150170679e+00
1.571460535149756652e+03 9.306009722208541461e+02 1.901542559255043674e+00
1.513341209215634535e+03 9.396013695415363145e+02 1.853449051494149291e+00
1.668252388068792698e+03 1.020350641924894035e+03 1.439240327523631624e+00
1.818330334325924014e+03 1.010456609195045758e+03 3.033991139579084728e-01
1.573060991390750587e+03 1.100883820989649166e+03 9.763661338555855718e-01
1.667649392057782507e+03 8.791818539452367531e+02 2.155238741265713909e+00
1.731908091289066306e+03 9.139373116503347774e+02 1.880029861615562181e+00
1.817217728741020437e+03 1.010213507499643583e+03 3.580083194992519369e-01
2.796458560154176212e+02 1.180950037516593284e+03 1.950352613465654139e+00
1.527637158156810528e+02 1.198666203611448736e+03 2.492843543483283408e+00
2.175947202373699270e+02 1.207144341935526882e+03 2.291011138093857369e+00
1.774466788016540022e+02 1.276524509534470553e+03 2.887100397215744962e+00
4.069828523523732429e+02 1.041888825572848418e+03 6.224651430367570404e-01
5.216846169720582793e+02 1.061976569590779036e+03 2.746809412765315983e+00
2.791591260677872128e+02 1.180721650558223928e+03 2.022729502774123667e+00
4.061589345011315118e+02 1.038482673825225675e+03 7.287639834679621176e-01
5.179093959022533227e+02 1.061816737623017389e+03 2.746765438432481332e+00
8.494447660129021642e+02 1.081408401926410306e+03 5.404975106844024380e-01
8.514147570006095975e+02 1.081577706024938379e+03 4.141154436014505835e-01
9.794041656711112864e+02 1.086514335204404460e+03 6.570057382701603998e-01
9.555682260812859568e+02 1.183144185420428585e+03 1.095935888277394410e+00
1.000058564055032321e+03 1.218374999361572918e+03 7.041780528365007008e-01
9.431951720158965600e+02 1.288416318264164374e+03 5.908535881633562165e-02
1.063399949338776878e+03 1.027866550799838478e+03 1.509577775045035652e+00
1.116016241922394556e+03 1.043189177415141103e+03 1.474481437510844151e+00
9.787644416097600697e+02 1.087062220365265375e+03 5.748279057397306380e-01
1.178493146138317115e+03 1.129539233811018903e+03 1.706902067076512708e+00
9.546991619084690228e+02 1.183473518370266447e+03 1.030305140160410193e+00
9.976619880794141864e+02 1.219032606097766120e+03 6.046644440804562759e-01
9.431090353333129315e+02 1.288515916891854431e+03 2.474113366588738885e-02
1.059600592360751762e+03 1.027853914674424459e+03 1.299031366126975451e+00
1.115530086617054394e+03 1.039297115923051251e+03 1.361248808170657076e+00
1.298590438871704919e+03 1.069945390068005509e+03 1.337514922156799235e+00
1.233029676964934879e+03 1.113772874569383930e+03 1.664419669154657333e+00
1.175624389040264077e+03 1.126629559957848187e+03 1.626054798638564503e+00
1.331739600524666685e+03 1.184828172409228046e+03 2.312405781017085715e+00
1.278953265912511370e+03 1.246664535932994113e+03 1.581124590330688751e+00
1.330276382394496068e+03 1.337195988886192481e+03 9.878911814909312472e-01
1.213062052430048425e+03 1.338765895462887329e+03 2.111287027682861028e-01
1.479923986189578955e+03 1.035223874339992108e+03 2.567342486034835058e+00
1.360907551017443893e+03 1.063881444786301699e+03 1.159839544063145045e+00
1.297903806019438434e+03 1.069166575939877475e+03 1.290721546023124056e+00
1.230809992222765231e+03 1.112949199744179850e+03 1.598968588116593370e+00
1.441788437697270183e+03 1.112107138615893291e+03 2.488101016711723013e+00
1.400370434285578540e+03 1.162338597372623099e+03 2.590763323168887577e+00
1.328729739223006845e+03 1.182657071424967853e+03 2.267497543901240142e+00
1.278521552784121468e+03 1.244793605749932794e+03 1.519097146331495063e+00
1.394629637676696120e+03 1.278651227279640352e+03 1.539529134826708612e+00
1.473718681169432557e+03 1.303602255290782068e+03 2.180040550642119435e+00
1.432178732275295715e+03 1.319779111397971292e+03 1.548675817919410669e+00
1.322645549752865236e+03 1.340019451734022368e+03 1.078399860235302210e+00
1.211436740972223333e+03 1.338484733424117167e+03 3.479576655746883795e-01
1.478192280605137739e+03 1.037646223892710850e+03 2.617788197341398337e+00
1.358406954389567545e+03 1.063586238038638612e+03 1.113148014805861230e+00
1.575565371314690992e+03 1.097038182263328508e+03 9.715553280513321566e-01
1.441966115360257163e+03 1.111986611936194549e+03 2.434464464213617063e+00
1.400231968860547340e+03 1.163966958645938121e+03 2.551620489821269100e+00
1.507762927101259720e+03 1.221360405483949762e+03 2.169947782221983701e+00
1.392639757586433689e+03 1.279531234598717674e+03 1.487024654898864151e+00
1.479067716850589477e+03 1.302122482657541923e+03 2.211060595231597592e+00
1.430131239729416393e+03 1.318353784887901156e+03 1.407177226097678036e+00
1.635114682800974379e+03 1.328020394341887368e+03 2.284564685024125463e+00
1.574560339929623069e+03 1.098230171080246237e+03 1.007128775672919252e+00
1.637268635564905935e+03 1.333092369982356104e+03 2.402731863642806776e+00
1.541307506642547196e+02 1.198240434617081519e+03 2.573267405141607789e+00
2.181108972462048996e+02 1.207188837343868272e+03 2.323573159739697580e+00
1.777313412629699769e+02 1.276286302242798911e+03 2.884754644794980560e+00
6.554202387990088710e+02 1.382426631107329968e+03 1.894323526768664667e+00
5.870813798801547136e+02 1.433380503830282578e+03 1.301645102364051398e+00
7.339437871197349068e+02 1.371636512329757807e+03 2.182401289535558231e+00
6.549952315067477002e+02 1.382474554520683114e+03 1.867712496689266866e+00
5.860547988840272637e+02 1.433717995822133844e+03 1.291506589432011243e+00
9.943768194806925749e+02 1.215973866231489865e+03 6.816065975704445057e-01
9.440589185599471875e+02 1.287261171511333032e+03 1.363568286839549337e-01
7.331915367452505734e+02 1.372832380262415882e+03 2.141516612999110336e+00
8.993712171311776729e+02 1.401001197085011881e+03 1.527387384723287722e+00
9.976457037811483133e+02 1.216702884864307862e+03 6.081176798797750527e-01
9.425581605212689738e+02 1.286702553768677717e+03 1.400920567610956236e-01
1.111254953976376555e+03 1.379567570971245004e+03 1.932963179911130425e+00
8.983692541068148785e+02 1.400130935264555092e+03 1.484073737022749251e+00
1.067577103786633870e+03 1.441160487594169126e+03 2.251194454255842636e+00
1.158651066103627727e+03 1.492095893697130350e+03 2.715071299169995900e+00
1.279400098004568690e+03 1.242389237753199041e+03 1.545413776174028309e+00
1.324298023735584138e+03 1.337607519744678939e+03 1.123279781223708973e+00
1.213598804269319089e+03 1.334460535018417659e+03 2.297648850383925134e-01
1.109635288877291487e+03 1.379779141877784241e+03 1.936248538321767798e+00
1.203682815233524252e+03 1.416642696320080404e+03 2.104376561816107660e+00
1.063893334893139809e+03 1.442158567650410077e+03 2.269058596517414372e+00
1.160449524020568333e+03 1.493655229368744813e+03 2.817577453809934518e+00
1.278735382457343349e+03 1.242811817384164897e+03 1.578566274746780795e+00
1.394506524566014150e+03 1.277061582681686104e+03 1.615092310719074886e+00
1.480208594237654552e+03 1.300876599427554538e+03 2.373047963869066468e+00
1.433218246308819289e+03 1.320650135055168676e+03 1.615509186822910559e+00
1.323308681162418452e+03 1.338022049851785368e+03 1.148428889845501955e+00
1.213134674216919166e+03 1.334835200362580281e+03 2.151921328553136059e-01
1.367622997489033651e+03 1.412079608485174958e+03 1.386212455088742468e+00
1.199979911891590746e+03 1.416374929916855308e+03 2.149233947189913785e+00
1.468026728173659649e+03 1.473623291371716732e+03 2.318448251288840467e+00
1.506371588381802212e+03 1.219540455110141693e+03 2.223179091700795418e+00
1.392610791632602286e+03 1.276520098567326613e+03 1.463751028260754206e+00
1.477871484639565551e+03 1.300220115969116705e+03 2.250884936564408800e+00
1.432243969862321364e+03 1.320329675030747012e+03 1.490740093828155199e+00
1.637120456138251484e+03 1.329582558180541128e+03 2.401015998711990118e+00
1.365098104635409754e+03 1.413422283118336964e+03 1.298669649143172622e+00
1.575738929048816090e+03 1.436829731568890111e+03 2.363320495440478730e+00
1.644826416235008310e+03 1.445123227856748144e+03 1.996436758977740755e+00
1.466326480248733333e+03 1.472581039822899129e+03 2.228647979368961973e+00
1.538320026790856446e+03 1.475760911497279949e+03 2.462017215301572470e+00
1.637131388367171212e+03 1.330098363034484464e+03 2.377896343764535736e+00
1.574824756459018317e+03 1.437303847130552867e+03 2.306102028454455333e+00
1.646278363503857008e+03 1.447458949072501127e+03 2.017161453601298060e+00
1.532557337583381468e+03 1.476715063772540361e+03 2.603528896977105322e+00
7.713751518955970710e+01 1.496962160337423484e+03 1.984596414585823698e+00
1.635139904003405036e+02 1.545209630415025686e+03 4.090796753458846857e-01
3.588267623119951395e+02 1.559836622090576839e+03 2.959715062742908631e-01
2.432983668548124569e+02 1.591479812075120435e+03 3.078876978787802088e+00
5.251491606975378090e+02 1.507733979160467925e+03 1.794086458928210170e+00
4.758616967917389502e+02 1.574323363485817481e+03 2.119397874694723072e+00
3.555386068063786524e+02 1.559222825182296674e+03 3.184062637185886002e-01
2.399649705078101078e+02 1.592118388559799314e+03 8.861513494358608245e-02
4.451773214081608785e+02 1.659360713616726116e+03 1.459663361021698753e-02
6.555210589214045740e+02 1.381499836314910681e+03 1.769980913277361845e+00
5.879138558595467430e+02 1.431897090933396157e+03 1.254130802135320355e+00
5.240030560463683287e+02 1.507083032265999691e+03 1.788983702155805044e+00
6.646310528677770435e+02 1.509191389129482786e+03 2.134892465178912069e+00
4.748928502389926507e+02 1.574586426423311423e+03 2.182447547513921560e+00
6.441073466898694733e+02 1.591100866452973605e+03 2.073698979661768860e+00
5.715157178283959638e+02 1.607444293951066584e+03 2.868801224390559845e+00
4.451305429815710113e+02 1.659538926850907956e+03 3.101105187490753146e+00
7.329088770783417885e+02 1.369917000287213796e+03 2.199357724674248615e+00
6.539246623991958813e+02 1.380182337429415611e+03 1.816627482047904918e+00
5.871993585180957780e+02 1.431817248423812771e+03 1.231426407159569525e+00
6.635767740567538340e+02 1.508505156117578963e+03 2.151040590141114262e+00
8.266150839415017799e+02 1.567593304276520257e+03 1.976171798152500436e+00
6.423200005702875615e+02 1.590239101913322429e+03 2.101671095586165272e+00
7.091038244099181611e+02 1.605182997626561928e+03 1.507356698577579923e+00
5.707806594868903858e+02 1.609459692775476015e+03 2.883779279717188615e+00
7.943323636652606865e+02 1.632706075503157990e+03 2.704632194211569640e+00
7.312557430764786659e+02 1.372273603232420101e+03 2.220619655129362435e+00
8.999307563031613881e+02 1.396873168101421925e+03 1.517204348561634220e+00
8.244172998698064703e+02 1.566798764313651191e+03 1.964091631700855212e+00
9.243670198480467661e+02 1.552134828864660676e+03 2.351370803175929503e-01
9.525408291744727194e+02 1.621845334938040196e+03 9.888201183212467216e-01
7.914756670648267800e+02 1.636302138606890594e+03 2.558831190116548804e+00
1.014444716756991738e+03 1.658442488546529376e+03 6.957186063097219320e-01
1.111035308242155679e+03 1.376413173245061671e+03 1.831777568427391589e+00
8.971572242007041496e+02 1.398111237682134288e+03 1.536418730614893757e+00
1.067567121462429213e+03 1.438952886048754408e+03 2.167586229135882281e+00
1.161133382074612882e+03 1.490482108182970023e+03 2.778498790945483243e+00
1.039409043339198433e+03 1.526504811801167989e+03 2.948442519706258480e+00
9.221672795350752949e+02 1.553570623543289912e+03 2.793168346987935924e-01
1.161960501692946309e+03 1.565544767617014031e+03 2.936017648515200751e+00
1.072648564894732317e+03 1.594777506424680269e+03 3.082902124157767432e+00
9.503879966866188624e+02 1.621638644824222638e+03 1.008270686145969597e+00
1.023672371560591955e+03 1.653037177620218472e+03 5.003878734494451308e-01
1.109156443682876443e+03 1.377565293025135588e+03 1.862736700706582926e+00
1.203379392229030827e+03 1.414904007772907107e+03 2.044168217999920323e+00
1.066430130976501005e+03 1.437816200015282220e+03 2.208257328497013283e+00
1.159913511325128638e+03 1.490644397254998239e+03 2.804214658821821970e+00
1.257061703560249498e+03 1.510405754397878809e+03 1.134818355047518157e+00
1.330321206127309779e+03 1.527909779340648583e+03 8.123878114146607654e-01
1.038823854340157141e+03 1.527565489899782733e+03 2.967000751085838495e+00
1.162627188455043097e+03 1.567624396013951809e+03 2.964230120846521821e+00
1.067341614315873130e+03 1.596291624989561569e+03 2.931899144896012860e-02
1.315718512755883694e+03 1.580873098064374744e+03 6.622522320047371513e-01
1.192961448429549819e+03 1.620531741613777740e+03 4.258063669731675938e-01
1.030190185272181225e+03 1.651340870765250656e+03 1.339783275185606470e+00
1.367588367997968589e+03 1.411526959935737750e+03 1.447148899086359464e+00
1.202066335676646077e+03 1.417904941601945211e+03 2.148560717685223498e+00
1.468305420287608058e+03 1.472616820010817037e+03 2.304933902541240975e+00
1.412046772692666536e+03 1.511656249807924951e+03 1.589642793711577129e+00
1.255780749388390632e+03 1.510867182176254119e+03 1.126978893232717605e+00
1.326980618049636860e+03 1.525873916536323122e+03 5.906934467519494580e-01
1.441046052312469328e+03 1.601553724879217953e+03 9.251114781984415281e-01
1.315386696716251663e+03 1.584664250188181768e+03 3.553942004606203686e-01
1.209744886127197105e+03 1.623497362151285415e+03 1.664273037167550429e-01
1.329523882984340389e+03 1.640758233062826548e+03 2.858043589459529077e-01
1.364729456247795042e+03 1.411128532241392577e+03 1.409541394883212062e+00
1.575982618852488940e+03 1.435995193940869285e+03 2.388045901047504138e+00
1.648966299733839605e+03 1.447477807959809070e+03 2.161169252523517326e+00
1.466650002397196886e+03 1.471816465209305534e+03 2.253637986416579864e+00
1.537450164616089751e+03 1.475209378095468537e+03 2.440291816451980011e+00
1.411282617921091969e+03 1.512012998632589643e+03 1.555299271543585826e+00
1.519612929117855401e+03 1.586855929963954395e+03 1.347487906826222437e+00
1.439613409032645450e+03 1.600210101351745607e+03 8.954306406884838809e-01
1.575088541345952990e+03 1.435350409876546792e+03 2.377026444588683507e+00
1.645860535560406106e+03 1.445277002408511862e+03 2.078294295590125795e+00
1.536184943921842432e+03 1.475580244307572002e+03 2.446339824175341793e+00
1.724507727659152351e+03 1.579306130908016939e+03 1.711851717005013596e+00
1.518459825981536369e+03 1.583809949759069696e+03 1.296997570915950027e+00
1.723673074399038342e+03 1.579029480817883950e+03 1.793371177630392221e+00
1.640453654423798753e+02 1.545627662922672926e+03 4.223254430088803080e-01
3.582970212064810767e+02 1.558743971532353498e+03 3.008739916136773385e-01
2.435538287403627464e+02 1.591438082291042974e+03 3.089746187180406611e+00
5.288127283741885094e+02 1.511936433563768560e+03 2.039259643020184143e+00
4.759583841789399230e+02 1.575326509028660439e+03 2.105991147866430158e+00
3.554873078705912803e+02 1.559783613519630990e+03 3.191275240552754466e-01
2.414300175206170138e+02 1.591094188576269744e+03 4.117879698522308729e-02
4.471362914103365256e+02 1.657790246551611745e+03 3.111825156930402070e+00
5.232557383327077787e+02 1.506519502331622789e+03 1.758580796368471422e+00
6.659072101962999568e+02 1.509403698117096155e+03 2.239929394282003550e+00
4.750843470838831308e+02 1.574124301972619378e+03 2.130842880769820091e+00
6.435862663436148523e+02 1.590465075686924138e+03 2.013546047402988926e+00
5.715910683415922904e+02 1.606486080261553980e+03 2.855332804412902714e+00
4.450074672094058315e+02 1.657111686778267085e+03 3.136966035610173176e+00
5.620805621428323775e+02 1.672948775267537485e+03 5.781969430123858888e-01
6.570126315719825243e+02 1.701889673940602961e+03 2.147109732380829694e+00
6.622717397660160259e+02 1.508042932202063639e+03 2.070264059299929293e+00
8.271536987407878314e+02 1.565479689159049713e+03 1.880483171353000138e+00
6.422624648477126357e+02 1.589633036042305548e+03 2.009172363206882750e+00
7.082354883578831277e+02 1.604901883609338938e+03 1.512051361787984050e+00
5.697629553314870918e+02 1.606644850113759730e+03 2.898601738636547687e+00
7.949239016167815635e+02 1.635415089828051578e+03 2.576666313588622970e+00
5.604255557357927273e+02 1.672373607088297149e+03 5.830252145895772342e-01
6.554362326752108174e+02 1.701361542533805277e+03 2.166266456018393516e+00
7.806357334198645503e+02 1.681723887995540281e+03 1.642987481427500840e-01
7.377913573505265958e+02 1.735189484619466384e+03 2.359846220281793805e+00
8.374182533896705536e+02 1.782477071923990707e+03 2.654487752701461645e+00
8.245194862888122316e+02 1.566679511509025815e+03 1.903342794772320046e+00
9.246620156466981371e+02 1.552584744166939345e+03 2.384508348770001118e-01
9.522593919075836766e+02 1.618982694251909152e+03 1.018967404449873104e+00
7.934060411091136302e+02 1.636211633853375588e+03 2.491576813098850707e+00
7.790460392192615018e+02 1.681316241973870092e+03 5.834089735157039353e-02
8.770281875350990504e+02 1.710402166363789547e+03 1.760037605679712680e+00
7.343730200430043169e+02 1.735553047424426723e+03 2.327517865512672923e+00
9.508382527967639817e+02 1.759340035689920342e+03 4.793724632523100326e-01
8.386043549439399385e+02 1.783345126513072046e+03 2.691720566942835902e+00
1.040470024669723671e+03 1.525845309326639381e+03 2.873674410347470953e+00
9.207278125824586823e+02 1.550670933752665860e+03 1.792547296562130577e-01
1.160641880926955309e+03 1.563465910935800139e+03 2.862820177112498587e+00
1.071818378316242161e+03 1.593546695456047928e+03 2.967386115528255708e+00
9.506017913176717684e+02 1.619451707104396519e+03 1.096579117755026811e+00
1.024638466683966953e+03 1.649218577221394071e+03 4.144497608613318396e-01
1.091467848542150705e+03 1.698066965427083005e+03 6.342008066895837848e-01
8.726091759275579989e+02 1.710992068919420490e+03 1.735393223674721153e+00
1.150972232468230459e+03 1.766244341804642772e+03 1.658367944496579538e+00
9.490796529321412436e+02 1.759424795150665432e+03 5.147925454610733365e-01
1.098006126701518497e+03 1.818172774126063359e+03 2.450834859995193682e+00
1.256238375666946922e+03 1.508156927975329609e+03 1.186579972712889841e+00
1.042394845407495040e+03 1.526684080452841499e+03 2.761677078051325562e+00
1.162596600669689678e+03 1.567579570975566867e+03 2.830510606032811349e+00
1.068159546475488696e+03 1.593127868319413437e+03 2.944250771962808599e+00
1.315599536590725393e+03 1.575755607895941921e+03 6.472932499034244058e-01
1.188632334716464584e+03 1.617928011316001175e+03 4.285846078532321579e-01
1.328481898993312370e+03 1.635344833333293536e+03 6.382573509246963761e-01
1.089842090813524919e+03 1.696498236977150782e+03 6.379275936181184603e-01
1.290752772366189674e+03 1.697322741532645296e+03 2.217805085724630754e+00
1.221045528932329034e+03 1.722202834063939008e+03 2.921693769720053346e+00
1.147113526545728291e+03 1.776112830353112258e+03 1.596095789383333186e+00
1.307407739426525040e+03 1.783201125676140919e+03 4.064964605988367619e-01
1.253014072975917315e+03 1.508758156230662507e+03 1.099214770843787825e+00
1.327205676115341021e+03 1.522114229127079625e+03 6.150530191147397518e-01
1.411074953958518563e+03 1.511601409003221761e+03 1.647981960181417849e+00
1.439572621148888175e+03 1.599581188100997451e+03 9.884758227454786272e-01
1.314442914054564881e+03 1.582076826817349456e+03 3.579633707407652299e-01
1.189505651190299432e+03 1.617630627519070003e+03 1.665467646772917087e-01
1.327673626484161787e+03 1.638469600854256669e+03 2.344951450340994614e-01
1.412080435547108664e+03 1.692246578818770786e+03 5.764754844891989416e-01
1.291918952698833664e+03 1.699846812521533138e+03 2.482956862895079109e+00
1.490531622626293483e+03 1.717371338988936714e+03 1.369876422664418447e+00
1.219415147380109829e+03 1.721750757982439609e+03 2.957659495145324779e+00
1.310233498915186601e+03 1.780980078409018915e+03 3.371606677849536826e-01
1.411974449291819383e+03 1.798118367416164801e+03 1.876419032425312272e+00
1.409309721548909920e+03 1.513512992205720820e+03 1.653076878140507189e+00
1.519576866971951176e+03 1.585487622680269396e+03 1.381222068666919878e+00
1.439533812935910419e+03 1.599219732521097967e+03 8.800644299286082273e-01
1.558148782036086914e+03 1.671736798355272640e+03 1.753383341902758241e+00
1.412148076522998053e+03 1.691689231736606189e+03 5.051556386447367819e-01
1.488604951449479131e+03 1.715220034508708522e+03 1.298633614205954911e+00
1.532292761007849776e+03 1.795189186376213684e+03 1.652042372607189114e+00
1.409742552126706642e+03 1.797422427145584152e+03 1.972003538008189505e+00
1.723816697109961069e+03 1.577701150377785098e+03 1.842314081110704826e+00
1.516680093014032082e+03 1.583726179060685126e+03 1.287668958280890452e+00
1.773456456249935854e+03 1.666914441238615154e+03 1.988296401220662535e+00
1.557077290466540717e+03 1.670736430183174207e+03 1.728204664403870217e+00
1.664525741591140559e+03 1.700220850803124222e+03 1.357305471550068310e+00
1.735448409208868270e+03 1.718297990294541023e+03 1.558062580655996454e+00
1.788174647248029487e+03 1.786946024333175501e+03 1.180526088353138103e+00
1.529612271900006817e+03 1.792050336411185299e+03 1.658695462348573679e+00
1.669869517885133746e+03 1.792667707635643637e+03 1.098712617330765529e+00
1.723123818622069393e+03 1.577570700046700040e+03 1.790385712161948861e+00
1.772324652616010098e+03 1.667082301502429573e+03 1.856959536629269270e+00
1.734350939857268941e+03 1.719162421169771733e+03 1.571909293533020779e+00
1.851748492384192787e+03 1.741628478182652088e+03 2.362409563134096668e+00
1.785275075468513478e+03 1.789094011522722212e+03 1.302355192635006542e+00
1.668583924799310580e+03 1.789092656679344600e+03 1.038387539039057561e+00
1.849928761533895340e+03 1.742026668944774883e+03 2.329930797999798298e+00
5.612319862079586983e+02 1.672768827309348353e+03 6.382602839381057436e-01
6.582446385558175734e+02 1.705687627711693722e+03 2.221644396970316127e+00
6.401718124335392304e+02 1.848018828415243661e+03 2.167383175693304409e+00
5.598687416078698789e+02 1.667559302678641643e+03 7.598106219423212959e-01
7.796196945260434177e+02 1.682330077400282562e+03 1.417153541010457984e-01
6.553011100390039019e+02 1.701176915503519922e+03 2.100392885392095010e+00
7.373529850113619659e+02 1.735706657019836484e+03 2.314656060457095599e+00
8.396629919728462710e+02 1.782196617394262830e+03 2.778654860224676337e+00
7.309048308225566188e+02 1.822962605368166351e+03 2.784954463162828464e+00
6.394346954223078683e+02 1.846837384943777579e+03 2.063235774260129496e+00
8.324619949726647974e+02 1.855248661076197095e+03 2.702099929492727259e+00
8.231901179107180724e+02 1.911411217017327544e+03 3.073109204022435481e+00
7.823874888849082936e+02 1.674418390817187401e+03 7.049951833880709062e-02
8.772805470181847340e+02 1.711191508564769720e+03 1.696486915085769986e+00
7.366797174693774650e+02 1.735447060140393660e+03 2.267573854544701284e+00
9.511597726024538133e+02 1.758396078102151478e+03 5.732398154517966971e-01
8.389212606260132361e+02 1.781971929818183071e+03 2.691611181348286586e+00
7.310056858166680058e+02 1.822834017896400610e+03 2.688551605360471441e+00
9.659972564644237991e+02 1.837870302619285440e+03 1.697819985262756792e-01
8.341531237755135635e+02 1.857288215899866373e+03 2.585646228669055358e+00
8.214826269928742022e+02 1.910984398864303785e+03 2.948099528873299402e+00
1.006323036269240674e+03 1.913967377905244575e+03 2.304587612554683251e-01
1.082816613639884736e+03 1.707120621330438098e+03 6.663485909543427343e-01
8.733891067222727997e+02 1.712695314461234375e+03 1.816524465974242331e+00
1.150206253515348408e+03 1.772928527254649453e+03 1.630080342061959620e+00
9.483843261910301408e+02 1.759094378915322750e+03 5.209439313343452449e-01
1.106147076298740558e+03 1.820950073052289554e+03 2.532414374437325311e+00
9.630187946090743480e+02 1.838380813310129270e+03 7.422356925787396142e-02
1.122649196177277872e+03 1.882019996847938501e+03 3.550729505733826730e-02
1.005653352454344940e+03 1.912372997288273837e+03 1.493845969149402708e-01
1.114938872109729346e+03 1.943375019483410142e+03 2.977260528233976467e-01
1.105810992570262442e+03 1.673038542952318267e+03 5.792839350154610489e-01
1.291956556733811794e+03 1.695650192341902084e+03 2.549735035276836204e+00
1.075617176012788150e+03 1.709596793434723168e+03 5.900226266166620492e-01
1.219678050733771670e+03 1.720547683348239161e+03 2.897614643038741278e+00
1.148626864038421672e+03 1.772281946288216659e+03 1.656930928352311483e+00
1.310896073536850281e+03 1.778599905261887670e+03 3.772179197215188573e-01
1.105049963463751965e+03 1.820462594452267240e+03 2.583671442163824050e+00
1.199683984092765286e+03 1.826187005676031959e+03 1.365143834021232516e+00
1.334690712286213284e+03 1.844570985972322660e+03 1.332114852954495055e+00
1.120996524991436445e+03 1.882783042396275050e+03 3.128512365068292223e+00
1.312024331356287348e+03 1.949852460369848814e+03 1.184146171567722616e+00
1.110521555291019467e+03 1.942142385043895956e+03 2.876565690786436202e-01
1.228766076771143844e+03 1.951715230334321859e+03 6.061030591085971864e-01
1.413236960362916534e+03 1.689874422373873358e+03 5.895896450269118017e-01
1.294218584448751699e+03 1.699553583397322200e+03 2.624471120390275303e+00
1.487345004820420627e+03 1.719677731671468337e+03 1.348524802283256108e+00
1.220095258268152520e+03 1.719419155609233940e+03 3.008922446878594226e+00
1.309420856798603154e+03 1.778488945140876012e+03 3.562087991710666812e-01
1.411275645415572626e+03 1.796846650353794303e+03 1.884598020032876242e+00
1.197448937030918160e+03 1.827206522885268441e+03 1.285098767264869490e+00
1.333476024517673068e+03 1.840949501406924810e+03 1.279281224783876958e+00
1.488237637790289682e+03 1.931674418590829191e+03 2.110594735389429211e+00
1.310325087672185646e+03 1.948891035681138419e+03 1.223281778688359855e+00
1.228828515570650097e+03 1.951925408483303272e+03 4.522497353503514561e-01
1.557455745660661933e+03 1.672696440563400074e+03 1.699833862378841154e+00
1.409926595226476138e+03 1.689181828483437357e+03 5.472577353647314347e-01
1.488010190919408615e+03 1.714682006158371905e+03 1.250555385067859016e+00
1.531729562877644867e+03 1.792965079290445374e+03 1.561409995104142467e+00
1.409849822828782180e+03 1.796702102063333768e+03 1.858497657709448081e+00
1.594345277619672743e+03 1.827737929867811999e+03 2.043225892199536986e+00
1.546358939956498489e+03 1.884189597978356915e+03 3.076668381956785048e+00
1.485827874846432678e+03 1.932142139579560535e+03 2.162158000384295065e+00
1.620571710620778049e+03 1.929826297291622268e+03 4.841674289301379219e-01
1.553293181481728197e+03 1.675764058733133652e+03 1.843295673388356093e+00
1.772038737079499697e+03 1.669750790957239133e+03 2.508752256132015468e+00
1.663763092998019147e+03 1.699875510272831207e+03 1.441578862251511328e+00
1.734615923461966304e+03 1.718626055331876387e+03 1.590372691141378025e+00
1.785437111206098280e+03 1.788976882560878039e+03 1.342944041321268100e+00
1.530519369610936110e+03 1.792661372212508923e+03 1.655651093092904258e+00
1.669436381393210468e+03 1.792201545565714014e+03 1.183347743641981920e+00
1.593236945050328359e+03 1.827424353214016264e+03 2.095965613429807028e+00
1.714630403275299841e+03 1.852656190786226944e+03 1.188181952728935897e+00
1.544137280572360851e+03 1.884547838087943774e+03 3.035211586799444472e+00
1.618673784817043042e+03 1.927039411914390257e+03 5.309362275051150437e-01
1.769289249378170553e+03 1.668279712566186618e+03 2.475680359341364323e+00
1.734239421653720001e+03 1.719992309672398051e+03 1.623530696196729739e+00
1.852309778982577427e+03 1.742434653645706021e+03 2.354574507943157702e+00
1.785448590883012002e+03 1.789048210769905381e+03 1.351074659306585657e+00
1.666966277382235830e+03 1.791798775271119894e+03 1.192457015098454587e+00
1.714853750969068187e+03 1.853754022385642656e+03 1.198919969698235555e+00
1.850999383267819212e+03 1.743392215401288013e+03 2.308298237842809630e+00
6.414485775911487053e+02 1.849021956764690231e+03 2.298371018324678161e+00
6.389521937193783288e+02 1.846840744729674725e+03 2.153445360754678184e+00
8.329890802493114279e+02 1.851887203814636905e+03 2.687001831785816197e+00
8.228360634711651755e+02 1.911374181245657383e+03 3.038726464219162260e+00
7.355201512639926023e+02 1.826643280783006503e+03 2.584427154684012518e+00
9.628801515322609248e+02 1.838320887354727574e+03 2.496549687273969254e-01
8.327429747131179738e+02 1.854996989336053275e+03 2.637378555811172642e+00
8.204012809156409958e+02 1.912069496851776876e+03 2.922118231434809754e+00
1.004498449912600336e+03 1.912588613863701539e+03 2.276121410707309944e-01
9.624556545565774286e+02 1.836998187079823083e+03 1.233098410794276761e-01
1.122175549440651594e+03 1.881307514868066392e+03 1.304907375899510280e-01
1.006374356510618554e+03 1.911866371231348239e+03 2.195572723263566339e-01
1.114335978684502834e+03 1.941944846611193498e+03 3.383654034961894874e-01
1.084296492280861912e+03 2.124906205657520331e+03 2.938342097259806884e+00
1.200527161808875690e+03 1.826349248317143065e+03 1.360849994856202505e+00
1.331705513127590166e+03 1.850800077084718396e+03 1.278852973861023479e+00
1.120839891608824701e+03 1.882702731036481509e+03 1.987338204264447322e-02
1.312582761065690192e+03 1.948331713891112940e+03 1.316840881475166869e+00
1.230730286154535861e+03 1.950279004180778429e+03 5.989358987032906700e-01
1.113151774764348602e+03 1.942493201107902678e+03 2.101650474148412939e-01
1.083248198556419084e+03 2.125171736454389702e+03 2.939619648637377125e+00
1.192084129373497717e+03 1.831450892493816582e+03 1.147066402745777758e+00
1.333530358329553110e+03 1.841728347457693189e+03 1.245860614987873483e+00
1.488500605073447332e+03 1.932303600402658049e+03 2.163640783048098371e+00
1.311231087212695911e+03 1.948720062119601607e+03 1.233333613391520700e+00
1.228408154923848542e+03 1.951102851703303713e+03 5.664727373963670543e-01
1.595619873026150117e+03 1.829756466827011536e+03 2.071521490416084355e+00
1.544972617245683750e+03 1.884800323014117339e+03 3.061997447631847891e+00
1.485286668193090691e+03 1.932342865736749445e+03 2.128292784640183122e+00
1.617867802298735114e+03 1.927526186949109160e+03 6.430483091612069213e-01
1.633031326953332155e+03 1.985487119774323673e+03 1.192248136027632688e+00
1.593550959043660669e+03 1.829792365917813868e+03 2.082879780793057023e+00
1.714995422963649617e+03 1.854289627079581578e+03 1.222784205006469227e+00
1.544865651095387193e+03 1.885263085429015291e+03 3.086626664722186497e+00
1.617226156641190755e+03 1.927514517908269227e+03 6.168809318168612110e-01
1.633257030675246597e+03 1.985324869567366477e+03 1.221286260128808365e+00
1.714219154468386705e+03 1.855837301575807260e+03 1.281307651567820560e+00
1.083301384433885460e+03 2.120879005162139492e+03 3.076721807747170079e+00
1.081892272128185823e+03 2.121400936822857602e+03 3.057379359550050246e+00
1.627030511944581576e+03 1.994713882716918761e+03 1.226558103537889632e+00
