3.240295995989410471e+02 3.101317428088975703e+02 1.258332624319743021e+00
3.226222373195801651e+02 3.110964769170340105e+02 1.276749442959033809e+00
1.555824751572502009e+03 3.339092849761967727e+02 5.739899276256930083e-01
1.645617985125574251e+03 3.634129819640318146e+02 1.319425182032781807e-01
1.743603467109015128e+03 3.410545185387525180e+02 2.508551762686136666e+00
1.554414485058443688e+03 3.344421478841534281e+02 6.102209696723085441e-01
1.653306366801218928e+03 3.652194733894818910e+02 7.781460771055200010e-02
1.877378354144322202e+03 3.175747076921383041e+02 4.362747116177561613e-01
1.741468995327369612e+03 3.422033648021943577e+02 2.535533417433808889e+00
1.854129376799592592e+03 3.626809713223178733e+02 2.910203168875680646e+00
1.878745171902229686e+03 3.170003814608775770e+02 4.026621282117550660e-01
1.855886259627346362e+03 3.664080595824480042e+02 2.784799483442466972e+00
3.242047977915109982e+02 3.097768857543373429e+02 1.253148686680817248e+00
8.501296359832221583e+01 4.075845472204487123e+02 2.717364610818377546e+00
3.228362726378414322e+02 3.095421131697376040e+02 1.271635736266165218e+00
9.773532149966235920e+02 5.221953435088238393e+02 2.194519524813247191e+00
9.785610654938857351e+02 5.266696469895852033e+02 2.154881182021409547e+00
1.448805615137838004e+03 3.974300288970262045e+02 1.145166987904500555e+00
1.553211526949078007e+03 3.345116062933281000e+02 5.214823543798218219e-01
1.652112280934716409e+03 3.641474421176831129e+02 3.052052034261637292e+00
1.448039694235742445e+03 3.982376352512349058e+02 1.197612395899633420e+00
1.519062573713920756e+03 4.030048666905687469e+02 7.864654039334939561e-01
1.587355424811077228e+03 4.410988181905140664e+02 4.932827065782202647e-01
1.742630998265596645e+03 3.400321334120110919e+02 2.436713253350993647e+00
1.552608724374121039e+03 3.352436568299095825e+02 5.555549429162986996e-01
1.652853763828603633e+03 3.636069597090515799e+02 3.080544412112182329e+00
1.518123378985380896e+03 4.035583829675238121e+02 8.050654285618943362e-01
1.587088985493137670e+03 4.409310192551052978e+02 5.031026123040925890e-01
1.668607936222119633e+03 4.649615780843628272e+02 7.465977425117830135e-01
1.704048696553678610e+03 5.136251142907999565e+02 1.004017119810169945e+00
1.795178133933654181e+03 5.380133430615184125e+02 8.969548290440054750e-01
1.879620721468994816e+03 3.154373152655339254e+02 3.797420807843327473e-01
1.742833994889376754e+03 3.395351409379995857e+02 2.472193821704187222e+00
1.854195725874206573e+03 3.621311660649558917e+02 2.747245049884558643e+00
1.672301992526299728e+03 4.615303089897190603e+02 7.443075920011792412e-01
1.704859525966819092e+03 5.095107523059707546e+02 8.794416473009224466e-01
1.972615966167443730e+03 5.203307108568585591e+02 3.092456246584593949e+00
1.790898916804806731e+03 5.367237066901105891e+02 9.802443415515064151e-01
1.877688931686103160e+03 3.162973462355587912e+02 4.130809714954281064e-01
1.852662701744085552e+03 3.628903260710418408e+02 2.752654183717995195e+00
1.978423602301522806e+03 5.213941783802617920e+02 5.152238146194079715e-02
9.143563271774095824e+01 4.102649978459212434e+02 2.752722711048884552e+00
9.794836313939285901e+02 5.267378120949274489e+02 2.087499251396367050e+00
9.296834865805681147e+02 6.835024504744807246e+02 1.047192388654746731e+00
9.791922966401036774e+02 5.274883803710354186e+02 2.082882051780406307e+00
9.293551579867219061e+02 6.813110429397390817e+02 9.672623345442027398e-01
1.447489048934786524e+03 3.978252039770508190e+02 1.142664767924197022e+00
1.435401447703891108e+03 5.604285232000057704e+02 8.394970850111466154e-01
1.492518755475349963e+03 6.311660670981427756e+02 6.673763990020217252e-01
1.370114407565274860e+03 6.342107541314078389e+02 4.483926865465632239e-01
1.448599971649638064e+03 3.952918040871662697e+02 1.195894931770018932e+00
1.518749862747987663e+03 4.028918342494425815e+02 7.337928562677321631e-01
1.587257855964928467e+03 4.403512071361991502e+02 4.189455764803226567e-01
1.433409652684723824e+03 5.621242995019456430e+02 8.349163560890728863e-01
1.584669819241442838e+03 5.660305689999531751e+02 2.054945703683037639e-01
1.653209435180394166e+03 6.117527595709565276e+02 1.226427928148171587e+00
1.495640578891316409e+03 6.290834690965070877e+02 4.962501721087404505e-01
1.367497619088947431e+03 6.360209463286382743e+02 4.680421469529855716e-01
1.558115534351709812e+03 6.507238453347257519e+02 1.059134569017220029e+00
1.642723472567111685e+03 7.001873539207933845e+02 2.458235561294572769e+00
1.517219337194751006e+03 3.975610463205414362e+02 7.872306315473426297e-01
1.588111072459600791e+03 4.394962657978358038e+02 4.444053887648106160e-01
1.669406971567132814e+03 4.638195376686594500e+02 6.907600784276470840e-01
1.704689889786576259e+03 5.104423293061049662e+02 9.999168859458080760e-01
1.791100581492961510e+03 5.330169720331612098e+02 8.916975738868782031e-01
1.585538027590635238e+03 5.657134277297905101e+02 2.336232659392274702e-01
1.660091555420245868e+03 6.209157290545325623e+02 1.088286090465321099e+00
1.750634290082150528e+03 6.067856900639287687e+02 8.462694474259184474e-02
1.556712809096014325e+03 6.499469006988324509e+02 9.593288144100282633e-01
1.646213729101544232e+03 7.016577608079549009e+02 2.825578295416871111e+00
1.668094379973961395e+03 4.607907361356875526e+02 7.555926445114151679e-01
1.703756792372186283e+03 5.106806167246568293e+02 9.311211752241328465e-01
1.979569496435697147e+03 5.219738084941125180e+02 3.012605846369731388e+00
1.789307607060045711e+03 5.325698738031826451e+02 8.739629895969945883e-01
1.853834063071492892e+03 5.532593584012464589e+02 6.758943158299387521e-01
1.897343869851027648e+03 5.949016663309369051e+02 6.020829732303309978e-01
1.749673377650351767e+03 6.071412629946023571e+02 1.135311033434050210e-01
1.688519869607428063e+03 6.509814829694440732e+02 6.333827716966687893e-01
1.942407303654040788e+03 6.626285301253118405e+02 3.117022957542235684e+00
1.824240219762170000e+03 6.824021774393744408e+02 1.876675933907259619e+00
1.896788543620625205e+03 6.857604661782190760e+02 2.299437705006696753e+00
1.977510874801972932e+03 5.206441253272885206e+02 1.067716568421238528e-02
1.852094470387146657e+03 5.526198975125412289e+02 7.388310982105988911e-01
2.062017971253620090e+03 6.001142253692870554e+02 2.292741573645335151e+00
1.895725918735132382e+03 5.945022584790343672e+02 6.418159463594822478e-01
1.999874415391077946e+03 6.101053399163954509e+02 2.236447097865851052e+00
2.137332309595252809e+03 6.189461794306546381e+02 2.136086866553546404e+00
1.952784829370420994e+03 6.549457865730510093e+02 2.995732310731286763e+00
1.894182309682863888e+03 6.884474850699016315e+02 2.376031922616208991e+00
2.071312991808344123e+03 6.914401398250266766e+02 2.016698694328159291e+00
2.061062846308981079e+03 6.002893063128858557e+02 2.325641615247518335e+00
1.997771622960679451e+03 6.110661539257515642e+02 2.251702840969926012e+00
2.137625489026109335e+03 6.210893582048868211e+02 2.190756269671378043e+00
2.222496058016773986e+03 6.425971211487430992e+02 2.484283505053102914e+00
2.072655248950045916e+03 6.958738487532659747e+02 2.144691902653735216e+00
9.293643388694958958e+02 6.811007735142818547e+02 9.911483715201576672e-01
8.642294592522464427e+02 7.545812079898472575e+02 2.038023141254481363e+00
9.256066555935915403e+02 7.758759419624285556e+02 1.346876675436043502e+00
9.545106923997252579e+02 8.544925048679103838e+02 6.668461167104403620e-01
9.290743395229030739e+02 6.806025781641025105e+02 9.782574371063946783e-01
9.252095739417920868e+02 7.748145174323828996e+02 1.355175251667537495e+00
1.133004250284785257e+03 7.920897042831213639e+02 1.823460486478124309e+00
9.537150421589615235e+02 8.518373585107153758e+02 6.132507782061389356e-01
1.284201258342571919e+03 7.081898814477590349e+02 5.856670216145664076e-01
1.130261721794506457e+03 7.904134008577856321e+02 1.780152626608053401e+00
1.185314130079793131e+03 8.000354831112988450e+02 1.126422164526456937e+00
1.241622127414521174e+03 8.284586018546882542e+02 8.690332860895561007e-01
1.435005762564621364e+03 5.587664245843570825e+02 8.960472131440502253e-01
1.371636161185801029e+03 6.328097134905583516e+02 4.564791341635471289e-01
1.493151592063058843e+03 6.276884225455536352e+02 6.169803802383191371e-01
1.282980645504154381e+03 7.087095500822837266e+02 6.419728173711568564e-01
1.498223532427525242e+03 7.338375928819064029e+02 2.645402250269796252e+00
1.187518162955021126e+03 7.972537664701707172e+02 1.255268089605894755e+00
1.346112978654074823e+03 7.867305450028831046e+02 5.094800144298922140e-01
1.240973596722048796e+03 8.287444448429006343e+02 9.530023750736905663e-01
1.403722004292238353e+03 8.289009978302694890e+02 6.312661222459454713e-01
1.434251228777476626e+03 5.567585128771671634e+02 9.219166252491257652e-01
1.585856010165041425e+03 5.645896048101594715e+02 3.498062158670555144e-01
1.655607706614368681e+03 6.266823233319560131e+02 1.753752855056654125e+00
1.497096130703888321e+03 6.269121155993811954e+02 5.620574897903541922e-01
1.368394642014653073e+03 6.329040886813379529e+02 4.983649750898286879e-01
1.558850470459879944e+03 6.490246013965853535e+02 1.034999365204128052e+00
1.649891660580803318e+03 7.007674044457148739e+02 2.636517362408008491e+00
1.498218273400198768e+03 7.337619006356719638e+02 2.749151698884868100e+00
1.587315254498449576e+03 7.318757561743943825e+02 2.462900694508586064e+00
1.346451996494894729e+03 7.872832725182264539e+02 5.326230405492903275e-01
1.552401097012803575e+03 7.977912578055997983e+02 4.061992835478712705e-01
1.402077119341225171e+03 8.314143400244956865e+02 6.740790459773500221e-01
1.584411259755548826e+03 5.613065412378058454e+02 3.185990608130970236e-01
1.660000456703051441e+03 6.221721238386376172e+02 1.064144942968018093e+00
1.749994676254055548e+03 6.059779485202088836e+02 2.112696204730286353e-01
1.556722310222787655e+03 6.484256560871601778e+02 9.999191030712571981e-01
1.648129243506766670e+03 7.016769724383540279e+02 2.682731229096448899e+00
1.753226059126871178e+03 7.131962400932362698e+02 2.922148918870777656e+00
1.587141434659022252e+03 7.322679291516326430e+02 2.446077365007095938e+00
1.690196842982936914e+03 7.762226961522472948e+02 3.856367084918737587e-01
1.549742688043248791e+03 7.986921304803825024e+02 4.173353157269412139e-01
1.809036284789476667e+03 8.104353625165899757e+02 2.435355357128235809e+00
1.775782311598208025e+03 8.347732350650665012e+02 2.005716560343794086e+00
1.853041616468825396e+03 5.513991627851190742e+02 6.115929879466033281e-01
1.896472052414627342e+03 5.936220437986549996e+02 6.633749434970502845e-01
1.749117204599359411e+03 6.062278259175553785e+02 1.770983366146062776e-01
1.678401208532359988e+03 6.544073254371098756e+02 5.309160614043839654e-01
1.956177698885151585e+03 6.543744692244279122e+02 2.943744336232574810e+00
1.824411465794032893e+03 6.828724973048678066e+02 1.767059510988355342e+00
1.897520154263157565e+03 6.905316717740693093e+02 2.150866600398144701e+00
1.752617621063911884e+03 7.138840962878427945e+02 2.941752480685563942e+00
1.879635098405533881e+03 7.637576214898510898e+02 1.340071388563024157e-01
1.686604435226068745e+03 7.781610492589799151e+02 4.052618332480921737e-01
1.814388182126723223e+03 8.095957988722684604e+02 2.491220920838267627e+00
1.770715705813384830e+03 8.392775012520085056e+02 1.926006998265722636e+00
1.847354481562889987e+03 5.505628121751868775e+02 6.964040565656773873e-01
1.893896766251258214e+03 5.935790580150371625e+02 6.048001079766708310e-01
2.062261291106411136e+03 6.013875365441481335e+02 2.360677883960914603e+00
2.001288460482984192e+03 6.104685393642823783e+02 2.258498590143560580e+00
2.139881076376292640e+03 6.219113304762552161e+02 2.204498105034657929e+00
1.951248523764898891e+03 6.536825859195535031e+02 3.063116300191285113e+00
1.897038857873243614e+03 6.906654976363948890e+02 2.224661589712039422e+00
2.075077466664056374e+03 6.976391647812265546e+02 2.127373677707746769e+00
1.979690994032122035e+03 7.426849245717753547e+02 2.241191619280499481e+00
1.877330342793055934e+03 7.638173910192081166e+02 1.444254963967461225e-01
2.131860226423513268e+03 8.111918244047153621e+02 1.518465245230676386e+00
2.060314081772551617e+03 5.998604038908205212e+02 2.420883665442192800e+00
2.137407192900891914e+03 6.206675993032350789e+02 2.233237171269809807e+00
1.999731313597098961e+03 6.125600961440874244e+02 2.361285064438597203e+00
2.222396273235611261e+03 6.433786667530994237e+02 2.522200438189628358e+00
2.074286447719468470e+03 6.975258497219365381e+02 2.153921595045370285e+00
2.171677909522637492e+03 7.710049890030708184e+02 2.219531828820560992e+00
2.127851183950223458e+03 8.126916152865412641e+02 1.595462905512291307e+00
4.822863824999151348e+02 9.994007056252876282e+02 8.883124668767492516e-01
4.804370720809590694e+02 1.000073362909974549e+03 9.201614782030009820e-01
6.284235670858633966e+02 1.008946167423389397e+03 2.830056656765532974e+00
6.283474453647629616e+02 1.013233967965183410e+03 2.874736537240207390e+00
8.638638701688822721e+02 7.533443454844986036e+02 2.052301338281665721e+00
9.257061659723669891e+02 7.748308428684185856e+02 1.377433277255964983e+00
9.541515249610424689e+02 8.516107335417493687e+02 6.449393755849851528e-01
9.410088347646535567e+02 9.763648014589816739e+02 1.100654164713496863e+00
9.251901525213061177e+02 7.740251755894903454e+02 1.416850860662318246e+00
1.132578313277894722e+03 7.904668288004319265e+02 1.881718682420085109e+00
9.534972304963494025e+02 8.508527661534753861e+02 6.052661989732510683e-01
1.024807836924905132e+03 9.470385148922428016e+02 1.045410687478290690e+00
9.410975947201065992e+02 9.758910178735609406e+02 1.074600386991101164e+00
1.067833378380909608e+03 9.965049968408243330e+02 1.171272612788171186e+00
1.282309892791262882e+03 7.073237012904493213e+02 5.285367735968978797e-01
1.131282511374848355e+03 7.891751238627726934e+02 1.844420587216025531e+00
1.185863742012300008e+03 7.983794808264547100e+02 1.092573673237089205e+00
1.242827397855473691e+03 8.263862852431142301e+02 7.907917577677688881e-01
1.234709604013854459e+03 9.074620784208132136e+02 8.865468526753054190e-01
1.274533990227910181e+03 9.702184356631939863e+02 1.599181982216669962e+00
1.067482771758880972e+03 9.928544014616716140e+02 1.177042675193689325e+00
1.497803604470514301e+03 7.285688563258220256e+02 2.609758156562969944e+00
1.347207132510753127e+03 7.856771123060711943e+02 4.894025020156541617e-01
1.240883275784059379e+03 8.272656143501723136e+02 8.657941060239635611e-01
1.405259363976813574e+03 8.274618521844746510e+02 5.730490946659748674e-01
1.473177116156163493e+03 8.725862038931911684e+02 3.088074525592126029e+00
1.387249345370001265e+03 8.945210650671322128e+02 2.611624658418100431e+00
1.233821646738429308e+03 9.085074718936334648e+02 9.746227031383621897e-01
1.273464318320863185e+03 9.696749540754451573e+02 1.569030926298743189e+00
1.349665863356031423e+03 9.997410982941187285e+02 2.975649698276362276e+00
1.498094244796247949e+03 7.325244119347013338e+02 2.809734775889711766e+00
1.588823633294730371e+03 7.289149209782231082e+02 2.505284306009145201e+00
1.551979869446542125e+03 7.966409726194167433e+02 4.308894080446280528e-01
1.402143993931517343e+03 8.289870932429270169e+02 6.052839353896530827e-01
1.591137858984252034e+03 8.706285300588085647e+02 1.664289734516342767e+00
1.659042295582385350e+03 8.794733827247205227e+02 1.353138977695401257e+00
1.469633364128878839e+03 8.728802380837673809e+02 7.057853891935540400e-03
1.384779787948463536e+03 8.935605845800569114e+02 2.647666179419900345e+00
1.518741855541801669e+03 9.387380090619153634e+02 1.306584378700788862e-01
1.601173841510936882e+03 9.836343836566172740e+02 1.623486601307895905e+00
1.754287273712964407e+03 7.108896378304211794e+02 2.977088399051915690e+00
1.585680306545288431e+03 7.323316857458673894e+02 2.502525182816504490e+00
1.689687620046105167e+03 7.754417696833652371e+02 3.902291645693073407e-01
1.551142899011946383e+03 7.965472183655477920e+02 4.212969150142631403e-01
1.811735810229862636e+03 8.113056364839425214e+02 2.808069305516532665e+00
1.772707461050602433e+03 8.355615172377955560e+02 2.086278818807055124e+00
1.590151619997440093e+03 8.721854660963654169e+02 1.641296697045223185e+00
1.656044713007492646e+03 8.792712833296882309e+02 1.290856087605767977e+00
1.722088436944672367e+03 8.600598497261562443e+02 2.145215988715310829e+00
1.517164862262408633e+03 9.399816143265823030e+02 1.953657807739941910e-01
1.724077150586872904e+03 9.553259187298351662e+02 2.384865905169608613e+00
1.599460346379279144e+03 9.857401953536980272e+02 1.602641013745754073e+00
1.671198669428761150e+03 9.994385355358349443e+02 2.315882360177345056e+00
1.754089901135161426e+03 7.122121838020974565e+02 3.016526077238363968e+00
1.879922209850631134e+03 7.633723275176595280e+02 1.288162644769025589e-01
1.689273131897650046e+03 7.772145916078087566e+02 4.301382054027983459e-01
1.817373711492066377e+03 8.093221008527867752e+02 2.560602246380317748e+00
1.772738052797016508e+03 8.364581565496800977e+02 2.100594040165246312e+00
1.720617329598830793e+03 8.614918689935977909e+02 2.052995687265731561e+00
1.858119264110525137e+03 9.035180857645800643e+02 2.323511249445046722e+00
1.725033065568871280e+03 9.559460591895258403e+02 2.375748274891615885e+00
1.669474407161376803e+03 1.003266094939043114e+03 2.261000487234027467e+00
1.980653126693848208e+03 7.438966741488095522e+02 2.280123332652541190e+00
1.880114666949099956e+03 7.645472345636626414e+02 1.422210509583084204e-01
2.130607872881644653e+03 8.132651502450931957e+02 1.614691268363251497e+00
1.856998061892804344e+03 9.040540974665684644e+02 2.406059545929621457e+00
2.170328631777895225e+03 7.699674649577650598e+02 2.302501636698722987e+00
2.127507296470869278e+03 8.118223636163928632e+02 1.703242379263727235e+00
2.978599957369434037e+02 1.081549399636986891e+03 1.183510230616058534e+00
3.765956517593424451e+02 1.075578062344546197e+03 1.250400168820080760e+00
4.832661923009241036e+02 9.979735523850208665e+02 7.893353257709477822e-01
3.750507391723613182e+02 1.075678627034683586e+03 1.159210081085009669e+00
2.976947305429137032e+02 1.083080740691125584e+03 1.175928824055616717e+00
3.817202094518447666e+02 1.135386231328521944e+03 8.420037664112495213e-01
4.820734376704433544e+02 9.984232260554306322e+02 8.751551331774114484e-01
6.324477637181519185e+02 1.011180157563934927e+03 2.733982439174046153e+00
5.530716057077054302e+02 1.051731655321152175e+03 2.743192071158399692e+00
6.305649522122372446e+02 1.011070538659715112e+03 2.750004103689022372e+00
5.484475591942067467e+02 1.051530093365761786e+03 2.847600713654379945e+00
8.232178800908409357e+02 1.096092250773911928e+03 3.078894584913836496e+00
9.409537964434109654e+02 9.755454084006969424e+02 1.182458761515415180e+00
9.719317701213642522e+02 1.045955979206103166e+03 7.264183070569438794e-01
8.186373809618241921e+02 1.096236741933322946e+03 2.907309831284606627e+00
9.424824198266123858e+02 1.133645620167636025e+03 1.979246045366503115e-01
1.025305469345445317e+03 9.461769919888024560e+02 1.120200026671863247e+00
9.415885702834680160e+02 9.747630174481678296e+02 1.155977197969538128e+00
1.068362252651929111e+03 9.934414420452519607e+02 1.179370382415926066e+00
1.124677478794165154e+03 1.024275785934440592e+03 3.184363317483812628e-01
9.721166459546964234e+02 1.045130656281028450e+03 6.752029225423379355e-01
1.087298267589017087e+03 1.078520787813667312e+03 2.743490973001220024e+00
9.426239519111236405e+02 1.133491071168100461e+03 1.446003441418676760e-01
1.234411700484428138e+03 9.069579902280490842e+02 8.835208973969228552e-01
1.273804849853657970e+03 9.674220587638378674e+02 1.488628138190567718e+00
1.066231335482712439e+03 9.932520361895294627e+02 1.104909036215880658e+00
1.122189546646639428e+03 1.024273076331528955e+03 3.268059307683839898e-01
1.084952051445696725e+03 1.078966338087127269e+03 2.841126442636364935e+00
1.332181614952991367e+03 1.137795338115184222e+03 2.661141672406920566e+00
1.258091136837171234e+03 1.152880991030720452e+03 1.863866994491493623e+00
1.471898911552405480e+03 8.701410530748757992e+02 2.281492365206874595e+00
1.386059187325674202e+03 8.942555582114493973e+02 2.737459879138909979e+00
1.231097296930865696e+03 9.061291923254523226e+02 9.230993069744700685e-01
1.272663970086826339e+03 9.680841802772654319e+02 1.432793841662174827e+00
1.348561501483907477e+03 9.974434286455311849e+02 1.240723626809884725e-02
1.384582313868603251e+03 1.068382070278289802e+03 2.557471516451735205e+00
1.255516764144374065e+03 1.153752132897622005e+03 1.792465666338452834e+00
1.333762841094649048e+03 1.138715948643368392e+03 2.720804661509275135e+00
1.471408212732106449e+03 8.704926155750720227e+02 1.381503187727409383e-02
1.591780956808497876e+03 8.707852909739847291e+02 1.635784341589535451e+00
1.655674628443478014e+03 8.849151702718797878e+02 1.214413078271889379e+00
1.387304210791044170e+03 8.943026377108806173e+02 2.676614226292234555e+00
1.519951055667633000e+03 9.377131312594126484e+02 1.560758288343681299e-01
1.600963022155634917e+03 9.844851669212857814e+02 1.567838349592391767e+00
1.516485648182177783e+03 1.029913392340787368e+03 5.368489986025458682e-01
1.624657137543155841e+03 1.057895695881320989e+03 1.541813097315564374e+00
1.383868518681161959e+03 1.068635730225488487e+03 2.581421437175676292e+00
1.534081491900098627e+03 1.080047097923479669e+03 1.279543273751596821e+00
1.589374998155371486e+03 8.690180634914347593e+02 1.668149877403732217e+00
1.656953866971341085e+03 8.785348222054453800e+02 1.261720160710245064e+00
1.522146716708556369e+03 9.373006261648222335e+02 2.118094946873371187e-01
1.725217307949792939e+03 9.542430180060277962e+02 2.463947676700146694e+00
1.599753157178151923e+03 9.844693404424194796e+02 1.548283401070831733e+00
1.672539574579184773e+03 9.962324153341703550e+02 2.395735216276078106e+00
1.516706134571037637e+03 1.031074799328833706e+03 5.021066742756047363e-01
1.624082907296836083e+03 1.058042307074334985e+03 1.500964805350063935e+00
1.532511558052197188e+03 1.080174262979070363e+03 1.270594073321489548e+00
1.858396452331508726e+03 9.033835632527552661e+02 2.420775596816066244e+00
1.725532943749868082e+03 9.557898393843011036e+02 2.459408742719065621e+00
1.671047773481418062e+03 9.979074587567129129e+02 2.435619172172860836e+00
1.858891695468872967e+03 9.055921913751897137e+02 2.564705662538967701e+00
3.756222599108027680e+02 1.081173600422378968e+03 1.322652035651078917e+00
2.980426039932539197e+02 1.082471456046747562e+03 1.180989627308723255e+00
2.720461160345679446e+02 1.187465551303268512e+03 3.116609201604346513e+00
1.685472942298674752e+02 1.304803687936331471e+03 6.780856128610097677e-01
3.747784693575033543e+02 1.075475728952216514e+03 1.128863997031430699e+00
2.983174775720923435e+02 1.082004861089153565e+03 1.135386052283373859e+00
3.824338094143207627e+02 1.134089002393414830e+03 8.371204173853258323e-01
2.714856451337237786e+02 1.186904195454267892e+03 2.907402312876756698e-02
4.182743669327717271e+02 1.207379156316409308e+03 3.463019826564630588e-01
4.707906710400469592e+02 1.311555291618809633e+03 2.152709292746811887e+00
5.526246797773280832e+02 1.051522094019539963e+03 2.763249875961780955e+00
5.995479739729170205e+02 1.197284582610178177e+03 4.542911826466479730e-01
4.193291822735303640e+02 1.207060266803252716e+03 4.436814203381709842e-01
6.073606612636421005e+02 1.268535515170439339e+03 2.681871067294044231e+00
4.696837788479202800e+02 1.313560699051728534e+03 2.058212189408823001e+00
5.497860734410190844e+02 1.049239116684293322e+03 2.652505845220237468e+00
8.239185315966744838e+02 1.094831072791158022e+03 3.049726537327959175e+00
5.976564400036508005e+02 1.197826058715483668e+03 5.143008957553899529e-01
7.483096431085672293e+02 1.233932803204402262e+03 2.891030631463425760e+00
6.060492054852686579e+02 1.268280703645918038e+03 2.662745979634506543e+00
7.236319351286363144e+02 1.329241368386236445e+03 2.087617225085878658e+00
9.705339902950156556e+02 1.044666413130245246e+03 7.930532624617595561e-01
8.195893489684975748e+02 1.094680187177904145e+03 2.989747606322670226e+00
9.437304054350274782e+02 1.132044444075703950e+03 3.035532380838460997e-01
7.463387358590915710e+02 1.233774110463498801e+03 2.841289339642843803e+00
7.179041254008158148e+02 1.325821860780728684e+03 2.207815673121444444e+00
9.718599815244112960e+02 1.043319154452270141e+03 7.480307539139361417e-01
1.086861520427827600e+03 1.078645654756883005e+03 2.842503415652971377e+00
9.415409609566129348e+02 1.132824336698600746e+03 2.388892424429896189e-01
1.105565604331269242e+03 1.259711953140240666e+03 1.819321252024915792e+00
1.165322347751736288e+03 1.294473127547285912e+03 1.598021570731545049e+00
1.083333776760636738e+03 1.076302376424402610e+03 2.850622093771713494e+00
1.335486159464901220e+03 1.137839418939911866e+03 2.760213497561930129e+00
1.257517506129789581e+03 1.150164514034466038e+03 1.798975930085581654e+00
1.104043200861842934e+03 1.258258717781750192e+03 1.830180383993694315e+00
1.242432889521931656e+03 1.265351572828617464e+03 9.425070200331990833e-01
1.335478070431139258e+03 1.265440434327358389e+03 1.692646251953600522e+00
1.163449980272314633e+03 1.295623083599447455e+03 1.554594726218184730e+00
1.260981746266842720e+03 1.313625935656945330e+03 9.820312720305929277e-01
1.384072824210999443e+03 1.066934743407147380e+03 2.632039280728348807e+00
1.256554586327861898e+03 1.149642539427979273e+03 1.781230483139671916e+00
1.333401464933174339e+03 1.137095785593915707e+03 2.775398348695636841e+00
1.388358823025308993e+03 1.243446350888003735e+03 1.835923519930759529e+00
1.241536092056554025e+03 1.265761017520507949e+03 9.728150150759155013e-01
1.331943864767523337e+03 1.266459518236514896e+03 1.685801887141089139e+00
1.258930117037327364e+03 1.309007514761197399e+03 9.673409699069299705e-01
1.433425574994370436e+03 1.328683391372925598e+03 1.702167024166780340e+00
1.624813720626946633e+03 1.058135472907740677e+03 1.575894372258622278e+00
1.385540672284407265e+03 1.069612387778440507e+03 2.690872486143989217e+00
1.534818040644080838e+03 1.077810633796551883e+03 1.222954098542629930e+00
1.593158394222886955e+03 1.191030689304259795e+03 1.239752203575724465e+00
1.386728516966468760e+03 1.244172553479951148e+03 1.870958280899767123e+00
1.541190043413446801e+03 1.305702448659570791e+03 1.952840627769832027e+00
1.607982561628280564e+03 1.328968516187259866e+03 2.150385456158508735e+00
1.480002653823347828e+03 1.334101064180534877e+03 2.307069896005942589e+00
1.432555135573015377e+03 1.329044087132035656e+03 1.046181950452217180e+00
1.624338450071410080e+03 1.056417455384104187e+03 1.536360344728847416e+00
1.532746915693110395e+03 1.079484828906478015e+03 1.238095282620971238e+00
1.591934233267298168e+03 1.192365321619610995e+03 1.252117783909067139e+00
1.539806772806975459e+03 1.303276090834996921e+03 2.004986183715258719e+00
1.607323850223841873e+03 1.332885045931291870e+03 2.179501381750307942e+00
2.648698213321949879e+02 1.189577111305981362e+03 2.923975846918605903e+00
1.688625588147739904e+02 1.303815559427872813e+03 6.954473227351364306e-01
2.455916556579107919e+02 1.351531222229306650e+03 3.054626025908316223e+00
4.167449871627210314e+02 1.208034552372881762e+03 3.546524867756953858e-01
2.516101809283630359e+02 1.195882976116708278e+03 2.197589970749511679e+00
4.706231499020623232e+02 1.311443058321675835e+03 2.142102043195583949e+00
5.368418400627904248e+02 1.349104806461275757e+03 1.748208300322974473e+00
2.439214489248767563e+02 1.351299284343960380e+03 3.064811026946185901e+00
3.907120605514016916e+02 1.371837837781897406e+03 1.236979762467345312e+00
4.256201834890832743e+02 1.436713537647519388e+03 1.080146373149703853e+00
5.088571501328891600e+02 1.435546100724209509e+03 2.167669572919262322e+00
5.992703537310195543e+02 1.195634604379372604e+03 4.534852387187759404e-01
4.170509504747241181e+02 1.203868092519067204e+03 3.985344095041712387e-01
6.058491844441387002e+02 1.266526557964114318e+03 2.710204578109525642e+00
4.690923800312608591e+02 1.310893365228633684e+03 2.117334496578126224e+00
5.329806719204723322e+02 1.346690156843766317e+03 1.662647126694285049e+00
3.878845219425854793e+02 1.372404823928750830e+03 1.169325617487770641e+00
5.963595468487903872e+02 1.375402379754090816e+03 9.332673604252326172e-01
6.968648585269202158e+02 1.365351416223922115e+03 1.946950503937683097e+00
4.243637269780654151e+02 1.435493843902880371e+03 1.061934312440568684e+00
5.067510349353001402e+02 1.433657155383575400e+03 2.122641771563992918e+00
6.341631904127731332e+02 1.459556403734360629e+03 2.762148384358319220e+00
5.974625532555721747e+02 1.194892402141568937e+03 4.663894018875955338e-01
7.486652448267104774e+02 1.233145480585168343e+03 2.914788359806180562e+00
6.049373788921710684e+02 1.266656064767732914e+03 2.683237740360465473e+00
7.232073805614143112e+02 1.328269844571654858e+03 2.148602043646898885e+00
5.950998991046201354e+02 1.375056788030819007e+03 9.603082020338060687e-01
6.939073621935596066e+02 1.365173635361844845e+03 2.641162001400965575e+00
7.796577545729235226e+02 1.416805229569738913e+03 1.526610404338568650e+00
8.351643127332129097e+02 1.429860607277624013e+03 1.113081136216590217e+00
7.150934225151308965e+02 1.463139012975082551e+03 2.338481856217179633e+00
6.338228747473898466e+02 1.459622231892557238e+03 2.758822840790052577e+00
7.479021080105235342e+02 1.232046035379604064e+03 2.894790162973190029e+00
7.206337353280642901e+02 1.327081461714903298e+03 2.231413305029518845e+00
9.235555005374285429e+02 1.345965553667019776e+03 2.854606129739694964e+00
7.771156373336197021e+02 1.416430675190356396e+03 1.542934607104711642e+00
9.423053468524988148e+02 1.401502316716102769e+03 3.125740277623273666e+00
8.325470269041751408e+02 1.428534407924712468e+03 1.083338505697440945e+00
7.128421735460265154e+02 1.462650088362494898e+03 2.316532349305872263e+00
8.761880981016918213e+02 1.474667882847698365e+03 8.333366598021564320e-01
9.848865882818136015e+02 1.456364621590724710e+03 2.097935772446669622e-01
1.104726812583798164e+03 1.256092435879812911e+03 1.819784549370388360e+00
1.166193034960370824e+03 1.292787093787177582e+03 1.519276696179011843e+00
9.206064125346388209e+02 1.346432129623404080e+03 2.847964944897091399e+00
1.110765176592865828e+03 1.372597419307525115e+03 3.031401931403801431e+00
9.399762297998686336e+02 1.401491104317610962e+03 8.262693417161086698e-03
1.121158846085172172e+03 1.430257123894420147e+03 6.947046859891015114e-01
8.760558808809853417e+02 1.471395941204380961e+03 7.934624029400875189e-01
9.871982788302357221e+02 1.459684299343197381e+03 6.956742879847314931e-02
1.103680830485226807e+03 1.256145131056182890e+03 1.912383758548822366e+00
1.243222539834566305e+03 1.264310800696060596e+03 9.551668367964981643e-01
1.334621183439905053e+03 1.266817468463465730e+03 1.768588248742987812e+00
1.163117201622243101e+03 1.293280623934196001e+03 1.611688794666132241e+00
1.261786177515526106e+03 1.307094584957841334e+03 9.907090946412218102e-01
1.108901445127841043e+03 1.373511883179318829e+03 2.993984205018708877e+00
1.228462577924201241e+03 1.420748978470075372e+03 1.277818230426229551e+00
1.120666425981516795e+03 1.430428260667076302e+03 6.334352263192314370e-01
1.300675125929917385e+03 1.476507587415859462e+03 3.555939486596866317e-01
1.387000116458664934e+03 1.242645848335599339e+03 1.925318985073825706e+00
1.242974259072509994e+03 1.265060192046110160e+03 9.668885726273009906e-01
1.332387526743330454e+03 1.265466891309305765e+03 1.723054500155277058e+00
1.260805705413374426e+03 1.307428653252269442e+03 9.850436293191103809e-01
1.429704183593142261e+03 1.329324313095371735e+03 1.427569397940347651e+00
1.487585081955779060e+03 1.332426930262593487e+03 2.298186980810315028e+00
1.359958563910279281e+03 1.388619158162222448e+03 2.059276910041048403e+00
1.226935007936600414e+03 1.421775343833045781e+03 1.258626146599625351e+00
1.454999787053946875e+03 1.444641513536051434e+03 1.844997168174966617e+00
1.305590904921157971e+03 1.471404145755877153e+03 2.165218032864060227e-01
1.391439417711812212e+03 1.500455934783927887e+03 1.023506388098005537e+00
1.592526062047501682e+03 1.191919781130260162e+03 1.209253111972562245e+00
1.384793530193104289e+03 1.243300026792382369e+03 1.866749512519707110e+00
1.541275362278481907e+03 1.304055390333622199e+03 1.910587474282050557e+00
1.607995034325484767e+03 1.329934064174519335e+03 2.117918212144092038e+00
1.482589506813724938e+03 1.331176861896152786e+03 2.248254803145517844e+00
1.428053930459931962e+03 1.329884132201524835e+03 1.346670886486364127e+00
1.357190086404085605e+03 1.390065647213071088e+03 1.984619342154162247e+00
1.454005728427824351e+03 1.443121810480894737e+03 1.726578396272592464e+00
1.586175521154005537e+03 1.447837533063880755e+03 2.813694275914045750e+00
1.391964128261666019e+03 1.496399104642129032e+03 1.054642295795804596e+00
1.591315522131955504e+03 1.190516490824334142e+03 1.242763507898925202e+00
1.539934168487546458e+03 1.303985612408775523e+03 1.878309983918604598e+00
1.607973716952733412e+03 1.329972711317249832e+03 2.067875210830048438e+00
1.585189134561821220e+03 1.447141811567569221e+03 2.834490352524936085e+00
1.689048647149818635e+03 1.480501686827052708e+03 2.085213217045204459e+00
1.686196391011922287e+03 1.474705883544817880e+03 2.261882279742764013e+00
2.455478968680129128e+02 1.349136642118346799e+03 3.821917588526271836e-02
1.483969302029504433e+02 1.505742444909348251e+03 2.278827059056189430e+00
2.400278458944545150e+02 1.348621836170658071e+03 2.976906180930590562e+00
3.897576833091237631e+02 1.370595797791957921e+03 1.225443439844341009e+00
4.248991005400596350e+02 1.435683965329398234e+03 1.077253504031578712e+00
5.073109793569769863e+02 1.434421165928748451e+03 2.151766166566670968e+00
4.715790451254255231e+02 1.527944619737685343e+03 2.633621932267407040e+00
4.987524658859388182e+02 1.609079918574020667e+03 2.930088040550644646e+00
4.914903516008027964e+02 1.658340518321545460e+03 3.516309656621406377e-01
5.957958206098708160e+02 1.374538326457105995e+03 9.682460698869930216e-01
6.955868310403011492e+02 1.359805124629097463e+03 2.658996768627275742e+00
4.242138364051809276e+02 1.435251570575263486e+03 1.098762388109213672e+00
5.066388740347038038e+02 1.432148662859809519e+03 2.067738540806328018e+00
6.347692228463787387e+02 1.458185333374350876e+03 2.762646866412563629e+00
4.727964776327038408e+02 1.528010190328221597e+03 2.627138506250200400e+00
5.566693372823058326e+02 1.543343313740027043e+03 2.856569956862952786e+00
6.561926358481632633e+02 1.546667289555076877e+03 2.619001664869990975e+00
4.992317865327293021e+02 1.609582784270701268e+03 2.978681796162373718e+00
6.426028253236423780e+02 1.633655859016580735e+03 2.410381800233309946e+00
4.915798617137127167e+02 1.655457336999163999e+03 2.229904537427271904e-01
5.923221339509550489e+02 1.373187688905005643e+03 9.935896250735097857e-01
6.934718462340521228e+02 1.361874181888734029e+03 2.608737297330862681e+00
7.798528876788388970e+02 1.416451900991394950e+03 1.466670175313951940e+00
8.307403583220791461e+02 1.428901258876393058e+03 1.066785343767800764e+00
7.151939120461530592e+02 1.462332835526317922e+03 2.346542482632212323e+00
6.344988191124011792e+02 1.459350108382693861e+03 2.801502763965679765e+00
6.561844314698861353e+02 1.548700170024574618e+03 2.634066574668966876e+00
5.540622898478285379e+02 1.544644777622354923e+03 2.918996213143946417e+00
8.158590196914773287e+02 1.561216242362518415e+03 2.116166397776026997e+00
7.430627305232064828e+02 1.563550692013541720e+03 2.368051343277258969e+00
6.436791328271252723e+02 1.638006118698233877e+03 2.427195775715755399e+00
7.158710934657358393e+02 1.639398443822894023e+03 2.586989492609159225e+00
7.790519709913322686e+02 1.416849055573746682e+03 1.555440638336805348e+00
9.412006024405750395e+02 1.399884488556796668e+03 3.050989825830264568e+00
8.316704190150729801e+02 1.428562763195076514e+03 1.120652197154631935e+00
7.136499668214629537e+02 1.462123316098148052e+03 2.374734462103468946e+00
8.746239943794878400e+02 1.473728687744726358e+03 8.563830195905565157e-01
9.886927548691842276e+02 1.459805298260949030e+03 3.138539118348318446e+00
1.020641679298540112e+03 1.516907671078916565e+03 3.060040033489343170e+00
9.354547742579266014e+02 1.539644743285814229e+03 2.968039570003056404e+00
8.141055567807973148e+02 1.559526574416267067e+03 2.143249316348348810e+00
7.404361334176944638e+02 1.562313639976561262e+03 2.408435451782293235e+00
9.272777179332713331e+02 1.579005150969899887e+03 4.845771260710317052e-01
1.010332836125184258e+03 1.617237196927836067e+03 2.579611112504027304e+00
7.144225559098166514e+02 1.641837011924263379e+03 2.545632113277614295e+00
9.267802900544343174e+02 1.647102036673078373e+03 2.959976283167349287e-01
9.203238202471834484e+02 1.347946374501097807e+03 2.680139857243765356e+00
1.111626999192201765e+03 1.371323225265142355e+03 2.988021315535857259e+00
9.408844545921770077e+02 1.400068013039530797e+03 2.666430447955297378e+00
1.120765016132425217e+03 1.431072681382796645e+03 7.881446314902830208e-01
8.703018120926544725e+02 1.473929891225009214e+03 8.623905232933184450e-01
9.883323859165768681e+02 1.460599955270260125e+03 3.070314097951239329e+00
1.120200561313825347e+03 1.526849352525696986e+03 2.331779135835961192e+00
1.022102157001380874e+03 1.519395147555803760e+03 2.981839138141484824e+00
9.317422783908166366e+02 1.555612992311512699e+03 8.164865819125051161e-01
1.101903027902481199e+03 1.580928780652571504e+03 7.685325431452309786e-02
1.011179665868164875e+03 1.615097648128831679e+03 1.486708549037592253e-01
1.178929373759553982e+03 1.634065447090875750e+03 4.382112760300522769e-01
9.274271398596295057e+02 1.648577868604710602e+03 2.570354191558020585e+00
1.110047132417117837e+03 1.372901684574834007e+03 2.985198712172585811e+00
1.228470520766052914e+03 1.419179810342432575e+03 1.340568180642858653e+00
1.120021485792107342e+03 1.430253170426903125e+03 7.579589961646917562e-01
1.305791591157405946e+03 1.471344399049195317e+03 2.757863757256890924e-01
1.119080296811382368e+03 1.526234345637514025e+03 2.388223662624953114e+00
1.191908201235278511e+03 1.529461599069141812e+03 2.019639968300885435e+00
1.274464276174805036e+03 1.517648111192986335e+03 2.530148006314203446e+00
1.100275017343386025e+03 1.580782899018609896e+03 9.139271211615568324e-02
1.292434754158020723e+03 1.597508028036607357e+03 1.132368357456965680e-01
1.182723016507142347e+03 1.630745891670642550e+03 2.272863560462078936e-01
1.286160484056626274e+03 1.651841544884440282e+03 7.225737828176317379e-01
1.359882204085599824e+03 1.388104923470989661e+03 2.037311841019585401e+00
1.226641795984961846e+03 1.417809907716732141e+03 1.310504273629570005e+00
1.453799685541590407e+03 1.443080785233163624e+03 1.833601669208349438e+00
1.306443303063322901e+03 1.470539367238178556e+03 2.118983286138939326e-01
1.389721163894962956e+03 1.502253220912778943e+03 1.139319299900493077e+00
1.188406426769684003e+03 1.530438361873417307e+03 2.118928043690333496e+00
1.272890152104271465e+03 1.519298405069194587e+03 2.649150182038648271e+00
1.435078364184157181e+03 1.580665565304621396e+03 1.713516295823338309e+00
1.387374492066557650e+03 1.599541935804065133e+03 1.260352256400703030e+00
1.290948437574663330e+03 1.597644436870850313e+03 1.227954257500298296e-01
1.501337271800874987e+03 1.617405002134523102e+03 2.194272894518070061e+00
1.189630185398928234e+03 1.631294710415610552e+03 2.807188540471964311e-01
1.286385385603085069e+03 1.647214841216555442e+03 6.630764564070017464e-01
1.359424803231300530e+03 1.392488302290090814e+03 2.021446379200004806e+00
1.454137756115895854e+03 1.442121716144416268e+03 1.763623866546289332e+00
1.586377674351701444e+03 1.447323547962471594e+03 2.794763748079698296e+00
1.388605193953542312e+03 1.503874402061157753e+03 1.117278928162357632e+00
1.434352008373909939e+03 1.579796313506639763e+03 1.619864797152155589e+00
1.384923543545109624e+03 1.601388937780187916e+03 1.334187937745476615e+00
1.500460028169681664e+03 1.612318671696507408e+03 2.126283393387308429e+00
1.584787026297008197e+03 1.446264773757017110e+03 2.847386908343207512e+00
1.688288834395386402e+03 1.478162674123775332e+03 2.075436288653499606e+00
1.686845997683532460e+03 1.478441639892876765e+03 2.132972623554784786e+00
1.523491295492910922e+02 1.509566789009219747e+03 2.321181487415898470e+00
4.729179529767195618e+02 1.526282938068535032e+03 2.657661368228992682e+00
4.980747039624354784e+02 1.608751333159905698e+03 2.967088392101162153e+00
4.944639701975302160e+02 1.656895242966978230e+03 2.454779033865247817e-01
4.712492424088090957e+02 1.527202551799633056e+03 2.623856841268295881e+00
6.576786559861941441e+02 1.546123501741705240e+03 2.540888246240000647e+00
5.581186347721993570e+02 1.544284127298649764e+03 2.779985258355295308e+00
4.983282897180966984e+02 1.608342066312686939e+03 3.065699847178192883e+00
6.441283707132679410e+02 1.634343882077006811e+03 2.403828290024103254e+00
4.936561255791272060e+02 1.656511700911178195e+03 2.918358418848574498e-01
6.274096918419094209e+02 1.684836997144842371e+03 2.740438792465616391e+00
6.558120544403018357e+02 1.547216140426333368e+03 2.593833207521201167e+00
5.614500686556563096e+02 1.545675722164749004e+03 2.951736653834320823e+00
7.437796378213984099e+02 1.562531626306588350e+03 2.315249837408632327e+00
8.183192904800280303e+02 1.559081124692377216e+03 2.082691856595913826e+00
6.433728984934010668e+02 1.634863177759151768e+03 2.480239801964489565e+00
7.159351837316655747e+02 1.637802404824152063e+03 2.540312608178415754e+00
6.266026054339939719e+02 1.683252936398707789e+03 2.885837877613036895e+00
8.536175095406715627e+02 1.692547759457657548e+03 3.013592109833786559e+00
7.627649649385004977e+02 1.728828638282868042e+03 2.447775907272032647e+00
8.001742509350865475e+02 1.812482012983994537e+03 2.616488721221005842e-01
1.019222013245738481e+03 1.511562667967577681e+03 3.026292993538000076e+00
9.293783436556727793e+02 1.560803583835775953e+03 4.195062877452034877e-01
8.140394396449569285e+02 1.559739862184517506e+03 2.100911465189273741e+00
7.418201964080071775e+02 1.562519171882500814e+03 2.337684377673465264e+00
1.010536103645174535e+03 1.613709277452724336e+03 1.754363566078558645e-01
7.142388415440260587e+02 1.637562644161334219e+03 2.524834893985900219e+00
9.276387621720607513e+02 1.642880019518737299e+03 3.282440450076828942e-01
9.641652484913545322e+02 1.692998621127031583e+03 1.077073005050532384e+00
8.526326704730262236e+02 1.694287829507964034e+03 2.810669297295979252e+00
7.600591780740861623e+02 1.728343063902837912e+03 2.422304751128737443e+00
9.924488026528274531e+02 1.758839009505355762e+03 3.739058851294448371e-01
8.660851074475149289e+02 1.768350753589026681e+03 2.844908703285317753e+00
7.993650857686396876e+02 1.813305846371585631e+03 3.102084425628976128e+00
1.020154222816338461e+03 1.517574339910667277e+03 2.933583603494285263e+00
9.282240966734495942e+02 1.562691530947551428e+03 5.711456530783108887e-01
1.100561718487511371e+03 1.578531024145170250e+03 9.032094002724147530e-02
1.010065492380274463e+03 1.613809262815959983e+03 1.522487305870668661e-01
1.179683697643457890e+03 1.630048318564421606e+03 2.915031858230509587e-01
9.262573320757464899e+02 1.643186136319159687e+03 2.709433019672592979e-01
1.145090820669630602e+03 1.686039323599587306e+03 2.670554955019940113e+00
9.622448994839523948e+02 1.693076817314226673e+03 1.157215815884181431e+00
1.071900282379123382e+03 1.695081527326912692e+03 2.827899201326413259e+00
9.904595445970167020e+02 1.757664783204837477e+03 3.816074100754607845e-01
1.108809694493722645e+03 1.771778489553938243e+03 2.101437320508506290e-01
1.118236667027665817e+03 1.521648584076061070e+03 2.287803172354403003e+00
1.191501867886416449e+03 1.528526348403862357e+03 2.007364609615710727e+00
1.274940678054865657e+03 1.515824331871576760e+03 2.453914986236012563e+00
1.118816515542976504e+03 1.527162139176643677e+03 2.366686856642636894e+00
1.099728943468693160e+03 1.578315318887205194e+03 1.577829573428936039e-01
1.291366910554844708e+03 1.595239544156228249e+03 1.687332833891864170e-01
1.182004262287661732e+03 1.629691381253796635e+03 2.544804134809001139e-01
1.287865704940377782e+03 1.646631815778124746e+03 7.499259153269962619e-01
1.143250777021548174e+03 1.685849883594037692e+03 2.744725037191366734e+00
1.070755627227290915e+03 1.694421895771849449e+03 2.902650453368125216e+00
1.245813171257464091e+03 1.734447654123163602e+03 2.253488059649698005e+00
1.107090336296252417e+03 1.771256769992075988e+03 2.161219170943226020e-01
1.210580585547526653e+03 1.792726898344072197e+03 1.850482718515211955e+00
1.272309251390186091e+03 1.518334113476630591e+03 2.490699850412586791e+00
1.191265904863747437e+03 1.535898754969763331e+03 2.191501931896412625e+00
1.434428796952943685e+03 1.579033965979110917e+03 1.720827783786889276e+00
1.386345240758902719e+03 1.598221424987227010e+03 1.315071669378389929e+00
1.290221864284771755e+03 1.596369749220365065e+03 1.503641851027931742e-01
1.286813019524221772e+03 1.647492787479154003e+03 6.323634211063225985e-01
1.404468993841764359e+03 1.720517431060763556e+03 1.327478975135094608e+00
1.347831510547820926e+03 1.713382895145970906e+03 1.059501317315697966e+00
1.245019054665948943e+03 1.734428853323649037e+03 2.351104770387043796e+00
1.207560641347736691e+03 1.791477844743895503e+03 2.019809882234167908e+00
1.460730124138608517e+03 1.817626350237923361e+03 2.393313192992115646e+00
1.434561019195029075e+03 1.577092120599888403e+03 1.668160497502464867e+00
1.385220564266693145e+03 1.598778555723940372e+03 1.305822657371453310e+00
1.499690805412737518e+03 1.609796046946239585e+03 2.139599897292682851e+00
1.576534204063904326e+03 1.665470056578260028e+03 2.237466835816876998e+00
1.404997437704701497e+03 1.719037347269261772e+03 1.255934735083896747e+00
1.348205437985991693e+03 1.712306593522169806e+03 1.012478920626975309e+00
1.576605001782706495e+03 1.780415251836431253e+03 8.337885278286900625e-01
1.461610643557715775e+03 1.818340037705892655e+03 2.451950485937583579e+00
1.576266408273050047e+03 1.666567250021837481e+03 2.215567759514350588e+00
1.713693451608388386e+03 1.702335728446265648e+03 2.222995044085898098e+00
1.575281754138918586e+03 1.781680233812613096e+03 8.740014676468018662e-01
1.712170140765766746e+03 1.702504690018104384e+03 2.240261986762461799e+00
6.274292494914932377e+02 1.687742981784666199e+03 2.805194921083236981e+00
6.256463277662841165e+02 1.686303822145698632e+03 2.747724210710315251e+00
8.482228867478531811e+02 1.691624527846446426e+03 2.847507205688400767e+00
7.622183327213248276e+02 1.729140486465875711e+03 2.478979009126696109e+00
8.019292555715679782e+02 1.812410627093775929e+03 1.195250494521989983e-02
9.626565424435307250e+02 1.695396229185994798e+03 1.007570714148726010e+00
8.538233295416596320e+02 1.693826257654941401e+03 2.773954348445878626e+00
7.603745592461052638e+02 1.726884149137890290e+03 2.400310594863147351e+00
9.933184631211097440e+02 1.757271245575164357e+03 4.045924908986454627e-01
8.672922401760129105e+02 1.768378442524919365e+03 2.856597876179161055e+00
8.019651141661075826e+02 1.810915956105642181e+03 3.102531034292736578e+00
9.061044839810961093e+02 1.853387854085140816e+03 2.869079885431659038e-01
1.012849458220071028e+03 1.900518029625582585e+03 2.089794526609385361e+00
9.639699180167092436e+02 1.691093674729628447e+03 1.079149306465474911e+00
1.147618324096686138e+03 1.684222020310451626e+03 2.654086169107663817e+00
1.073096351984575904e+03 1.694199551487653480e+03 2.832804948815480284e+00
9.928233785758609429e+02 1.756447671120944733e+03 3.695164702556166247e-01
8.662366484731192031e+02 1.768132731111095836e+03 2.830719918407145208e+00
1.110531104062526538e+03 1.769709635887649938e+03 2.119791209911003338e-01
1.105739591283409936e+03 1.844170412723849495e+03 7.782922226420959655e-01
9.061607068564549081e+02 1.852684537393586197e+03 2.308433200675844288e-01
1.013460478216351021e+03 1.900934979071675571e+03 2.165845673932660809e+00
1.084062447530529425e+03 1.977586777294641252e+03 1.698313931124063370e+00
1.144581309279740253e+03 1.685013044321575080e+03 2.704192212697792641e+00
1.076033689756493231e+03 1.691960336642572884e+03 3.026986157179733627e+00
1.248035824106895689e+03 1.732933030708872138e+03 2.311132148515232299e+00
1.108119960186082608e+03 1.770294696653923666e+03 1.791460837801286399e-01
1.211366379759013398e+03 1.794485775389256105e+03 1.916013111787537637e+00
1.338780611961498607e+03 1.834270995309903583e+03 1.737401057219082334e+00
1.281474358165859712e+03 1.841426285211004142e+03 1.179842998939407028e+00
1.103558634234701003e+03 1.845007483300805688e+03 7.199335795680542605e-01
1.081108120652721709e+03 1.976198184427446449e+03 1.744071394283700949e+00
1.404322033999518908e+03 1.718972724634055794e+03 1.305639364562620752e+00
1.347578281423392127e+03 1.711718754758395562e+03 1.027739703877696531e+00
1.245334397650898154e+03 1.732109438416913235e+03 2.381341766922623560e+00
1.209500248534470529e+03 1.792789555267754849e+03 1.992617025658233398e+00
1.462784598670360310e+03 1.816178732451510996e+03 2.517452460761227417e+00
1.397452370387679593e+03 1.826546169431878752e+03 2.323547948525793050e+00
1.335053442009811306e+03 1.831815516627843181e+03 1.755962872712282685e+00
1.280192449891145770e+03 1.840362518755189967e+03 1.113707728947869846e+00
1.455525005322767129e+03 1.921757091133806171e+03 1.280799378484712481e+00
1.376739480098591002e+03 1.912972372530733082e+03 4.477064021575484221e-01
1.579835851922975507e+03 1.667272811062558958e+03 1.528002793389463321e+00
1.402339297247019431e+03 1.715937792651987820e+03 1.339663910104762268e+00
1.577347461598794553e+03 1.778955699204921302e+03 8.404911921363654725e-01
1.462489077797316668e+03 1.816138980641602302e+03 2.501339176873773607e+00
1.396514035199483033e+03 1.827446775065357087e+03 2.327812589726122372e+00
1.582244516677426191e+03 1.876740301988565761e+03 1.506680306740949993e+00
1.516214711902016234e+03 1.904823339787040368e+03 1.290306050387922232e+00
1.453371392208186080e+03 1.918441272095900786e+03 1.267458267480977563e+00
1.376235308149289267e+03 1.912918831523691551e+03 4.037448176597680516e-01
1.634438026027325350e+03 1.949184072236601878e+03 2.022378483885724165e+00
1.577731940787331041e+03 1.668251323948549270e+03 2.391806467616403253e+00
1.713529943290685424e+03 1.700850632537363708e+03 2.286320535890967065e+00
1.575748614667088077e+03 1.779388867925533532e+03 8.225701589541764003e-01
1.582328382032352238e+03 1.876130112388406133e+03 1.480381275896538895e+00
1.514164432455747828e+03 1.904665298520511897e+03 1.329905101013032498e+00
1.633061882814911314e+03 1.947393746425183963e+03 1.991041507892488349e+00
1.714868397491567066e+03 1.705409505658199350e+03 2.318603902809870831e+00
9.037303583094037549e+02 1.853036374968020482e+03 2.918008285780748778e-01
1.013713615809308294e+03 1.901492583699886382e+03 2.254987396574560599e+00
1.105587285569440837e+03 1.844451352331041790e+03 6.596602788594879696e-01
9.093638575993293216e+02 1.851133281484338568e+03 2.757056325900092419e-01
1.012879276302185644e+03 1.899932130720967052e+03 2.263098987354644542e+00
1.083888173625701256e+03 1.975989487331738474e+03 1.760061436299544591e+00
1.102800789809012713e+03 1.843686014604925504e+03 6.896401734832610098e-01
1.277511590245168009e+03 1.846897139119194890e+03 1.207980066542326369e+00
1.082395878853379145e+03 1.977074045493385256e+03 1.815047958215168178e+00
1.298200067984966608e+03 1.994176465789535996e+03 7.484962917263088267e-01
1.339725355379177017e+03 2.042620684839652768e+03 8.993787209692408746e-01
1.335727449448147581e+03 1.830927776965488192e+03 1.793639584818709665e+00
1.401673157566306145e+03 1.830354291447822561e+03 2.287972920672371568e+00
1.278153034150138410e+03 1.842015903074630387e+03 1.272696357606406092e+00
1.454507767650570258e+03 1.919314484420485314e+03 1.383351650993430715e+00
1.376045476504159979e+03 1.913401925735000532e+03 4.283051991353880039e-01
1.297118958289346438e+03 1.994469161742420511e+03 7.534598175545770271e-01
1.471313023767203504e+03 1.996367000775672295e+03 2.758501890722958594e-01
1.338542051443728269e+03 2.038250688600724970e+03 9.434021896687673214e-01
1.387645293207398254e+03 2.073755892347209738e+03 9.886104262572039669e-01
1.402383998293420063e+03 1.832787270788363230e+03 2.333017361119942290e+00
1.582945876970412883e+03 1.875318581320615067e+03 1.563035907412130054e+00
1.516649204351047956e+03 1.903596309788213603e+03 1.364325401846379959e+00
1.453705720818732743e+03 1.917351526613843362e+03 1.320263188488028483e+00
1.374508758402762396e+03 1.912220849659436226e+03 4.032482705739126594e-01
1.632757719503325461e+03 1.947985384573738429e+03 2.017774308306960585e+00
1.560074121128713841e+03 2.000856889931463684e+03 1.220814663084655693e+00
1.472474729348495657e+03 1.994945113783507622e+03 2.816418952375328022e-01
1.387233216862539621e+03 2.072698590766081452e+03 9.367591036156363016e-01
1.582167400014500345e+03 1.875283975385436406e+03 1.528118747626613150e+00
1.513175393605829640e+03 1.902838605021066996e+03 1.366486517364073894e+00
1.633047652864352131e+03 1.947538345751434917e+03 2.026455533175372192e+00
1.559283711437924012e+03 2.000654947142300898e+03 1.194606509317273524e+00
1.293687301062454026e+03 1.995854678041488114e+03 8.558079087744997482e-01
1.333515563993413480e+03 2.043265964353858635e+03 9.506480228903375629e-01
1.297106223641275164e+03 1.989905512341483245e+03 8.490142708645814773e-01
1.469510621762392475e+03 1.994569757053284775e+03 3.510854377990971220e-01
1.338046699014183332e+03 2.036595599069975833e+03 9.584085840010093671e-01
1.388504564314147501e+03 2.072069716008207706e+03 1.000668097459804118e+00
1.470838863025031060e+03 1.994841257241773747e+03 4.018760534402616158e-01
1.559203127443354333e+03 2.001607704017611013e+03 1.287010942230004673e+00
1.387497120149356306e+03 2.072625858550887642e+03 1.028013411359532281e+00
1.557297298838700499e+03 2.003632258059441028e+03 1.219120785744707947e+00
