1.751618696932923285e+03 3.727324654496303538e+02 6.760900499524326035e-01
1.754891198781257344e+03 3.712195743285308254e+02 6.704233382218772741e-01
1.004677106817191770e+03 4.989174472136703571e+02 9.580249537252045755e-01
9.153182241445492764e+02 5.320844558885612514e+02 2.370244019795060275e+00
1.007394404922237527e+03 4.976927511865746965e+02 8.714121683250830586e-01
9.152830418228575127e+02 5.354261941605684569e+02 2.380130210126488954e+00
1.635344438204456537e+03 4.727722138758065284e+02 6.613436607760623254e-01
1.752474353528638858e+03 3.708039073496436231e+02 6.162175066311739169e-01
1.749480202445306077e+03 4.531178350679138020e+02 2.718678941280576300e+00
1.635411497112981124e+03 4.717212505340181679e+02 6.517564696013151693e-01
1.700404479792226311e+03 5.169145667593714961e+02 8.092446437207925780e-02
1.752253587750206407e+03 3.708758418325046478e+02 6.173871104203084714e-01
1.845238713422312685e+03 4.267515232311295676e+02 2.673256371869185077e+00
1.749309649900657632e+03 4.528633612349107125e+02 2.776990002032781124e+00
1.887250349394462773e+03 5.110493066382456391e+02 2.504211569408306914e+00
1.704480645006018221e+03 5.166052667285549660e+02 1.627373986130496997e-01
1.843771535801517757e+03 4.260728443602620246e+02 2.700389126609035184e+00
1.884550081974013210e+03 5.093961608159453363e+02 2.626312191132041729e+00
3.353883541901548142e+02 5.993499541762697618e+02 2.792273948003844097e+00
2.859039806605787817e+02 6.408992874160434212e+02 2.692286664709798050e+00
4.272203350178224355e+02 5.971707186654190309e+02 2.428681413190679095e+00
3.344425941660497870e+02 5.991979552654728423e+02 2.807052089760909919e+00
2.849958129056738017e+02 6.405332987200013122e+02 2.693291326104009009e+00
4.265959938640868359e+02 5.976504003743999647e+02 2.531158519330135803e+00
1.006441365785025482e+03 4.971262920810569312e+02 9.209019737179621190e-01
9.172351594874046441e+02 5.352554734078937599e+02 2.335398962325443861e+00
1.007045342174845246e+03 4.962305487909733301e+02 8.342786305604270591e-01
9.175957996016300058e+02 5.351198225309276495e+02 2.336750107754968830e+00
1.050711765928483146e+03 6.647224226998275753e+02 1.048514416112003245e+00
9.552459447228852696e+02 6.998316561185986302e+02 5.444378731546841710e-01
1.317365181674480027e+03 6.236023521012472202e+02 7.736621904093454738e-01
1.052177361969271260e+03 6.616749946906338664e+02 1.106793522920873851e+00
1.312500923375064758e+03 6.230889865389863189e+02 7.804688140267023178e-01
1.450535083270823634e+03 6.825635334979895106e+02 2.873316111238610748e+00
1.636593241248195227e+03 4.707692917360632237e+02 6.283762652100939317e-01
1.504566727115264257e+03 5.591970859550576733e+02 1.009398835922379112e+00
1.646345016897930464e+03 5.573084656906017926e+02 3.724265317252897084e-02
1.661558459859959839e+03 6.213679121926409152e+02 5.882225666004177178e-01
1.513471644241603826e+03 6.425650344274001782e+02 2.663403315181266606e+00
1.453947489152099706e+03 6.868157260663731449e+02 2.865446681260972905e+00
1.749718301326810433e+03 4.529764519744959443e+02 2.684088817391719672e+00
1.636927055844583947e+03 4.710870378277357986e+02 5.983571903120666891e-01
1.700814728755903388e+03 5.143749131084600776e+02 3.241471103430383638e-02
1.647133972799138974e+03 5.578550738825169901e+02 3.099740466363928970e+00
1.785621160356942255e+03 6.162284260409903709e+02 2.800162799680974146e+00
1.666847524020295396e+03 6.168008509696719557e+02 6.652828467719537064e-01
1.514059624336746310e+03 6.445076229851512153e+02 2.575505743793956803e+00
1.700695169602578289e+03 6.796381229982807781e+02 9.756578138154723412e-01
1.797403737392597122e+03 6.898075954763980917e+02 1.776533504551366105e-01
1.845868356645022914e+03 4.266336869041338105e+02 2.632055861005351716e+00
1.749041210185939462e+03 4.531446301477888028e+02 2.772504113180828789e+00
1.886037235319241518e+03 5.089485090525932947e+02 2.489858166782285664e+00
1.699960769107010037e+03 5.153775922333097697e+02 1.218499072969736335e-01
1.864466525390284460e+03 5.860527566149230552e+02 1.673254130355972036e+00
1.785053470054565196e+03 6.168079086817419920e+02 2.919841115832009670e+00
1.918232267720631626e+03 6.687968466580962286e+02 5.256694865856610388e-01
1.703189393944086078e+03 6.730998295716938173e+02 7.769541889612001651e-01
1.800014216303996591e+03 6.916468581512250466e+02 1.311707063777663163e-01
1.845598828539754550e+03 4.287329434703087827e+02 2.550653314755279233e+00
1.885772366716134684e+03 5.085444267341631530e+02 2.564299126897251480e+00
2.022650319108762233e+03 5.452513520721715850e+02 2.623502508740564565e+00
1.976779301847261650e+03 5.714251801395870416e+02 1.966967811128059296e+00
1.864176901820143030e+03 5.864280844948543745e+02 1.678801869555850423e+00
2.082964545839314724e+03 6.195626699692415968e+02 2.744956637903184227e+00
1.914272133990361908e+03 6.674594075098236772e+02 5.252173850918219200e-01
2.003073639253941565e+03 5.568648147568992499e+02 2.492373115719177079e+00
2.083225904519211781e+03 6.206037042768220999e+02 2.771308055176183061e+00
3.358655610836290180e+02 5.972313245407127624e+02 2.804361664145847310e+00
2.844630462757965006e+02 6.393247631748739650e+02 2.706567313868372349e+00
3.654877550944784161e+02 8.564019426062689035e+02 1.067392261908224782e+00
4.263297826767498009e+02 5.957971269943124071e+02 2.443325880828833618e+00
3.343240736821097698e+02 5.980144311779538384e+02 2.835671971063939090e+00
2.845059627530359307e+02 6.398405803043572178e+02 2.735383332080831398e+00
3.993608101797289009e+02 7.569405410503408120e+02 2.211467173755932603e+00
3.695276729015865840e+02 8.563953772464788017e+02 1.099680577827877315e+00
4.275272599482432270e+02 5.968855110130717776e+02 2.533845573536292584e+00
3.982254257406901843e+02 7.588949156436170824e+02 2.331126226101767340e+00
9.532198131920954438e+02 6.999618561234078697e+02 5.400313989300672413e-01
8.686839314405738151e+02 7.702152662222715662e+02 1.841907002355273271e+00
9.198661041824993845e+02 8.424278247630369378e+02 1.539783716716204509e+00
9.811555316175972621e+02 8.565590417550110942e+02 1.128304102261662667e+00
1.051406612107010233e+03 6.631410154022192955e+02 1.027354688004787020e+00
9.539748223281449100e+02 6.989718305184351266e+02 5.166122200465164127e-01
1.051779103852408753e+03 7.359730723470919429e+02 2.330148236374600113e-01
8.672943707508161424e+02 7.681248999928499188e+02 1.902467719313539529e+00
9.195316154594365798e+02 8.389341088737796781e+02 1.629052078474836129e+00
9.798731562885789117e+02 8.554093973971835112e+02 1.178753699302388380e+00
1.315817765780255058e+03 6.213142754407100483e+02 7.710805644976138629e-01
1.049192655086902505e+03 6.642745189511687158e+02 1.069975282966698860e+00
1.298277995053850191e+03 7.181140932662198111e+02 8.477451303573387831e-01
1.048658650901647661e+03 7.364763192526161220e+02 2.553789750329412689e-01
1.323202667545808254e+03 7.915591642639146812e+02 2.867476887393137996e+00
1.312231060082158820e+03 6.230453703557678864e+02 7.828890240857960814e-01
1.457030628920459321e+03 6.832108923846603830e+02 2.856292455271632225e+00
1.295671967718962605e+03 7.194366423133237731e+02 8.673860261347356992e-01
1.475072722313698250e+03 7.870463526731377897e+02 1.139515772739835026e-03
1.321622635350810242e+03 7.917997779673088417e+02 2.874217733747507886e+00
1.319288292619449294e+03 8.562842336867552149e+02 6.271086495691003959e-01
1.506193161345676117e+03 5.575637301272902278e+02 1.032024139290023124e+00
1.639787191591104602e+03 5.562085298374674949e+02 2.858318022170433625e+00
1.513356174053511722e+03 6.414041870205139730e+02 2.625180619177712060e+00
1.455741082046318979e+03 6.835811621495245163e+02 2.856408942197382839e+00
1.598675392901740224e+03 7.040515652615870295e+02 5.899344742372272243e-01
1.561883721039506781e+03 7.630544136879057078e+02 2.806394661914494826e+00
1.654950039969204454e+03 7.954712754419738303e+02 1.879051759394629428e+00
1.474725558261942069e+03 7.865428033946179767e+02 4.027273909927163442e-02
1.562712977888289288e+03 8.136962487961222905e+02 5.579787320084113045e-01
1.647886337574909476e+03 5.558581514442503249e+02 3.030113139981549075e+00
1.667560718865944636e+03 6.161104367398146451e+02 6.562128141295782147e-01
1.789226884886895959e+03 6.160317082583284218e+02 2.880554516678273114e+00
1.512291098858428086e+03 6.439970506060456046e+02 2.763958943837126370e+00
1.700971012473243718e+03 6.802933572685327590e+02 9.706216202758676248e-01
1.803288352487058546e+03 6.883675650350826345e+02 3.113875720901635002e+00
1.597652978814836160e+03 7.045371799675760940e+02 5.777616952134445594e-01
1.726334906028172099e+03 7.269507234488499989e+02 2.379315095031942218e-01
1.561514256780621281e+03 7.643178849669729971e+02 2.785469374117095498e+00
1.796154041187427993e+03 7.852750741400788002e+02 1.479244650507472114e+00
1.654342092311538181e+03 7.961591292113406553e+02 1.938363863295498257e+00
1.714097680009338092e+03 7.915833926337695630e+02 2.466709524146513122e+00
1.560991683987977240e+03 8.135534845953386593e+02 5.148816370265991704e-01
1.979747185928084946e+03 5.774103528939211856e+02 2.210634621892571428e+00
1.864327252366933863e+03 5.852093341669658457e+02 1.761165523775703123e+00
1.785530044364886862e+03 6.158992089458068904e+02 2.879097769261906414e+00
1.916895651922314300e+03 6.677718480189532784e+02 4.742640095373552023e-01
1.700291843876773783e+03 6.789124947044571172e+02 8.961329622496981839e-01
1.801578741199958813e+03 6.883750464133499918e+02 3.119054969589925896e+00
1.900723605794673404e+03 7.176256581290435861e+02 3.118863180340854524e-01
1.724732820554344926e+03 7.266980485263046603e+02 1.864089624240725385e-01
1.976921568274861784e+03 7.757207249501846036e+02 1.519801630741402843e+00
1.794070893246404012e+03 7.829009941723367092e+02 1.388382834883765460e+00
1.859474253002230853e+03 8.112820326060073057e+02 1.448604340523538481e+00
1.711441046097882690e+03 7.913837164839052321e+02 2.553466506597361185e+00
1.919366527058315114e+03 8.201583598730039739e+02 2.617272077255311302e+00
1.976914989985197735e+03 5.696504547664025040e+02 2.011558656361735586e+00
1.861672542721285481e+03 5.848959858725745562e+02 1.709091585279984837e+00
2.083417980888542843e+03 6.194732329698119884e+02 2.725575494307490132e+00
1.914826285105927127e+03 6.659345788991926156e+02 4.682118449680998107e-01
1.898859575236439014e+03 7.185334543618682801e+02 3.172777340289432702e-01
2.009727228454207307e+03 7.312076933509775927e+02 2.499313704310284212e+00
1.969836847648793992e+03 7.846513371792819953e+02 1.645920906841373599e+00
2.115346288180332976e+03 7.941121934711998165e+02 2.188327084930209665e+00
1.857496976311097569e+03 8.109454507324087444e+02 1.442598608239515245e+00
1.915102914889677322e+03 8.188555387485529309e+02 1.690166307568023329e+00
2.049924846020641780e+03 8.462843729332166731e+02 2.629647757157542731e+00
2.082433944832832822e+03 6.185937548640732757e+02 2.769915240597795592e+00
2.008134720526383717e+03 7.293446988950634022e+02 2.531786976939382150e+00
2.114224665482637647e+03 7.909141640499251480e+02 2.256855982066907185e+00
2.259175519841435289e+03 7.966801726353698996e+02 1.883737287572895047e+00
2.200311811062472771e+03 8.105639963268645261e+02 1.336510720298002219e+00
2.056676250751493171e+03 8.340103867399975570e+02 2.763735286050602369e+00
2.030328922928231805e+03 8.567355536130477276e+02 7.687217177128514711e-01
3.670812545903638693e+02 8.511152215361921662e+02 1.090330269338360303e+00
3.536310909509361409e+02 9.481229462490271089e+02 6.074305124943040202e-01
3.990351764933177492e+02 7.558391168746886706e+02 2.240294441334035991e+00
3.686497084373556845e+02 8.514730072704670647e+02 1.083921913049405772e+00
4.144892561333342655e+02 8.792434727939476033e+02 2.609432467641495279e+00
3.540931084870073846e+02 9.473565491376705268e+02 5.909426256653420584e-01
3.995958696510884920e+02 7.571152231080136517e+02 2.318760259269839974e+00
4.166031243700012965e+02 8.800592420261475581e+02 2.670992743242514234e+00
7.903494497998049155e+02 8.815537135551646770e+02 5.553709042805775598e-01
6.873954463784206155e+02 1.021445690549782285e+03 7.108881661849905109e-01
8.687764526800715430e+02 7.688350355065407484e+02 1.885738497205184494e+00
9.189112235162026536e+02 8.394505575239369364e+02 1.559840424521956592e+00
9.793363984561631241e+02 8.553689499751981202e+02 1.131156678706698671e+00
7.877981000490171937e+02 8.826075868266204907e+02 3.880465299762277387e-01
9.993160971516228983e+02 9.513093125334385149e+02 1.351937338966265445e+00
9.263524345987182187e+02 9.726542344025124294e+02 1.000720033441724333e+00
1.050887121597302666e+03 7.347782506324566612e+02 1.565995612610838195e-01
8.669573204651505876e+02 7.708055984491107893e+02 1.963392023365965633e+00
9.191442425538684802e+02 8.394810606114433540e+02 1.604200474161973977e+00
9.785244982875260575e+02 8.550658797450107613e+02 1.090091455412323995e+00
1.071050382613913371e+03 8.744965979405315011e+02 1.369179641639595602e+00
1.131829043035868835e+03 9.044830910632776977e+02 1.174999677777319729e+00
9.967660183468788091e+02 9.520709377822072383e+02 1.308020336824796015e+00
9.264745772254029816e+02 9.732752668133223324e+02 9.514637244220578438e-01
1.057793627546569724e+03 9.842307751209998514e+02 1.283818003353327297e+00
1.167407152388960412e+03 1.015879403414757007e+03 2.813621595794272068e+00
1.296569712016631911e+03 7.181453963200306134e+02 8.211368808503347605e-01
1.050467707362008241e+03 7.333722638261720022e+02 3.199777817744515196e-01
1.323627199141933716e+03 7.908085129377489011e+02 2.920705355862222241e+00
1.069339216364131062e+03 8.736509789043484489e+02 1.378887525280356963e+00
1.324630207119475699e+03 8.512814714048029145e+02 3.961618048352120725e-01
1.130564068994846366e+03 9.044145630807913676e+02 1.217054389541853743e+00
1.309903187530568175e+03 9.137460077562070637e+02 3.036332278096990578e+00
1.056014934984369120e+03 9.821488967136860992e+02 1.350373060591584018e+00
1.172175480080953776e+03 1.016670645622216625e+03 2.979887231411991966e+00
1.296437819842414001e+03 7.167133885749185538e+02 8.814073897131345925e-01
1.475690742918198112e+03 7.857340632442411561e+02 3.911919902753274725e-02
1.321528163452471972e+03 7.910232045139787260e+02 2.864075271805426759e+00
1.320716391171564283e+03 8.531637798094310483e+02 4.863607083668060049e-01
1.466133834312519866e+03 8.597583883059480740e+02 3.751404011601730537e-02
1.306574213174276792e+03 9.140773551686427254e+02 3.033077655776815984e+00
1.490678999497476525e+03 9.375427047823195608e+02 1.357951644044468553e+00
1.406669172841719273e+03 9.455542553374191357e+02 1.367862860495893118e+00
1.563301215056614637e+03 7.604071979796706273e+02 2.814178873003288395e+00
1.657080250168210796e+03 7.967218306100793370e+02 1.990644160893154213e+00
1.476165686291327347e+03 7.854634834145759896e+02 4.522212489983490347e-02
1.562867370081371746e+03 8.123269250067068015e+02 5.036200309637255401e-01
1.466828720587630414e+03 8.605466564195841102e+02 2.554280472069917970e-02
1.633149964240163399e+03 8.814390995612970983e+02 1.006300193185485914e-01
1.501778289784699609e+03 9.181589020539645389e+02 2.136911434384101693e-01
1.406228749971789739e+03 9.458183116142108702e+02 1.372342696565954201e+00
1.579354451817173413e+03 9.681638758440715264e+02 1.485831002902995079e+00
1.483366610362285883e+03 9.673910593164250713e+02 2.340432341524530724e+00
1.717167497825741975e+03 7.186226703785672498e+02 2.738773485787500128e+00
1.562149506382660775e+03 7.727002809759975435e+02 2.691512516432554847e+00
1.795202859900535032e+03 7.814630339014278206e+02 1.376730945530597605e+00
1.654099180526439795e+03 7.948909552935177771e+02 1.952322410452467683e+00
1.715440101454924843e+03 7.938616148476395438e+02 2.563700592446089388e+00
1.560969042516783929e+03 8.129379630377242165e+02 4.555750766081788639e-01
1.774509631912787654e+03 8.810604448608175971e+02 3.072402797714215872e+00
1.632614626407355900e+03 8.818587754593143018e+02 9.990661429332992061e-02
1.743301278051986401e+03 9.245714647675492870e+02 2.735698694426024424e+00
1.577448312221243668e+03 9.700711221013054910e+02 1.461570193623314307e+00
1.703570060531555782e+03 9.722850577902474924e+02 2.325761108961033052e+00
1.690855008289231364e+03 1.013069650282075372e+03 1.754445423800899517e+00
1.899725857440027539e+03 7.172170881423783158e+02 2.587724649603141414e-01
1.727749109266672349e+03 7.234512080704495247e+02 1.969911220839833110e-01
1.793471489483276855e+03 7.824672431702550739e+02 1.358874071063881139e+00
1.973251594963031039e+03 7.871023509900320505e+02 1.774732275019758498e+00
1.857430528434019834e+03 8.111071875671442513e+02 1.410151367880211781e+00
1.916819555200859213e+03 8.172736235905971398e+02 1.787340845302644921e+00
1.714581058351369848e+03 7.924219116442643553e+02 2.565200295486790072e+00
1.773285423143834578e+03 8.791045979955283656e+02 3.086094731915907996e+00
1.885208452924194717e+03 9.139782165667018035e+02 1.695891087276754527e+00
1.742364690738328818e+03 9.262968026078483490e+02 2.800671871732007823e+00
1.699724937049466689e+03 9.735777445321357391e+02 2.477333302648682789e+00
1.899546805310351829e+03 7.158367711303732221e+02 3.364916156275118975e-01
2.010392021362260039e+03 7.294159697397888067e+02 2.568095812923798960e+00
2.117177853148341455e+03 7.913778995631226962e+02 2.368308505747452219e+00
1.969936250064642536e+03 7.853614362300288576e+02 1.703162103566453034e+00
1.856883372602721238e+03 8.111687436971205898e+02 1.368719424242683669e+00
1.914886356080403857e+03 8.158058822288414831e+02 1.823708789517053619e+00
2.058266652954453548e+03 8.319690373243021213e+02 2.771830705760854663e+00
2.028495165890592943e+03 8.714320749678208813e+02 2.099851617621321331e+00
1.884237341290850281e+03 9.128096560235826473e+02 1.660389777532583766e+00
2.050172658109158419e+03 1.010763222474752183e+03 1.317870154787706971e+00
2.011784015870544863e+03 7.310692876670864280e+02 2.585330308843061697e+00
2.114099790647590908e+03 7.901158004167022000e+02 2.302241341830972399e+00
2.257782433598936223e+03 7.950178087365111423e+02 1.954535962670527871e+00
2.200256477607031229e+03 8.105847841717046549e+02 1.354266084446396734e+00
2.056326003301361652e+03 8.317111772258158453e+02 2.742399773897518322e+00
2.027276934417457596e+03 8.701770100504272705e+02 2.074836613806101404e+00
2.049972809356340804e+03 1.007568108561966028e+03 1.342361001691062983e+00
3.569252141094202671e+02 9.445472875226100768e+02 6.347975875061676598e-01
4.137703081513825509e+02 8.783438336143112792e+02 2.621239994881172208e+00
3.537896667311680403e+02 9.462712705405313045e+02 5.432067841149343934e-01
4.731208148540235925e+02 1.049797423128463379e+03 1.717903478302879483e+00
4.139627956228946459e+02 8.788344341831930251e+02 2.689520554077220460e+00
6.858650550925835887e+02 1.018244509641721606e+03 5.067204149151705028e-01
4.720786611750725115e+02 1.048166180418346812e+03 1.682333911325812004e+00
5.754749152624286808e+02 1.063851320851402079e+03 1.992121019305286955e+00
6.851434783628386640e+02 1.111338854520545283e+03 1.992932711989687133e+00
6.319003127742495280e+02 1.116022522103685787e+03 1.469969554898602260e+00
5.427039760563375239e+02 1.153168232847938270e+03 1.691503152679673549e+00
7.913183547815053771e+02 8.784467489324076723e+02 4.913774368021762706e-01
6.856237406620894035e+02 1.016801249831383757e+03 5.525311243677204498e-01
5.742860526227171931e+02 1.063396247359572726e+03 1.938242176443813580e+00
7.505964155678996121e+02 1.055008852033669655e+03 1.031529608249489444e-01
6.868973779733204310e+02 1.115587651190175166e+03 1.958170736945628043e+00
6.300384512153779042e+02 1.116046150017207992e+03 1.541406513496608843e+00
7.793251725923792037e+02 1.164034161684453238e+03 1.773555964272667707e+00
7.877650605304486362e+02 8.780683862157754902e+02 3.994191127917302575e-01
9.995893486583495360e+02 9.486004218060529638e+02 1.361265662884287186e+00
9.281319228452164225e+02 9.708475178546414099e+02 1.011218079997888930e+00
9.525124265891643063e+02 1.034244765158260407e+03 8.837942361074155317e-02
7.483630887925563684e+02 1.055238642992167570e+03 2.355954581918932519e-02
8.751803329430913436e+02 1.109132022167550303e+03 1.466709723251981012e+00
9.437326222142246479e+02 1.109276583279640590e+03 8.901681898709669083e-01
7.775342395193171114e+02 1.164695812040578630e+03 1.848321161840600801e+00
9.653367932423191178e+02 1.163040254061766518e+03 6.487106981893866475e-01
1.071023031883895328e+03 8.710832961865619382e+02 1.415649847963989405e+00
1.131600119125720312e+03 9.022178831627597901e+02 1.263491648342185192e+00
9.966754796313898623e+02 9.509631067459667975e+02 1.331533796937232950e+00
9.271884424468239558e+02 9.716142997793429004e+02 1.023472517763679868e+00
1.057459442811557437e+03 9.821975555453893776e+02 1.326183036510257152e+00
1.174225987538496156e+03 1.013672420272091358e+03 2.947368898499426404e+00
9.520091017428883333e+02 1.034856450752410865e+03 7.265438748074788677e-02
1.042785247264486543e+03 1.077475417666170188e+03 6.543779854115541195e-01
1.123417030100795955e+03 1.083645851337198565e+03 4.950706553307254176e-01
8.760588115794282658e+02 1.110111731712859410e+03 1.677687217571909306e+00
9.440141013165196000e+02 1.108966617836380919e+03 8.801792258482414866e-01
1.181873797010396402e+03 1.173711276548539900e+03 2.369622875535847051e+00
9.584454724560621344e+02 1.158695003707832939e+03 4.945860925960505333e-02
1.067684632651414859e+03 8.713170408493388095e+02 1.302239599682774474e+00
1.131044069686956618e+03 9.023724320258461375e+02 1.201798182621620414e+00
1.309928215449428535e+03 9.100474720280581096e+02 3.026305921464049309e+00
1.057039271993660122e+03 9.820762641195769902e+02 1.289550849492251849e+00
1.172162181863914611e+03 1.013012216857818203e+03 2.990531764902332856e+00
1.040370851619993118e+03 1.077192921644083754e+03 6.945395350757856967e-01
1.122696593440308561e+03 1.083121271538294422e+03 5.299901707289483843e-01
1.235309697817862798e+03 1.146708973667069586e+03 1.439034803704806409e+00
1.340050072410286930e+03 1.131264420887247070e+03 7.317895861566905413e-01
1.176825727897535899e+03 1.180005450288179873e+03 1.874808744213046996e+00
1.307197509111605086e+03 9.126504414670962433e+02 3.007724319870214380e+00
1.486983274442264474e+03 9.553313132912046513e+02 2.292475937729245405e+00
1.407604947015043535e+03 9.428586278195052728e+02 1.353543789688655519e+00
1.487736691324563253e+03 1.050019685182563535e+03 4.809607185932937012e-01
1.338230602241119186e+03 1.130338063111608108e+03 6.500880371249171397e-01
1.414502864426653332e+03 1.142271104279701831e+03 1.209178284855272123e+00
1.233732207584643902e+03 1.146532527297611978e+03 1.463328604305082381e+00
1.477227374611672076e+03 1.157170587679350774e+03 1.515472449130875976e+00
1.630018616348377009e+03 8.792871678655883443e+02 3.099929175137032367e+00
1.502635739150422069e+03 9.158808114077039590e+02 1.409027064604986001e-01
1.407005984311609609e+03 9.428305807332610584e+02 1.320836662519911053e+00
1.579643151875556214e+03 9.650657332329324163e+02 1.428944748705640588e+00
1.482596519974971670e+03 9.664697726944050373e+02 2.468734697344705520e+00
1.614036757981900564e+03 1.025509537690903471e+03 1.301806992054231449e+00
1.486252795233109509e+03 1.049137719475278800e+03 4.450677572384736935e-01
1.535222333585611750e+03 1.105842181472444508e+03 1.571536702909562822e+00
1.656718003831235364e+03 1.101265682331695416e+03 1.687533932174328122e+00
1.412937229174135382e+03 1.141858816125599560e+03 1.137435951887617147e+00
1.474051926609335851e+03 1.158018403668099609e+03 1.490594581349784509e+00
1.776243198914079585e+03 8.788759015534637911e+02 3.034846159130669463e+00
1.632450838676253397e+03 8.787841331368099418e+02 9.334970032768900861e-02
1.511851342383995643e+03 9.131646189336186126e+02 2.247775843956499042e-01
1.744449694367099937e+03 9.238695455280867463e+02 2.829567337244947023e+00
1.577763642146298253e+03 9.659305744533571669e+02 1.378040876347990107e+00
1.703280930349523260e+03 9.691408976458978941e+02 2.538205458453453467e+00
1.612197801781795079e+03 1.026082879190503036e+03 1.249731592102346633e+00
1.689538570303862116e+03 1.021267826839279451e+03 2.384984449585797694e+00
1.775659497861339105e+03 1.045646152214063022e+03 1.678812487973595058e+00
1.654379854158051103e+03 1.102642784251540661e+03 1.690663076377299179e+00
1.531777027220347918e+03 1.107985161569903994e+03 1.512988121038800982e+00
1.774560369974983587e+03 8.780141350093424535e+02 3.113830908143559562e+00
1.885662584841973057e+03 9.122350350858605452e+02 1.663588118140609362e+00
1.744023430276237377e+03 9.255543187854482312e+02 2.818476369610483534e+00
1.701692155421792449e+03 9.699735209977607155e+02 2.593812528353015789e+00
1.690062349137019055e+03 1.024427406310400329e+03 2.427698971500018565e+00
1.774867684369625067e+03 1.046301782478759378e+03 1.648634301967515814e+00
2.029006307732398454e+03 8.745334303390743571e+02 2.171895517937743492e+00
1.883687053116503648e+03 9.123602482484463962e+02 1.719424668904899089e+00
2.050225964792864943e+03 1.008984366069663110e+03 1.362146585399558241e+00
2.028551916436160354e+03 8.835463416754669197e+02 2.296806389446996555e+00
2.048828077070338168e+03 1.008958629085800567e+03 1.413534410864642155e+00
1.730293368615369900e+02 1.196568574786248064e+03 7.716535328542632743e-02
3.180579806884359186e+02 1.223691992007763702e+03 4.075435826145439866e-01
2.259054742042091561e+02 1.336858014474503534e+03 1.026325686596539111e+00
4.725385291782160948e+02 1.049258148111499167e+03 1.783349835921276494e+00
4.715531963994465059e+02 1.198148078480614913e+03 1.397369875465577893e+00
3.150838128812678747e+02 1.224569171822017324e+03 3.385410472853303543e-01
4.623129666049912885e+02 1.310343613065759882e+03 2.496108976278047786e-01
2.268080945290811314e+02 1.332056023008593684e+03 9.325463113558802863e-01
4.710975532913632833e+02 1.046114920516525217e+03 1.719200640756966436e+00
5.759857069888712431e+02 1.064600126341252917e+03 1.991310556537752241e+00
6.897115042570673040e+02 1.115660547971370988e+03 2.013312642155874688e+00
6.315366773344328521e+02 1.115098127819722322e+03 2.301341441676596045e+00
5.425158802409379177e+02 1.152932522309321484e+03 1.669667863812841047e+00
4.709717877880621018e+02 1.198234894898278071e+03 1.308068504651273889e+00
6.221946765955839282e+02 1.217830117174145016e+03 3.120386716090219004e+00
6.164568963212407198e+02 1.276609815230701997e+03 2.942976956920936971e+00
4.572738585557244733e+02 1.309915330727483706e+03 3.083436714934209011e-01
6.163139450311322207e+02 1.336711416170005123e+03 5.222998260568927076e-03
5.745417961098193018e+02 1.067954694662648990e+03 1.962802497592607942e+00
7.496770937947990205e+02 1.054353494918206707e+03 1.168430310105405823e-01
6.849859936333950827e+02 1.114805163176925817e+03 1.971556968658957798e+00
6.314503682117881453e+02 1.113894904171978169e+03 1.480931044281186049e+00
7.786466151232114044e+02 1.167146375920079436e+03 1.709358227727360013e+00
6.198107759774112537e+02 1.219066697262560410e+03 3.126303472283784579e+00
7.368110045032777862e+02 1.226023322404732198e+03 2.507328523194678027e+00
8.178710929636706624e+02 1.236727157117486968e+03 1.164163135205180888e+00
6.149677922015938520e+02 1.277745801982791590e+03 2.866405817825211422e+00
7.306365185352456137e+02 1.274785426218719067e+03 2.634190575259884426e+00
6.170885318865497311e+02 1.341017774358698261e+03 2.895850198140564657e+00
9.510442475449353879e+02 1.032526458548664777e+03 4.954217182863233926e-02
7.527543400804830753e+02 1.052437740196895902e+03 6.835000917387240582e-02
8.776097109300926604e+02 1.108323076194172927e+03 1.473043208572686336e+00
9.464212164865662089e+02 1.105894578567580311e+03 9.142113716098955178e-01
7.780112643056733077e+02 1.165816918452361278e+03 1.761500275979587915e+00
9.597498949987702872e+02 1.161123258042253383e+03 9.801496969478638854e-02
9.368563458802511832e+02 1.190732894989830584e+03 2.930601871928156132e+00
7.356573715704747656e+02 1.226650737975894344e+03 2.487972369268201867e+00
8.175227142059522976e+02 1.235583155423641983e+03 1.196802584625882737e+00
9.083545432375708515e+02 1.232642081978810211e+03 2.654758533579552715e+00
9.927764241895588384e+02 1.282567587878585300e+03 8.834100235554538383e-01
7.311518419935982820e+02 1.278041469158002428e+03 2.602552857774193207e+00
8.791451478004157707e+02 1.292642224688830993e+03 5.200615627340582359e-01
9.517188631949220508e+02 1.031065456111493177e+03 3.071582097635857864e-02
1.042731863576534579e+03 1.075960940447178700e+03 6.909020326001049650e-01
1.124268743123873264e+03 1.081748546850167941e+03 5.546400526100470074e-01
9.426883637801129225e+02 1.107751663132835802e+03 9.565836463437134007e-01
8.731234484333608634e+02 1.107860386716999074e+03 1.482665787558700154e+00
1.179202924102207817e+03 1.181973389848731358e+03 1.785632866630999738e+00
9.568474367799833544e+02 1.159767147703371620e+03 8.546653332794748592e-02
9.310826734501033570e+02 1.191635906282864880e+03 2.783206292065389942e+00
1.098061186614136204e+03 1.246055772302721607e+03 2.638296587331996790e+00
8.957743035568310006e+02 1.254387379959161763e+03 1.833243565620019666e+00
9.886340715793012350e+02 1.281334260664363455e+03 8.819826062233990793e-01
1.039695636367314819e+03 1.073902693635110609e+03 7.775303978747313272e-01
1.122565261205331581e+03 1.082278984016500544e+03 5.777087363999638958e-01
1.234348794914809105e+03 1.145362249976497424e+03 1.377491958178380882e+00
1.340377582326174206e+03 1.127665061062967652e+03 7.708049285741359613e-01
1.174360369180100633e+03 1.178902891937763343e+03 1.711881029732100545e+00
1.097060937975667684e+03 1.243576370232602585e+03 2.655051753446150631e+00
1.255311246228786558e+03 1.241424673956426659e+03 2.773273381464533838e+00
1.202974022083403497e+03 1.287898747243673824e+03 6.279057335665703954e-02
1.485569790505363244e+03 1.047596763180468315e+03 6.212541991462693369e-01
1.339980647209540166e+03 1.127493820187997471e+03 6.579233812867076869e-01
1.414880336771544080e+03 1.138621062857809193e+03 1.167902734861892000e+00
1.233295720899551497e+03 1.145087141289524652e+03 1.370187992526379572e+00
1.475697106088566443e+03 1.153749011953909530e+03 1.458268544752525653e+00
1.407535553859654783e+03 1.233919175763988733e+03 2.450514652632664436e+00
1.254465452520269082e+03 1.240639557703115315e+03 2.799859375038305842e+00
1.355203877911440031e+03 1.256892168179739656e+03 2.758179891458763411e+00
1.201509500757664455e+03 1.289290221075170848e+03 3.140342259184505380e+00
1.611878414957984887e+03 1.028405391302014095e+03 1.259245399696794054e+00
1.486109864397838010e+03 1.048621962332744033e+03 4.678928290385869770e-01
1.657038366131927205e+03 1.104658803846721412e+03 1.823613277647188280e+00
1.535328184373635622e+03 1.104888800634461177e+03 1.549477752848075207e+00
1.413217044867644290e+03 1.140567706943481426e+03 1.120950425198964595e+00
1.474064751250112295e+03 1.156192236289754192e+03 1.490954762522550769e+00
1.612468341560366071e+03 1.197177036628163023e+03 2.035435641677926899e+00
1.406083910949247866e+03 1.234779450417735916e+03 2.534218933465972601e+00
1.546956111121748563e+03 1.260482124835407149e+03 1.249800158549950968e+00
1.355096007069551888e+03 1.258566980663281356e+03 2.817539312839323351e+00
1.611815744993937415e+03 1.027031195727616250e+03 1.216555398302098912e+00
1.776080858384869543e+03 1.048235849377871546e+03 1.700912092673319664e+00
1.654955464155632399e+03 1.103138440263363918e+03 1.700333262327539119e+00
1.532835910181584495e+03 1.105587385896461910e+03 1.516153032039106785e+00
1.611904599642466565e+03 1.198277170344502792e+03 2.048363981524423227e+00
1.545119185804999233e+03 1.263142639619250076e+03 1.206693884155865648e+00
1.691879211220988282e+03 1.034044659678612788e+03 2.427238179049942435e+00
1.775606152572798237e+03 1.046950318147688449e+03 1.680990323687670651e+00
1.717550983837435865e+02 1.194754672570248658e+03 7.502043845846008419e-02
3.187451436739697783e+02 1.223428227588048912e+03 3.860187473732166197e-01
2.251241036565128866e+02 1.336008114435287553e+03 1.000216051372420090e+00
4.703833958950606302e+02 1.198252788552847505e+03 1.369000658924624636e+00
3.161860136612603469e+02 1.223756130934210660e+03 3.819649590394356142e-01
4.613480300150010862e+02 1.307665812010762011e+03 3.079672257758401255e-01
5.065920769431791086e+02 1.392502951575099360e+03 2.165911206004712763e+00
4.454811615680082468e+02 1.423360638353890636e+03 2.016639546798439042e+00
4.697262352592595107e+02 1.196888123564114949e+03 1.295386946337538037e+00
6.233078631755513470e+02 1.215191552767287931e+03 1.314251788361658069e-01
6.166741462606896675e+02 1.275228179368637711e+03 2.990244039737493420e+00
4.580725081307284654e+02 1.308630192840908421e+03 3.385813047335478609e-01
6.209557282855685116e+02 1.339679159689810376e+03 2.946771866518097749e+00
5.046650820683281609e+02 1.392477562605393814e+03 2.177448575843414336e+00
5.718886785234305989e+02 1.405586811279879157e+03 1.949554949534742176e+00
4.446183521781005084e+02 1.422514376710011220e+03 2.010404377114830776e+00
6.417422150245147350e+02 1.439132086516286108e+03 1.842372152793733564e+00
5.491020126380900592e+02 1.495842821453267788e+03 2.562044534426553444e+00
6.168839853955889794e+02 1.216059826626872564e+03 4.033046119440094474e-02
7.357148985732451365e+02 1.225918162164066644e+03 2.557308201232666001e+00
8.173551112949949129e+02 1.235631550862678296e+03 1.237380281007413041e+00
6.144675489741327965e+02 1.275116888347583881e+03 2.902806201106611805e+00
7.308233953022519245e+02 1.272099234731314027e+03 2.671503302162003379e+00
8.609067499205254990e+02 1.290979709817397179e+03 2.818304349321593127e-01
6.179789827647293805e+02 1.337448538454714708e+03 2.934714070511258210e+00
7.166627054083262465e+02 1.355523969189737500e+03 2.125278885640613957e+00
7.840098280393237928e+02 1.379966456994281543e+03 1.332763228278592393e+00
5.679162523551926824e+02 1.405893380264595407e+03 1.911882887462170499e+00
6.391484136435087748e+02 1.437535593461836243e+03 1.860064065508444164e+00
8.346752765882396261e+02 1.465177601064646751e+03 3.129862829748806696e+00
7.337240149511205800e+02 1.230622748967643020e+03 2.163650202653966570e+00
8.170695696929169571e+02 1.234967025270807881e+03 1.190588912309745506e+00
9.066694150499261013e+02 1.232534206817054610e+03 2.641615189615764248e+00
9.911800699740970231e+02 1.279004722347854340e+03 8.500745759365042620e-01
7.271692982929247364e+02 1.274918255801829218e+03 2.604386111851759278e+00
8.804711720156719821e+02 1.291533434818249361e+03 9.934551388677177464e-01
7.148469892782982242e+02 1.356736173751400884e+03 2.167061449343353541e+00
8.798005929396977081e+02 1.348273301006851625e+03 2.547180914185259160e-01
7.829886086873995055e+02 1.380294302200335096e+03 1.379878840848784760e+00
9.846133479344789521e+02 1.396488033379429226e+03 2.748072431314005470e+00
9.696012931580244185e+02 1.440267033689147411e+03 2.950271088957272969e+00
8.399593649891281757e+02 1.459694042049613699e+03 3.099776972980894385e+00
9.358038435859480160e+02 1.195224628350150851e+03 2.729087616041911524e+00
1.103533001588273237e+03 1.225028336916159333e+03 2.582897023023657646e+00
9.082889447893260240e+02 1.233895083539571488e+03 2.070336467144439307e+00
9.893433106971856432e+02 1.279698820398885118e+03 8.690482901403138172e-01
1.090706800600673205e+03 1.275263854312836884e+03 4.003948731483493728e-01
8.840925858276441431e+02 1.289811718587736095e+03 9.857526476361213597e-01
1.087319932468162506e+03 1.352042538725285340e+03 1.079607911914920670e+00
8.795449780062169793e+02 1.347718731250289238e+03 2.159584437491861297e-01
9.844990100405771045e+02 1.395750078891860767e+03 2.826863132520182731e+00
8.725423541722507252e+02 1.428075262840418645e+03 2.632092463239044111e+00
1.120924795086548102e+03 1.455100476176701022e+03 1.787674835934109030e+00
9.697761329784161717e+02 1.442031102979467505e+03 2.939803271502509308e+00
1.071865444413221212e+03 1.477168496795121428e+03 2.511649956349009560e+00
1.095237847134931599e+03 1.250213073327206985e+03 2.381010526705078234e-01
1.255114415942735377e+03 1.240958468415206198e+03 2.837369101162357410e+00
1.202776334262041019e+03 1.286659412659154668e+03 7.083887232422077240e-02
1.273593662188242206e+03 1.350441980499844703e+03 1.626882525518593026e+00
1.085345292590272265e+03 1.352285191346503098e+03 1.023479725789821826e+00
1.186445182978294952e+03 1.387768359983866276e+03 1.362336788847853697e+00
1.117715927919567775e+03 1.458465214777909296e+03 1.731604823573697605e+00
1.307411921198751315e+03 1.459644015961332343e+03 1.418478120161549283e+00
1.066371658025158695e+03 1.476104441619334011e+03 2.567457125270073082e+00
1.232011486992086475e+03 1.486822425326630992e+03 2.504282847077526242e+00
1.407984149746449475e+03 1.233682665941159257e+03 2.504792455825387787e+00
1.255200989299278035e+03 1.240517240992937559e+03 2.848437425266868050e+00
1.355600426178321641e+03 1.256220857826720703e+03 2.788382786709926897e+00
1.200407930682105643e+03 1.286947485697770844e+03 7.100338946701818810e-02
1.272743479318502068e+03 1.350708896931835852e+03 1.600127269200285474e+00
1.377386797957636645e+03 1.366492790895631970e+03 1.616385556872458995e+00
1.305166969546307882e+03 1.459706010996442728e+03 1.394317371548976503e+00
1.393633352479488849e+03 1.483665753706597798e+03 1.168576413339288411e+00
1.229547829371942498e+03 1.486074416911546450e+03 2.500935781549039394e+00
1.613631065447897072e+03 1.194962414301749732e+03 2.087611240025686321e+00
1.407751983027882034e+03 1.234792634532858983e+03 2.580751356121413043e+00
1.547715515363797977e+03 1.257662176436508844e+03 1.195462588908208001e+00
1.358909620043836185e+03 1.255160804315309178e+03 2.852432939016820157e+00
1.376658942780578627e+03 1.367458251538381091e+03 1.599661430211857471e+00
1.584638464557860516e+03 1.433151566909645908e+03 2.077359341158744765e+00
1.413028354315993056e+03 1.480919590943185995e+03 6.912959221598925785e-02
1.611303790854909266e+03 1.194726553877582774e+03 2.017795694996571410e+00
1.546007067747779274e+03 1.257621180069800175e+03 1.252215185931132568e+00
1.583753197856233555e+03 1.434108543521846741e+03 2.104263775812585280e+00
5.072353280518746033e+02 1.391938378745578120e+03 2.206291807940011562e+00
4.442815268744714103e+02 1.422581588897901156e+03 1.974413502234012796e+00
4.299051079161724829e+02 1.533141971694959921e+03 2.222612260783999982e+00
5.299997863257942754e+02 1.543602833814494261e+03 3.033158485951223060e+00
5.044181726071929006e+02 1.391054770680141473e+03 2.148441660158250333e+00
5.716310979672334724e+02 1.403961908025936509e+03 1.898861004827765875e+00
4.444784788091550354e+02 1.421262845833526171e+03 1.931523093043693518e+00
6.414521543110637367e+02 1.437104211265793765e+03 1.763799246674653043e+00
5.478526978818488260e+02 1.491971243711626357e+03 2.739721610931534546e+00
4.296499063220109065e+02 1.532206452323052190e+03 1.450603228288128044e+00
6.455715075892890127e+02 1.548233047718079888e+03 2.211667566190115508e+00
5.299409653001139304e+02 1.544137842336316680e+03 3.035548926070365638e+00
6.659886493821638851e+02 1.640887496499247845e+03 3.100967281633335570e+00
7.174876803614203027e+02 1.356623498923295301e+03 2.164656244358731829e+00
7.841365724597212647e+02 1.377503466715324976e+03 1.304462531526723756e+00
5.691378956691563644e+02 1.404702327779787538e+03 1.969164799029130553e+00
6.391447945892909956e+02 1.437930390417935996e+03 1.831073315854452543e+00
8.416897858327520225e+02 1.458515541005022214e+03 1.212791100483889273e-01
7.252234907639198127e+02 1.517127403743865671e+03 2.184138499521857124e+00
8.148037339509804724e+02 1.505592435839336304e+03 3.866729848291787508e-02
6.443309076785918705e+02 1.548847440027334414e+03 2.256484055361883900e+00
8.317299786786394407e+02 1.576527483431795190e+03 3.118249385071849566e-01
7.202842102748732032e+02 1.587346037938427344e+03 1.885060849258229032e+00
6.665339280181090089e+02 1.640268513540498589e+03 3.064342089850414563e+00
8.196834227740985170e+02 1.635725905923397704e+03 6.736264544573902224e-01
7.176012124722326462e+02 1.364348288241526689e+03 2.156555322461011226e+00
7.819166853711066096e+02 1.375923633917962206e+03 1.371462267748007724e+00
9.841316951746141513e+02 1.395270587426673728e+03 2.656372648846918594e+00
9.713294900964970111e+02 1.438614283794955554e+03 2.997707901539340192e+00
8.398522006012537986e+02 1.457920743188459255e+03 1.441189113972678355e-02
7.220419813657209716e+02 1.516947622610039616e+03 2.097556704825895846e+00
8.124823160595627769e+02 1.505810204968435983e+03 3.088949834015967788e+00
9.921349241996767887e+02 1.514154785507052566e+03 3.109638706902013272e+00
9.024190084749893686e+02 1.527913058958879674e+03 2.861857469434283097e+00
8.322844902807000835e+02 1.576271665121668093e+03 3.369663583793827133e-01
9.987465700757816194e+02 1.625501943136877344e+03 1.515028765933618793e+00
9.336340071451695621e+02 1.633395951079410452e+03 2.416554280005485555e+00
8.179020877994950069e+02 1.634136922857087256e+03 3.731736536113647862e-01
7.190840936164453296e+02 1.573022912634986369e+03 1.613675095838315920e+00
8.704869125592765613e+02 1.406590953559830268e+03 2.085425900914108510e+00
1.085805962636318782e+03 1.351604372633054936e+03 1.063003352068081275e+00
9.839255437742547201e+02 1.394885538232892259e+03 2.908936741443980178e+00
1.098753636217240683e+03 1.466184537079554502e+03 1.759553768126089546e+00
8.746664090238084555e+02 1.428961989964921713e+03 2.823188319502128785e+00
9.708428282155052784e+02 1.438736418107483132e+03 3.037724545961681510e+00
9.919199216299027739e+02 1.515205925319213520e+03 3.114448227954510706e+00
9.014827854839663814e+02 1.528222256815685114e+03 2.869450626420919637e+00
1.142174927716339653e+03 1.569606617564912312e+03 2.779424398114769268e+00
1.066246199899500198e+03 1.589802302988306337e+03 2.988890676771960297e+00
1.000187751368544468e+03 1.627213573959544874e+03 2.273048996824759804e+00
9.296594006302398157e+02 1.635704170954804113e+03 2.358688195609472960e+00
1.113162761677099525e+03 1.649316525754387158e+03 6.639589966154481049e-01
1.084255528054739671e+03 1.350172551206451089e+03 9.964519153642562577e-01
1.273310335111122185e+03 1.351432287564498438e+03 1.676172108440774577e+00
1.186696961699264648e+03 1.386114563775404122e+03 1.404983807094259518e+00
1.097950767405399802e+03 1.465616171091337492e+03 2.702017379735739411e+00
1.305810460095734015e+03 1.459322898274006320e+03 1.457041864936498676e+00
1.232062011771969082e+03 1.484348095251147242e+03 2.523641147474948276e+00
1.182907180683563865e+03 1.523783313214158852e+03 1.910719136883459068e+00
1.273643359083575888e+03 1.565489098286066564e+03 5.321078718966727461e-01
1.140055805206021660e+03 1.569195105075479887e+03 2.764208307446994084e+00
1.063799463831086086e+03 1.589293113407223700e+03 2.962575005777960513e+00
1.287409405786620027e+03 1.632011292833596144e+03 7.513158698963119386e-01
1.113002999465718403e+03 1.646884183636256921e+03 5.140493234839668135e-01
1.198296070202899500e+03 1.653695132140440819e+03 8.466610610060170128e-01
1.271855974877396648e+03 1.350389579299680690e+03 1.673924060734598207e+00
1.377030913483627046e+03 1.366377562925189068e+03 1.684701486880295862e+00
1.305339374064584490e+03 1.459350715778375161e+03 1.422514306954319796e+00
1.427450990755973635e+03 1.482390943483208730e+03 2.175729670118408343e+00
1.231893637429380988e+03 1.484539262503164764e+03 2.538450653278821800e+00
1.379297245667778952e+03 1.482959649733666993e+03 1.188574093041858681e+00
1.271989657116567741e+03 1.564866795853734402e+03 4.810565056072286239e-01
1.366561958576312236e+03 1.609724847543203623e+03 1.459411737314936675e+00
1.284732047323635470e+03 1.629906101040015983e+03 6.668838148994152837e-01
1.198510499763910957e+03 1.651711011641345067e+03 8.087367983271616101e-01
1.374898382290032032e+03 1.369157419767294641e+03 1.576219009967704920e+00
1.584279217936155874e+03 1.431643656576260128e+03 2.104668239598132651e+00
1.426365859961034403e+03 1.480874535872070737e+03 2.159787766398100661e+00
1.378001276155717051e+03 1.483331288930065966e+03 1.152482555718657320e+00
1.539934482080517228e+03 1.510424161850758992e+03 2.099290297269270411e+00
1.364969105041791863e+03 1.607686169596601985e+03 1.457977241858476436e+00
1.656463183483325338e+03 1.639007507879143304e+03 1.679901041013949659e+00
1.514636810434639301e+03 1.648677172285321376e+03 1.076737938369888070e+00
1.582878388344216091e+03 1.430675712781420771e+03 2.085374616060441610e+00
1.538496704955260384e+03 1.509742973651317470e+03 2.078858085577408588e+00
1.653051715673463377e+03 1.643688356671348174e+03 1.750662263011359743e+00
1.515161067059270181e+03 1.641135091616861018e+03 9.997693163630049229e-01
4.301342606862864386e+02 1.532786195770180711e+03 2.291319324257880208e+00
5.273409572221360122e+02 1.542537156802209665e+03 2.971156268319265603e+00
4.306630941216023984e+02 1.536107771290950041e+03 2.165517083059664394e+00
6.469765854453916063e+02 1.549124362041398399e+03 2.178255228247377051e+00
5.290185524850688807e+02 1.545266747566601452e+03 2.893610844463977205e+00
6.686519736246749517e+02 1.639301394826332853e+03 3.012487296377654555e+00
6.464847165391631734e+02 1.688507969046052267e+03 1.562130360706176224e-01
7.256051789482843333e+02 1.519585583865225772e+03 2.094907069281345624e+00
6.446586725379701193e+02 1.548418647783516690e+03 2.166259951876242429e+00
8.314842130597908181e+02 1.576636762631772626e+03 3.572219983043495306e-01
7.220513438214509279e+02 1.590941838995202033e+03 1.990970357709736183e+00
6.674040186572594848e+02 1.638604243523968535e+03 2.970462037857179105e+00
8.204314116643911348e+02 1.635008861398157023e+03 2.286444179125007858e-01
6.447204339701380604e+02 1.687933895079934928e+03 1.085802219572194749e-01
7.845826932455222504e+02 1.690725001536876789e+03 5.048323694212648871e-02
9.913129466307598250e+02 1.512383403736617311e+03 2.793979567492635319e+00
7.233425005395509970e+02 1.532734695858690429e+03 1.774046810929285511e+00
9.044983165292953800e+02 1.526866781445065953e+03 2.839530448659208783e+00
8.298959406362228037e+02 1.575456026267918787e+03 3.498730067437851310e-01
1.004508175481611488e+03 1.627934964428405692e+03 2.279570630445300505e+00
7.189997048899023184e+02 1.595981329287742483e+03 1.959241749682176126e+00
9.329077778345731531e+02 1.632913927954594556e+03 2.311612235786542513e+00
8.184961736966538410e+02 1.633993771589302469e+03 2.785560002353081321e-01
7.834365467798797908e+02 1.689320840193872755e+03 8.081783281853452405e-02
9.371007579420552247e+02 1.709921116249216766e+03 9.118122044553922390e-02
9.354719757972457046e+02 1.778792412957408715e+03 1.912353323285553575e-01
9.889748420772875761e+02 1.512761879454558311e+03 3.020943322894060756e+00
9.076523866394127253e+02 1.526793712609915701e+03 2.062258907282499276e+00
1.141911701420976442e+03 1.567099773554418107e+03 2.788898835382783048e+00
1.063706214629941314e+03 1.587411740588753901e+03 3.003555681321410376e+00
1.000306559047854535e+03 1.626099965750065394e+03 2.265459668826591333e+00
9.317437586425485279e+02 1.632415102928471470e+03 2.351126407631540349e+00
1.113385154405372305e+03 1.645551038708170154e+03 6.522960999989408926e-01
9.354860815357283172e+02 1.709362728500057983e+03 1.241600498583619872e-01
1.097706196048933180e+03 1.736273821993609317e+03 2.178570960804405932e+00
1.038567798929964283e+03 1.750539783018575235e+03 1.964841396165308174e+00
9.304750203009496090e+02 1.778940207150232709e+03 2.751208768757866796e-01
1.181944576763714849e+03 1.521941195774624248e+03 1.880128964011368753e+00
1.273714258148565023e+03 1.563663147364360157e+03 5.669088250972877940e-01
1.139569778530515350e+03 1.568306862873690761e+03 2.731135284808365871e+00
1.063202755652742553e+03 1.588313768318711482e+03 2.953504190361291304e+00
1.286097212458128297e+03 1.627015093374145181e+03 7.561454998249301784e-01
1.112464340093411693e+03 1.645458463038736681e+03 5.542393276975092764e-01
1.199531221632045799e+03 1.649847476967373041e+03 8.277449915415061588e-01
1.266246424336168502e+03 1.717007308169957469e+03 1.080220235589154365e+00
1.195466063066636480e+03 1.727507931871360597e+03 1.042371658052331229e+00
1.096307088191059393e+03 1.736650235305865181e+03 2.240742568430135417e+00
1.035396686662025559e+03 1.751810374957617341e+03 2.103029078176830602e+00
1.271614230900276425e+03 1.563470657203193923e+03 4.661376765223974039e-01
1.366932964562000279e+03 1.607689470850863017e+03 1.511492221746901565e+00
1.285744563722875910e+03 1.627033263979102458e+03 6.456181592004077707e-01
1.196964846977475418e+03 1.650563087681318848e+03 7.480939846623151368e-01
1.265404659673911738e+03 1.716992048808642267e+03 1.004388711569224268e+00
1.194724757569603298e+03 1.727747429944396117e+03 9.771471546090325644e-01
1.417360786288475538e+03 1.749355912106325604e+03 1.881361442960715058e+00
1.539135085748657730e+03 1.509802788151405593e+03 2.194979170732114238e+00
1.363994580212383653e+03 1.606257776919114576e+03 1.492876522242135851e+00
1.514850246528433217e+03 1.646855349244229274e+03 1.069956837841933295e+00
1.656183829509509451e+03 1.643592856610630406e+03 1.871478418716561398e+00
1.416226907725060755e+03 1.749284766877575294e+03 1.847673374567976090e+00
1.647337514610642756e+03 1.781788263748369445e+03 1.395346313667086724e+00
1.492690586470218022e+03 1.821015469584111770e+03 1.149151554329617131e+00
1.539560738360654341e+03 1.514612277458867993e+03 2.214482731519203718e+00
1.653276042215021107e+03 1.642837124739231967e+03 1.855732186676156914e+00
1.512161167642206010e+03 1.646865646515645039e+03 1.088895781142181995e+00
1.644868712547241103e+03 1.781717286139679800e+03 1.479010570981626138e+00
6.419222069880009940e+02 1.687027382324730297e+03 9.941530012907577596e-02
6.433124926153585648e+02 1.686026191877390147e+03 1.156320343069676543e-01
7.833078482616440397e+02 1.689920609273174250e+03 2.468207213908325315e+00
7.828790702233977754e+02 1.688341369307463538e+03 2.453134901061555795e-02
9.368369074532818104e+02 1.709049271505624120e+03 8.096763967686805563e-02
9.354973448882876710e+02 1.779908591453293866e+03 1.958583826631129510e-01
9.331869581967400791e+02 1.707807944037881953e+03 5.305782526188061732e-02
1.098960829274015623e+03 1.735768045705392979e+03 2.150003578353731015e+00
1.037248052723963156e+03 1.749625257249045717e+03 1.985435063123892396e+00
9.338235738798575767e+02 1.778469758566889141e+03 1.796118900816427999e-01
1.092348521002689722e+03 1.836544924583564352e+03 5.961323863818636104e-01
1.161237245088151894e+03 1.851027437503362307e+03 1.130283529185802216e+00
1.085641254394891348e+03 1.921798525139044614e+03 2.971484248067973510e+00
1.265078085426859616e+03 1.716173408441058427e+03 1.039996999730040894e+00
1.195180090595813226e+03 1.726250629605998711e+03 1.014444159729341655e+00
1.095828926674053946e+03 1.734878757271386121e+03 2.237903060471222005e+00
1.036008309456198958e+03 1.748598300204423822e+03 2.070468996718921595e+00
1.294147443900379812e+03 1.833868524519894891e+03 1.720502778506616037e+00
1.244791292626417771e+03 1.834722181553010614e+03 2.288156781647222360e+00
1.091953798265901241e+03 1.835806973759254106e+03 5.180884693853612388e-01
1.157532456244908872e+03 1.850238277329917310e+03 1.169486986493933234e+00
1.212097773636466172e+03 1.901853686847143763e+03 7.051814894734384498e-02
1.081780971808047980e+03 1.921784980671932772e+03 2.995876071325009882e+00
1.303616354129001820e+03 1.954879082019145244e+03 5.200120217555042057e-01
1.226452166567623408e+03 1.952313325330239422e+03 8.645320941427200312e-01
1.266056822381060101e+03 1.714089363389757182e+03 1.029186723918567026e+00
1.192719341212542076e+03 1.724766649812166861e+03 1.049425571912532495e+00
1.416610033439026211e+03 1.746452719179999121e+03 1.828534957626780644e+00
1.496526441874733109e+03 1.816559716225428019e+03 1.199191143153010897e+00
1.294652332064899838e+03 1.831222742018185954e+03 1.806967713725504465e+00
1.243993656836356195e+03 1.835395218296805524e+03 2.310088153821039381e+00
1.367085397676542470e+03 1.865265064949231373e+03 7.319104371331627279e-01
1.221373876701963809e+03 1.924303580822420372e+03 2.989073287974122195e+00
1.305668727161574225e+03 1.949842063492914804e+03 5.060143427171044372e-01
1.419383780060252320e+03 1.974445830995321103e+03 3.237338510743175135e-01
1.415914101669889078e+03 1.747324922306554981e+03 1.873981023461583240e+00
1.647444432790766314e+03 1.778277976469442820e+03 1.488110200404429539e+00
1.493336239725337009e+03 1.818259291467039247e+03 1.274153349918732747e+00
1.365008764259759346e+03 1.866557681598104182e+03 7.511039293272955275e-01
1.513370856404840424e+03 1.908651312092093121e+03 2.891580893064372160e-01
1.419067610540745591e+03 1.971807232903274326e+03 2.760972088221627652e-01
1.645380718958661419e+03 1.780387724386268928e+03 1.519624794753928754e+00
1.515391496531646908e+03 1.908386069450721152e+03 3.110152362534961412e-01
1.089180523549495774e+03 1.835996318487693088e+03 6.584426432833917486e-01
1.157267163174821235e+03 1.852337115644482992e+03 1.188241710104015691e+00
1.083810425056866052e+03 1.920994526221294109e+03 2.995466798784969242e+00
1.168326192741725208e+03 2.031744529158314435e+03 3.110062085159509770e+00
1.080940341753235543e+03 2.072514348080431773e+03 2.770333362739403338e+00
1.089962000409998836e+03 1.834234605007785149e+03 6.198357048808782466e-01
1.158540948242113700e+03 1.847176853238686590e+03 1.229270805581346382e+00
1.248472405093676343e+03 1.833476726544159646e+03 2.275696259582779657e+00
1.293234549802656602e+03 1.834706196719332183e+03 1.788888987963536570e+00
1.213242920479835448e+03 1.901571460614152784e+03 1.121054873192494361e-01
1.083858428865089081e+03 1.920305489453977316e+03 2.938137942399818847e+00
1.304970549049803822e+03 1.949606808018310403e+03 5.657556830878495147e-01
1.227404544137262974e+03 1.950243799189078800e+03 9.172748562813892725e-01
1.292334166481491366e+03 2.018252426449936138e+03 8.237845985603036159e-01
1.171189449317775143e+03 2.030839712602451073e+03 3.027477308130967160e+00
1.079856046031432015e+03 2.071717940966390415e+03 2.757601936296175893e+00
1.277348890970871480e+03 1.832659328189467260e+03 1.920577217237722900e+00
1.491589434441133335e+03 1.827804641684211447e+03 1.219043193256123425e+00
1.366120406322685994e+03 1.864795870503368405e+03 7.975025554514337811e-01
1.223919703371592277e+03 1.939732638365086132e+03 8.668547305899808597e-01
1.304788662708976290e+03 1.948883676294484758e+03 5.135861340147480636e-01
1.417252437543588485e+03 1.971933727974099384e+03 3.479356346509282494e-01
1.292206542826274926e+03 2.017842637231095068e+03 7.961034908533575205e-01
1.459343915732973528e+03 2.039751066158839876e+03 1.510742786308988395e+00
1.373876429835439922e+03 2.036863677100948280e+03 4.987202168307846573e-01
1.366554824202080226e+03 1.863405514177646864e+03 8.629289772351373955e-01
1.514006815948382837e+03 1.907613271325119513e+03 3.009916338730330154e-01
1.416523731067119570e+03 1.971325009751062225e+03 3.484398549293681313e-01
1.460038405033373010e+03 2.039658121242575362e+03 1.492775235241964316e+00
1.372501510308468141e+03 2.037527099659151645e+03 4.742745163248011098e-01
1.517008241058967315e+03 1.908048620061373185e+03 4.786280985594697501e-01
1.169080076983783329e+03 2.028084457606086289e+03 3.592579237654183050e-02
1.081746890344501026e+03 2.071200880313231664e+03 2.864821538573238069e+00
1.291441520479600740e+03 2.018690600028416156e+03 8.514221261235521698e-01
1.170843878772480821e+03 2.031644710718063834e+03 3.072067021660648045e+00
1.081119686664823803e+03 2.071543125210408107e+03 2.784983267507019189e+00
1.226492122921563805e+03 2.144237550146252033e+03 1.016286871234964639e+00
1.291818222534530832e+03 2.018018343689649555e+03 7.865599958030903283e-01
1.460183878227019250e+03 2.039280273794319328e+03 1.509976716685706988e+00
1.373017618102156803e+03 2.037347887064173392e+03 4.476740915028786238e-01
1.225793538563826132e+03 2.144687401606168805e+03 9.656544818833864285e-01
1.459478002770387093e+03 2.039515267661287453e+03 1.473816199762695289e+00
1.375151238142029115e+03 2.034102011641613444e+03 6.077108315079478018e-01
