9.699202192772090712e+02 3.540050423439013230e+02 1.833253477508525853e+00
9.696369517295674996e+02 3.572268741679208688e+02 1.850567022016338381e+00
1.445737205673396147e+03 3.347632809654367634e+02 9.523111293937389643e-01
1.366603762073747930e+03 3.441332553844490576e+02 1.327386205323193513e+00
1.581693994991169120e+03 1.709138342428335591e+02 6.189359997637186028e-01
1.442801693936344236e+03 3.355504119375293044e+02 9.659985649602959024e-01
1.602001435088987591e+03 3.305588901250152958e+02 4.605337279606279699e-01
1.363810226906977732e+03 3.449436688173389598e+02 1.404746762692191897e+00
1.580298659262484534e+03 1.723244228622878609e+02 6.073434495191605276e-01
1.674155184839999720e+03 2.161074377123649128e+02 3.597504254037913185e-01
1.719140152309478481e+03 2.705191521820856337e+02 9.627214288234249295e-01
1.599850592804166354e+03 3.305323642070446795e+02 4.579085712587097068e-01
1.711362575419745326e+03 3.284507130930408039e+02 9.515621529823771185e-01
1.763562821071305507e+03 3.500145527681330009e+02 8.894052571981936328e-01
1.675103752755561118e+03 2.152252939959064406e+02 4.455288895585661213e-01
1.719555363980015727e+03 2.652288339638423622e+02 8.428200633142226561e-01
1.712179575436143296e+03 3.267807525576035914e+02 1.159477697913217753e+00
1.762877110089208827e+03 3.486211029796958201e+02 7.414980651299523107e-01
6.864383158275689993e+02 5.260150695850276179e+02 1.445871559313588017e+00
6.842050472155001444e+02 5.282601399282787042e+02 1.567700625737245224e+00
9.701210929376175045e+02 3.564843813676529862e+02 1.771291730117495522e+00
9.028295301135642603e+02 5.210537055499818280e+02 1.864475931205463066e+00
9.669684944099403765e+02 5.393439562043399746e+02 1.254012544207324442e+00
9.691361267019021852e+02 3.559349772779190744e+02 1.774796503974569672e+00
1.102730582422718953e+03 4.876136156394652517e+02 1.662771080972067939e+00
8.996143120329879821e+02 5.195986272505829220e+02 1.937201766970067629e+00
9.639691033697260991e+02 5.386085102377796829e+02 1.220608707006347160e+00
1.276471289980746178e+03 4.039367452094011242e+02 1.225340558320894280e+00
1.191211221382122176e+03 4.464816812717515404e+02 2.623138256960713122e+00
1.101431515845248668e+03 4.882124398888598762e+02 1.688477843993247074e+00
1.278727507927992292e+03 4.936547782331865619e+02 8.190520627372435136e-01
1.445466165078430549e+03 3.346064146080680644e+02 8.992662591442890374e-01
1.366879433110703076e+03 3.437815675199453835e+02 1.281240240001759290e+00
1.474565155942061892e+03 3.753985310808166105e+02 1.073792225073130213e-01
1.275754938915155435e+03 4.043016078501509583e+02 1.278882293565019923e+00
1.373049132117919498e+03 4.408905947725929764e+02 1.038306373758655532e+00
1.189638447430455699e+03 4.470314963970081408e+02 2.572385018426527115e+00
1.277232223721043283e+03 4.928912312541676783e+02 8.496160686152751662e-01
1.444663827991633525e+03 4.883410775035988536e+02 2.878808331910426510e+00
1.456747000825773512e+03 3.523413866736300406e+02 7.980736077554275720e-01
1.602278794349758300e+03 3.286082151021563504e+02 4.856857625096921427e-01
1.366437467092098359e+03 3.442078938207384340e+02 1.312822813425823076e+00
1.371989745434113274e+03 4.417509204521066977e+02 1.111477723843704135e+00
1.526238630755689428e+03 4.318005809091530409e+02 4.911281390168850680e-01
1.621415769326825739e+03 4.585974753594562117e+02 3.024762547890004427e+00
1.443314553683714621e+03 4.883104216453344861e+02 2.843556318652040726e+00
1.556409599209816633e+03 4.864766922051917390e+02 3.994307234584534155e-02
1.721245641626828046e+03 2.662492447441482000e+02 9.525198918999717712e-01
1.600961738945398565e+03 3.290423386645047117e+02 4.488166239041502248e-01
1.713176876544298239e+03 3.271829592654253247e+02 8.897423340816004167e-01
1.762564410693096534e+03 3.478010624475342638e+02 7.574650117056026533e-01
1.526346102587122459e+03 4.316171415095386692e+02 4.047575581342155449e-01
1.620584593544410154e+03 4.579429645840466492e+02 2.978052222801704563e+00
1.766337646416707457e+03 4.788999196627192987e+02 1.636090083557220742e+00
1.559112818801495450e+03 4.890089188301444665e+02 2.042629087007693522e-01
1.674743293044210759e+03 5.231760751064516626e+02 8.828376494161230825e-01
1.719016512161205583e+03 2.609359329074582661e+02 6.298175792361229153e-01
1.710979510363870759e+03 3.275908235390918435e+02 8.101421126336576517e-01
1.762448695456299220e+03 3.478479474110779961e+02 6.992276453562886740e-01
1.825172501151241931e+03 4.608103898796631483e+02 1.770000937009569952e+00
1.764462565269440574e+03 4.776184334139165912e+02 1.549112216215314586e+00
1.893475787195057819e+03 5.087734900967669773e+02 2.208263762896298221e+00
1.677690735331728547e+03 5.144437821374033319e+02 6.423974940607658501e-01
1.892572622191769824e+03 5.082977887816350631e+02 2.275805879857282221e+00
6.843606335332863182e+02 5.291854891142993438e+02 1.563288874884930069e+00
6.824710044102687334e+02 5.278718322207336087e+02 1.502985489956140119e+00
8.401280518732355631e+02 6.577867771366531997e+02 2.124418927818446434e+00
9.024415592367304271e+02 5.196190029706046971e+02 1.856389287050320025e+00
9.648730263461734467e+02 5.415716596765760187e+02 1.240928457509641536e+00
1.009211001932287445e+03 5.978459531811472516e+02 2.386071927043795782e-01
8.912658289469206920e+02 6.623768902716221874e+02 1.442827610814538142e+00
8.401252214144958543e+02 6.605777762467985212e+02 2.058583324780272061e+00
1.103411855467318674e+03 4.878613915523790183e+02 1.653711480631374631e+00
9.020625161671605383e+02 5.196481104862010625e+02 1.854927437481458830e+00
9.639647397574415209e+02 5.425862480985374532e+02 1.264171668327596088e+00
1.134962073161595981e+03 5.691593284157778498e+02 4.791589116309403762e-01
1.006827736719390487e+03 5.990050640469072505e+02 2.537147374751488327e-01
1.124602349930852370e+03 6.305038230269072983e+02 1.123190675972488561e-01
8.904997786605599686e+02 6.591121836430220355e+02 1.461994810399549927e+00
1.056629453772876332e+03 6.688402866423660953e+02 2.760938602747061932e+00
1.275392527862680936e+03 4.064938515282776734e+02 1.333634554848333487e+00
1.191445274295950185e+03 4.459395811145976722e+02 2.568362796042408025e+00
1.101701724727028704e+03 4.882994387325024945e+02 1.700801501951735517e+00
1.278410712273032232e+03 4.917066089871158283e+02 8.987794553520122021e-01
1.306093461424391990e+03 5.404612478387114152e+02 8.004502562209760974e-01
1.132699163984172401e+03 5.704096505236425401e+02 4.754878166137567752e-01
1.252346489425652635e+03 6.395933051852891822e+02 1.077379014017605607e+00
1.121988669988632864e+03 6.305315735812230287e+02 7.351380052033613943e-02
1.053269419291427312e+03 6.702618596323641214e+02 2.653674648968127325e+00
1.328914617616616624e+03 6.977922675516399522e+02 6.625196239937406473e-01
1.274718049252091532e+03 4.036109292619044027e+02 1.370019441728581144e+00
1.372926835102023915e+03 4.415704971046665150e+02 1.078335420135807965e+00
1.193833723098219025e+03 4.480448837960143464e+02 2.579031102346929227e+00
1.277029915720084091e+03 4.921117023798415175e+02 9.127812381369815320e-01
1.445022664088241072e+03 4.886622128393563571e+02 2.853048180760876740e+00
1.376267411861809933e+03 5.570203092766156487e+02 7.213281604397775437e-01
1.305198045195025088e+03 5.394703640514518383e+02 7.887847625416426478e-01
1.367061532784794736e+03 6.179526187684124352e+02 1.756024631165451766e-01
1.251245389034541859e+03 6.400888650930953645e+02 1.094374695557347010e+00
1.327741024237578358e+03 6.941307907330901799e+02 5.672364259284121690e-01
1.370278858201133971e+03 4.384385017775645110e+02 1.141875866255043670e+00
1.524974012350761541e+03 4.306583538059250031e+02 4.951583067967739726e-01
1.623694310588123471e+03 4.573591162100874499e+02 3.056617950483043522e+00
1.555797059989401987e+03 4.837860812032674858e+02 1.652403067655866531e-01
1.443537886898958732e+03 4.885867423062132957e+02 2.853194205137860262e+00
1.375021381617768384e+03 5.565840022310414952e+02 7.527318853996182169e-01
1.567433223874372288e+03 5.577978168504783980e+02 2.824955798708931987e+00
1.523916337045481214e+03 5.836182342700816434e+02 3.034738854034375155e+00
1.364845270611894875e+03 6.180184177695457493e+02 2.969229901052365950e-01
1.635981413842192524e+03 6.428410206189896599e+02 1.037246764066572791e+00
1.516760883344130207e+03 6.554680461382863541e+02 7.068649800964430518e-01
1.527564603134694835e+03 4.296690732552602867e+02 5.047868077750666815e-01
1.620906208874777349e+03 4.569200091178577168e+02 3.016674824437092894e+00
1.766017578102130528e+03 4.769908075732818133e+02 1.547202369829577373e+00
1.557805779940733601e+03 4.861366876880152859e+02 1.801564719088231126e-01
1.681330363857313387e+03 5.374766180839325216e+02 8.421241817179629940e-01
1.566641801231470026e+03 5.580110151117277155e+02 2.850077140179517965e+00
1.521357800696868480e+03 5.833321935523184720e+02 3.095515409835479570e+00
1.636905574943288912e+03 6.324586975280476508e+02 1.447969659661845765e-01
1.519309066693945852e+03 6.535984921903761915e+02 7.136308237426661760e-01
1.629491790972165745e+03 6.778282675132354598e+02 2.459997938848612176e+00
1.825017634268740949e+03 4.601695970426658278e+02 1.734567942724152934e+00
1.764604812259334494e+03 4.766002034082742966e+02 1.514538633645949428e+00
1.892807957322039783e+03 5.072061321293575702e+02 2.166001852402633876e+00
1.680694537165265274e+03 5.405813929582500350e+02 5.755113870979777779e-01
1.819943687664941308e+03 5.758917251573649310e+02 5.185503875096399984e-01
1.932039109559874305e+03 6.152893173106629092e+02 2.330119372251027166e+00
1.892172083586245662e+03 5.075157556998680093e+02 2.191072238437144382e+00
1.931073222844928750e+03 6.153926382942931923e+02 2.346107591148182347e+00
8.422800210134578265e+02 6.604639659324318472e+02 2.105352836854943899e+00
8.282496892046428911e+02 7.508950688213325293e+02 2.245384162365286596e+00
7.951438784543266820e+02 8.419392559371567586e+02 2.140882837328021537e+00
9.624731524607514075e+02 5.474293212799354933e+02 1.216741216510397461e+00
1.006760652392872544e+03 5.959156811704250458e+02 2.267071440509488556e-01
8.907908563530259016e+02 6.620687616732670904e+02 1.401008709001675845e+00
8.399419007159347075e+02 6.590450573254793198e+02 2.044167329449126491e+00
9.407899829417262936e+02 7.134762599898170947e+02 1.455366003829012156e+00
8.289047408724461548e+02 7.515839113708910872e+02 2.248386865091737796e+00
9.127381320510237401e+02 8.227884874236060568e+02 1.935754880769226638e+00
7.951913280527614916e+02 8.441314109943180028e+02 2.153598366161739275e+00
1.134974401431030401e+03 5.668054641562771394e+02 4.452073609786139086e-01
1.007738005438523714e+03 5.978599214980997658e+02 2.546481906468719414e-01
1.124835419367105715e+03 6.294609843473762112e+02 9.339120455286148426e-02
8.892048738825853889e+02 6.622966649360613474e+02 1.473189575727369860e+00
1.056930040285669065e+03 6.677101835836506325e+02 2.739649289829472423e+00
9.403178765707098137e+02 7.137466297073924579e+02 1.530489075546013877e+00
9.110844913852019999e+02 8.223777396800546740e+02 1.932048293111155779e+00
1.070188702489275329e+03 8.556907749658516877e+02 1.569925548183404684e+00
1.132769242316353257e+03 5.682319528876819277e+02 5.308365010192819256e-01
1.252770123652583834e+03 6.379380980789842397e+02 1.090427753583433468e+00
1.122375821429074676e+03 6.300478938697716558e+02 1.225905119049815889e-01
1.054127337143131172e+03 6.671996764502055157e+02 2.671366584558339419e+00
1.331699213730878455e+03 6.900357433971980754e+02 1.335675422939631485e+00
1.246007627755667727e+03 7.423604386655810004e+02 2.617465909829939985e+00
1.226552347490872762e+03 8.019539481113049533e+02 2.430828151124625691e+00
1.066805561638388326e+03 8.538025759434938209e+02 1.512720222629516664e+00
1.309684517807412703e+03 8.591772514835706716e+02 1.556931871403617995e+00
1.374828857226154014e+03 5.548612344568545041e+02 7.284246526341334738e-01
1.251402850326321868e+03 6.374835153621992276e+02 1.048267723303815124e+00
1.367157653304158430e+03 6.168716633677349819e+02 2.473355090058173278e-01
1.329233191505064269e+03 6.903006261766782927e+02 5.054353860578116864e-01
1.243883117942899389e+03 7.417856081471663856e+02 2.645845908633811305e+00
1.391494000298079527e+03 7.646277608634150056e+02 1.917271229192452076e+00
1.223387197737697534e+03 8.037805215717417013e+02 2.473883597094508779e+00
1.496817771239977901e+03 8.032544062045117244e+02 2.472675784100177410e+00
1.356747606147496754e+03 8.576973358688395592e+02 1.678715869881627132e+00
1.308126108063844868e+03 8.590681766764535041e+02 1.532301149777714144e+00
1.379569430016203341e+03 5.499935297757308490e+02 6.936763579514558797e-01
1.569918911046091807e+03 5.561009482225113061e+02 2.839449566035991523e+00
1.523340093560225569e+03 5.837852323234696996e+02 3.083339508802582785e+00
1.365799211312890975e+03 6.175570806910310466e+02 2.541341291766346377e-01
1.634032569796695952e+03 6.598121025054174424e+02 2.541063028707622795e+00
1.517072734837628559e+03 6.549904747359546491e+02 6.469685121552327667e-01
1.586377494727308886e+03 7.072763290856639742e+02 1.800348324601732219e+00
1.390994598311485561e+03 7.659170342076801035e+02 1.900461600103488857e+00
1.501189049196133283e+03 8.073882339869255702e+02 2.518276943800660028e+00
1.354324188037858448e+03 8.526238903634989583e+02 1.739213849686894076e+00
1.573996130320128486e+03 5.601093337131782164e+02 2.969529324029521966e+00
1.688409936815266974e+03 5.546767735691773851e+02 2.253815493499495282e-01
1.819508014690015443e+03 5.776791885603570336e+02 5.900838524178713129e-01
1.531257183172074974e+03 5.787847711786288301e+02 1.555365305470542137e-01
1.637096413126516836e+03 6.310909065759983605e+02 1.070905412651855654e-01
1.516438400143512126e+03 6.555480966420948334e+02 6.828606833867012504e-01
1.632353107949106288e+03 6.770590898560292317e+02 2.471808714746926761e+00
1.585318338298371145e+03 7.087435742687700895e+02 1.829300898813075005e+00
1.699032963650020974e+03 5.684278630635507170e+02 2.195826518474359723e-01
1.819857097320445291e+03 5.765182123280821997e+02 6.002177061083860954e-01
1.932443077246809025e+03 6.170315368354836210e+02 2.320473999510459073e+00
1.827539103348890876e+03 5.709659165358743849e+02 7.228653242375009391e-01
1.930298093896079990e+03 6.145177014900857557e+02 2.362854637761773624e+00
2.020757236935271521e+02 9.044681642263165031e+02 3.035432786714511888e+00
2.666146224563934766e+02 1.017717998416168712e+03 1.760803879051574983e+00
2.670302659386298387e+02 1.014428110681764792e+03 1.952081458460292573e+00
8.295939799630293692e+02 7.504185337574685946e+02 2.269741354245229381e+00
7.949943287285713041e+02 8.413490554962800161e+02 2.071089932702608660e+00
9.400297759889881490e+02 7.151842632244462266e+02 1.451628579584423484e+00
8.289675047746891323e+02 7.515572316608556775e+02 2.246549445751056862e+00
9.125582823255081166e+02 8.228034068332151492e+02 1.913719490664912426e+00
7.954688136688699842e+02 8.418602661520891388e+02 2.093196358298292648e+00
8.736950220737915060e+02 8.687344903358518877e+02 2.468688810700189418e+00
9.937419934836564153e+02 9.365811079058801170e+02 1.816664864366106968e+00
9.384711084435234625e+02 7.139291208052636648e+02 1.538635542621166863e+00
9.119704494055736177e+02 8.224374178404448230e+02 2.025235498617982799e+00
1.068592098330792851e+03 8.554000479314754557e+02 1.511095636290327837e+00
8.724952359165099551e+02 8.688025014648358137e+02 2.473853652806908165e+00
9.928444676569843068e+02 9.355423418073373796e+02 1.859653710940507354e+00
1.125281497889893217e+03 9.435389414952842344e+02 9.052677409802776243e-01
1.244339376308822693e+03 7.407643712063631938e+02 2.681212593728331317e+00
1.226224587486573910e+03 8.008001338756031373e+02 2.521384795374406185e+00
1.067413149757340761e+03 8.543114105408287742e+02 1.568329582599976790e+00
1.308039045598216035e+03 8.555078341488250544e+02 1.456719354978728731e+00
1.123683447316985394e+03 9.443759004348848975e+02 9.504091879502517548e-01
1.194725231745559540e+03 9.545459176311246665e+02 9.424233044533176784e-01
1.250390482456296922e+03 9.840167760914423525e+02 9.380128149943333105e-01
1.336431144029724692e+03 9.811966165540816291e+02 5.634425514367982224e-01
1.242938702596453822e+03 7.414609920425853034e+02 2.637289032282333689e+00
1.391486354495874366e+03 7.626397783573858078e+02 1.880460728065520115e+00
1.225112014318523507e+03 7.991626898813422031e+02 2.459464278357766265e+00
1.499752136968716059e+03 8.026519699076935694e+02 2.457099408869318324e+00
1.359285123311298776e+03 8.537189018771998690e+02 1.687340917283929986e+00
1.307605021409307255e+03 8.546207407965227958e+02 1.405779497094214792e+00
1.447108593208309230e+03 9.049565046324260038e+02 3.107475390557341566e+00
1.196515237695406313e+03 9.526406956883279236e+02 9.786554666446370954e-01
1.495315492015934979e+03 9.664955325886323863e+02 3.130309802616482173e+00
1.248652947011196829e+03 9.840727839537544241e+02 9.294029357891662180e-01
1.339452776917825076e+03 9.790491145318194413e+02 5.478923269253027639e-01
1.407900211683945827e+03 1.007670467885204516e+03 3.386088814750649600e-01
1.586992582252180000e+03 7.080298166577633765e+02 1.831721210151516566e+00
1.390681655553224573e+03 7.628501081111904796e+02 1.855343382298772159e+00
1.500894825515619686e+03 8.053014558404487389e+02 2.513920801784488290e+00
1.356425764555902333e+03 8.530133577358805042e+02 1.698890203494463291e+00
1.447142660270809529e+03 9.045112779496200801e+02 2.563315724453595068e-02
1.504488411514080326e+03 9.658767959983258606e+02 5.530714418478857586e-02
1.409901701523437168e+03 1.005758164258783154e+03 4.731943667720333035e-01
1.586992894781529458e+03 7.112928147025835415e+02 1.892573997400418984e+00
1.514168165661078319e+03 9.689076117195218103e+02 1.827113877000280939e-01
2.030433669545211615e+02 9.037517815395049183e+02 3.020756775108371261e+00
2.673016483862455743e+02 1.018620658141335753e+03 1.780495999821380071e+00
1.647202477128204237e+02 1.169208274227667516e+03 1.474579262817665271e+00
2.661742272182699480e+02 1.019358963490428323e+03 1.812213630432485179e+00
6.589427332939526423e+02 1.148795715820374880e+03 1.824653366355925455e+00
5.986926932977330580e+02 1.154769561278193578e+03 1.798820824505721339e+00
6.591900364374170067e+02 1.151557405713414028e+03 1.898878915231152931e+00
5.961296363418691726e+02 1.153362304937859335e+03 1.778428508002927622e+00
8.741457655263047855e+02 8.670294321213493731e+02 2.360032106564533105e+00
9.933154237487158298e+02 9.344544801569745687e+02 1.776291792586107032e+00
8.950907347554953049e+02 1.156933568153059468e+03 2.833479850776477793e+00
8.764781639780021578e+02 8.759648217962242143e+02 2.393975906963452083e+00
9.921594609680232679e+02 9.340255277083731471e+02 1.849070038987546072e+00
1.124768290195285772e+03 9.433660303268773077e+02 9.509247371099760482e-01
1.029068061513567727e+03 1.076506616459094403e+03 2.379923115467412753e+00
8.935943349632650552e+02 1.158566483470375942e+03 2.859972876328750413e+00
1.123823639341785110e+03 9.424092487118884947e+02 9.261866215072220854e-01
1.194681150662934215e+03 9.525488869814548707e+02 9.281212569687411484e-01
1.250393874753272257e+03 9.818711018967348991e+02 8.953399069533209964e-01
1.339059135158810022e+03 9.779467834005461100e+02 4.661436081984133284e-01
1.316158787576163832e+03 1.075352644078126104e+03 2.140780959808917139e+00
1.257209089132707959e+03 1.086690431698230896e+03 1.899718903695570393e+00
1.225477920633449685e+03 1.169023196985352797e+03 1.506655762974670409e+00
1.307802797089165097e+03 1.175432250769388702e+03 1.969663958952436955e+00
1.446336437803274293e+03 9.032259323524981482e+02 9.292115663309772223e-04
1.193391843369357048e+03 9.504707594700810205e+02 9.815739892759539620e-01
1.498276400103621427e+03 9.641500878528329395e+02 3.115438328085662789e+00
1.248841180442265568e+03 9.819295736964920707e+02 8.996224253321506437e-01
1.338367912645454226e+03 9.777211267653124196e+02 5.219515123885970498e-01
1.403898431489296399e+03 1.003900840334551276e+03 3.236018451208938496e-01
1.313047799352298853e+03 1.074967665245683065e+03 2.122053036744091070e+00
1.257557413415209567e+03 1.086924326010157074e+03 1.876274587435910801e+00
1.429728410985458822e+03 1.105304056353357964e+03 2.667511938222618006e+00
1.391519026173454904e+03 1.143712215481259591e+03 2.085648189462962598e+00
1.221192884550953067e+03 1.167921696618723900e+03 2.287346266245079640e+00
1.307570527430063748e+03 1.179155294921746645e+03 1.925931352080675785e+00
1.446877118318509019e+03 9.034418237475742899e+02 1.833616686349604993e-02
1.502226908289259654e+03 9.647198517354690921e+02 4.525773001760557968e-02
1.406305545693160411e+03 1.003604248716970005e+03 4.074248187272975774e-01
1.515262080277002497e+03 1.040702811619820295e+03 2.834396108325423214e+00
1.628205913083113728e+03 1.069542817835555979e+03 2.226813414188493212e+00
1.501577915069258779e+03 1.081014348804984365e+03 2.281742890681141667e+00
1.430484212983513771e+03 1.104879464383647473e+03 2.550437332626777298e+00
1.388020732245994623e+03 1.143308039921088721e+03 2.119941770115827850e+00
1.605579243187490874e+03 1.158176923719401202e+03 2.423216135378694069e+00
1.509045548960523320e+03 9.645939079614340699e+02 1.117543486315962509e-01
1.512317227962573043e+03 1.040563333275580590e+03 3.137404935842705633e+00
1.659348841991599784e+03 1.048704810455456936e+03 2.969188869254729024e+00
1.618864162947445948e+03 1.075467847414686730e+03 2.290866200604219749e+00
1.735438038011588560e+03 1.141468893550068515e+03 2.262164256888181235e+00
1.607373545128452633e+03 1.161516847387729285e+03 2.476166510701519385e+00
1.694656962286900125e+03 1.169225888636251511e+03 1.866939844057576403e+00
1.528653247271314513e+03 1.181013250543187951e+03 2.418782902826402292e+00
1.732654479894880296e+03 1.141330570071113470e+03 2.316951122962509935e+00
1.695889561881288046e+03 1.164976700838285524e+03 2.277231123706185745e+00
1.643343967146521436e+02 1.167601800685245053e+03 1.419515409769330772e+00
2.023617504838829291e+02 1.271874736513954531e+03 1.846857461664598743e+00
3.293006120306572484e+02 1.287447964751344443e+03 2.268028211439355069e+00
4.046750969433611544e+02 1.261320143031141924e+03 1.538486668946631664e+00
3.276401025577440009e+02 1.286239341466804035e+03 2.277490578190420667e+00
6.610372059501162312e+02 1.152095885709993127e+03 1.847425287742296751e+00
5.982027256765045422e+02 1.154590442667470597e+03 1.731460153885281628e+00
4.011925485014102151e+02 1.260607228164436037e+03 1.513865606418760779e+00
6.001346668018560422e+02 1.318902481090302444e+03 2.916912473459188693e+00
6.597202066995670293e+02 1.151944478736131487e+03 1.828965354729126691e+00
5.968112591721769604e+02 1.154797641647421187e+03 1.727838372103352338e+00
7.926499114199936002e+02 1.184006478739320755e+03 2.336337319140146529e-01
5.979192089241325903e+02 1.320234607995219449e+03 2.917955040364122343e+00
8.948753827651128177e+02 1.154308389814634438e+03 2.804479016642720257e+00
7.907952612374128876e+02 1.184330480847844910e+03 2.622026649447873892e-01
9.888222345962060444e+02 1.250503194732689280e+03 1.698341830770096372e+00
1.028712236583340200e+03 1.073490663681651995e+03 2.354379060800648293e+00
8.924040863447851279e+02 1.153824427889450135e+03 2.890331538156073243e+00
1.135894147993475144e+03 1.205481125854873653e+03 1.265062667496938520e+00
9.870378800605151355e+02 1.248824527649346692e+03 1.629197863979223948e+00
1.074166157403584975e+03 1.272728786117241043e+03 2.426252202974204852e+00
1.316568345207423135e+03 1.072253783805263993e+03 2.107210464183643772e+00
1.257836534069026357e+03 1.084997998248065869e+03 1.859447709195360066e+00
1.226182541224956594e+03 1.169166973808912871e+03 2.266687895991536639e+00
1.308327781443347703e+03 1.175892168484466538e+03 1.894918396113332681e+00
1.135287354306250563e+03 1.205610271222270740e+03 1.253294237407251988e+00
1.184741307288085864e+03 1.250818824096276558e+03 5.541042738618595642e-01
1.072014583861722258e+03 1.271947473257668435e+03 2.470028195701496454e+00
1.316141159943391585e+03 1.294498152276018573e+03 1.763102467778349336e+00
1.313718724687552367e+03 1.074068818921071625e+03 2.137997797804689348e+00
1.257484952111247594e+03 1.085497071423081934e+03 1.851663594299027604e+00
1.429515659318746884e+03 1.103850373817646641e+03 2.758696686124193054e+00
1.391286134269013019e+03 1.144214579028455319e+03 2.114403573490742261e+00
1.225396780765503308e+03 1.170095504718320171e+03 2.263895200180137124e+00
1.307819640647102688e+03 1.176999485860931600e+03 1.897410221663205165e+00
1.382638498843626166e+03 1.224750197771053081e+03 2.218786799012772537e+00
1.314308652131684767e+03 1.302494386185858730e+03 1.685729114698013786e+00
1.454890834822903116e+03 1.325411372041424556e+03 1.078478010175103030e+00
1.512029627333561393e+03 1.040444376357505234e+03 3.548134401726217579e-02
1.621415993611345357e+03 1.074847700714258963e+03 2.266425645201588956e+00
1.501346374177421922e+03 1.079564553486373597e+03 2.388807156789519048e+00
1.428033502820292142e+03 1.104224044683144484e+03 2.727409004944931770e+00
1.389086461076950400e+03 1.144710354674794189e+03 1.978699344916513114e+00
1.608550825534399564e+03 1.159745466170166992e+03 2.479179581586330006e+00
1.534434475374856447e+03 1.187114089612921816e+03 2.240951206838845966e+00
1.381671328724182558e+03 1.223985235461303091e+03 2.144504177673331125e+00
1.647460340082048333e+03 1.259027112687032513e+03 2.339894382154579233e+00
1.523565846797773247e+03 1.267223407441877953e+03 2.692650701778216860e+00
1.451628230149650562e+03 1.328830510631576999e+03 1.185567232653373493e+00
1.516588414220673030e+03 1.044038851593290246e+03 4.063250795611823563e-01
1.657490338814076949e+03 1.049655419018783277e+03 7.495271603908797431e-01
1.618705117107340357e+03 1.073745239203735537e+03 2.267606643566200564e+00
1.734207973672801472e+03 1.141564764876182835e+03 2.314500440225183642e+00
1.607309039791790610e+03 1.160063530044415529e+03 2.503181843385689387e+00
1.693298084137484238e+03 1.167465915203529448e+03 1.776634150290864911e+00
1.533055892059378721e+03 1.186652463725777125e+03 2.234038536455583035e+00
1.645146028173819332e+03 1.257326264909476322e+03 2.297189798051708642e+00
1.521612092955293974e+03 1.269265124052269357e+03 2.781120671202502947e+00
1.817792932286329005e+03 1.303958717051738859e+03 2.299830865094271815e+00
1.666020015264653466e+03 1.048003461915527623e+03 2.908231500338275488e+00
1.733621629374476925e+03 1.140348662041713396e+03 2.335010741052120142e+00
1.692401617699121971e+03 1.169307106433351919e+03 1.835143857401605461e+00
1.820894230104218423e+03 1.222305788804800386e+03 2.347799466130715551e+00
1.816249572815672309e+03 1.305505717871682918e+03 2.372097544055481677e+00
2.016928320233342902e+02 1.269486572915923261e+03 1.858124430383043979e+00
3.273844034228902729e+02 1.285278479616918275e+03 2.235527266608912988e+00
3.212888103431573654e+02 1.387984849721827914e+03 6.966102888451276565e-01
7.008966742342960288e+01 1.426740928285934615e+03 9.751900144167213735e-01
3.604767096306325129e+02 1.443777247743151975e+03 7.589424557094005541e-01
4.041916347862163548e+02 1.259062125047419613e+03 1.559285206944305280e+00
3.266944345751599030e+02 1.284302457549768405e+03 2.236840322067832343e+00
3.203702977186493968e+02 1.387936440335545285e+03 6.746617242812489312e-01
4.430224102614632784e+02 1.445417747640704420e+03 1.909326806619060513e+00
3.596305645005828637e+02 1.441613965045008854e+03 7.691011288478014629e-01
4.966621920027550914e+02 1.460152658802704764e+03 1.470385565073292655e+00
4.015491250810805468e+02 1.259162896742144767e+03 1.567266230260170090e+00
6.002350965485718461e+02 1.317153938432526729e+03 2.923396667191286991e+00
6.196307428021793839e+02 1.393273197647924462e+03 2.732983368026349336e+00
4.408470390100118266e+02 1.446073765917662513e+03 1.786014343142609428e+00
4.949792551578730126e+02 1.460994985298720621e+03 1.412991087549416047e+00
6.308910485264889303e+02 1.472102479912825629e+03 4.036422480506642735e-02
5.981722567283981107e+02 1.317112903876120754e+03 2.864136992407881444e+00
7.810197573245475269e+02 1.352424813495876606e+03 4.233201816660306371e-01
6.176999927827957890e+02 1.393067129631727767e+03 2.634904346034208533e+00
7.568937034621227440e+02 1.416591093218810784e+03 3.036647694226839861e-02
6.263096316630418414e+02 1.471873725784428643e+03 2.035629810228761424e-02
7.807912386894674910e+02 1.483125426714772630e+03 3.156761394499844053e-01
9.886498205382767992e+02 1.248626593829791773e+03 1.698357153969441313e+00
7.783985746889871962e+02 1.352714472729826866e+03 3.501401288746289198e-01
7.542562816745721648e+02 1.416702137100232676e+03 3.122667476592536850e+00
9.169964020257975790e+02 1.495831783044649228e+03 1.758303088440074546e+00
7.799488444213241110e+02 1.483931055293435293e+03 3.863298992844735325e-01
1.135344106645999318e+03 1.207742503541378028e+03 1.282670267618419402e+00
9.869442434835937092e+02 1.246542627938882333e+03 1.637358535951445759e+00
1.179715826362457619e+03 1.251309396956811497e+03 4.952381816199666886e-01
1.072777288145088733e+03 1.270694303410879456e+03 2.449962285381752647e+00
1.043282829353826628e+03 1.347178234411748008e+03 2.091239287009856174e+00
1.110688623350350326e+03 1.394231535543616246e+03 1.700619892967486280e+00
1.039395226680253245e+03 1.427317004037351126e+03 2.887822151461675535e+00
1.158823683435230578e+03 1.459872987648868957e+03 7.319376716242305125e-01
9.128934894971821450e+02 1.494236658454654844e+03 1.667464835383430488e+00
1.040623674427028618e+03 1.489523227550510910e+03 4.757368225481848900e-01
1.135343053838867718e+03 1.203786553989850745e+03 1.316351086387070435e+00
1.185903955999866866e+03 1.248492302034876502e+03 5.622186936217109521e-01
1.073577913036900327e+03 1.271981068255892296e+03 2.444669957437769714e+00
1.315841277903512037e+03 1.300724811529201133e+03 1.741804918697202220e+00
1.191836297172515970e+03 1.345002251278967151e+03 2.356971363679026599e+00
1.042432126649225211e+03 1.348326238058080207e+03 2.090793135942895731e+00
1.270982353493957135e+03 1.352632212840532247e+03 2.558156997752977446e+00
1.109763931681743770e+03 1.396147269113479297e+03 1.708130671653776522e+00
1.041675733312045168e+03 1.438914675512852682e+03 2.763148601908881119e+00
1.158117540149530441e+03 1.459000704593464661e+03 7.458433185928756703e-01
1.326720941420212966e+03 1.477381974444840353e+03 5.780948694999631376e-01
1.382896714911993058e+03 1.224844162946991219e+03 2.223583951415597504e+00
1.314883204787312479e+03 1.301226916310092747e+03 1.746090114402913285e+00
1.454126760053044563e+03 1.326608168877046865e+03 1.203369176651668315e+00
1.188464079739520230e+03 1.344422362395234131e+03 2.357300157042977240e+00
1.269012823553424141e+03 1.353300709828446088e+03 2.502841335926007105e+00
1.326453809400345790e+03 1.475163089594144367e+03 4.280587014630332643e-01
1.534280162915423261e+03 1.186446068188055051e+03 2.348360929702375532e+00
1.382586606939940793e+03 1.227895332545119345e+03 2.222622737237141433e+00
1.647547243403905213e+03 1.255596294206132143e+03 2.360055415340482021e+00
1.523559724787193772e+03 1.266278592557729326e+03 2.672990239017110969e+00
1.452519526513932988e+03 1.326928967529525153e+03 1.206732138627997442e+00
1.547338201754693728e+03 1.339162738396008308e+03 2.395072225369613561e-01
1.601903139702816134e+03 1.390835906477342405e+03 1.131026988052127313e+00
1.511495283882444710e+03 1.410361482381110136e+03 2.206304138424014294e+00
1.651038456306986291e+03 1.437039779720600336e+03 1.403954134164391965e+00
1.534222128256434416e+03 1.190868016842447787e+03 2.354525723414615967e+00
1.644305366346544361e+03 1.256313102389587129e+03 2.344804285083263107e+00
1.521323536582958241e+03 1.266096889247803801e+03 2.703742921034054447e+00
1.818680374009149773e+03 1.303943463234305455e+03 2.407305740266096006e+00
1.546177015443386836e+03 1.339096641524942697e+03 2.464247313651053151e-01
1.707284392671113665e+03 1.355893187146437413e+03 3.015726687856831401e+00
1.600822068320946528e+03 1.390423950620721371e+03 1.126371802622613938e+00
1.508437997777911960e+03 1.411897922855931938e+03 2.226219315994281800e+00
1.648740723262333631e+03 1.436100112211988517e+03 1.417847104275462344e+00
1.794736237056035179e+03 1.434976143121706173e+03 1.744332753922151591e+00
1.720033507998516598e+03 1.464602341799042051e+03 1.729486312058144293e+00
1.819769535456578978e+03 1.220571584579078262e+03 2.355314108443960386e+00
1.815265244985958589e+03 1.303084634620831594e+03 2.363444974322514547e+00
1.706196304806657508e+03 1.355064735478724060e+03 3.065135402536841802e+00
1.955101730713484812e+03 1.413283497320622473e+03 2.353246683916765836e+00
1.791393377603439149e+03 1.431677916884013257e+03 1.624165335647346220e+00
1.846984407988756629e+03 1.432066478768926117e+03 1.990550556570432672e+00
1.718958323543030019e+03 1.461276870627316839e+03 1.684573739708267626e+00
1.912888891084954139e+03 1.451510608062471874e+03 1.948374504867825152e+00
1.955765174843187197e+03 1.413719000380758871e+03 2.356568699372366016e+00
1.842818031426285643e+03 1.430191475820685355e+03 2.104840430532666673e+00
1.911740158226431049e+03 1.450788681440315031e+03 1.965259132435393630e+00
3.207376979024890034e+02 1.387802477306908486e+03 7.879119453272149798e-01
6.893247252604609798e+01 1.425368718004672701e+03 1.041075818200386083e+00
3.606839457180890349e+02 1.441612225736423625e+03 8.243604887769344636e-01
2.682461491432841854e+02 1.512382747768872832e+03 2.267276174452255155e+00
1.328440776615165646e+02 1.654751623701740982e+03 2.754827874520269226e+00
3.209172672260129389e+02 1.387255307223778573e+03 7.189013713957105312e-01
4.429243314510699747e+02 1.443732545501113691e+03 1.866218823811065297e+00
3.599086441988873730e+02 1.440413680599800500e+03 7.961964442841970024e-01
4.959844001746317872e+02 1.460360252228266290e+03 1.448737675395140645e+00
2.671688539075092876e+02 1.510896248307195719e+03 2.266502638710458761e+00
4.450842187353887311e+02 1.545118154521533597e+03 2.841367772800778901e+00
4.879217718542643070e+02 1.636357603627795470e+03 1.986039793373285400e+00
6.178635231406908588e+02 1.391726724454838859e+03 2.748680669956140576e+00
4.409987217573462885e+02 1.441989244767649325e+03 1.789417060323593489e+00
4.937564711966073219e+02 1.460240446608843286e+03 1.364877805407463951e+00
6.291186086412926670e+02 1.469180260708077640e+03 4.329754704773939450e-02
6.060417119314225829e+02 1.547533313030775389e+03 1.928718044517596208e+00
4.428451709058086863e+02 1.544460014560236914e+03 2.883993026562534201e+00
6.915536630804256220e+02 1.589665279701608597e+03 2.421831928451635640e+00
4.861910305615624566e+02 1.637271648770368529e+03 1.952548100751990479e+00
7.810213663835742182e+02 1.349974030843863602e+03 4.528013604456615493e-01
6.179028502892496135e+02 1.391958315012863068e+03 2.686849569516398084e+00
7.575153797133285707e+02 1.414959504797995351e+03 2.722020880250949557e-02
6.283113354672074138e+02 1.469758572850817927e+03 3.139879816792781497e+00
7.801569050004205792e+02 1.482653814889110890e+03 4.033973755010705764e-01
7.930517070663051982e+02 1.536540796575747208e+03 3.018602671561649409e+00
6.057681745870066834e+02 1.548762552030887264e+03 1.919116466337330795e+00
7.076934428528290937e+02 1.551077685593583510e+03 2.630792143440550568e+00
6.907712359794163604e+02 1.599354669169465296e+03 2.307558272310397562e+00
7.789291263805946528e+02 1.349696892342618639e+03 3.841600045267524188e-01
7.536501285526551328e+02 1.414464102826672388e+03 3.092675531243685771e+00
9.170603324605090165e+02 1.496532374571566152e+03 1.774291037487434997e+00
7.790148362792858734e+02 1.482422046012614146e+03 3.621844283506259754e-01
7.920386579194396290e+02 1.536980629892362231e+03 2.952873723843056464e+00
1.010242277530012416e+03 1.542208435457126143e+03 3.131268064774182514e-01
9.155488605353971252e+02 1.593119152665673482e+03 2.013523980707822292e-01
9.677249412837520595e+02 1.644260572540239991e+03 1.043465731728304258e+00
8.597319887869397235e+02 1.659786894226723234e+03 2.190753174426103289e-01
1.110624743403312095e+03 1.393071318505041063e+03 1.740635542277840564e+00
1.040874908148281520e+03 1.426649352211045880e+03 2.782945770519508866e+00
1.161402812780200520e+03 1.457337188344835340e+03 7.506704142803851676e-01
9.154847060226982194e+02 1.496071648806733265e+03 1.797601913531297502e+00
1.042342750699339376e+03 1.487292123738509645e+03 4.667824080089813532e-01
1.176648637109617994e+03 1.507104815590625549e+03 5.102512612971320527e-01
1.008043044206401873e+03 1.541544082372200137e+03 2.560857173037402457e-01
1.156983737663378406e+03 1.606652988434512508e+03 1.442526740761260529e+00
9.124379903413459942e+02 1.594212417095825231e+03 1.624592181476895714e-01
1.064017320240978506e+03 1.595088315850439130e+03 1.064553223760852374e-01
9.652106477308793728e+02 1.643932077416794073e+03 9.631933508429224577e-01
1.049465570506545646e+03 1.660749177278942170e+03 2.094261081828122428e+00
1.044424869271181251e+03 1.353728584791817184e+03 2.107934658613443979e+00
1.274221006920607351e+03 1.352447771127106307e+03 2.521005709935886241e+00
1.109482491221668170e+03 1.394833191742240615e+03 1.749553291750987505e+00
1.042736916161832369e+03 1.463187305346867561e+03 2.774695959699764902e+00
1.158420764684242386e+03 1.458085208276284220e+03 7.714222590306175631e-01
1.329025345546136577e+03 1.474025194826049301e+03 4.717128670248128541e-01
1.177008082927713303e+03 1.508156714370158170e+03 4.567332891192474875e-01
1.238037642550466444e+03 1.536084337372270966e+03 5.267779176893213622e-01
1.321816629373728119e+03 1.566665563639575566e+03 1.159075727537048073e-01
1.154323668437758897e+03 1.608262724796345765e+03 1.471074984854246148e+00
1.062555621825055368e+03 1.595015484061833376e+03 1.205866092303160830e-01
1.255219344650433641e+03 1.636657167508987186e+03 1.850911488947886596e+00
1.312259510444338048e+03 1.659829736366003317e+03 1.326347597899325104e+00
1.194541225771999734e+03 1.351349334844745727e+03 2.280295954613450249e+00
1.270823666311264333e+03 1.352245814437307672e+03 2.437522323278809022e+00
1.327319878439504919e+03 1.474210879693250263e+03 4.305978070277360903e-01
1.435810211974521508e+03 1.508293325746057917e+03 5.968061804740646403e-01
1.236798149392167034e+03 1.536295778807242641e+03 5.588916151531441168e-01
1.319255933008198326e+03 1.565747231078830509e+03 7.826961542972540875e-02
1.396421761980713200e+03 1.608399855927777480e+03 1.025617684368206550e+00
1.253047776597131815e+03 1.634069531592119347e+03 1.831373666231300934e+00
1.456827382024238432e+03 1.644251540857806503e+03 7.268264656016670822e-01
1.603151817370270919e+03 1.388239468474289652e+03 1.180198493020409689e+00
1.511010371110710366e+03 1.407929229777583942e+03 2.247148542198332599e+00
1.650755994339550625e+03 1.436111836089746475e+03 1.516262286166379036e+00
1.556433440373835538e+03 1.525332268720484308e+03 1.688211608623365834e+00
1.433299894265985131e+03 1.509697232607657952e+03 5.344131358012705890e-01
1.615128569410161163e+03 1.541951030101388824e+03 1.748216886287547345e+00
1.394042373685731263e+03 1.610933026825459592e+03 9.525436863878650184e-01
1.539248742888422839e+03 1.641247394259738030e+03 1.879021898427466697e+00
1.452219582083380601e+03 1.644150846029730019e+03 6.157458790869522192e-01
1.706229585381278866e+03 1.352306118022173450e+03 3.038475251544106470e+00
1.600953874133106410e+03 1.388910635329079241e+03 1.125336704825375511e+00
1.509618124206355333e+03 1.414171043269735037e+03 2.391519253961408076e+00
1.648117406908145540e+03 1.434483648474936217e+03 1.461972675617826622e+00
1.794774539315494621e+03 1.430521820911212217e+03 1.751252886456907909e+00
1.719584677118272111e+03 1.462186555163616504e+03 1.810705080885708806e+00
1.554913938824364777e+03 1.525610320183444401e+03 1.680123207552143949e+00
1.672015173588707057e+03 1.536481683493247147e+03 1.596270270947170999e+00
1.612816742076410719e+03 1.541482882132629584e+03 1.743748220048323416e+00
1.745855555544226718e+03 1.552762918821513949e+03 1.220995606757776963e+00
1.536398832600362311e+03 1.639654230406568786e+03 2.001601133032140378e+00
1.725805517062275385e+03 1.649951542556126469e+03 2.490796648480493314e+00
1.711767230368314586e+03 1.356163737973122352e+03 3.107906210162124871e+00
1.958458907755108612e+03 1.412590799809262535e+03 2.484586730271856503e+00
1.791589358162840426e+03 1.431324163331745694e+03 1.721464310409585252e+00
1.847695385203312981e+03 1.431055815669865297e+03 2.125309528992301189e+00
1.913007628566781023e+03 1.449528495989357680e+03 2.021529423368819245e+00
1.719181873115249573e+03 1.461910815878748281e+03 1.756618803339178081e+00
1.834395361976809454e+03 1.537601409633587764e+03 1.830235378207246910e+00
1.670416306417342639e+03 1.537265455840117738e+03 1.562690463411868569e+00
1.745158117235491318e+03 1.552731466393631308e+03 1.182710337844781634e+00
1.724996801487342964e+03 1.650533365901837669e+03 2.616560480079090922e+00
1.955289980043881769e+03 1.412991697615936801e+03 2.374307480685075689e+00
1.846395292909274758e+03 1.430872043193237005e+03 2.049946289652732734e+00
1.911951166289719822e+03 1.450327581058412989e+03 1.941633084731772207e+00
1.831270242180645255e+03 1.538295075128104827e+03 1.795410656331581922e+00
2.683958211031203973e+02 1.509511886874537822e+03 2.232225121996644912e+00
1.341364388190934847e+02 1.651732288622239366e+03 2.820320718667827631e+00
2.675405094652539333e+02 1.513791952998269608e+03 2.257097869840824167e+00
4.444789849562653217e+02 1.545538255737140616e+03 2.933430379164149837e+00
4.877306842246802034e+02 1.637062822021315696e+03 2.001195235966048536e+00
6.058259184617653546e+02 1.549479120847945978e+03 1.952361535011263305e+00
4.423651471497654484e+02 1.544952228993714243e+03 2.932213791940611713e+00
6.929353280015334349e+02 1.598188621050333040e+03 2.349652163693760176e+00
4.857775134043588423e+02 1.636523114967860693e+03 1.982631065616126786e+00
6.260749239120616494e+02 1.676178884339157321e+03 2.070541532527278239e+00
5.691166693732161548e+02 1.689037044773826665e+03 2.245679185788223453e+00
6.487662354413683943e+02 1.773178270755289759e+03 2.664598248119613433e-01
7.926411761990376590e+02 1.533323600460017587e+03 2.841643929959458248e+00
6.056199855348576193e+02 1.549653540052791641e+03 1.973687553986642307e+00
7.068219239174006816e+02 1.549840816907179033e+03 2.714705554160994350e+00
6.904744190848564358e+02 1.599101158903946271e+03 2.355184465270118377e+00
6.242552877906792901e+02 1.676273989459569066e+03 2.089057934817946105e+00
8.602844035094246919e+02 1.656238352660600640e+03 1.956585558304683170e-01
7.371612732095139791e+02 1.692188323058298465e+03 1.090279950223250971e+00
5.686204514412632989e+02 1.688378170338961581e+03 2.252728029453215708e+00
8.186384614100873023e+02 1.768799387092566576e+03 8.930427223464411091e-01
6.486628933050056958e+02 1.772238934174419228e+03 2.036487766682192890e-01
7.923426315761656724e+02 1.537313823734279140e+03 2.899809193308321653e+00
1.002908950141968262e+03 1.544207406906078631e+03 2.569156023484399087e-01
7.105732615873910163e+02 1.549096576941060675e+03 2.710144220414980154e+00
9.150245455823549037e+02 1.592111539817461562e+03 1.449570643840707440e-01
9.665800548378422263e+02 1.643507082002111247e+03 1.027614915720255873e+00
8.594499990556627154e+02 1.656356345579361459e+03 1.581851430226149102e-01
7.359390916685056254e+02 1.692738266705121305e+03 1.141614373220076528e+00
8.161542706131324394e+02 1.767187995649991990e+03 9.126514310850613043e-01
1.021512401131456727e+03 1.794674862074662542e+03 2.312621403128483966e+00
1.168666189102366161e+03 1.507728610634980441e+03 6.689980938527897436e-01
1.007315840333813640e+03 1.540405448640818122e+03 2.517340369735582284e-01
1.155797872720558871e+03 1.605981121448630120e+03 1.457726396408375757e+00
9.129717716839343211e+02 1.591973300935464522e+03 1.735405266368832966e-01
1.064017803691744120e+03 1.593311088160181043e+03 1.042283749470294257e-01
9.648212968797101894e+02 1.642727781908496809e+03 1.005451971249191168e+00
1.051579662327195820e+03 1.665365600480679177e+03 2.175508448149449769e+00
1.033517315490299552e+03 1.715939965083699462e+03 2.309857987391065404e+00
1.129777945616121315e+03 1.770066108538301933e+03 2.464918629705000530e+00
1.022960435978791338e+03 1.801978442570440620e+03 2.296745419978290403e+00
1.237416110671012120e+03 1.533759487200424473e+03 4.990488548578225769e-01
1.319232980667276934e+03 1.564756826099549244e+03 9.981671699447747237e-02
1.153804342680386299e+03 1.606217620542345685e+03 1.462208005750038620e+00
1.061242431290681225e+03 1.593854167396584216e+03 8.843392474420702642e-02
1.253877439953055728e+03 1.633468731510371072e+03 1.854117259006794916e+00
1.307944228234169032e+03 1.661292069847419498e+03 1.387213183725256593e+00
1.049139994908225844e+03 1.665796982249415578e+03 2.130687945928544380e+00
1.181099635820048661e+03 1.679949727497214099e+03 9.098030220956841996e-01
1.257763466868108935e+03 1.739333954446121652e+03 2.490407185798500400e+00
1.030114436119191396e+03 1.717268275294939031e+03 2.226209830426328917e+00
1.129080800342205066e+03 1.770856200472509045e+03 1.698697832216766512e+00
1.251448540225110946e+03 1.802032664318650859e+03 1.078901493244912718e-01
1.433835220105466078e+03 1.507340512066796691e+03 5.801695136438903555e-01
1.237126145683891991e+03 1.532134204037382460e+03 5.193149420531342209e-01
1.318008983885758880e+03 1.564905033279510917e+03 6.986353045849949539e-02
1.396618743736643864e+03 1.607168365275369979e+03 1.010240287907601120e+00
1.252537348720332830e+03 1.633572541105915661e+03 1.888079259892574191e+00
1.454957519576352297e+03 1.641463566649217228e+03 6.413522182883683032e-01
1.306644026972211350e+03 1.661361784279088170e+03 1.437438857421035499e+00
1.346830029176242306e+03 1.720727576330648162e+03 1.238690803527261464e+00
1.453598677865164063e+03 1.702758183320076114e+03 2.869564774138867458e-01
1.256530300818620844e+03 1.740005731667605914e+03 2.456333408724994172e+00
1.468838569525680668e+03 1.769209247253484818e+03 4.270675837060406432e-01
1.251404796741424207e+03 1.801532073472804086e+03 1.634360382847912241e-01
1.431066666493670937e+03 1.506358133911608093e+03 5.056800402015600993e-01
1.556530265628214465e+03 1.523614593609665008e+03 1.706056982761935625e+00
1.615149434228243081e+03 1.543252207913066513e+03 1.763951199109498047e+00
1.394652341955963493e+03 1.608033507073043666e+03 9.364594725882321447e-01
1.538161603679419386e+03 1.640727289311751520e+03 1.875809320446245154e+00
1.452971193533998530e+03 1.641925505248594845e+03 5.975976095850428216e-01
1.643590723490311575e+03 1.672046228705152544e+03 2.116226132974747820e+00
1.601665637796274723e+03 1.710465610003056781e+03 1.504184927135049810e+00
1.451699674023255056e+03 1.703502871113773608e+03 2.833864544234906968e-01
1.482278618287826930e+03 1.783853308718060816e+03 4.826370869002372110e-01
1.553872915383841473e+03 1.526206655701291083e+03 1.583936211839671371e+00
1.612788595057669454e+03 1.540894772342224996e+03 1.699939936030429033e+00
1.673045520094777430e+03 1.535968520080980625e+03 1.563395183932815291e+00
1.746176610228214940e+03 1.551456576631244161e+03 1.214810141481855510e+00
1.537285780753238441e+03 1.640884654210933377e+03 1.874057047094451312e+00
1.727600133112925505e+03 1.649376427958000477e+03 2.622621389909626455e+00
1.642178046935896873e+03 1.671798177410104245e+03 2.113107668466430944e+00
1.600704792658822726e+03 1.710693620547369619e+03 1.412089310699066402e+00
1.710721088498802601e+03 1.722453563979106320e+03 2.017376969320471503e+00
1.686224020743439723e+03 1.798006946251958425e+03 2.772530722155271743e+00
1.834804006178983855e+03 1.537918394339231327e+03 1.826850870198636345e+00
1.671242063031197404e+03 1.539985837852075065e+03 1.444793539713340458e+00
1.746292246026737303e+03 1.552337083555806657e+03 1.210769425719092629e+00
1.727080598849105172e+03 1.649210911865498701e+03 2.651027767007914981e+00
1.711296301039640866e+03 1.723485245702676366e+03 2.028643786886660028e+00
1.683912991243496435e+03 1.801678822450217012e+03 2.755872612511118813e+00
1.833022702467546878e+03 1.545706288232354609e+03 1.753844481725022053e+00
2.751464193572486465e+02 1.842868633134118909e+03 4.614547215869722052e-01
3.357670855760068207e+02 1.954364260697562713e+03 7.287896891769020113e-01
1.921698539735543250e+02 1.968540355525339692e+03 2.459324941852240598e-01
2.737508817658497264e+02 1.843051888228724920e+03 4.214970698821317030e-01
3.336326440102726565e+02 1.953030371384850696e+03 7.096411151633448267e-01
6.283112931310026852e+02 1.678193880542208490e+03 2.104113763528798309e+00
5.702706788543148377e+02 1.688510890306983356e+03 2.241275659941745602e+00
6.490499424741683470e+02 1.772588911364797923e+03 2.571445117445312900e-01
6.267253368358828993e+02 1.678072370302029867e+03 2.148385014435343354e+00
7.377393860560304120e+02 1.691210686873224631e+03 1.116401375175817501e+00
5.713756550154880642e+02 1.693959938003215257e+03 2.220663337494181100e+00
8.181236255974283722e+02 1.765975720968627911e+03 9.100653653002953591e-01
6.490066536901697418e+02 1.772605170492972775e+03 1.552554685610885998e-01
7.337194155800682438e+02 1.693270182880868106e+03 1.079798176598431692e+00
8.156181594471170229e+02 1.766629047793639529e+03 9.121282471687375271e-01
9.868690314169023168e+02 1.841068520184655426e+03 2.517952210364266197e+00
1.051160049020043971e+03 1.667442996859123923e+03 2.299771500594013585e+00
1.176190016248506026e+03 1.687407609044206311e+03 9.257513881948576939e-01
1.033282901701657011e+03 1.715419648923767454e+03 2.343274665213363139e+00
1.131121630749331416e+03 1.770090940824793051e+03 2.497984635138390974e+00
1.023995984152472147e+03 1.799311803428381609e+03 2.344215808535797585e+00
9.848909488531171519e+02 1.840417328800719133e+03 2.534859207482809573e+00
1.133532736054973611e+03 1.838096488062296430e+03 3.135008396063901692e+00
1.121102132291124690e+03 1.891659666881281282e+03 4.809690477763599037e-01
1.032882591865649601e+03 1.951779701264244522e+03 2.523077490421961055e+00
1.127330211714961251e+03 1.973188210901710136e+03 9.789273998366606611e-01
1.181505987324981106e+03 1.677629549640773803e+03 9.303586397251508711e-01
1.047930059145835685e+03 1.674769955844218430e+03 2.551397772621140980e+00
1.257916700791552103e+03 1.738858743836210579e+03 2.505374644921651850e+00
1.029971769393865088e+03 1.722678106104116523e+03 2.381920572176435602e+00
1.129312306545997899e+03 1.770576947571567871e+03 2.487149227722333045e+00
1.250631640733687846e+03 1.798296985255877644e+03 1.343762234255990173e-01
1.133779962303788352e+03 1.838583808274505145e+03 3.012552464470202640e+00
1.282643801634268129e+03 1.838598270729426304e+03 2.835146797592175694e-01
1.122256218899509122e+03 1.890160053569552019e+03 4.517066562422561438e-01
1.199437696933838197e+03 1.930239551347689030e+03 1.126456871683851224e+00
1.276830529850143648e+03 1.931454013295235200e+03 1.703419863544228141e+00
1.027935770427241323e+03 1.954199877099525111e+03 2.542696760288861491e+00
1.125583689239169416e+03 1.971635843793154891e+03 1.077634503371085684e+00
1.346510986507025564e+03 1.720583911606980791e+03 1.165028133903992069e+00
1.451270265802644417e+03 1.701994446504131702e+03 3.135641427983058005e-01
1.257745776638445705e+03 1.739479056565751762e+03 2.498922481790771588e+00
1.468804061377976041e+03 1.765349040208814586e+03 4.106000741625326911e-01
1.247408151955229187e+03 1.798753386816084230e+03 1.072070681849048995e-01
1.500328762799790411e+03 1.814046883734288485e+03 1.250794519880531475e+00
1.281209123567450888e+03 1.840944576326248580e+03 3.317722474598075455e-01
1.350264790579529972e+03 1.877776998931569324e+03 1.420913373162370208e+00
1.200375956123271635e+03 1.927293656542911776e+03 1.156027703184689059e+00
1.274962581968575250e+03 1.931100788512143026e+03 1.717305540018809973e+00
1.600277951412406992e+03 1.711552584568880548e+03 1.579790858506945783e+00
1.451005292341763152e+03 1.703357135671501283e+03 3.121565081444552248e-01
1.468093008234196077e+03 1.766466235069566665e+03 4.027555651990754049e-01
1.500959946077347468e+03 1.808628859199661974e+03 1.316846011438139508e+00
1.599711513076803612e+03 1.840965948734816720e+03 7.466313100653361179e-01
1.348903690759090296e+03 1.878327945739861207e+03 1.512484224456389637e+00
1.641745927544865708e+03 1.671185306637559961e+03 2.124781737571568740e+00
1.600024034439323032e+03 1.710616509557754171e+03 1.527692856901940788e+00
1.711609501875099568e+03 1.722192105827009755e+03 2.021992270438453421e+00
1.685520691075264722e+03 1.797850859464216001e+03 2.703988779685347676e+00
1.600076701499420324e+03 1.840600785652791728e+03 7.436507477993821169e-01
1.691233261005727172e+03 1.884822904994987312e+03 6.252069306340123367e-01
1.711791373327206202e+03 1.724013046629629343e+03 2.003349141105692954e+00
1.683715689294420827e+03 1.797295732291019476e+03 2.718017056215598526e+00
1.691660421737086381e+03 1.884632947484970600e+03 7.295956156680233340e-01
2.764042270729266875e+02 1.841392682605899608e+03 4.552318319992819107e-01
3.346788968131830302e+02 1.952031126848399254e+03 7.358221053656525124e-01
1.934280094397367407e+02 1.966539703575566818e+03 1.454700312565060105e-01
2.750001673912282740e+02 1.840166523873808501e+03 4.790634430071387118e-01
3.351491903654184057e+02 1.951848907475805390e+03 7.254923405549609239e-01
9.870329250164418227e+02 1.842005302487142217e+03 2.644957435458550332e+00
9.844425799967864350e+02 1.838385313976077441e+03 2.470072835187596016e+00
1.130967206279877928e+03 1.837858133480383003e+03 2.959313312880789137e+00
1.120508099341326897e+03 1.891944463076190004e+03 4.522395759074294697e-01
1.032592852644502500e+03 1.952520511126957445e+03 2.524186258485171308e+00
1.123434005091542986e+03 1.975146696243610677e+03 1.143767762123518272e+00
1.133572722759700127e+03 1.838199263350774117e+03 2.946421026576175883e+00
1.282037476180372778e+03 1.838583437344007052e+03 2.802575777906632370e-01
1.120582067665966633e+03 1.891183935819677117e+03 3.842151594967926909e-01
1.200722587217898763e+03 1.928734844760576379e+03 1.105805636282826576e+00
1.277087366872447546e+03 1.930288792300823843e+03 1.725982054924153353e+00
1.032859329025663556e+03 1.952265866043233927e+03 2.561767701071855363e+00
1.123357486158881102e+03 1.974163914734260288e+03 1.119571027701185661e+00
1.211916877188455373e+03 2.008739720492534161e+03 1.202380911691929288e+00
1.282204509004257943e+03 1.837700121351754433e+03 2.214641095242277924e-01
1.352422409057450523e+03 1.876742750118771937e+03 1.389860602071564033e+00
1.198945558451668148e+03 1.926826367572135950e+03 1.056861052196913064e+00
1.276855030423693279e+03 1.929719765601350446e+03 1.730421539798781883e+00
1.211929927496382106e+03 2.008460288478219354e+03 1.181444827746279458e+00
1.598273195494811489e+03 1.843441830380958436e+03 7.657883237079203820e-01
1.348063024199427900e+03 1.882019260373728912e+03 1.438095735200335623e+00
1.599107659811871144e+03 1.838051871478275643e+03 9.031045715946330876e-01
1.690340551857046648e+03 1.884321032342709259e+03 7.088701152266744243e-01
1.693234810408138401e+03 1.882514364345487593e+03 8.246178388478621057e-01
1.210990804057903006e+03 2.009980828390511761e+03 1.254752982083924939e+00
1.209604878256965549e+03 2.012483899792800457e+03 1.286990591946844509e+00
