9.170277880286059826e+02 1.829278470897715465e+02 2.604637721652250715e+00
9.140731342606250109e+02 1.819101114416835685e+02 2.540519255174223723e+00
1.200023615972093467e+03 2.651954249567804709e+02 3.178166643638848932e-01
1.252932882669578021e+03 3.254756595532641086e+02 3.070495828430181540e+00
1.375583188668026423e+03 1.063507972089684017e+02 3.129393509579370680e-01
1.199510364554740136e+03 2.656965656743622048e+02 1.784036205210601245e-01
1.443686374122976986e+03 2.876413953851797487e+02 1.449798804972093125e+00
1.251581214866965865e+03 3.249008629650900275e+02 2.989410409378806754e+00
1.372441836489717389e+03 1.032556032875104393e+02 1.886585954861866865e-01
1.442818124832140484e+03 2.863570504520688473e+02 1.463105427915804890e+00
1.596861232239496985e+03 2.834433138503202940e+02 6.776836694745720369e-01
1.634120064184436160e+03 3.355328427759975511e+02 8.466506516117487946e-01
1.595014667678694877e+03 2.836498599958767386e+02 7.563210118970163931e-01
1.744688754519980193e+03 3.001427595579937133e+02 2.886104007118498460e-01
1.632819299131657544e+03 3.324747039683975913e+02 8.329431665701446663e-01
1.742985519361577872e+03 3.642453411915945480e+02 2.159552166822157893e-01
1.834282154064232600e+03 2.637790755425427278e+02 2.852877450783960267e+00
1.744404591075428243e+03 3.010373454448910024e+02 3.797164839803273129e-01
1.745522991700598823e+03 3.633346705558232088e+02 2.622299916575244194e-01
1.834358569661164211e+03 2.652849536455091766e+02 2.957322286952736690e+00
2.599893899444608678e+02 4.029670139140860101e+02 7.431789512472824870e-03
2.586380870950762301e+02 4.029826550707211936e+02 7.170707291017999752e-04
1.126082576925641206e+03 4.559523638597075887e+02 1.136861680353243864e+00
1.048201608551478785e+03 5.083487673988076949e+02 1.346634214158255682e+00
1.200859072572621244e+03 2.635285325854588905e+02 1.811061692817097502e-01
1.252406533384288423e+03 3.233873715158772484e+02 2.946407152064951518e+00
1.126605931027242605e+03 4.569188055171125598e+02 1.134980789860836614e+00
1.219067138655193503e+03 4.796746611884644835e+02 4.543829909530892053e-01
1.335363917038249838e+03 5.044050565004688451e+02 1.133160892562241617e+00
1.048062530009403417e+03 5.073201371948871383e+02 1.408612663164704681e+00
1.200941668957377033e+03 2.630521181901883097e+02 1.810371192221037762e-01
1.444096331446488875e+03 2.846504838925618515e+02 1.465865649234107115e+00
1.250524617746713830e+03 3.234046669784408436e+02 2.922616803879434677e+00
1.457275963599018496e+03 3.831668834018202006e+02 1.101191726586317809e+00
1.198316360912104301e+03 4.675218239118011070e+02 1.364172331555270068e+00
1.432922058432752010e+03 4.814209521908182978e+02 6.467043720861049838e-01
1.243549938349794729e+03 4.901119287239899904e+02 5.261052664427202652e-01
1.334237205117123494e+03 5.022918071185270037e+02 1.118672262264257755e+00
1.442231932675540293e+03 2.854416888720012935e+02 1.507737852890150609e+00
1.597418240143283811e+03 2.841446512878046633e+02 6.725019262618626703e-01
1.634245100315492664e+03 3.315085418206653003e+02 8.211776797358750768e-01
1.455928107876504782e+03 3.843283157669185357e+02 1.146014690285764859e+00
1.512882138803829548e+03 3.983570592556651491e+02 6.595737150854600328e-01
1.607520356600698960e+03 4.062479069202756818e+02 4.643760194481770798e-01
1.430774161482250065e+03 4.830107154905155085e+02 6.415701896028254136e-01
1.572304758154041565e+03 4.735369174165869026e+02 7.334788700786304405e-02
1.596804161719035619e+03 5.394189617060158071e+02 2.820836769169902780e+00
1.598446492691788990e+03 2.842603704708476471e+02 7.658095964146169887e-01
1.746240147258795105e+03 3.019727693283341523e+02 2.472198090989018160e-01
1.632692167845956874e+03 3.316715532253988954e+02 9.417540043660396210e-01
1.743838586145688396e+03 3.605450268099255027e+02 1.333199771010989132e-01
1.514714978833146461e+03 3.976573699017061472e+02 7.580045315161126895e-01
1.606716430242603110e+03 4.059133964133011432e+02 6.029362736767512887e-01
1.688224176071460533e+03 4.316008454938518071e+02 5.665006676582631240e-01
1.757067707245219253e+03 4.558880107254618679e+02 3.277235197578859949e-01
1.571499377544585968e+03 4.740546986379388272e+02 6.406841452492517686e-02
1.809857692696686627e+03 5.136229310867016693e+02 1.235424606239545975e+00
1.680328379748799762e+03 5.132558239526033503e+02 2.929364033521530075e+00
1.599693785574143703e+03 5.413745444677547312e+02 2.849017367249468968e+00
1.834378796634926630e+03 2.630851919909932803e+02 2.791024866997161791e+00
1.744360120265306932e+03 3.009771548911239734e+02 3.542513765801930670e-01
1.743615231094113597e+03 3.607881826752338839e+02 2.164758736629982805e-01
1.863443110495475594e+03 3.981220135389041843e+02 2.820869836969948086e+00
1.685693956739652322e+03 4.311528998136611790e+02 6.438936112274565859e-01
1.757460910245886680e+03 4.556039196225744945e+02 4.218750806678892018e-01
1.889523559172989735e+03 4.734411272741845096e+02 2.504214414870360006e+00
1.806029230183689606e+03 5.138965582868016782e+02 1.192993267804611790e+00
1.681684525987898041e+03 5.152706571965425155e+02 2.838965555473645264e+00
1.834634053096661773e+03 2.634113028122520745e+02 2.886063986182284324e+00
1.861984474757685575e+03 3.980416903719079755e+02 2.996905412648482869e+00
1.889700048108984902e+03 4.747227388992841952e+02 2.633062813745693731e+00
2.620842347690470433e+02 4.008028504923272521e+02 2.159771960676759583e-02
7.764881544010268044e+01 6.081741359338558368e+02 1.945936086407432208e+00
2.612944900716142911e+02 4.023931329434356030e+02 7.622419740509595032e-02
4.685057097077594790e+02 6.327131997535482242e+02 1.745642484084302115e+00
4.667333203418221501e+02 6.313507573826595944e+02 1.793870712628505171e+00
8.761936848622151501e+02 5.687805721205845657e+02 1.538137311785907402e+00
9.755857319368801654e+02 5.794650685135304684e+02 1.964917161853358740e+00
9.119745321283899102e+02 6.384181846965277600e+02 1.197278276704961453e+00
1.128017350175857473e+03 4.553801562029191246e+02 1.072550544453592769e+00
1.049073652609640476e+03 5.073903676712411652e+02 1.290986714415618408e+00
1.120808100588123580e+03 5.396237734172201499e+02 1.973487081277587318e-01
8.737269837280482534e+02 5.703215082622053842e+02 1.568916285332799587e+00
9.749012145121216690e+02 5.791254073790220218e+02 1.964014636659173085e+00
1.177569327794989249e+03 5.823549571081301792e+02 9.085577044358202070e-03
1.030279666178085336e+03 6.237993022801286997e+02 1.153254162969087115e+00
9.115518627315498179e+02 6.375627580289254865e+02 1.288427590183998328e+00
1.126822238418870711e+03 4.565226222121784758e+02 1.117312305302062159e+00
1.219193454997259778e+03 4.794502918442256032e+02 4.351664270261711431e-01
1.339189291082997443e+03 5.230171796703393738e+02 1.077585683166307540e+00
1.048545240583267059e+03 5.075162135191096695e+02 1.341786060078065779e+00
1.119566882196975257e+03 5.398918951722403108e+02 2.271673402901606964e-01
1.279193764944572422e+03 5.746379235055981098e+02 2.475466876885779044e+00
1.179711256548620895e+03 5.825235468410846806e+02 5.151431926191889915e-02
1.029041514822663885e+03 6.216370535916535118e+02 1.208969089889980753e+00
1.214520422835908903e+03 6.758632567682507215e+02 9.052774783100545619e-01
1.045750635370530745e+03 7.017031271726734758e+02 1.133215254228492785e+00
1.496465365453410641e+03 3.999445736859365752e+02 1.145113007985865128e+00
1.224630172977227630e+03 4.813510889170845530e+02 7.811249472141862382e-01
1.433950483483858079e+03 4.805714119481491480e+02 6.978987178940928571e-01
1.343991310767353070e+03 5.270423593002196867e+02 3.293690368496846044e-01
1.277277157927975168e+03 5.743843989356810198e+02 2.428341952708321205e+00
1.214713260831272237e+03 6.735832391976350664e+02 9.269214266530894086e-01
1.499184271823602330e+03 6.833535881882393141e+02 5.350021912454349104e-01
1.513326023778270155e+03 3.950881752518042731e+02 7.974275761676525853e-01
1.604409711500434014e+03 4.068918799527356214e+02 6.986114485491188297e-01
1.431243839158964192e+03 4.819339374658317183e+02 7.296380546766459974e-01
1.573292613435888597e+03 4.719837220330081209e+02 1.288910963674599064e-01
1.602373508020745476e+03 5.398669413821507987e+02 7.434130929743940075e-02
1.501636888432568412e+03 5.523866735981637248e+02 2.402735062014551559e+00
1.353124487810192022e+03 5.505683864681516297e+02 1.471890296236456341e-01
1.598539895686145883e+03 5.872245729061417023e+02 2.532333696756933428e+00
1.506380463955493042e+03 6.188687305804892276e+02 2.969043000268992927e+00
1.650418976385783935e+03 6.721748965262963793e+02 2.605411994166663803e+00
1.500818948437357221e+03 6.807672731001312059e+02 3.177087116907886810e-01
1.514704456883491503e+03 3.893105113440277592e+02 7.938408093288994438e-01
1.603877950994446337e+03 4.030949011482696278e+02 5.642176865611348013e-01
1.687742178382495240e+03 4.303406060612888950e+02 5.635733346371952779e-01
1.756389560225539753e+03 4.552451898335208398e+02 3.578395265580423534e-01
1.571634735838510096e+03 4.727897303580718926e+02 8.516924111479345916e-02
1.807173965211583209e+03 5.135016303046587609e+02 1.203310881720373260e+00
1.680309625967061493e+03 5.123456210796125561e+02 3.010328869162739895e+00
1.599602970711154740e+03 5.415279122953689921e+02 3.035928504540244877e+00
1.711728891960216515e+03 5.820135683331025120e+02 7.736618802149509699e-01
1.597313288059728620e+03 5.893674202174534003e+02 2.524821817300262339e+00
1.738817207247255737e+03 6.167378976581891266e+02 3.596432960403976309e-01
1.650957066113313658e+03 6.675464634335447727e+02 2.952039939151487324e+00
1.821047370740671795e+03 6.714958995374532833e+02 3.136678501149680276e+00
1.863759675407412715e+03 3.954947833538215036e+02 2.835159024993405996e+00
1.685779119305707127e+03 4.286828564078051613e+02 6.979039903820744017e-01
1.757266489755004613e+03 4.548782876978400509e+02 3.773070607584565472e-01
1.889359196165552476e+03 4.730715917404708080e+02 2.525305159753813200e+00
1.805606381678229354e+03 5.135429971016579884e+02 1.152463777602725781e+00
1.680872308948192995e+03 5.119734599485175295e+02 3.088097160764989635e+00
1.709975149082335520e+03 5.811057999144965152e+02 7.504782298379237826e-01
1.848073329858387297e+03 6.053338901015719102e+02 2.097355518270781261e+00
1.741050316991323598e+03 6.186619979999885572e+02 4.652510459987826419e-01
1.822386948838522585e+03 6.691872442336905351e+02 4.234381336399974799e-02
1.865217759529121395e+03 3.976986330526983693e+02 3.097433747434396256e+00
1.890236509270801889e+03 4.741886114043012412e+02 2.656130210175004613e+00
1.847040900826528969e+03 6.061663039603454308e+02 2.156777406120752083e+00
1.828595489584091411e+03 6.721672320252540658e+02 3.101131569489685269e+00
7.787918775971542118e+01 6.062699083516828296e+02 1.928211097877606361e+00
3.498803456051416561e+02 7.977501275068700579e+02 2.196841260315257838e+00
2.499058734538672297e+02 7.880144177328888873e+02 2.832150300841059121e+00
4.680083529111260532e+02 6.295276391906820663e+02 1.660579313133416335e+00
2.465023326871395852e+02 7.889396783933817687e+02 2.863077661352654957e+00
3.491063686426718391e+02 7.979706122111645072e+02 2.285992141779403575e+00
4.672410128044164139e+02 6.297299628607919431e+02 1.769829515914397966e+00
7.753593863408796096e+02 8.424267938793550456e+02 1.162660418577143862e+00
8.763612433006346691e+02 5.679091166009766312e+02 1.586059625411798679e+00
9.780800909728209263e+02 5.810987517400964180e+02 2.108874764429109483e+00
9.124994707568100694e+02 6.371000105814906647e+02 1.213978811767753685e+00
9.602016687970776729e+02 7.630520992847048092e+02 1.877696382478228454e+00
7.736003624869744044e+02 8.434273675729873503e+02 1.014648776462967916e+00
8.461059130405617452e+02 8.612314108076850516e+02 7.262319314702089246e-01
8.715451719611489807e+02 5.701712919115018394e+02 1.447290691494024228e+00
9.750714785526538435e+02 5.791172068824740791e+02 1.998329166382649236e+00
1.172138394850956729e+03 5.787851921366806209e+02 3.083717557606051596e+00
1.030041403089464211e+03 6.238533266823774284e+02 1.123493034845842509e+00
9.110820790501159081e+02 6.383079156671942656e+02 1.223605970702888346e+00
1.044199458275398456e+03 7.093818834655729688e+02 1.146708302371893584e+00
9.594909138457119298e+02 7.638721424113186913e+02 1.834537770495317188e+00
1.279996277471757367e+03 5.725209817357282418e+02 2.506339926613197822e+00
1.180310173395005449e+03 5.820378637099922798e+02 7.496033040029907724e-02
1.027466046433400606e+03 6.219869546012938599e+02 1.134370732350741706e+00
1.215065835581370493e+03 6.742931276626819681e+02 8.396187189690675901e-01
1.043133995788069569e+03 7.097471335335106914e+02 1.153292712724780733e+00
1.287908254886766827e+03 7.441713295963691053e+02 1.447782813387157086e+00
1.232215989216698745e+03 7.860634456942675570e+02 1.893566306800099186e+00
1.185280272281225280e+03 8.389932490206349485e+02 1.972110305633640648e+00
1.276961012767546663e+03 5.726158521677070894e+02 2.453433775185389187e+00
1.186438962525760871e+03 5.818445388514998058e+02 2.568518258355154127e-01
1.213599346487372486e+03 6.748509444030419218e+02 8.963634680349142903e-01
1.286479860401878113e+03 7.446466867868156214e+02 1.457184907225165027e+00
1.409310605631015960e+03 7.261002511108511044e+02 1.740152238002500851e-01
1.230929492184672199e+03 7.870565795306881682e+02 1.815910520642725068e+00
1.394923045755418570e+03 7.804430645499612638e+02 3.065267287375281313e+00
1.358333225080682723e+03 8.207995850335355499e+02 2.411821238792598354e+00
1.364433394478700620e+03 5.499911762391550383e+02 4.322701673021352997e-01
1.501460902567270523e+03 5.506263779530231659e+02 2.452220464350142848e+00
1.598959147090437909e+03 5.844083387508291025e+02 2.409717111615099938e+00
1.506958284885285138e+03 6.181951917321360952e+02 3.053007445287243549e+00
1.653476019277251453e+03 6.672547958878481040e+02 2.970008221666670334e+00
1.502353362230383027e+03 6.801067654880205282e+02 3.212664963215289271e-01
1.622997903907212049e+03 7.097144912190908599e+02 2.383981521841722184e+00
1.407563772249229260e+03 7.267508223115753481e+02 2.330647060353513988e-01
1.572609551995484708e+03 7.500888375679295450e+02 1.850940272631081740e+00
1.393271372385497898e+03 7.806201783844953752e+02 3.107454565592402407e+00
1.356741082701052619e+03 8.221341245986996000e+02 2.356045627930062114e+00
1.598328930896251677e+03 5.761676832633989989e+02 2.717373098185572378e+00
1.710056203698309901e+03 5.792742215877286753e+02 7.094901576337595550e-01
1.742846746749217118e+03 6.187001047552580530e+02 4.944416954357149785e-01
1.652379797005793080e+03 6.657031779348386635e+02 2.983467191993332879e+00
1.621685223148336490e+03 7.100339259870389697e+02 2.386152353525943237e+00
1.571677598875927060e+03 7.509637227148136844e+02 1.875843629777953270e+00
1.709814411463766419e+03 5.782196065743548843e+02 7.585741273464804424e-01
1.847948983298668736e+03 6.041561845461025086e+02 2.152298976694178023e+00
1.742128667594350645e+03 6.184236263742429855e+02 4.556571636251398605e-01
1.821834563706389190e+03 6.689348133960515952e+02 4.451183759996658884e-02
1.852419083066401527e+03 7.448683422937419891e+02 1.012792506744628618e+00
1.895003911862566383e+03 7.625155991744384210e+02 1.697465029565865091e+00
1.846754162360009786e+03 6.055052067280200845e+02 2.242709189408180315e+00
1.852193289127603748e+03 7.447142793484389358e+02 1.053960150842940813e+00
1.894958552647320630e+03 7.619579788696064497e+02 1.713793808453012879e+00
2.490123202555461148e+02 7.868009510954240113e+02 2.809164088482532851e+00
3.504150832828102011e+02 7.970513282362663858e+02 2.270989330546764329e+00
2.478993671746065388e+02 7.869201925274854830e+02 2.819966602548201973e+00
3.492023681277795504e+02 7.973325198494543429e+02 2.251929582321938295e+00
7.743315215580181530e+02 8.422676939143774462e+02 1.160229377433919629e+00
8.485201255913291334e+02 8.599384319003210067e+02 8.696942877227059610e-01
9.601369187313744078e+02 7.605257464388373592e+02 1.867615329487888332e+00
7.733068948818859099e+02 8.427657685404517451e+02 1.088704054385682962e+00
8.471755612534099100e+02 8.598149989933439201e+02 7.873280172331255100e-01
9.591556067877338592e+02 7.605800745583735534e+02 1.805562872756823589e+00
1.036402797567143352e+03 7.096780811447806627e+02 9.863033114212785835e-01
1.286627734356351311e+03 7.439755668373654771e+02 1.447848642962610288e+00
1.230802477245462796e+03 7.846423562441751756e+02 1.900600921251473840e+00
1.183630732156934755e+03 8.375967877245099089e+02 1.963255019611098273e+00
1.243631457524587859e+03 9.168403969998748835e+02 1.635596030677727741e+00
1.315001319689891488e+03 9.216495638835231148e+02 1.024047624382505628e+00
1.202902578666094314e+03 9.848739152850312166e+02 2.081063237673013155e+00
1.297095963303761891e+03 1.003032507547177829e+03 3.776872069649877539e-01
1.286261906091080391e+03 7.418264277183811828e+02 1.396147520252806640e+00
1.410466154284473987e+03 7.240439697999084956e+02 1.909003718019932072e-01
1.231002973467214133e+03 7.832692307380477814e+02 1.829887494453309449e+00
1.395434786134646856e+03 7.780892822360207219e+02 3.076879763349069208e+00
1.358220249079644873e+03 8.188406310086302256e+02 2.517195423601284787e+00
1.243097816577182357e+03 9.166497201231222789e+02 1.624643167193344562e+00
1.313789899524543898e+03 9.203080604380966179e+02 1.069420173242394245e+00
1.452656891802487507e+03 9.358257206067573861e+02 2.351785864070918386e+00
1.401597003984727280e+03 9.710757806569770310e+02 2.460928343514028782e+00
1.201307956365296150e+03 9.809820490485230948e+02 2.174807961697204028e+00
1.296911582337461596e+03 1.001997200996283254e+03 4.217997978745960386e-01
1.626654925837802921e+03 7.087265024835004397e+02 2.417752301203045739e+00
1.413405508993012745e+03 7.261182003593917216e+02 3.847331894044560552e-01
1.573082554693359043e+03 7.470270240071878334e+02 1.876457802635860928e+00
1.397794132441274314e+03 7.808959509089968378e+02 3.115903315446212130e+00
1.357218318867031712e+03 8.198189926258161222e+02 2.439574156637166702e+00
1.452810054478267148e+03 9.355473594127579418e+02 2.323364242999120588e+00
1.398833852550542815e+03 9.736082269712624111e+02 2.428271732634720070e+00
1.622112047713236507e+03 7.104606143298655070e+02 2.434642692505747608e+00
1.571134323178095656e+03 7.492078074029487880e+02 1.937483839254329210e+00
1.851016020605592757e+03 7.450261730329258398e+02 1.000762832355875043e+00
1.893624898905316513e+03 7.607678746169634678e+02 1.757194926043179173e+00
1.848549040208959696e+03 7.462042255908546622e+02 1.029566362924648981e+00
1.893025636856363690e+03 7.595337397269599933e+02 1.770953783703401729e+00
2.947982351106030592e+02 1.137348796974264815e+03 1.561778882841951654e+00
4.803515353197437889e+02 1.099713189690176023e+03 2.120535849503524695e+00
2.932926503582203281e+02 1.138298562570159447e+03 1.508309850842341815e+00
4.041311638173706342e+02 1.133181140444466109e+03 3.054037390131474794e+00
4.792311211844175887e+02 1.098772810448926293e+03 2.101258114275155187e+00
4.039180394769941813e+02 1.133680936141974371e+03 3.053871084657366453e+00
9.732722237717823646e+02 1.033571149134419557e+03 1.850217202974957287e+00
9.715994578286713477e+02 1.031827252839418861e+03 1.809019731659179619e+00
1.046642489155942712e+03 1.100772012851618229e+03 1.794327309983864138e+00
1.109191159828903665e+03 1.121367110131862546e+03 1.286427426436319577e+00
1.157040480341967623e+03 1.149798067317610503e+03 1.067493825666639529e+00
1.244131293786088236e+03 9.138275265655311159e+02 1.662749063975684338e+00
1.315260726506804531e+03 9.198226162023636334e+02 1.075159127538372950e+00
1.203219255722413664e+03 9.830670947440637519e+02 2.092801316743833517e+00
1.299207089632454881e+03 9.986989354340080354e+02 3.125613479532152184e-01
1.322346996331315495e+03 1.097484076286812297e+03 2.080586506906105804e+00
1.044844997987243232e+03 1.103389432310641723e+03 1.804549215037002607e+00
1.108064398855805166e+03 1.121976469880705054e+03 1.280593620519768772e+00
1.224136696657120410e+03 1.151477715463078312e+03 1.532977774948261818e+00
1.155178357616759058e+03 1.151110196918187285e+03 1.064250554806955185e+00
1.242792159298836395e+03 9.137605872222502512e+02 1.592510825404410468e+00
1.313926357565243052e+03 9.187564574898499359e+02 1.080395773499073009e+00
1.452022148750474798e+03 9.340079274352447101e+02 2.369110781112757635e+00
1.401024992611156904e+03 9.693099093418529719e+02 2.454189689388390772e+00
1.201908439843570932e+03 9.809388984147710744e+02 1.908185427944343759e+00
1.299004259616350964e+03 9.979403232530505647e+02 4.077599824108357196e-01
1.377720041554654017e+03 1.036620159362197228e+03 6.494096254257997192e-02
1.499369609124368935e+03 1.059488557520764061e+03 2.720493774683999444e+00
1.320930701653056758e+03 1.097405555086181266e+03 1.984733623377544109e+00
1.436182351082829200e+03 1.119092606948453522e+03 2.711488478623441889e+00
1.220638557684814259e+03 1.149740752140716722e+03 1.499908860238969854e+00
1.397958182846504997e+03 1.141279160219290588e+03 2.085326938693438770e+00
1.451403550244611552e+03 9.329288587108330830e+02 2.246365384362079443e+00
1.399429284007330807e+03 9.690965020120938789e+02 2.398531226201450650e+00
1.377753733419536957e+03 1.036482613872121874e+03 1.261363598502894812e-01
1.570685147920864893e+03 1.055881318623498373e+03 2.431302687431282195e+00
1.499574604037324661e+03 1.058517338856662036e+03 2.758227630201922409e+00
1.436985218499971324e+03 1.116430780720983194e+03 2.612819770054118251e+00
1.531766226331504640e+03 1.141335672322632490e+03 2.477777699669617029e+00
1.394428193921954289e+03 1.141470430649847913e+03 2.132471648129484976e+00
1.570994878024368290e+03 1.054944131990894675e+03 2.485714408717190071e+00
1.533052359848691822e+03 1.144169990674188512e+03 2.596182622655319072e+00
2.944323200438373078e+02 1.136402543887302272e+03 1.495017289511306302e+00
2.807301909606164827e+02 1.303621429390724643e+03 2.292794270960583081e+00
4.800176205153495630e+02 1.099710611064522482e+03 2.106961377910302691e+00
2.936085295531505039e+02 1.136598055649593562e+03 1.489217161750058471e+00
4.037248531235352402e+02 1.132254775874739153e+03 3.002034820940125304e+00
4.218835550174583204e+02 1.293816471459245122e+03 4.531916737826495734e-01
2.781309408093774778e+02 1.305791997952191196e+03 2.169555866094057262e+00
4.800866770520106002e+02 1.099359769428144773e+03 2.071582345772507328e+00
4.034035858370650658e+02 1.132155054116270776e+03 2.957747244084932614e+00
5.838922853247755711e+02 1.184199844597637366e+03 1.174300305645750025e-01
6.100761704008004926e+02 1.259461927281789485e+03 1.159298446846224406e+00
4.219840332048140681e+02 1.293883276580333131e+03 4.322053365419199489e-01
5.803373271532271929e+02 1.184533901914756825e+03 1.035990148716225551e-01
8.602915872796420445e+02 1.231720677528652004e+03 1.415739825631031845e+00
6.076461211777221934e+02 1.260426062277898836e+03 1.171394079325224880e+00
9.718253421936219638e+02 1.034092345399903934e+03 1.889395650260951021e+00
1.002974777779843862e+03 1.220022370038677309e+03 2.341843479678758388e+00
8.559273257511790689e+02 1.229293488796297879e+03 1.252936478063438219e+00
8.821913934722974773e+02 1.295872897243928264e+03 1.010550559499357126e+00
1.006458817325829841e+03 1.308688200035983300e+03 2.647062127110426655e+00
9.718549978066066615e+02 1.030423811954194889e+03 1.805246941620582302e+00
1.048021116026249956e+03 1.100539613703287614e+03 1.788899782696544483e+00
1.109826678582411660e+03 1.120259975493779848e+03 1.250192890188182471e+00
1.158089665189365405e+03 1.147680160421131632e+03 1.021152272773740544e+00
1.004802281296168758e+03 1.220129419367829996e+03 2.364878377856415081e+00
1.060649848381406855e+03 1.235577691730147535e+03 1.645796172332526730e+00
1.127216476381028087e+03 1.277904630946091402e+03 1.738036476944833986e+00
8.827006990135541855e+02 1.289706528324821647e+03 8.563084828893517964e-01
1.007987341791476865e+03 1.307947057683797993e+03 2.690845453467567427e+00
1.324547361916356294e+03 1.097241440113083627e+03 2.126533746916465795e+00
1.045219109623243412e+03 1.099686378218294976e+03 1.873901286304208602e+00
1.108506723901656642e+03 1.121042575077066658e+03 1.277488952847257941e+00
1.224038103082852558e+03 1.149368278107349397e+03 1.502136780198323418e+00
1.155239630527256168e+03 1.149354254135110750e+03 1.048068111433321015e+00
1.268537719396590091e+03 1.193449300964996155e+03 1.044976907136996758e+00
1.058776888888357007e+03 1.235419914558403661e+03 1.707745739680163855e+00
1.125866430676055870e+03 1.277673841394673673e+03 1.769223919107451914e+00
1.377221776818071248e+03 1.034035979669355129e+03 5.943109798331159405e-02
1.497142144466669833e+03 1.056592196752418431e+03 2.614847235844451667e+00
1.320557434438165501e+03 1.095865489022404518e+03 2.014039935146182181e+00
1.435083303618241644e+03 1.115044509917190226e+03 2.681465554290373365e+00
1.222153632415699121e+03 1.149297541634469326e+03 1.484933425245728245e+00
1.396886887324397321e+03 1.140942139194031370e+03 2.149595488325017012e+00
1.266339951913241521e+03 1.193820137868396614e+03 1.076761782822927449e+00
1.348948693414160289e+03 1.215634328780006626e+03 1.488293670674161406e+00
1.499628918571471331e+03 1.265250123283549556e+03 2.177728188797416031e+00
1.448307572277714826e+03 1.294081391965128660e+03 2.444107422416489150e+00
1.397219509903445442e+03 1.314728388289121312e+03 2.044922309702960295e+00
1.380107948874067915e+03 1.035429014296995547e+03 2.077970332096977513e-01
1.570137981088634660e+03 1.053845030699039398e+03 2.541845946687736113e+00
1.500710908757752577e+03 1.057507715045303030e+03 2.810369433441857190e+00
1.436078940557039459e+03 1.117143189342782080e+03 2.684433429899451884e+00
1.531229588336270353e+03 1.140398680003690515e+03 2.546581669443068741e+00
1.395938046784794324e+03 1.140236714072501172e+03 2.011494225522192814e+00
1.631669914510213403e+03 1.220326144815918497e+03 2.959202087370822021e+00
1.579633885720897524e+03 1.238559522404950258e+03 1.978888465251501305e+00
1.500812010855443759e+03 1.270054925896689156e+03 2.134499165870657578e+00
1.449646850118081602e+03 1.294640035692331821e+03 2.386729276482232098e+00
1.395422967069541073e+03 1.313798891812735746e+03 1.939274589252941494e+00
1.569949732398008564e+03 1.054418131853522709e+03 2.541994817596237244e+00
1.511376867838943326e+03 1.059296815176178825e+03 1.373005966213433904e-01
1.531078434926847194e+03 1.141262554496344592e+03 2.592629559394919347e+00
1.632082475664832145e+03 1.219372449047507871e+03 2.928006525352750078e+00
1.577554016458579326e+03 1.238893805866293860e+03 2.033505198313318552e+00
1.760780751918929809e+03 1.255398348976580564e+03 2.932682700345718096e+00
1.709894004993598628e+03 1.303548657644798823e+03 1.847456862033220570e+00
1.761460616577425071e+03 1.255160465577284413e+03 2.935692399870114322e+00
1.707274389118889985e+03 1.301088353694721718e+03 1.974795745315224282e+00
2.810284830022259257e+02 1.303324621424438646e+03 2.294787744657543538e+00
2.909426538028990308e+02 1.408319688647161229e+03 1.119691404276270008e+00
2.801400068301526289e+02 1.302806736351169093e+03 2.201872073485210191e+00
4.224390798192798684e+02 1.293100032480862183e+03 4.150808056223828646e-01
5.072188717441963490e+02 1.357102507473239257e+03 5.225362043947389123e-01
2.899309425496552421e+02 1.408167742457158511e+03 1.172150718340321474e+00
6.091229932999580114e+02 1.258997684312764932e+03 1.197337853432083543e+00
4.208402346883233349e+02 1.293371823274396093e+03 4.702771089959740247e-01
5.058996255302802183e+02 1.357439726701546078e+03 5.494269209625437522e-01
5.517177527275650846e+02 1.420194034294059065e+03 2.709507230725754390e+00
6.638383177692029449e+02 1.463085276874389820e+03 1.480312100364119809e-01
8.591516926085203067e+02 1.230373845640593800e+03 1.377375774751295578e+00
6.088678604564261150e+02 1.258130807761503092e+03 1.182218643130901636e+00
5.496377843641872687e+02 1.420785445616630341e+03 2.752597642884014650e+00
8.219387540210930183e+02 1.454574333122254757e+03 2.660946729663921317e+00
6.634056949805470822e+02 1.460229673513753823e+03 1.781428233252201065e-01
1.008310064024831945e+03 1.219310804916834741e+03 2.376441019520634690e+00
8.570838710067525881e+02 1.226720530428638540e+03 1.244970096213624089e+00
8.833356503544368934e+02 1.293866993084953037e+03 1.021783399723651842e+00
1.010541476102667502e+03 1.307360380237937079e+03 2.679879566021384552e+00
9.830464852666746083e+02 1.367828572819329111e+03 2.733351221476071125e+00
8.211537472171752370e+02 1.454580632388553795e+03 2.728293458072436728e+00
9.363184504966748136e+02 1.468944260723362504e+03 1.828958376115913609e+00
1.019530366250934549e+03 1.455801150243591792e+03 9.568635182394743532e-01
7.469782436939974559e+02 1.501165214336903318e+03 1.305851197086845550e-01
1.005059252407348367e+03 1.219153682315142305e+03 2.358327726419561898e+00
1.060397503401431550e+03 1.233826281943454887e+03 1.651803411995065751e+00
1.126702268009176123e+03 1.274828244963906172e+03 1.713740898453745665e+00
8.788701913361228435e+02 1.292478487145489680e+03 9.544036075796398233e-01
1.007878713264095950e+03 1.307169253158736865e+03 2.664528409882215954e+00
9.833035259294654225e+02 1.367553351846816895e+03 2.776071747654357491e+00
1.124604496433613576e+03 1.409062002191469219e+03 1.491951773336191556e+00
1.170985176856608405e+03 1.430574540579336144e+03 8.495885094070299015e-01
1.019021596804491310e+03 1.453525176660904890e+03 8.427759775891163763e-01
9.356313244256443795e+02 1.470840606030746358e+03 1.878127469303018993e+00
1.266573927537253212e+03 1.194064807836225327e+03 1.107982324909104754e+00
1.057658404332840973e+03 1.233994294348787207e+03 1.776807687907596467e+00
1.125982157397966375e+03 1.276098649035216567e+03 1.784205496996190909e+00
1.283163369850980189e+03 1.375752316386357734e+03 1.127523328836241845e+00
1.122994655030453714e+03 1.410696191854906601e+03 1.555056580337192740e+00
1.168634077085262561e+03 1.430101549551249946e+03 7.738790173878056233e-01
1.250798943442743166e+03 1.484714469657906875e+03 3.662000306610636580e-01
1.264706009468322463e+03 1.191880432580406477e+03 1.166240361526291514e+00
1.348929279836278511e+03 1.213746474909032486e+03 1.581622774521874497e+00
1.450094112219757562e+03 1.292909605630345368e+03 2.392047630354960486e+00
1.394943962923709250e+03 1.313276347774120950e+03 2.037579971917240940e+00
1.281628673630664935e+03 1.376166762939755472e+03 1.162415422791422293e+00
1.471433267390838637e+03 1.419882885733376725e+03 2.336212561116123576e-01
1.351916789105193857e+03 1.483079021439472626e+03 9.154192744262725778e-01
1.247991801449860759e+03 1.483152001058643236e+03 4.023092680797344389e-01
1.486918648900421431e+03 1.485468829564681528e+03 5.266261099226435816e-01
1.632043255796978883e+03 1.217062956121517118e+03 2.820301808889021267e+00
1.579059353070974339e+03 1.237497302549112192e+03 2.034460782655646227e+00
1.500572726114269017e+03 1.267365332513326166e+03 2.183376875768612724e+00
1.448363460703604687e+03 1.292620786739851155e+03 2.396167064563064386e+00
1.394402904196705776e+03 1.311745485732171801e+03 1.866422668416515718e+00
1.591185593785926812e+03 1.347451562707956327e+03 2.285265369927288681e+00
1.576917409024889594e+03 1.434923760944648848e+03 2.133246054555899107e+00
1.469940608046825673e+03 1.419739760406432652e+03 3.299335396662954611e-01
1.353404598316270722e+03 1.478453000812683058e+03 8.653029657527265828e-01
1.490540301655526946e+03 1.482998562383527315e+03 4.325853188284681794e-01
1.629750556850540761e+03 1.219104863776461798e+03 3.001427624100635683e+00
1.577799296256927619e+03 1.235927436936212644e+03 1.979892275835046345e+00
1.759237474725888887e+03 1.255777919053913593e+03 2.990773326835187707e+00
1.709983465607379685e+03 1.301451410457797010e+03 1.819426532441734023e+00
1.590613024379201306e+03 1.348263190778126500e+03 2.324737361859984031e+00
1.788110732527410391e+03 1.347705076128704604e+03 2.441452128363918561e+00
1.670500923361736795e+03 1.381041300802188971e+03 2.215986216434729261e+00
1.759778593596595556e+03 1.408977193224410939e+03 1.838450677953294976e+00
1.576170008234546913e+03 1.435137080935205631e+03 2.140605514873837212e+00
1.692122249570982603e+03 1.476063873605949084e+03 2.402662429209438066e+00
1.760100615177367217e+03 1.254462737529374635e+03 2.939298688042998542e+00
1.708411821145498834e+03 1.301877997816194693e+03 1.892264695328955471e+00
1.788024667660787145e+03 1.346155307230686731e+03 2.401781361887321165e+00
1.668356253379875625e+03 1.381779181710399598e+03 2.267626037337109324e+00
1.759016809351680422e+03 1.409594126130484256e+03 1.889000262097296323e+00
1.690425211200708191e+03 1.475946507050217406e+03 2.624987864057884757e+00
1.938411838430504304e+03 1.501369948412305348e+03 2.198402628361036726e+00
1.937008636927822408e+03 1.500539305030659307e+03 2.316952215053040387e+00
2.907463487287972157e+02 1.406220827727096321e+03 1.154923064349004713e+00
3.193663904937959614e+02 1.655432613001791651e+03 1.691007000084338907e+00
5.033885032985090220e+02 1.355951866880127000e+03 5.081673626687189804e-01
2.894871197292648617e+02 1.406808404558842540e+03 1.152354843252532568e+00
4.002547853981903927e+02 1.590558288072113328e+03 5.046507853251627207e-01
5.301465625569098847e+02 1.634480467197332700e+03 2.664756684895052796e+00
3.170557508640432047e+02 1.656291385687955426e+03 1.640794256398128592e+00
5.062543586632916686e+02 1.353141012256621480e+03 5.816212934268257806e-01
5.497578451147433043e+02 1.417798207881453209e+03 2.753797898939267075e+00
6.640327447007884984e+02 1.459759385284648943e+03 1.795295805339099382e-01
6.174040188027252043e+02 1.554743046326323338e+03 2.034710707311552014e+00
5.438865568976282248e+02 1.566669434803253353e+03 2.214455604806009781e+00
6.765987675646613297e+02 1.573950263857265099e+03 1.740206372588891881e+00
3.986510087260052160e+02 1.591362611164851614e+03 5.975453250014812756e-01
5.343628020586430694e+02 1.637417160685059571e+03 2.765087472520113554e+00
6.388631782196698623e+02 1.657490219747617857e+03 2.855552730008096951e+00
5.509154642920375409e+02 1.419222290453785035e+03 2.720137674444278897e+00
8.231399277082523440e+02 1.455008168170179260e+03 2.660012000740370919e+00
6.644154131316456642e+02 1.460308244055110436e+03 2.173829725538648505e-01
7.431432255530125985e+02 1.501297077452477879e+03 2.422354781627268083e-01
6.170961301648770814e+02 1.555565140958525944e+03 1.999228501191945062e+00
8.413158283687314452e+02 1.551315102304634138e+03 2.863103329164427446e+00
6.750245122361621952e+02 1.572765051586935897e+03 1.701390154919542042e+00
7.311079221945644804e+02 1.556460233521926284e+03 2.388758165634120800e+00
8.238676531735856088e+02 1.628888425353516823e+03 2.516936241873645175e-01
6.415761081380406949e+02 1.659883547084083148e+03 2.858872254212506903e+00
9.842320083347290165e+02 1.364367786421055371e+03 2.673775357136428887e+00
8.210147349478529577e+02 1.455237991711737550e+03 2.678819424876909494e+00
9.371021067482454328e+02 1.468646488784741223e+03 1.848225920093668595e+00
1.021237947471168809e+03 1.456428082786371760e+03 9.686251341748748356e-01
7.416298514258506884e+02 1.501927521966325230e+03 1.859989283160279061e-01
1.020130624377939739e+03 1.515823063907675532e+03 1.079058952121244808e+00
8.386709932433693666e+02 1.551299810018201242e+03 2.879093365349920663e+00
9.371595048463334479e+02 1.562673678697665309e+03 2.457104133203404484e+00
7.275127444625707085e+02 1.554874921861709709e+03 2.462300987616708348e+00
8.266778804473295850e+02 1.629132386160729766e+03 8.801045157976443434e-02
9.407801777830079573e+02 1.634646108804126698e+03 2.164149499264516052e+00
9.814783239003397739e+02 1.364711425043923555e+03 2.715879503251841687e+00
1.125709055938672464e+03 1.407500566396534850e+03 1.548881768068662623e+00
1.166825447532317412e+03 1.428257254786720978e+03 6.505023219147135771e-01
1.018804769806026115e+03 1.453435392693418862e+03 8.712734670071320409e-01
9.359424225524142003e+02 1.468328607708916479e+03 1.938437275612246546e+00
1.146912656901814444e+03 1.509528977108253002e+03 9.734002200218293543e-01
1.019757488283893963e+03 1.513137550454020356e+03 1.105348494001073156e+00
9.355559499674884592e+02 1.562956480777144407e+03 2.570521235120919012e+00
1.090203121690504531e+03 1.612581697839708113e+03 9.842257549429365149e-01
1.175749273148946486e+03 1.632411284253205167e+03 2.161672213956346678e+00
9.402756962014696001e+02 1.638825286755192792e+03 2.518454583027579297e+00
1.282946301002989003e+03 1.372500776071786277e+03 1.202214145607835682e+00
1.123568307831592165e+03 1.408179563415611938e+03 1.664507755235656417e+00
1.166897756569566809e+03 1.427975187149782641e+03 7.441022166870618904e-01
1.250359785757965483e+03 1.481753409760336808e+03 3.579672584831499194e-01
1.146390955965894364e+03 1.508249569485471284e+03 9.956255127489441747e-01
1.229940242241378201e+03 1.543100061661074051e+03 3.632864349707689011e-01
1.312298767169153734e+03 1.594999080330847846e+03 1.598835654722234878e+00
1.089992102107825303e+03 1.611288363741799458e+03 1.002918588099403152e+00
1.175714947918537518e+03 1.636087191807068393e+03 2.080075891879896943e+00
1.235526064303889370e+03 1.649327870081598348e+03 1.245854973971282975e+00
1.282248463847149424e+03 1.372115540583138682e+03 1.229474796420078953e+00
1.471969475585399550e+03 1.418398851998900227e+03 1.922909216397245269e-01
1.353212975725517254e+03 1.480283885205000388e+03 9.155593599421992801e-01
1.248442993910544828e+03 1.482658481409110436e+03 3.797223687317942686e-01
1.492915641032512212e+03 1.480203855537008394e+03 2.574238444258958869e-01
1.227979407537825409e+03 1.543887782619637846e+03 3.740336703634054571e-01
1.452439703710783306e+03 1.572153649334794864e+03 1.890978181537475988e+00
1.310025371418788836e+03 1.595045153595476677e+03 1.521495539134799735e+00
1.236223279681402346e+03 1.644764452904957125e+03 1.210605727086328631e+00
1.357974084946081803e+03 1.639610158894769938e+03 8.276686768129541960e-01
1.593659079040926599e+03 1.349657066822310753e+03 2.460203188409200603e+00
1.576133398017866512e+03 1.432751546280687307e+03 2.180032865240900009e+00
1.470141032315892744e+03 1.418341330334861368e+03 2.497967101768902021e-01
1.349938035353591886e+03 1.480207507322868651e+03 8.654159182576416365e-01
1.491166400318718843e+03 1.480229596931560081e+03 3.354156178128994137e-01
1.534692865768899765e+03 1.526049447735281774e+03 1.069096773715692450e+00
1.451046285509077734e+03 1.571437246889918470e+03 1.813590811586380802e+00
1.568740181754091509e+03 1.580457322441988708e+03 9.822138977494562218e-01
1.621474361224102950e+03 1.615593160135191056e+03 1.221508130785900148e+00
1.357776298035186528e+03 1.637040438025568164e+03 7.327281542142674020e-01
1.792364283782322673e+03 1.346654457082256840e+03 2.525487511230782189e+00
1.592378951168532922e+03 1.351506779311886248e+03 2.425298348742289889e+00
1.670852338342963549e+03 1.380574222932563089e+03 2.256445470012995003e+00
1.759678812475141740e+03 1.408395903056718453e+03 1.904731565099923918e+00
1.576001036848445437e+03 1.434524748992082323e+03 2.197427682319041065e+00
1.691809353384742735e+03 1.473172658820326888e+03 2.524431003367674009e+00
1.532719219554030587e+03 1.527112362139464267e+03 1.009410649786816938e+00
1.665287437506060769e+03 1.520458754843908309e+03 2.637821734119739414e+00
1.567292307511445870e+03 1.581065302906518127e+03 9.249660611065664284e-01
1.618996282234743148e+03 1.615749756861144078e+03 1.185825014254668686e+00
1.699702177403680253e+03 1.640691705588936657e+03 1.106711949735605049e+00
1.788666937050454180e+03 1.346485540000120864e+03 2.512793914863832523e+00
1.672623062840388457e+03 1.384654833936281648e+03 2.417721834651928248e+00
1.759088165265710586e+03 1.407374288617481852e+03 1.893933564443751161e+00
1.691918049650918647e+03 1.473385566132800477e+03 2.688764460730761474e+00
1.938943781819863034e+03 1.502719316841840282e+03 2.243873064295640596e+00
1.890393608892136399e+03 1.561347601141858604e+03 2.178172837812788920e+00
1.695083768402414307e+03 1.634342891227948030e+03 9.545142152240703171e-01
1.734062929416998259e+03 1.646790854447326637e+03 1.815025636922196650e+00
1.936926573600643223e+03 1.501561582381157223e+03 2.268734585233574741e+00
1.888708482243072922e+03 1.561492951741678553e+03 2.218759369814133464e+00
3.185266596499777734e+02 1.655293168879854647e+03 1.577389859465998745e+00
1.770630048762961906e+02 1.800049436620471170e+03 2.902102271264721978e+00
4.002251637574102006e+02 1.590104316479483032e+03 5.230360110621178338e-01
5.355271272313946156e+02 1.635850111091107237e+03 2.742360315831298578e+00
3.168150341732253992e+02 1.656513660045755842e+03 1.585384505411888023e+00
5.218977516576592279e+02 1.691634263806790614e+03 2.925505647472834259e+00
6.182957848936006258e+02 1.555737481867686256e+03 2.060950632477992261e+00
5.445126340248780252e+02 1.567173755513886590e+03 2.207747868665359547e+00
6.770567466231998424e+02 1.574203127701672884e+03 1.682947231587557546e+00
3.975096244778819710e+02 1.589832967869680942e+03 5.544230953848444665e-01
5.364386100885438964e+02 1.637231543447016747e+03 2.774282782357741617e+00
6.440832713938433471e+02 1.658170470326176428e+03 2.871459468572513440e+00
5.214921847670166244e+02 1.693587525487378116e+03 2.865453861742353947e+00
6.932779360098945745e+02 1.728512329680507264e+03 7.004094268794814893e-01
6.178154160306949052e+02 1.554856382458139706e+03 2.047024407515595890e+00
7.298129220014792509e+02 1.555265900785377653e+03 2.423339291636104509e+00
8.390535109391922788e+02 1.550128416726985051e+03 2.767660962224971932e+00
6.743114824566075640e+02 1.573149723218117970e+03 1.766669096697628838e+00
8.272263463238577970e+02 1.627560088084643894e+03 9.438255595994535230e-02
6.429894561549145919e+02 1.657868192072494821e+03 2.829600215384822981e+00
8.456442039604035017e+02 1.690380275541289393e+03 8.372732952794026406e-01
6.907498090180774852e+02 1.726484018426419652e+03 7.216491896799925865e-01
8.329510685745957517e+02 1.798246622666986013e+03 2.660969581528975156e-02
1.015121018156722130e+03 1.523688207694576022e+03 1.096794998096881857e+00
8.389839580112447948e+02 1.550273007795402236e+03 2.881173880635568896e+00
9.371965609804992710e+02 1.562296140624343479e+03 2.471506445155541076e+00
7.316187970879533395e+02 1.558145781114855026e+03 2.459816450048283976e+00
8.272176714919661435e+02 1.627780462324932842e+03 8.274728738398505479e-02
9.425140768238518376e+02 1.637584963242466074e+03 2.417977997867470030e+00
8.438676160057320885e+02 1.689364286662176710e+03 8.375485482494872125e-01
9.092207318686337203e+02 1.727315646176876726e+03 1.579743403050871464e+00
1.011826749503490646e+03 1.744854401823621856e+03 2.820521999198674745e+00
8.328156212612915397e+02 1.795821890738202910e+03 1.353491391599082605e-01
1.018506614658589342e+03 1.512778087030217648e+03 1.098746462875453078e+00
1.143514457758505387e+03 1.512267825477072620e+03 9.203376790843157407e-01
9.343496616861095845e+02 1.561278500510547929e+03 2.515989371035465716e+00
1.090177180037298967e+03 1.610680488379955932e+03 9.669668744170788477e-01
1.178586934836148657e+03 1.635709431711467232e+03 2.056627847875677872e+00
9.402780618410995430e+02 1.637243243319239127e+03 2.511075201976534998e+00
1.028225133690605389e+03 1.720715100019626334e+03 2.244161558028361814e+00
1.162188810624470079e+03 1.711242458162072353e+03 2.223183466039031941e+00
9.072736517669336536e+02 1.726008244566317444e+03 1.606926292701357672e+00
1.141644744500385514e+03 1.767059543457014797e+03 2.845972464984628303e+00
1.144852286167511238e+03 1.506714780325865831e+03 1.026662585013955020e+00
1.229357763051056054e+03 1.541720101215080604e+03 4.083316331697640078e-01
1.311659596584977862e+03 1.592531138951062530e+03 1.498710429706408664e+00
1.089303692592641482e+03 1.610649375328917131e+03 1.007934899608859958e+00
1.176052135375881790e+03 1.636360368788715050e+03 2.062241408174223967e+00
1.235308957915633982e+03 1.650641897097492802e+03 1.186018998344489539e+00
1.032338516268297781e+03 1.707864926735569952e+03 2.028160651993574426e+00
1.160944751059558257e+03 1.713123083797883737e+03 2.190405858853694099e+00
1.249601157938140659e+03 1.704166514459114751e+03 1.177523704771634261e+00
1.305424773530439779e+03 1.737079294455497347e+03 2.950605729649751208e+00
1.140548383926163751e+03 1.766160571305649000e+03 2.780421978248825976e+00
1.243186614848443241e+03 1.821465023889174972e+03 5.842328607440612220e-01
1.227385985815790946e+03 1.540654395750440472e+03 3.469084135862957052e-01
1.452468458679895775e+03 1.569873143192150110e+03 1.870532374797259312e+00
1.310216599311059781e+03 1.593467397178878855e+03 1.508151147600087283e+00
1.234178741552939528e+03 1.650825984573050846e+03 1.196774365512512928e+00
1.358925973057590454e+03 1.636686423104035384e+03 7.382691199480623245e-01
1.472151063310710470e+03 1.681766724818194689e+03 1.386859435010638908e+00
1.393071214690846318e+03 1.701657705140608414e+03 1.243598272543198879e+00
1.248187683975103937e+03 1.704962733253404849e+03 1.135308392862520943e+00
1.301720742899593233e+03 1.736405237800309806e+03 5.511656249982961331e-01
1.399378669097250850e+03 1.815833404685422920e+03 2.839471620288417597e+00
1.245532934281732196e+03 1.821152722783021545e+03 7.208523078031813247e-01
1.535333608018300993e+03 1.523636579665172576e+03 1.071574225902101718e+00
1.450764114991302222e+03 1.570256597185612009e+03 1.888255897683321693e+00
1.568655483908586575e+03 1.579270008841017443e+03 9.145244985329622489e-01
1.620247630416207130e+03 1.613694643679510364e+03 1.235507242655850657e+00
1.354006109508202826e+03 1.637842657520981220e+03 6.570230135982095820e-01
1.470574566557342450e+03 1.681469492105744166e+03 1.353200877929020773e+00
1.391171329605959500e+03 1.702373573221146216e+03 1.208416128453117411e+00
1.511593109002771371e+03 1.718187502835600753e+03 1.103482462528704078e+00
1.626502286997106694e+03 1.739792650009075032e+03 1.853597125453559480e+00
1.569124119962628129e+03 1.739934116342176367e+03 1.482558599631139229e+00
1.395900614653914545e+03 1.813375774817431875e+03 2.896217452510315038e+00
1.531284718117186685e+03 1.523986944455618413e+03 9.651600261489984289e-01
1.665350772715358971e+03 1.518439248895704850e+03 2.639122358043261229e+00
1.567319851147327881e+03 1.579083525438578135e+03 9.071421743245358105e-01
1.619108906379251493e+03 1.613983015456809198e+03 1.185689216708084137e+00
1.690061189838122118e+03 1.635182490970255230e+03 1.075468736803452785e+00
1.739600560573738676e+03 1.652046949104987334e+03 1.878114210918074178e+00
1.625186413612753086e+03 1.738575774323691803e+03 1.766581172101783892e+00
1.567815759809092469e+03 1.740178990372448652e+03 1.448403557518620488e+00
1.685954559167798152e+03 1.800103260459121202e+03 1.766698484620005116e+00
1.670051385410404919e+03 1.528034744539844269e+03 2.651582597525429463e+00
1.889673540318346113e+03 1.561454509529920415e+03 2.237795374848972951e+00
1.687479898240670764e+03 1.636786694286083502e+03 1.129407285914537873e+00
1.738980000587479026e+03 1.649847665504478300e+03 1.840284617726094085e+00
1.867147407543040117e+03 1.665399574154288757e+03 1.095311544281230454e+00
1.915659072321331223e+03 1.687959717758082661e+03 1.507770253037411745e+00
1.684815242422499523e+03 1.796772760849672977e+03 1.778244085386035733e+00
1.888633812749258141e+03 1.561653579804788478e+03 2.242893984877105673e+00
1.865329476950286562e+03 1.666558704212328394e+03 1.100810866425367518e+00
1.914020836270202835e+03 1.687760611156021696e+03 1.512135962112824306e+00
1.772172771459656815e+02 1.798327756313612781e+03 2.939662225014112007e+00
5.199025754407857676e+02 1.691282542662738706e+03 2.854628287321069990e+00
5.198922746968918318e+02 1.692147322042200813e+03 2.803110359311299149e+00
6.884703409157004899e+02 1.729103913089459411e+03 7.838290744894462758e-01
6.264357685717372988e+02 1.930146787464087538e+03 2.167152449607047948e-01
8.405260624104255385e+02 1.693817397071475625e+03 8.251031514751551166e-01
6.918428015247500298e+02 1.725772245566040965e+03 7.066285864614918477e-01
8.344057486524463911e+02 1.794373172782767142e+03 5.090960647261074529e-02
8.165740352452831985e+02 1.884872775104487118e+03 1.445149150486350509e+00
6.260018322968016946e+02 1.929652603961587829e+03 1.424658212303937799e-01
8.430310087784846473e+02 1.689327092755407421e+03 8.203586223594029336e-01
9.090068440009301867e+02 1.726561317036582750e+03 1.607256684461026985e+00
1.011555207311123695e+03 1.743626524526119510e+03 2.892490264759098650e+00
8.321405974969006820e+02 1.794087022554916302e+03 5.345286160919716922e-02
1.016472705923728654e+03 1.841131506368493774e+03 2.098373592720607306e+00
9.698470920618919990e+02 1.861665473780255979e+03 2.657493520897094452e+00
8.157359408252788171e+02 1.884853672959088044e+03 1.386729988294991722e+00
9.413594023981918326e+02 1.911219899129297119e+03 2.882476131192159396e+00
1.027947451016742889e+03 1.721464745648621602e+03 2.131969074997430269e+00
1.161534495450533086e+03 1.707897781386873021e+03 2.069825410237342567e+00
9.064251688749579898e+02 1.724479810379532864e+03 1.597245476952504850e+00
1.141136267013594534e+03 1.764639162172424221e+03 2.835107782277251243e+00
1.013898256590902747e+03 1.843474616162520306e+03 1.978500638322356231e+00
1.115656804265259325e+03 1.820410835650979607e+03 2.852397233752329342e+00
9.682729901714469634e+02 1.860625127604733052e+03 2.698347361942435185e+00
1.081218344321037193e+03 1.886352442686554241e+03 1.801292284160913804e+00
9.410812141799663095e+02 1.909942424583745833e+03 2.977798065730358434e+00
1.134207514689911704e+03 1.948700887093665642e+03 1.381518229818440746e+00
1.026034877756559354e+03 1.729821495247718303e+03 8.142075811651853234e-01
1.248377643789269541e+03 1.704694246507919161e+03 1.038696173235468478e+00
1.159377608448706496e+03 1.715388756072667547e+03 2.162561201634497277e+00
1.300666131938239687e+03 1.734986719718310042e+03 5.596575433461368210e-01
1.139126409095213830e+03 1.766126257842291125e+03 2.777176582729858012e+00
1.241263135654587586e+03 1.817312774677929383e+03 6.160992806418549295e-01
1.113742844742629586e+03 1.821347721071075284e+03 2.796286354084266179e+00
1.281295722497328597e+03 1.849338449527483817e+03 1.076970976854085826e+00
1.079719548287561111e+03 1.886951347037667119e+03 1.890259573983747998e+00
1.308658242356251549e+03 1.936712467946264951e+03 9.578117955923525217e-01
1.132020316642983516e+03 1.950411418889002562e+03 1.475013979136740705e+00
1.471916276616864707e+03 1.683634614961165198e+03 1.129251020568731390e+00
1.246965235830896518e+03 1.704106840434551032e+03 1.146971219589485891e+00
1.391721159350258858e+03 1.702100482518616218e+03 1.292151532661373281e+00
1.300542900514909434e+03 1.735501160726622402e+03 5.915463212807153814e-01
1.399493879055002481e+03 1.813701690424185472e+03 2.875374430442182661e+00
1.240874194459305272e+03 1.817758005491305084e+03 5.907837102820362452e-01
1.280167239525914056e+03 1.848794134291849559e+03 1.154787021886381826e+00
1.378221095308512531e+03 1.852814744375478995e+03 3.219950334944234882e-01
1.409675350903086382e+03 1.905163280336038952e+03 5.831492590355433769e-01
1.305869096216631306e+03 1.934921407645890213e+03 1.012383000096599872e+00
1.470562139961358753e+03 1.678914917789741367e+03 1.290199741643853093e+00
1.389373844508024376e+03 1.701215829963318129e+03 1.167257727967820902e+00
1.509861830890914234e+03 1.716738251073155880e+03 1.127987886044212296e+00
1.626218403206481071e+03 1.737442903390715628e+03 1.778305480669132743e+00
1.568835113173528271e+03 1.738816431666409699e+03 1.432964780163918928e+00
1.397377616931202510e+03 1.812347930569631444e+03 2.994700790935747481e+00
1.514576562789865875e+03 1.841311532559445823e+03 1.607501424761356823e+00
1.617452562462515743e+03 1.843481357620930339e+03 2.034679450330433959e+00
1.376297852529505235e+03 1.852025195303073588e+03 4.076258534989808946e-01
1.407866647458963143e+03 1.905346618475587093e+03 5.632975853013544310e-01
1.549545003494212096e+03 1.921552533266453338e+03 1.556964403256390295e+00
1.507541677450937868e+03 1.718122261076957329e+03 1.192469389234147359e+00
1.567872486516642766e+03 1.739615809799207000e+03 1.375388715375725601e+00
1.625479749438846284e+03 1.737423552656050106e+03 1.756022572515081093e+00
1.686378895125308190e+03 1.798432572227377932e+03 1.718646529904192199e+00
1.511741361037622710e+03 1.841317871233669393e+03 1.572221689558721103e+00
1.616826889553702358e+03 1.843124618473772671e+03 2.053640089928043366e+00
1.548901033217830445e+03 1.922293916774413901e+03 1.514339007449022834e+00
1.866326174943361139e+03 1.668099337741367435e+03 1.066958339809031875e+00
1.916645734334366807e+03 1.694856339431812330e+03 1.365645225248269590e+00
1.685037733140698720e+03 1.800995342816067932e+03 1.778396306008247940e+00
1.862830571411893970e+03 1.669755183491241951e+03 1.066313166770498366e+00
1.913889196370872924e+03 1.688411944128704590e+03 1.541945189921108073e+00
6.286322460682744122e+02 1.927692405628640245e+03 2.448430853374280736e-01
8.169469175595033903e+02 1.884288999187936724e+03 1.482172702897045058e+00
6.257881259362784476e+02 1.928561338411007910e+03 1.750616706558397462e-01
9.702519104874234017e+02 1.861183263745769409e+03 2.687526185659172562e+00
8.153914070470355000e+02 1.884168422577087995e+03 1.409809103240951433e+00
9.412951830521328702e+02 1.910832872182097162e+03 2.891955881907415371e+00
1.017807427713590187e+03 1.989805898668783357e+03 3.060239034219014442e+00
9.910757416924361678e+02 1.852115533567056445e+03 2.477997207116684919e+00
1.082157099504984672e+03 1.886048483884765574e+03 1.786023543200728536e+00
9.406144097347660136e+02 1.911047664166656432e+03 2.915612332679184515e+00
1.134890833749233252e+03 1.948402207621531034e+03 1.417872922273728520e+00
1.018798923687789056e+03 1.989542293780619730e+03 3.117272440981884607e+00
1.280218403734602362e+03 1.854840743916673318e+03 1.063143181509607293e+00
1.080758166588163476e+03 1.886625923175978187e+03 1.908052513394824068e+00
1.308100109244190435e+03 1.934046419908804182e+03 9.784894350995061441e-01
1.133742432494470222e+03 1.950081424842968772e+03 1.481294575039773020e+00
1.280744526111353025e+03 1.848333102724521495e+03 1.186723318468817290e+00
1.378528996777479506e+03 1.852462496310198958e+03 3.861503047612532824e-01
1.410580399841153394e+03 1.905345523849458459e+03 6.005502972401748352e-01
1.306567876611351039e+03 1.933890439874088770e+03 1.008490538346208387e+00
1.514587033036047160e+03 1.841487041436258323e+03 1.612153181173949346e+00
1.620062402852733157e+03 1.846848451544613908e+03 2.106304037393957884e+00
1.380120797402939843e+03 1.850507566944419295e+03 1.448301208167365406e+00
1.409615650643529534e+03 1.905302339926805416e+03 5.949137175240055697e-01
1.550181323801970620e+03 1.921645767344416072e+03 1.540163232626731604e+00
1.511036984092776720e+03 1.845123193461582332e+03 1.311664324880776444e+00
1.616850379159582417e+03 1.845658344118792229e+03 2.070526785884331478e+00
1.549347009138924250e+03 1.922171004256168089e+03 1.511287517900162136e+00
1.018281179999137748e+03 1.988279422968393646e+03 8.184839422781299556e-02
