5.064662003433033988e+02 1.304268732325574547e+02 4.699739592480313144e-01
5.090162546628287146e+02 1.292248033977993487e+02 4.767625556367738882e-01
1.068677044970800353e+03 3.514231291059883233e+02 1.068996817120088316e+00
1.070420224121668753e+03 3.475007392735986400e+02 1.114675424989241437e+00
1.395717154028896630e+03 3.124617299955981480e+02 1.754679597143634362e-01
1.568206010430200877e+03 3.144664688130170589e+02 1.007036706066488208e+00
1.393870747754371450e+03 3.121129430018323774e+02 1.150303653833471135e-01
1.610912980927981380e+03 3.622384823474172890e+02 1.010840813464451537e+00
1.800908354474976932e+03 9.747045207518760890e+01 2.811886138331956442e+00
1.784731129388329236e+03 2.615200259756138621e+02 8.879799257587176475e-01
1.566083676446199888e+03 3.150364952391492466e+02 1.005141039138432335e+00
1.788251545378280298e+03 3.272612702741884050e+02 4.334344817347399736e-01
1.609195804543873692e+03 3.630326388462692648e+02 1.060629838700888783e+00
1.801762699892188493e+03 1.001144490786544452e+02 2.892037305041674777e+00
1.784495246203767692e+03 2.632534037779478240e+02 9.002190457041228111e-01
1.787943183482277846e+03 3.258958342970570925e+02 5.270015106418945994e-01
1.943980566258298040e+03 3.651838360839064990e+02 2.657981928081764700e+00
1.671523895258123730e+03 3.791750248691587331e+02 9.194865849388392798e-01
1.946903862349661267e+03 3.673973381336516013e+02 2.745667542346635237e+00
1.068695638681553191e+03 3.494884435329566941e+02 1.044355686471872380e+00
1.068897713137288065e+03 4.324043968683919275e+02 8.417525915507828582e-01
1.151028746982643497e+03 5.170738006080259765e+02 7.712760351627593325e-01
1.066869880406212815e+03 3.508244598006485830e+02 1.088759951780888358e+00
1.337877824056263762e+03 4.156904848269607555e+02 8.744456848139398053e-01
1.066964030611295129e+03 4.334908621424075363e+02 8.609494554060678206e-01
1.240265728788678643e+03 4.591911485279235876e+02 9.919771894266884438e-01
1.326205768807045615e+03 4.866789839929765549e+02 2.956228268694597983e+00
1.148132844508687413e+03 5.162717200106897053e+02 7.493002138116575672e-01
1.241488636594574018e+03 5.337186172894516858e+02 3.883418105387936858e-01
1.394730354054394411e+03 3.112623582569076461e+02 7.262422069818824655e-02
1.411041418339463462e+03 4.166539134543189675e+02 1.260868799168195942e+00
1.335973716339184875e+03 4.144901771920922329e+02 8.983998674102494642e-01
1.239539018476913043e+03 4.600323256679605493e+02 1.016630997619162979e+00
1.445672041354569956e+03 4.542124210732861229e+02 4.005432958467631255e-01
1.331995931763398403e+03 4.875525690868971651e+02 3.073821288466656920e+00
1.441839616388132981e+03 5.262524143084123125e+02 3.813988963141384247e-01
1.242244170438032825e+03 5.300270904630660880e+02 4.815612536732858384e-01
1.568931700327358612e+03 3.147533401113943796e+02 1.008624206936666212e+00
1.393752740640902175e+03 3.115105976041245412e+02 7.793944282414021207e-02
1.609262014500531450e+03 3.600519381055349868e+02 1.048984672776337890e+00
1.511634781111006077e+03 3.996022549186311608e+02 2.639411137673172369e+00
1.409471405932619064e+03 4.167056570699352278e+02 1.239828937487471583e+00
1.445263492452466380e+03 4.548790615448613153e+02 3.764450544962404943e-01
1.564434781657099620e+03 4.664489487621992794e+02 3.108509161624849693e+00
1.645292412936397568e+03 5.134710071417221116e+02 3.050534978710754519e+00
1.439594439379323376e+03 5.263165234026877215e+02 4.020004028052739375e-01
1.785949748738029029e+03 2.625254254917688854e+02 9.219867311921718933e-01
1.566896483402892500e+03 3.152976199305237515e+02 1.029442574122788612e+00
1.789136109908784874e+03 3.232759100730789896e+02 5.365918215365746979e-01
1.607528341848324317e+03 3.605566700890785796e+02 1.077279796991620797e+00
1.661181629048015566e+03 3.841449599362786103e+02 8.134011947941298670e-01
1.507676775297609765e+03 3.991975667285876170e+02 2.599676298441141675e+00
1.710807837021197656e+03 4.187029192165828135e+02 6.426129561550751879e-01
1.821893311038573302e+03 4.367690798821221279e+02 3.119287207465752054e+00
1.561499986097740248e+03 4.664715712985444043e+02 3.101956416007239703e+00
1.734511547595902584e+03 4.763460570724164427e+02 3.141201830988971988e+00
1.648295961348255332e+03 5.125148675384948547e+02 3.079467927190532084e+00
1.816840681443527956e+03 5.144230452147215829e+02 3.580364253531094776e-01
1.785766046612154923e+03 2.626056612974854829e+02 9.415602253522555865e-01
1.788823693954035662e+03 3.239091465027533445e+02 5.234564752040467006e-01
1.946316749736920428e+03 3.658906166117735665e+02 2.586111094162369728e+00
1.838886174769031186e+03 3.947695337378869453e+02 4.338913778384418940e-01
1.710310686176969284e+03 4.182663018298250108e+02 6.477431582399051369e-01
1.822087621993027369e+03 4.386654973841480114e+02 3.028419635616184991e+00
1.964774566070674609e+03 4.704883246579142906e+02 6.916362957008637125e-01
1.733579531702195482e+03 4.766978696931037121e+02 3.138762077251538329e+00
1.829388491074974354e+03 5.122963238483156374e+02 1.605757828475357432e-02
1.946608310958984930e+03 3.657636445280770658e+02 2.643027440347557988e+00
1.838038226222206049e+03 3.934400096588628912e+02 4.887481134028207053e-01
1.964636565655068807e+03 4.687102334198244762e+02 6.977812379298083956e-01
1.831561877724569513e+03 5.141879505811928084e+02 8.375104294601248833e-02
3.903160089927428089e+02 6.159715140573482586e+02 1.181351610688559539e+00
3.920920191949254558e+02 6.124850179533467553e+02 1.241898407310475072e+00
9.236669264960244163e+02 5.605501203936713637e+02 1.664369891519696054e+00
9.843260812970886491e+02 5.645519530999449671e+02 1.322216576435402802e+00
1.067729479194212217e+03 4.333393855428422512e+02 8.448133241252570036e-01
1.149534656672367191e+03 5.155635094338542785e+02 7.337123769900995018e-01
9.221741990652883487e+02 5.609502866689570055e+02 1.725792783193102364e+00
9.828196273227727033e+02 5.657824947532028546e+02 1.382760611466296252e+00
1.128528246409288840e+03 5.965122491694125983e+02 3.981625392727556334e-01
1.334774125097818796e+03 4.153191066746397837e+02 1.037127043754468625e+00
1.065638058363618256e+03 4.309360547743807501e+02 9.637554789119119336e-01
1.240559329743105764e+03 4.598069906447732365e+02 1.055977923282329645e+00
1.332062565392887564e+03 4.859083966081042263e+02 2.951752115761551387e+00
1.148416510247209999e+03 5.159885156458626625e+02 8.293731989678808647e-01
1.241767214011456417e+03 5.303730504847364955e+02 4.638057417377833835e-01
1.337664733056515615e+03 5.800779604463533587e+02 1.938645692263165632e-01
1.128027112085849694e+03 5.963270035748306555e+02 4.662674448174606301e-01
1.193488113834977412e+03 6.377681837688135147e+02 6.393515509058177171e-02
1.411382177036495932e+03 4.171142476190390198e+02 1.333409704629142212e+00
1.336653180374222075e+03 4.142496261770149886e+02 9.279182734334970872e-01
1.240131013996943011e+03 4.604781071208126377e+02 1.055211416795527768e+00
1.446692949784729990e+03 4.533829694484038555e+02 3.600037970943419374e-01
1.332383567382618821e+03 4.863669607141268898e+02 3.018125336181593177e+00
1.443044666361971849e+03 5.235626711516993055e+02 3.108852925994478600e-01
1.240798715096558908e+03 5.299766754594635358e+02 4.694331602978903395e-01
1.336095257408402631e+03 5.792623569891085253e+02 2.552395261087986311e-01
1.193707383308610360e+03 6.381926365966477306e+02 3.314783073316231177e-02
1.407366719173026013e+03 4.131638827709051611e+02 1.238054507965857143e+00
1.510905035448322451e+03 3.972554803984877481e+02 2.624443066850901118e+00
1.445257471838920310e+03 4.543571130710469106e+02 3.985953816669584038e-01
1.564256703109615046e+03 4.647363150688903488e+02 1.329103443941351964e-02
1.649358417282603114e+03 5.099726009910984885e+02 9.154025145353900453e-03
1.440756490320682133e+03 5.239544691947954789e+02 3.697139275111424039e-01
1.521905485744436419e+03 5.492928319736691947e+02 1.536446724525337926e+00
1.571605961030700882e+03 6.110790892697940535e+02 1.740354281201954567e+00
1.635708966034505465e+03 6.175117170314661053e+02 2.197526800135131353e+00
1.510677324759030398e+03 6.730399796128268690e+02 2.751226223985588248e+00
1.652031128975428146e+03 5.676712648473951504e+02 1.041283264370279404e+00
1.513918179128442944e+03 4.006498657931722391e+02 2.595673735508083890e+00
1.710244246877579371e+03 4.173465577186958626e+02 6.829447466472271522e-01
1.562215266226625545e+03 4.650989761746665181e+02 3.118366800479433376e+00
1.736521446444539379e+03 4.749716141578620636e+02 5.360473915389115523e-02
1.647859731819109584e+03 5.117536638699205014e+02 3.135654242832566219e+00
1.519016053274866636e+03 5.504563055369283120e+02 1.517843269263134953e+00
1.753934355505470876e+03 5.585681048459169915e+02 3.090955253659490420e+00
1.656100577549980471e+03 5.710312065685340031e+02 8.013629787146210326e-01
1.570852437565866467e+03 6.112594294820513596e+02 1.741519480098939754e+00
1.749333172781035046e+03 6.177765628539179943e+02 3.067396746145514830e-01
1.632769775747806989e+03 6.189072293433808909e+02 2.254711577189008942e+00
1.511898279720286155e+03 6.727267472855584174e+02 2.603898812198330415e+00
1.751825698846993873e+03 6.648625301225547446e+02 3.994317016507023532e-02
1.838713275544933140e+03 3.946683313084382689e+02 5.564511639597327086e-01
1.709912624703576967e+03 4.150640689202723479e+02 6.346437338429617991e-01
1.822088658011733287e+03 4.375989883819936495e+02 3.009102939967668977e+00
1.966121280751654467e+03 4.669082361485044430e+02 6.545720428908374799e-01
1.734953652353710595e+03 4.760256324989418317e+02 2.231969809237508047e-03
1.828984230277488223e+03 5.108665143171326690e+02 6.866233147208196386e-03
1.753020235096803390e+03 5.574725334401904320e+02 3.029725652572999639e+00
1.857093544941248638e+03 6.084438519154157348e+02 6.415414539245918313e-01
1.747053590851666286e+03 6.174956448919100467e+02 2.923660979826473438e-01
1.942363473445948330e+03 6.586022611232197050e+02 2.004571229289378476e+00
1.747822319737223779e+03 6.668800536003527668e+02 3.117777384435306054e+00
1.829023503562277483e+03 4.437767831330939998e+02 3.021931292267812985e+00
1.964864415287569045e+03 4.680333525604522720e+02 6.593113299773021296e-01
1.829557690724138865e+03 5.113389929811617094e+02 4.246800743406645845e-02
1.857304305023447114e+03 6.082764133396261741e+02 6.070374724866511862e-01
1.942625500833266869e+03 6.588458520368051268e+02 2.108916133672538606e+00
1.842401109881468756e+03 7.008498226458285671e+02 1.910394812123717090e+00
3.904666115170836065e+02 6.143543907862888318e+02 1.175532718141885313e+00
3.888909177453806478e+02 6.128560976715162951e+02 1.158265903052798418e+00
5.958783094642228662e+02 8.348595001109714531e+02 2.782608654848508500e+00
5.932298560466265371e+02 8.342917519342543073e+02 2.805944023082372230e+00
9.234555482294056219e+02 5.621838231802129258e+02 1.664921632733478596e+00
9.804740738413961481e+02 5.686105891061030206e+02 1.326050171470474437e+00
9.197437069716347651e+02 5.621468522626897766e+02 1.647599337945502063e+00
9.806566595347615021e+02 5.637674158372595912e+02 1.335858183414496247e+00
1.126721696983226138e+03 5.961503740621109273e+02 4.675472337255308641e-01
1.164038076560880882e+03 8.355101466862702182e+02 2.485050707390560554e+00
1.333895882900476863e+03 5.781349579073129235e+02 2.653968937400025818e-01
1.127630053514094243e+03 5.953794151293195682e+02 4.507893804020919326e-01
1.193185661016533231e+03 6.369153460027024494e+02 1.168218639126530484e-01
1.281994761251508407e+03 7.312000340046437259e+02 9.109070343657718061e-01
1.198877886217186187e+03 7.391605078892712299e+02 1.704180524845889444e+00
1.270848407271039378e+03 7.734347756565487089e+02 8.036384623404166927e-01
1.284233302639924204e+03 7.950769988228703369e+02 3.701968785221607106e-01
1.168360177328407190e+03 8.369929543181330018e+02 2.429565665432232180e+00
1.276797357975875457e+03 8.497244910481026636e+02 7.420953635824638628e-01
1.336415146742114302e+03 5.779271691020976505e+02 2.943844915504022497e-01
1.191746943670704241e+03 6.357789585255882230e+02 8.568871679542039432e-02
1.281776253013312953e+03 7.297255344200480067e+02 9.184237764630495127e-01
1.196488246142009984e+03 7.394516853759438391e+02 1.678550548686847055e+00
1.284627176196726396e+03 7.921898668178478147e+02 4.007286150298544070e-01
1.270034590080259250e+03 7.708199498144518884e+02 9.023438895187080311e-01
1.430809022327364346e+03 8.318974885812708635e+02 2.664235522491604780e+00
1.277266259650620214e+03 8.464383980263573903e+02 7.953028953075087504e-01
1.520772963378755776e+03 5.480880582666159171e+02 1.463568503556747835e+00
1.570700348779041178e+03 6.104525351607412631e+02 1.728445362251821882e+00
1.636984566701097265e+03 6.188450799346151143e+02 2.155194923011951147e+00
1.510013539348712129e+03 6.605468268528908311e+02 2.777506857080801694e+00
1.502668309803754482e+03 7.217362248412619010e+02 5.495327861188159524e-01
1.608524152283619060e+03 7.424011367387961400e+02 2.924117020094860742e+00
1.577840585942714142e+03 7.734360418986001378e+02 2.150230148341867320e+00
1.427999916048638170e+03 8.343672953050585193e+02 2.744364796116421257e+00
1.754424532633713397e+03 5.540332504511607112e+02 2.990815045733053346e+00
1.511254667907068779e+03 5.508165140811590845e+02 1.200674626769900444e+00
1.655101466103116536e+03 5.686869966050246603e+02 7.383036403006357218e-02
1.570375390469329886e+03 6.100648685454066253e+02 1.712513451562834854e+00
1.747861861567609594e+03 6.153029133039538010e+02 3.246181703485936931e-01
1.632973942911859240e+03 6.192403300716673584e+02 2.285749252764935679e+00
1.507451437409876917e+03 6.920213730412585846e+02 5.868542326136100273e-01
1.751433484332986154e+03 6.630972994458173844e+02 1.191617673749864603e-01
1.663438726418887654e+03 7.046206445829998302e+02 2.567151395981915663e+00
1.771361950827839564e+03 7.379349717619343210e+02 2.701409771384501113e+00
1.591628819921062586e+03 7.573903796038543987e+02 2.365411018102033136e+00
1.761765146022132740e+03 8.136863789380113303e+02 5.273836484073001207e-01
1.756562430759167910e+03 5.534247175633405504e+02 2.347172018854247477e-01
1.669780941589433951e+03 5.713141364312094765e+02 4.425541709473327506e-02
1.857603931180083237e+03 6.071614629774760488e+02 5.975257291076230270e-01
1.747190707209278571e+03 6.153458114745121748e+02 3.159851792101221468e-01
1.942266452518956157e+03 6.586448974611124640e+02 2.088998953670111014e+00
1.750992663213538663e+03 6.641964307276350610e+02 9.492785795390934478e-02
1.843956378644455071e+03 7.067477247223946506e+02 1.703500432796899666e+00
1.771160341438738897e+03 7.383260024678158970e+02 2.722641027229249833e+00
1.759494887685863659e+03 8.119091543834146023e+02 5.900794787260246199e-01
1.805795674513766016e+03 8.395324186427794757e+02 1.336080605418334066e+00
1.857006444611695770e+03 6.054953166104737647e+02 5.576685468943068935e-01
1.941652044132309584e+03 6.579624216241628574e+02 2.150112550982447246e+00
1.843815028231089627e+03 7.062093547567009182e+02 1.752776337656431593e+00
1.123146160887580436e+02 9.023559147748194391e+02 1.910364390311411587e+00
8.135818081468406149e+01 1.008700786757883407e+03 5.355747848153953328e-01
4.213230507588598357e+02 9.645093696856290535e+02 6.209984561930946834e-01
5.956134226373087586e+02 8.327200717281091329e+02 2.693925579744916643e+00
4.221170366520329935e+02 9.638254287425086204e+02 6.586570800817497240e-01
5.929752130970341568e+02 8.326409369374453036e+02 2.832788692874407932e+00
9.825257928052478746e+02 9.124724948362950272e+02 1.857183222346373563e+00
1.169416070449662357e+03 8.346261365033810762e+02 2.589118171602596608e+00
9.812750229426785609e+02 9.128549216831092963e+02 1.797685532575288070e+00
1.112657900459385019e+03 9.882856415475159793e+02 1.428571343638470603e+00
1.058757545098762421e+03 9.933708908540761513e+02 2.035515157941745201e+00
1.281360478667236293e+03 7.324041116114115084e+02 9.841027252333185427e-01
1.198663125454430201e+03 7.353164323714124748e+02 1.675165811444414121e+00
1.278760278573276082e+03 7.805047234814404646e+02 5.044503424922662793e-01
1.167837205663228588e+03 8.348778190730569122e+02 2.516516539116870010e+00
1.278450891730488820e+03 8.462216577577480621e+02 5.918533621783067522e-01
1.289494667049707459e+03 9.468601281923079114e+02 1.968305652966650054e+00
1.110952660637826284e+03 9.896509735929421367e+02 1.424472858314971502e+00
1.055859703725000827e+03 9.938229491520326064e+02 2.069345939959686298e+00
1.282713698797877669e+03 7.260189279686616146e+02 8.560928307561006534e-01
1.196314504112167015e+03 7.394678962572619412e+02 1.534822273800338754e+00
1.499680602352272444e+03 7.225092267021686894e+02 4.802953126464875044e-01
1.278639776240096808e+03 7.824057653505683447e+02 5.384860997003170224e-01
1.431380050482105617e+03 8.312103646982412783e+02 2.804060499190016653e+00
1.277009451031067329e+03 8.468097731460118212e+02 6.760874976970249195e-01
1.363641563210274626e+03 9.042592787140949895e+02 1.720013352032431886e+00
1.458738240917393341e+03 9.218541086329139489e+02 2.823385713002185327e+00
1.288401924854637628e+03 9.475628188394387053e+02 1.903125654513359244e+00
1.424761170253191040e+03 9.561178857547329244e+02 1.813940255677178204e+00
1.504725617890116382e+03 7.201405311904528617e+02 5.577641601548015693e-01
1.611363273176794337e+03 7.416651712755117387e+02 2.989957930576279566e+00
1.578313155614559491e+03 7.718220746852235834e+02 2.165383259469856103e+00
1.430528605403597794e+03 8.315908857700383123e+02 2.771770217713144913e+00
1.360451481479065933e+03 9.061253878125974097e+02 1.662323172146208172e+00
1.457970425344012256e+03 9.211973490294381008e+02 2.731050172056483039e+00
1.423698890011763979e+03 9.573816250150910037e+02 1.816773185353382170e+00
1.770295070671566918e+03 7.364563971277408427e+02 2.739393391531632638e+00
1.607578793410738399e+03 7.421286766836469724e+02 2.901213056772989241e+00
1.576335106379946865e+03 7.738377230674079783e+02 2.141459003404441397e+00
1.757434687016947237e+03 8.126307494974377050e+02 6.404188760854970797e-01
1.807718573177529379e+03 8.397145044500041422e+02 1.291848461458976915e+00
1.669105680744179608e+03 7.109030665910008793e+02 2.656906385272482574e+00
1.843760388627496695e+03 7.066858700318906585e+02 1.796007705214996086e+00
1.769459685799481349e+03 7.369912663740827838e+02 2.765205096282842945e+00
1.757019829350263763e+03 8.123284204216597573e+02 2.972298096969273384e+00
1.806789924913252435e+03 8.385446197082429762e+02 1.298279471840245503e+00
1.105147963699618003e+02 9.002344023489233678e+02 1.901824441099307483e+00
7.266809181367281667e+01 1.010707929853432915e+03 5.318980024308095356e-01
3.699445315353505066e+02 1.152505065563008429e+03 2.696949042146875031e-01
4.222044908197103723e+02 9.626585730799965859e+02 6.325973153163499951e-01
3.721951444815185823e+02 1.150762871298894879e+03 1.546120920751566097e-01
4.214186843575595276e+02 9.627312521518604171e+02 6.468924308527722600e-01
9.813983869447642974e+02 9.138886068479059759e+02 1.881456116703660753e+00
9.481549602962077188e+02 1.054692226804774236e+03 1.461840706709004900e+00
1.014657634921441968e+03 1.066579326377264124e+03 1.628974648944389259e+00
9.657613059394616357e+02 1.168710007675253337e+03 2.789297735530486655e+00
9.820667944602280386e+02 9.126595839465346671e+02 1.884383453721182544e+00
1.113275409542644866e+03 9.874329022371757674e+02 1.451037229600217193e+00
1.058774028335507637e+03 9.920391776616295374e+02 2.070997487794674186e+00
1.176477850183274768e+03 1.043418312650209828e+03 1.606897402595285351e+00
9.487588332827126578e+02 1.054791860157682322e+03 1.418584168927571554e+00
1.013182029583955909e+03 1.064017686057804212e+03 1.561127711489280312e+00
1.048016062098032990e+03 1.111744907683341808e+03 9.534751042243857500e-01
1.114263667138783603e+03 1.134818181252816430e+03 1.085666371032267596e+00
9.673360166733491496e+02 1.172681780430334356e+03 2.772252669714454942e+00
1.289297530921397311e+03 9.460938752826111795e+02 1.997933830265020028e+00
1.111959595747704043e+03 9.881798910844961483e+02 1.463409319577009704e+00
1.057911462875009647e+03 9.924631902402686592e+02 2.069820337384172149e+00
1.173334146262823197e+03 1.043076149562478577e+03 1.560072339126025831e+00
1.247550587349621765e+03 1.049082896521166276e+03 1.693464344750772899e+00
1.293168432361385840e+03 1.105472669659702888e+03 1.026471243158924462e+00
1.046109957698360859e+03 1.112354912085961814e+03 9.569782208211256025e-01
1.113085208506031677e+03 1.133415268440733144e+03 1.050844325993385953e+00
1.363685623267321489e+03 9.030809466269984114e+02 1.727949707757421738e+00
1.459285346836043800e+03 9.207933815338669774e+02 2.893532322049031436e+00
1.288145049829220625e+03 9.459273142318215832e+02 1.929462572561698064e+00
1.424739614479643024e+03 9.545158493410829124e+02 1.835482241841650763e+00
1.245967404618017326e+03 1.050003301697690858e+03 1.624628614421734119e+00
1.378156003850574280e+03 1.038809084659226983e+03 3.037929044543491663e+00
1.290182616914705250e+03 1.106055253061477742e+03 1.018459899659808432e+00
1.466378635522461536e+03 1.117788788135012737e+03 2.673355798826790863e+00
1.413682442638549674e+03 1.125277038723441365e+03 2.541326998185567287e+00
1.340681892162730037e+03 1.146459171751743725e+03 1.650270499863847107e+00
1.360933123334096990e+03 9.042737686329464850e+02 1.621467434879649394e+00
1.458874671092994049e+03 9.196320271454246722e+02 2.719223349638414611e+00
1.423885579768496200e+03 9.543789663428362928e+02 1.750702202013080244e+00
1.377986966299412416e+03 1.038810758378388982e+03 3.053344589875241599e+00
1.576131726365835448e+03 1.077382126503317977e+03 3.053246851794003014e+00
1.472414617123413791e+03 1.116740088279027987e+03 2.385216968731881604e+00
1.411659902006718767e+03 1.124949437802814145e+03 2.389056011994702633e+00
1.574010945537432463e+03 1.077756689499360846e+03 3.057236660043139320e+00
3.738232796627063408e+02 1.150180539257831242e+03 2.029640925082788205e-01
3.018410495641620628e+02 1.203309654654957740e+03 2.352651813325650654e+00
3.708495210416158443e+02 1.149836230313894021e+03 2.483671797153053640e-01
2.993502123357381492e+02 1.202313830200603206e+03 2.321449030698988114e+00
5.730704805933299895e+02 1.196509423660390667e+03 2.592992418146009115e+00
5.550088376374442305e+02 1.337315556302399273e+03 8.820591172422527215e-01
5.711455284586565995e+02 1.196322123232559534e+03 2.619329415399940686e+00
5.628454817336654514e+02 1.329431714659571981e+03 8.530542461452357283e-01
9.486467500646904227e+02 1.055002479806457359e+03 1.500610756421175029e+00
1.016264969272665894e+03 1.071893938422508427e+03 1.740178209376984420e+00
9.697802621474768330e+02 1.170588096842460800e+03 2.702271916791497919e+00
9.302395725427022626e+02 1.224945303028390072e+03 3.456138259769803156e-01
9.485494769489521332e+02 1.053151165819116841e+03 1.504530284766908865e+00
1.174174516805213443e+03 1.047940714164166138e+03 1.807242550000577763e+00
1.013485224194781949e+03 1.064246501531154308e+03 1.629558892702683615e+00
1.048421016234434319e+03 1.110493596307798498e+03 1.053416727308703171e+00
1.114449105957466600e+03 1.132482147213961298e+03 1.130136137863932078e+00
9.694613237104308610e+02 1.170930618473125833e+03 2.704962859673474274e+00
9.308363250472013988e+02 1.224344888490130643e+03 2.740802446667178760e-01
1.079642599220659577e+03 1.269449366847884221e+03 1.103563273562745639e+00
1.133590646097138460e+03 1.332477989478380323e+03 6.235665683196264242e-01
1.173011065989516283e+03 1.040870897764051733e+03 1.667352771685371993e+00
1.247186260233692792e+03 1.047055944135420987e+03 1.806164249020661750e+00
1.292994043803377735e+03 1.103615614992417022e+03 1.071749780161264098e+00
1.044868853949520826e+03 1.109393507463195874e+03 1.002034522185093923e+00
1.113441866296002217e+03 1.132312766232127160e+03 1.108500881409840044e+00
1.079003755781760674e+03 1.269684505937923177e+03 1.089262792287116310e+00
1.289569149440110778e+03 1.279779008247646289e+03 1.084618734498294934e+00
1.211479353451844872e+03 1.316571893379015364e+03 8.960666703087254437e-01
1.131229832363455444e+03 1.331360853801641042e+03 5.653703538011022323e-01
1.320162393093334231e+03 1.340262904481910255e+03 8.998070412300693821e-01
1.378168508522719549e+03 1.035378607229726867e+03 2.977971470768753015e+00
1.245315765479314223e+03 1.046730707137737227e+03 1.669275262679827954e+00
1.290561877117111862e+03 1.104085105651655795e+03 1.067027261589803100e+00
1.472534452616050885e+03 1.115402619272547099e+03 2.521154236451213837e+00
1.411767770018785541e+03 1.122881233645334078e+03 2.467546913267556263e+00
1.340688467300574757e+03 1.143656910530057303e+03 1.688359888658770291e+00
1.473066133920747234e+03 1.241603914773264705e+03 2.824503375602847477e+00
1.287232276286747492e+03 1.277756070300922829e+03 1.017821529803208946e+00
1.430698636299299096e+03 1.265429464505677743e+03 2.123198527380133704e+00
1.210502523067516677e+03 1.315079531900872098e+03 7.638966508262545752e-01
1.390193344907302389e+03 1.320987043195532806e+03 8.697067316393859437e-01
1.313616173937196663e+03 1.339227216153330573e+03 9.360940166950637575e-01
1.379090699197784716e+03 1.037974658082786618e+03 5.724257734207094384e-03
1.575427479558221648e+03 1.076374812480956962e+03 3.052077210729583712e+00
1.471808782725991705e+03 1.115512849576465214e+03 2.386263449608542864e+00
1.410999361533849651e+03 1.123647790521283241e+03 2.373401782028249141e+00
1.522532993626698499e+03 1.201149210955933768e+03 2.824563494762077465e+00
1.476618252559224402e+03 1.241794919855181433e+03 2.661792628024383323e+00
1.429432546802419665e+03 1.264817517770112772e+03 1.872319505760657865e+00
1.617983725028370600e+03 1.287193333380461809e+03 2.578719027950067577e+00
1.389601705581276519e+03 1.315634973558778483e+03 1.571260480235938450e+00
1.574285558956295290e+03 1.075739709531342442e+03 3.102819768669462963e+00
1.520738580043231195e+03 1.201435110236747960e+03 2.902594374766954477e+00
1.704009632102705837e+03 1.278278598475072386e+03 2.282511634384636334e+00
1.618413602870927207e+03 1.287138155044958694e+03 2.608437027637733774e+00
1.701580954672597045e+03 1.277799034467900128e+03 2.445706151390017791e+00
3.030471413104496605e+02 1.201415029965336089e+03 2.371125098072316195e+00
1.316177030888208037e+02 1.369691049114401721e+03 3.005171669874629359e+00
2.988265516555488830e+02 1.201139242353211785e+03 2.362424924964753981e+00
4.323794798426391708e+02 1.345923172237415429e+03 2.705737760500625644e+00
5.707324763498744460e+02 1.193462684511039470e+03 2.587609647484565567e+00
5.531767439366327608e+02 1.335316710167500560e+03 7.708601750554808785e-01
4.314911236068470544e+02 1.344647820692645837e+03 2.706936223965307420e+00
5.864770246802768270e+02 1.400349741673131803e+03 1.450304446524808721e+00
6.450535763087220857e+02 1.441001687813676199e+03 1.534238734245928271e+00
6.887567313935167022e+02 1.489643251231683735e+03 9.623300028678696272e-01
5.715060932002877507e+02 1.195053707824986532e+03 2.538954677849517338e+00
5.509122916886680059e+02 1.335710290388145040e+03 7.740880530313114516e-01
7.833876882098048782e+02 1.364744996453864815e+03 4.146405808646811408e-01
5.859742029437767314e+02 1.399678944327723457e+03 1.543838954312600098e+00
6.442409750842161884e+02 1.438360214120701130e+03 1.568686620515818086e+00
8.192834872459272901e+02 1.418116736124712361e+03 4.370668671716289588e-01
8.510433363377560454e+02 1.463220094462022871e+03 4.868629888893633573e-01
6.830350586501588168e+02 1.489545863833842532e+03 9.902103308714991226e-01
9.332602953597825035e+02 1.222161208624840356e+03 3.574031211732077717e-01
9.796403570053787462e+02 1.381357894775037721e+03 1.921967113924446968e+00
7.805259930240368931e+02 1.365573764316240386e+03 4.804013862011356495e-01
8.150280505678281315e+02 1.418461293353214387e+03 5.886961430580457399e-01
8.576337887504001856e+02 1.461932415722488940e+03 2.963236558655343855e-01
9.296695141343959676e+02 1.220904671508999627e+03 3.124595543947648602e-01
1.079772012270047753e+03 1.267453758135625321e+03 1.175937070122532235e+00
1.134090342006428727e+03 1.328674211344421110e+03 7.133806556327251247e-01
9.791266683998260305e+02 1.382319977970764967e+03 1.950003478109492816e+00
1.066246945729305935e+03 1.425697639705234906e+03 4.285855691754251184e-01
1.167018939115011790e+03 1.486107405018854934e+03 6.796925621603952528e-02
1.079126760926082852e+03 1.266827616970221925e+03 1.204985209682950309e+00
1.289078462266710631e+03 1.275036666503893684e+03 1.150478590376469157e+00
1.211849861055341535e+03 1.314634618610983352e+03 1.054324043268688449e+00
1.133040014683939944e+03 1.328339543888713251e+03 6.941627599190367537e-01
1.316017961868304610e+03 1.335855435108521760e+03 1.046286551651475438e+00
1.204778879003978318e+03 1.388408834261250149e+03 2.175262719253972521e-01
1.064234876404495481e+03 1.425479657186721852e+03 3.915096060673382561e-01
1.319607103568509956e+03 1.443671496769484065e+03 2.254129443290072921e+00
1.171746866918851993e+03 1.483085858072940482e+03 3.847980835711498765e-02
1.478724278893491146e+03 1.240482027212751291e+03 2.636622637525651403e+00
1.287409175241827143e+03 1.276420672033201527e+03 1.038359717892497702e+00
1.430194490111236973e+03 1.263997089285712946e+03 2.127591691341323976e+00
1.209505652011416259e+03 1.315342372311739837e+03 8.834714758969504089e-01
1.389677095113831456e+03 1.319329747440202709e+03 1.659896995358880911e+00
1.314245945536758427e+03 1.336753238373783006e+03 9.603296000082304218e-01
1.482111833900119791e+03 1.400561631372215970e+03 1.881740817521435183e+00
1.201393370405344285e+03 1.388488667096148674e+03 2.021489559917117873e-01
1.420595399800361974e+03 1.402120150619974766e+03 1.391886499002015443e+00
1.319503273670009094e+03 1.446382072741773982e+03 2.334267729650861600e+00
1.521446107824464661e+03 1.198603688913082351e+03 2.854509115387440676e+00
1.476117070324028418e+03 1.240288873530068486e+03 2.739567161739398404e+00
1.429313046169192376e+03 1.263280371541068689e+03 1.871182318420271162e+00
1.618503087654711408e+03 1.286491445144589989e+03 2.641465927782381318e+00
1.389091128573598780e+03 1.318380440591478873e+03 1.557105500294973188e+00
1.628962196337320620e+03 1.384957981373710936e+03 2.247267632552819361e+00
1.479660643531606638e+03 1.399381815379397722e+03 1.733891041263635024e+00
1.554724444394456668e+03 1.389687485261883239e+03 2.665894260250042613e+00
1.419680207083250934e+03 1.401574283801090360e+03 1.291514347583798461e+00
1.524998525265946228e+03 1.201486288925083954e+03 2.940307136168312852e+00
1.702140793559163740e+03 1.275813883416555655e+03 2.330631042887777227e+00
1.616407736191085178e+03 1.284997537847155400e+03 2.683757367945337258e+00
1.706618845463000071e+03 1.370768624089771265e+03 2.750036711409629131e+00
1.627789923624115772e+03 1.382727512187256707e+03 2.191899193632842469e+00
1.552924285686352505e+03 1.388438306944415672e+03 2.701810922586484143e+00
1.748431447826984595e+03 1.477100858945807659e+03 1.858407731639202254e+00
1.821663837349595951e+03 1.492726147965381870e+03 2.407833691370322882e+00
1.701490574162518669e+03 1.275694392062292991e+03 2.354982388144762684e+00
1.706083742956335755e+03 1.370514551645906749e+03 2.736284108353735256e+00
1.849522951977070989e+03 1.445455614028408945e+03 2.891482269619678469e+00
1.746593077948678456e+03 1.478376197330992227e+03 1.888137200050976405e+00
1.826217544183211658e+03 1.501666532843781397e+03 2.422445940694387456e+00
1.849623321656779353e+03 1.448368725409648732e+03 2.901421471463884849e+00
1.322824769382480099e+02 1.366974226670962480e+03 2.998188195244189114e+00
3.530198387100998616e+02 1.592628316157784184e+03 1.394294057955453914e+00
2.889524009176665231e+02 1.645743875283214265e+03 1.581549773583258878e+00
4.659970176063461622e+02 1.510230883641761238e+03 1.585192540355480961e+00
5.287914368444022557e+02 1.563792591204540031e+03 1.971461616717839815e+00
3.499187146529197889e+02 1.593249377390612381e+03 1.276377450219844167e+00
2.864715303052067270e+02 1.645842976858108614e+03 1.606922264779908849e+00
4.334502627882187653e+02 1.346156401426168486e+03 2.801643773076285537e+00
5.863697661066350975e+02 1.400247034366437902e+03 1.433665061471828039e+00
6.444291171228455823e+02 1.439580934926393184e+03 1.490631796932274211e+00
6.837091979684987564e+02 1.489781606411407438e+03 9.330534387638895755e-01
4.653992285276328857e+02 1.511515240253687807e+03 1.554619725776324790e+00
5.273547326192824585e+02 1.564304187849712207e+03 1.953260813910876914e+00
6.077459223836772253e+02 1.563037787848676999e+03 2.504690389194856870e+00
7.019012823218577068e+02 1.574834587918709985e+03 1.395290670009198930e+00
6.046107642603185468e+02 1.633805457947298692e+03 2.630484564135498360e+00
7.841022686621543016e+02 1.364649199537495633e+03 4.407027372109582619e-01
5.853135952327133964e+02 1.396915358105057294e+03 1.558407556903953939e+00
6.429065251927166855e+02 1.438243754932186448e+03 1.558083545062657560e+00
8.176088096477967611e+02 1.415074177455013796e+03 4.832898526933308569e-01
8.553083888218436641e+02 1.459706657632492806e+03 2.670859780956696405e-01
6.823945106349312937e+02 1.489001712175667308e+03 9.995329489210358354e-01
8.139981404922619959e+02 1.518647506519596391e+03 2.905647760969276572e+00
6.047852112876215642e+02 1.562534584316922519e+03 2.403443741821480906e+00
6.996041262810449552e+02 1.572518393118687300e+03 1.480123712979424022e+00
7.900204558923066998e+02 1.565759236527139592e+03 2.843814176864330356e+00
5.993621239221650967e+02 1.633474439928354286e+03 2.473449887529990843e+00
7.881551700115517178e+02 1.637821244282497446e+03 2.951592187429203484e+00
7.817469414200136271e+02 1.362601080312499334e+03 5.242011757070715872e-01
9.822887699846351097e+02 1.381884608163926032e+03 1.835720451651819296e+00
8.164194221368607032e+02 1.416005442141759431e+03 6.153709175759982664e-01
8.583044722813991712e+02 1.460358491777031304e+03 3.558801193857052403e-01
8.136185449157277390e+02 1.518862081182937800e+03 2.871369711468828800e+00
9.669320604482693398e+02 1.530865552056678098e+03 3.093457503046593171e+00
7.884494298778831762e+02 1.565648166117090796e+03 2.808060528840922387e+00
9.238940918351916025e+02 1.583133759549703655e+03 2.738406677921395804e+00
7.890325356687612839e+02 1.638314336385735714e+03 2.936613552323577014e+00
9.784270941164327269e+02 1.379294457097550776e+03 1.886617342794653762e+00
1.066350492233548721e+03 1.424526194326460200e+03 4.889753008216451979e-01
1.172225799388774249e+03 1.480864724542801923e+03 1.641381685335451812e-01
9.642722156492436625e+02 1.530811526695631983e+03 3.080252514177786338e+00
1.087781518001692348e+03 1.552217932905091857e+03 1.218359487202989699e+00
9.214558512817300198e+02 1.583096750719882721e+03 2.761547495392811413e+00
1.138139935587740183e+03 1.620115684228073633e+03 2.010517870125355877e+00
1.204180059849548115e+03 1.386523340870394577e+03 2.216560122755997786e-01
1.063115484366770488e+03 1.424002415685326014e+03 3.766038677447405281e-01
1.322956825155849856e+03 1.445556338060807093e+03 2.348813542854596648e+00
1.171743600711262843e+03 1.480770903391774709e+03 5.618341558184435786e-02
1.087090098374098488e+03 1.552722402267292637e+03 1.249637895055038195e+00
1.271741698658216592e+03 1.550103089014088710e+03 9.526876002601950555e-01
1.191302278027201737e+03 1.568554930361030756e+03 1.585197477425534185e+00
1.327529281622809322e+03 1.586626602010958777e+03 7.593924576953364758e-01
1.137236172735672199e+03 1.623026507601677167e+03 2.076075506708912055e+00
1.209971953390702311e+03 1.655778157714274357e+03 9.875968350285699859e-01
1.481481126503506857e+03 1.401879147487198452e+03 1.893484937205839325e+00
1.204066677292095619e+03 1.385310448529171936e+03 2.577733801385000412e-01
1.420265515049440864e+03 1.400281571857743756e+03 1.412326377886738094e+00
1.319499609077234027e+03 1.445954430305175947e+03 2.320754019253557843e+00
1.465670287641545428e+03 1.500836321776621844e+03 1.064418308538743474e-01
1.269944768006496815e+03 1.550996899662349279e+03 9.321404712654417501e-01
1.188519531763196255e+03 1.568700753366687422e+03 1.579779829097222921e+00
1.465241800353687267e+03 1.558146329891865662e+03 2.884601356879806566e+00
1.325479458469616475e+03 1.585067746948095419e+03 7.300916451919862160e-01
1.368522289156038369e+03 1.627671676317653237e+03 8.826681868437058487e-01
1.447874468830641490e+03 1.637799583689410611e+03 7.656465757148672724e-01
1.211870995197027014e+03 1.649499349328182234e+03 9.792809272907834206e-01
1.629961799714504423e+03 1.381914452849162444e+03 2.273354119631356696e+00
1.479447399566780859e+03 1.396773136550681102e+03 1.792503499513195209e+00
1.420080602758386476e+03 1.398907626208875854e+03 1.355754282365309038e+00
1.554864387966273171e+03 1.388491367472980073e+03 2.675657676734144452e+00
1.621334425472145085e+03 1.517389129747836250e+03 2.211213707901100278e+00
1.464256500604658413e+03 1.500526109892329032e+03 1.744766782197696153e-01
1.569143308550814027e+03 1.550977324867890957e+03 1.524518091893390048e+00
1.463687094001371406e+03 1.558515210648404491e+03 2.964820655463703769e+00
1.369541694607372619e+03 1.625821138065842433e+03 8.301077002426971996e-01
1.598281818508438391e+03 1.644162556322227147e+03 1.443304530441458011e+00
1.445868664002331343e+03 1.636382083211430199e+03 7.682658037801348705e-01
1.706999302619446325e+03 1.370829475968207817e+03 2.776623631064604858e+00
1.626470952829918133e+03 1.382433979388320267e+03 2.300313618380311897e+00
1.553456084799660175e+03 1.388482539641830726e+03 2.780380428137320781e+00
1.748707369838070463e+03 1.476314609063097578e+03 1.943633641583782934e+00
1.619128523457083929e+03 1.517683621971039429e+03 2.213269271211107725e+00
1.689253153102482656e+03 1.516893761623844739e+03 2.025189094354518993e+00
1.567433074286668216e+03 1.550917992043806635e+03 1.443365882545621259e+00
1.818619189062241503e+03 1.575905644121516616e+03 2.288467579578214561e+00
1.594613022061692618e+03 1.644871085971420143e+03 1.349012039616154457e+00
1.511154459931670317e+03 1.655852530005048038e+03 7.755996998405529919e-01
1.706676658305147384e+03 1.370816772253073168e+03 2.752283590562142113e+00
1.849295106830989198e+03 1.445354100493110309e+03 2.909834199248944042e+00
1.747912517990401966e+03 1.476726976947283447e+03 1.908860040220219378e+00
1.826511727591202089e+03 1.500278002046639358e+03 2.507488353373124035e+00
1.687907051288198545e+03 1.517593544283722849e+03 2.006647980292241229e+00
1.817120848448431843e+03 1.578554282499558667e+03 2.292701364572640621e+00
1.671659982619203902e+03 1.653579988327806859e+03 1.353226993566406078e+00
1.849408109711098859e+03 1.447379326210445697e+03 2.931113060225568834e+00
3.526214421176032374e+02 1.590562688642933153e+03 1.319143967796638783e+00
2.887958529389339901e+02 1.644945734524417048e+03 1.587643418334272027e+00
9.572258218332049751e+01 1.702177094182189421e+03 2.163372285535751782e+00
4.652564167275920681e+02 1.513026948805322263e+03 1.618542085285119336e+00
5.298250519968740946e+02 1.567715428105545243e+03 2.066202482661105400e+00
3.499475441079751477e+02 1.593532238853727677e+03 1.308069963975343253e+00
2.869703965141642357e+02 1.646178513074720740e+03 1.608374731554174986e+00
4.636625925539061654e+02 1.512064895374277057e+03 1.506812629627440447e+00
5.266259841683427112e+02 1.563827308587804055e+03 1.872407522625818554e+00
6.068669846712239178e+02 1.562256742630228018e+03 2.430779884536395485e+00
7.004393120292231742e+02 1.575384096063325842e+03 1.453249806478597472e+00
6.034013145391720627e+02 1.633918021500196573e+03 2.531624552767692382e+00
6.667976035962753940e+02 1.727141234431558360e+03 6.667800626474726378e-02
8.148220108919053928e+02 1.516271834339745283e+03 2.872941348477006329e+00
6.055521908182038260e+02 1.561200270005195534e+03 2.331116596507920136e+00
6.996480814916925510e+02 1.572297299965865022e+03 1.486364620408752835e+00
7.902032285138099041e+02 1.563954210109035557e+03 2.828840818150031744e+00
6.025877022721663252e+02 1.630550335521829766e+03 2.399189839057615625e+00
7.898506705689511591e+02 1.635223471250107877e+03 2.967250179729082227e+00
7.260170760477494696e+02 1.672146315016044809e+03 1.867483660568338699e-01
8.219480329256077766e+02 1.703478662045037709e+03 2.605098553786848736e-01
6.661633554868715237e+02 1.726000191274855752e+03 1.375441873802898778e-02
7.950403736825718397e+02 1.803885846966014014e+03 2.497336869825679262e+00
8.117269931896261141e+02 1.518011019766493519e+03 2.905302384038777053e+00
9.656783878041978824e+02 1.528469210034554635e+03 3.087505010502038072e+00
7.882454191480703685e+02 1.564517167330881421e+03 2.823765928324471819e+00
9.235171869438393060e+02 1.581677911903626864e+03 2.763195072676585706e+00
7.884145640003011977e+02 1.635997996855257952e+03 2.995963397809495277e+00
9.068744056125754014e+02 1.664701865239930157e+03 2.590806572095301075e+00
7.256266811907585179e+02 1.672085939540959544e+03 2.394789665501858011e-01
8.221924123656747270e+02 1.703277884530093843e+03 3.034411886883215947e-01
8.822034579556479912e+02 1.771701361166580227e+03 1.382363883212906375e+00
9.621632895860377630e+02 1.765922842637471604e+03 2.511532723126672195e+00
7.953776005620738943e+02 1.808757956918092304e+03 2.501596771416189302e+00
7.091221056467925337e+02 1.813239785612672222e+03 9.674396537683116470e-01
9.631650104917248427e+02 1.528697326320942466e+03 3.105684370441943454e+00
1.088173066348113252e+03 1.550889523216740145e+03 1.192508953707041019e+00
9.213106319796834214e+02 1.581324352354201437e+03 2.777624397014742286e+00
1.138124496895057291e+03 1.622385582702892179e+03 1.947047726875712259e+00
9.050260964780245558e+02 1.663917809414810108e+03 2.623809203945135060e+00
1.116487810086312720e+03 1.667719550615310709e+03 2.530066819874415618e+00
1.076862929966157026e+03 1.713473813544969516e+03 2.936873959199738593e+00
1.030298845518947928e+03 1.752304353466493012e+03 2.507798953696736888e+00
8.802186298316914872e+02 1.768338855688752346e+03 1.345400560829433267e+00
9.592256778174826195e+02 1.764479466110782823e+03 2.532722890697803653e+00
1.085904543778363632e+03 1.549089415866242234e+03 1.256054699211057057e+00
1.271500732936455051e+03 1.548600144585989938e+03 8.732742743396642027e-01
1.191080501995212217e+03 1.567414098194763710e+03 1.551568473882436905e+00
1.326550550192623405e+03 1.583134283189962389e+03 6.610210184473853667e-01
1.137076594983492214e+03 1.621375749340880930e+03 2.074553741827814157e+00
1.209915478514610413e+03 1.653502888531930239e+03 9.077843203354218904e-01
1.114252769241814349e+03 1.667183302874271249e+03 2.565716152862839383e+00
1.073727110313098365e+03 1.713415203654455809e+03 2.913747515955147360e+00
1.215373143494404985e+03 1.718822307877863750e+03 9.164410088164787194e-01
1.295620794964775314e+03 1.760839301104286506e+03 2.027603332934745595e+00
1.026442269117569595e+03 1.753438928454114830e+03 2.493039768082803587e+00
1.221202092851925499e+03 1.800782903183086773e+03 2.898974516352714748e+00
1.270318767001432661e+03 1.548783417708149727e+03 9.775685233003663654e-01
1.187165031288989439e+03 1.567910518413517366e+03 1.533060336255908984e+00
1.464456363486844339e+03 1.555442231162488724e+03 2.819402503891990985e+00
1.325726336054559624e+03 1.583312921643620712e+03 7.322087383261884908e-01
1.368631419944130585e+03 1.625591395948080390e+03 9.010336472901161464e-01
1.447734834802159185e+03 1.633436856878013714e+03 7.967074320064245763e-01
1.209186606380560079e+03 1.653909448345328201e+03 9.624538108858833318e-01
1.384823625464560109e+03 1.712866543881644930e+03 5.257833549109085514e-01
1.214240293391713521e+03 1.717969861391877430e+03 9.988626116478152017e-01
1.293766235855207697e+03 1.760248332015838059e+03 2.051438760850202492e+00
1.221627859926025394e+03 1.801785604066106998e+03 2.899661882903421084e+00
1.431298462517162079e+03 1.804589137333791996e+03 1.790619603396175208e-01
1.622816616165086543e+03 1.519833773870809409e+03 2.331893193167816403e+00
1.568511693340461306e+03 1.549696904106257762e+03 1.589075021312992053e+00
1.462492261326018706e+03 1.557269690396925398e+03 2.877149268625564638e+00
1.364333846946966105e+03 1.626196633791644444e+03 8.116432198452709912e-01
1.446423899980575015e+03 1.633751809525274211e+03 7.493613792309919974e-01
1.596137827750203542e+03 1.644961407728513223e+03 1.494642321392513296e+00
1.503160981563308269e+03 1.662049160605496809e+03 7.499501979635920801e-01
1.383150455181358666e+03 1.713454857421356792e+03 5.432638271056676738e-01
1.528986051117903571e+03 1.720767741814866895e+03 1.327939534873347371e+00
1.630191965296410217e+03 1.765154596719985875e+03 2.240418427294438075e+00
1.578699764499139746e+03 1.796930366459448123e+03 1.862142493728444315e+00
1.428688726567437470e+03 1.803637151635441569e+03 2.701496478361734566e-01
1.619038667842749192e+03 1.517787553242923877e+03 2.263158473430968876e+00
1.689268056704621813e+03 1.516419576355659956e+03 2.092266769156621464e+00
1.566821074117166745e+03 1.549000616771282694e+03 1.517507273376776267e+00
1.819560385089459942e+03 1.575547662370461239e+03 2.285408811375798432e+00
1.594918538427424892e+03 1.645191632188677886e+03 1.363160250839618337e+00
1.674880065053436510e+03 1.659886715332073436e+03 1.498775537445528272e+00
1.526512849208376792e+03 1.722453138079407154e+03 1.172943004703954628e+00
1.740985851057133686e+03 1.730499112786985052e+03 2.553737932568338920e+00
1.630311693785127090e+03 1.765933538287511510e+03 2.350120975231930753e+00
1.575419016361499644e+03 1.796512882825440101e+03 1.850594270225901505e+00
1.749803894494634505e+03 1.820062705934351925e+03 5.031820025525495232e-01
1.689798899149249564e+03 1.523110015806813863e+03 2.224121706247991881e+00
1.816989710848217783e+03 1.577624369188397168e+03 2.347159146253029238e+00
1.671787861467242919e+03 1.660228523783548098e+03 1.482125882175957088e+00
1.904928606228734679e+03 1.722804619973780063e+03 1.621241654711682134e+00
1.836917214363764060e+03 1.730690565266150315e+03 1.584687020510726629e+00
1.740052012320885751e+03 1.730472305397395303e+03 2.543532048003033452e+00
1.749542239584514846e+03 1.818187914908062112e+03 5.718029295185401706e-01
1.830179983083141906e+03 1.506601492133583633e+03 2.744147697251872575e+00
1.904597031744468040e+03 1.722384067919033214e+03 1.712027532832409493e+00
1.834312421966954844e+03 1.729238788461549802e+03 1.660907829206393904e+00
9.544005582483916328e+01 1.703259719230095470e+03 2.004718594140644239e+00
1.004704375496139050e+02 1.883105124564621974e+03 6.517220414634837811e-01
3.292748827326805099e+02 1.899853117853847834e+03 2.852295518710043609e+00
2.856622308420550667e+02 1.959101570503541097e+03 2.591651417632617527e+00
3.288013370506287174e+02 1.899737808730625147e+03 2.835638257951355268e+00
2.832547752398146486e+02 1.959667047100270338e+03 2.586013699814097233e+00
6.648481990188636246e+02 1.725744919105305826e+03 2.531905401290449401e-02
7.275079446666278500e+02 1.669760645381998529e+03 1.902409616280415494e-01
8.198445905431988194e+02 1.703029360710849915e+03 2.557784135592329755e-01
6.650880039446329874e+02 1.726034319181321507e+03 3.122379283824566532e+00
7.986651733301223430e+02 1.805025583542292907e+03 2.533222070144327986e+00
7.053555686064203201e+02 1.821829472868580524e+03 1.086656088606373638e+00
8.226376210975299728e+02 1.919167619910444955e+03 1.605735744773059359e+00
7.584171338574036554e+02 1.924599175555714282e+03 1.302232225645738595e+00
8.220684538588589021e+02 1.702145361187752997e+03 2.705855114804932016e-01
8.823871604595635745e+02 1.771072732241216272e+03 1.356480294104375872e+00
9.619565067062840171e+02 1.764064021841941212e+03 2.568569389109952361e+00
7.985818161233461296e+02 1.804906460258981042e+03 2.592534241340561874e+00
9.704707576202574728e+02 1.844646274728654589e+03 2.687174839044492725e+00
9.354366686211374144e+02 1.888072218209800212e+03 2.859059223962371110e+00
8.208292693371985251e+02 1.917374327738762076e+03 1.527302636262324542e+00
7.578152484748295592e+02 1.924724700232105988e+03 1.284026136962145959e+00
1.115873354664253611e+03 1.668952885837142503e+03 2.492804123769336577e+00
1.075771441647032134e+03 1.711672484489162116e+03 2.913845007075317906e+00
1.029690843073107317e+03 1.751628584877623325e+03 2.468948314481741679e+00
8.779607117070099775e+02 1.770641423711122115e+03 1.377078294237938927e+00
9.591536615566301407e+02 1.763708971285906728e+03 2.519555347565748615e+00
9.687837730850960725e+02 1.844393051432292395e+03 2.618794349109839104e+00
1.077732524516965896e+03 1.835976795302587107e+03 3.680705806741572245e-02
1.100626314236458029e+03 1.878357796750799707e+03 7.950232773997764069e-01
9.324469963692890815e+02 1.888483705048896809e+03 2.818752212061564233e+00
1.113765638598344140e+03 1.672127441583782002e+03 2.310763678418068956e+00
1.215864901034158720e+03 1.717727288468633105e+03 9.904110463363485772e-01
1.073560388761530476e+03 1.708048011789655902e+03 2.821484871575026254e+00
1.295653733280836832e+03 1.760463670804144613e+03 1.986564489291372748e+00
1.029515664100395043e+03 1.751802281804680206e+03 2.381978729965944730e+00
1.223531851578078431e+03 1.799495440035751471e+03 2.963679075254607831e+00
1.078678138093782309e+03 1.837729941142840744e+03 3.080710458569235310e+00
1.300058387886032733e+03 1.860695428649493124e+03 2.681198334523657856e-01
1.098996749805650325e+03 1.878282099056776360e+03 7.876234687167874560e-01
1.184602261581033190e+03 1.902774096244906104e+03 2.927539092815514832e-01
1.333447633039730590e+03 1.968984288758018920e+03 2.711211740302049478e+00
1.384483663350659526e+03 1.711708629171817165e+03 6.434883207100244862e-01
1.213750500112800864e+03 1.716106145865312783e+03 1.099700899201149884e+00
1.293798636734668662e+03 1.758774639100395689e+03 1.997826530383174592e+00
1.220354551221103748e+03 1.798512075411688556e+03 2.946556802497066752e+00
1.432217575326823180e+03 1.799782732953753339e+03 3.245550573121348537e-01
1.297747386739372132e+03 1.860783822884111942e+03 2.449597849707798591e-01
1.438940851560000056e+03 1.862390786648914627e+03 4.344628996037030455e-01
1.456279024942468823e+03 1.919426653254934081e+03 8.749368383026727702e-01
1.336150118953348283e+03 1.965812836490123118e+03 2.972592435160178681e+00
1.484008352015202945e+03 1.975886584565069825e+03 1.019654757695989789e+00
1.383212724154641592e+03 1.710345594918288498e+03 5.656367052152755370e-01
1.528173778435256054e+03 1.721724728103149801e+03 1.298076719418091773e+00
1.632664410049506841e+03 1.766097349792653858e+03 2.309515395030822482e+00
1.576839442177016053e+03 1.795578784776819930e+03 1.866458905821279934e+00
1.431414732750978601e+03 1.799896884824212066e+03 2.721724371011531307e-01
1.535116346224867584e+03 1.850297542645072781e+03 1.940114212153644990e+00
1.437980933632186861e+03 1.862786728403083544e+03 3.465741603082997391e-01
1.453614172946221515e+03 1.918693710135335550e+03 7.170586662961274671e-01
1.479022573085329668e+03 1.973615139134972196e+03 9.321072539911073873e-01
1.526115616908832408e+03 1.723341632183550928e+03 1.199517687132227284e+00
1.740820175345532334e+03 1.730510962888927224e+03 2.505545210735633965e+00
1.631232503891733359e+03 1.764966112596842322e+03 2.305451252550125396e+00
1.575685799480944752e+03 1.796029206439217432e+03 1.860751757087290903e+00
1.749609357339004646e+03 1.816873433296065969e+03 5.677327130764363572e-01
1.534852972409229096e+03 1.850045680951591748e+03 1.941242503746135606e+00
1.667901733462328821e+03 1.666088975491292558e+03 1.137894349948480155e+00
1.904631063407469355e+03 1.721551035296482723e+03 1.690254162486273470e+00
1.836044459118473696e+03 1.729165091641085155e+03 1.634298199859818945e+00
1.738650522834857384e+03 1.728898740284114638e+03 2.532124203060089673e+00
1.748141363317273544e+03 1.816885356601365174e+03 5.782914445256704949e-01
1.904113136151730032e+03 1.722419842847031305e+03 1.709866532094052927e+00
1.833360370509127506e+03 1.730871190832869388e+03 1.671534902712118464e+00
9.858054444222534585e+01 1.880951987417122155e+03 6.451253945000149370e-01
3.292863467420780239e+02 1.899047513910355519e+03 2.818744441702218495e+00
2.850107151219957586e+02 1.956964736648299549e+03 2.583663912599152290e+00
3.276762046068622567e+02 1.898226121401089131e+03 2.847063974861533620e+00
2.831950759992253666e+02 1.956353484055387526e+03 2.613516048504340272e+00
8.226842664928886961e+02 1.916897762347931348e+03 1.618221336338746097e+00
7.584326698821698756e+02 1.923745154919873585e+03 1.291987957465369430e+00
9.706372847440784426e+02 1.843102869271725922e+03 2.683830298961114913e+00
9.340141967415477211e+02 1.888908994214037648e+03 2.839467179000446428e+00
8.217674323313854075e+02 1.916883129558738801e+03 1.548515197664100951e+00
7.574966401198132644e+02 1.923707403405485820e+03 1.271855277944932361e+00
9.689252702377025344e+02 1.844508516517826365e+03 2.592267391832483892e+00
1.074015013840710253e+03 1.832710561323135835e+03 1.842935229596109675e-03
1.099235587778382751e+03 1.878440546918406653e+03 7.969685422128379715e-01
9.312479052414767011e+02 1.888468507016672447e+03 2.749027653769575696e+00
1.068086532372212559e+03 2.002173634809431860e+03 4.979039632335036103e-02
1.179939766650400088e+03 2.014962216448743675e+03 8.196676008129205604e-01
1.084954632677691279e+03 1.841027852008617401e+03 2.392732118216769788e+00
1.298640921537300983e+03 1.859464567796472011e+03 3.143547068259244237e-01
1.098549783799370516e+03 1.876403624510618783e+03 8.857904905539354390e-01
1.184343195992863457e+03 1.901865100782049922e+03 3.260976789357662997e-01
1.336880794164780127e+03 1.964186304598944389e+03 2.957828250029477246e+00
1.179438368449097652e+03 2.013532439253403481e+03 8.032546030703232587e-01
1.067610774678598546e+03 2.001295774354828609e+03 5.776500804713406538e-03
1.298921327794628496e+03 1.860471267577974686e+03 2.392986027132250892e-01
1.438559588741680955e+03 1.860791077085969619e+03 3.989168401602783964e-01
1.455037854484529134e+03 1.916853989052850011e+03 8.497555654695736482e-01
1.336623783580438158e+03 1.963741946187083613e+03 2.977233321166048441e+00
1.482066386102568458e+03 1.969811885092334705e+03 1.023521258236747666e+00
1.535872678691692045e+03 1.849115583736604776e+03 1.925167085545123058e+00
1.437743625167800474e+03 1.861273905434658218e+03 3.830571504751404399e-01
1.453653281356712569e+03 1.918223030048643068e+03 7.362753820652134795e-01
1.481380262528136882e+03 1.971271308115497959e+03 9.341153530390667870e-01
1.536039825614458096e+03 1.858735274001410744e+03 2.002979434997693708e+00
1.067072462275559246e+03 1.999294090478529597e+03 1.528258979828232833e-01
1.173605265679480453e+03 2.017899438252949039e+03 8.268878246622359818e-01
1.070507516925805703e+03 1.999656439240386590e+03 1.137272257336189724e-01
1.180258272226617919e+03 2.012539752897263043e+03 7.769269882583466069e-01
