1.496879322511380224e+03 2.147441806608169372e+02 1.117412956040715999e+00
1.378637054029398769e+03 3.383172602261350903e+02 1.174904375812577006e+00
1.415322075385300195e+03 3.789912200686032975e+02 5.351317476009284091e-01
1.624196112785110927e+03 1.993544186865458414e+02 7.154624702148173476e-01
1.495618746814444876e+03 2.147909650524220524e+02 1.159417932946401608e+00
1.378238460187258170e+03 3.349885202051225406e+02 1.145342396925251416e+00
1.583432164583298118e+03 3.427176961386628022e+02 3.085933345190067012e+00
1.419900447285914652e+03 3.774837383640754069e+02 5.454742754184445097e-01
1.624064414049313427e+03 1.998857660667892446e+02 6.723042454413824531e-01
1.670168574337865493e+03 2.474776936975831063e+02 1.162751560473205492e+00
1.732681398754523116e+03 2.763904579207497818e+02 1.244048040977852487e+00
1.581143682484277861e+03 3.415567849758734837e+02 3.133108451671176908e+00
1.805017665123025381e+03 3.750551705802611195e+02 2.049965549638535389e+00
1.741347754716013696e+03 3.738988155705192185e+02 8.404576646403026929e-01
1.668017168169925753e+03 2.450349310954100019e+02 1.106436542987329297e+00
1.732463487781361437e+03 2.751773272173953160e+02 1.198828233282638545e+00
1.802782306403737721e+03 3.767193887410687694e+02 1.925160161098313782e+00
1.742019773492643708e+03 3.698016765433529827e+02 8.286480649138201482e-01
9.588149306324685313e+02 4.500835631418950697e+02 2.014835717721536135e+00
1.167236260875958578e+03 4.441111584209343164e+02 2.118473623190294752e+00
9.567336547600814356e+02 4.494291766635873273e+02 1.989644733027127632e+00
1.062042370223588705e+03 5.312839758646673545e+02 5.240303819026466137e-01
1.301632462246753448e+03 3.981624227036425054e+02 1.399931417114262278e+00
1.224453700699406227e+03 4.325212306484053215e+02 1.768299717934035620e+00
1.164591642450213385e+03 4.443641459630293866e+02 2.099481580742902587e+00
1.331620825393235918e+03 4.645688418847421417e+02 6.676405421115200189e-01
1.063843331874983960e+03 5.278778437527980714e+02 4.405283775170599214e-01
1.379796368859753784e+03 3.367442161208127800e+02 1.158067313090270778e+00
1.414121838613471027e+03 3.778452445471098144e+02 4.498616626597053969e-01
1.301829798544810728e+03 3.982751272213056382e+02 1.465588949321334100e+00
1.223193386910656272e+03 4.323802691494178134e+02 1.808961596433108721e+00
1.334683216982225304e+03 4.621601989150713052e+02 6.564194016033513268e-01
1.406627265094384029e+03 4.708393739916596132e+02 3.529339770443788993e-01
1.378887960691755097e+03 3.388676456811793969e+02 1.216487228239811369e+00
1.582245723612827760e+03 3.408544759525171344e+02 1.376970967947261336e-02
1.413739622680279126e+03 3.784229049154612312e+02 5.402197652480422718e-01
1.521294687416053648e+03 3.901469972359248004e+02 2.768334390807548062e-01
1.595938613782448101e+03 4.358429344848043456e+02 3.062629135066067931e+00
1.516998582272870635e+03 4.558081146921053914e+02 2.883515695326964501e+00
1.405283644880091060e+03 4.728433883659827188e+02 4.699984991596241612e-01
1.549731202454737058e+03 5.203338058564750099e+02 2.526417635391480676e+00
1.373379671242210179e+03 5.413736028913904192e+02 1.001006676194128753e+00
1.670995007957252938e+03 2.445231741594694199e+02 1.155804666125242353e+00
1.731541185106225612e+03 2.747603950722670447e+02 1.237941002661073320e+00
1.580627537758075732e+03 3.411959033883879329e+02 3.141193271625265293e+00
1.737551746029114383e+03 3.746486651706641169e+02 8.818041202331695638e-01
1.804995240526613770e+03 3.768315103748703905e+02 1.877737702485034132e+00
1.519382081021157774e+03 3.910574412099606434e+02 2.231132517563748918e-01
1.594392774866898662e+03 4.361429940752295806e+02 3.059304760855599437e+00
1.517457941872793754e+03 4.617587226897439905e+02 2.706541689062581302e+00
1.750830655389312369e+03 4.821313298685286099e+02 1.692501150475402394e+00
1.668337574087456915e+03 4.904257885106346748e+02 6.234180236208083370e-01
1.817449422865168117e+03 5.351640703714126630e+02 9.911655621497265090e-01
1.554792869528766005e+03 5.282202079683366946e+02 2.730420340973239934e+00
1.731263003853004193e+03 2.740067676869896900e+02 1.168671628982673294e+00
1.802508753737574580e+03 3.761247547182958897e+02 1.837147443246395673e+00
1.736352179472316038e+03 3.740393740183035334e+02 8.136753907682811038e-01
1.863987181291943898e+03 4.022725421488548818e+02 1.896688363399852362e+00
1.750674707573532714e+03 4.812698953158645736e+02 1.649704156873405658e+00
1.670521926760347469e+03 4.864771922176082626e+02 5.287595615244620184e-01
1.806531279810962587e+03 5.363578252977172269e+02 9.580166931767637450e-01
1.903644057057760620e+03 5.365687380276417571e+02 2.576925469991877549e+00
1.863739747578476909e+03 4.029728486241267547e+02 1.829945163401148323e+00
1.903594476078397292e+03 5.389960345669535400e+02 2.586142109897222152e+00
8.451482647012851430e+02 5.849972259995633976e+02 2.060748162626157232e+00
9.577489853956162733e+02 4.496144015713372255e+02 2.008439403084287811e+00
9.065464017770525516e+02 5.784398981701231151e+02 1.278859176276646137e+00
8.438124286535448846e+02 5.845936257384398687e+02 2.047353260036570255e+00
9.453830582585892444e+02 6.144343342387118128e+02 6.911147678942006767e-01
9.672910110089410409e+02 6.840710187011251264e+02 3.114360174520727664e+00
1.168784383592681252e+03 4.451407512148745127e+02 2.094695867493948871e+00
9.578706467235933815e+02 4.502949490561335324e+02 1.969297840354070406e+00
1.063982151897536369e+03 5.286605449262589218e+02 4.585308051898517867e-01
9.062292373895961646e+02 5.804819157284576931e+02 1.327491434906214351e+00
1.065474399980219005e+03 5.847133624873031295e+02 1.767597929803336188e-01
9.449324979810407967e+02 6.156217330690835752e+02 7.644860224993986764e-01
1.035706258114009188e+03 6.439723231521107891e+02 3.071631942203556953e+00
9.675948951895622940e+02 6.862100151724282568e+02 2.968697060597188742e+00
1.301465566594951724e+03 4.002397862409827667e+02 1.424360087268653263e+00
1.223936523769418272e+03 4.324316052194416216e+02 1.786496375524559532e+00
1.165606570158956174e+03 4.433792546867929332e+02 2.078653777238285372e+00
1.332043382598323205e+03 4.624484404717098869e+02 6.891828793059322500e-01
1.061829433952937961e+03 5.301918728631694648e+02 4.051172213220384233e-01
1.217507427774581629e+03 5.423899060451135483e+02 8.676282800012782292e-01
1.284988164024806792e+03 5.614833533941106225e+02 1.062748356664451332e+00
1.061695039990778923e+03 5.844105144954487514e+02 1.366571419533191278e-01
1.031848668498892494e+03 6.435897620172859206e+02 3.028960746860122732e+00
1.214536593177332861e+03 6.446491815122906246e+02 1.843010498630121841e-01
1.301328629308938844e+03 6.875493250058405010e+02 5.979748487225826636e-01
1.301118743105205112e+03 3.984739884280080560e+02 1.531473810751431852e+00
1.220913274089011793e+03 4.316903673044090510e+02 1.812752974486257829e+00
1.334948144824939618e+03 4.610042853629348656e+02 6.608057245317302542e-01
1.404017588738480754e+03 4.721580994161616900e+02 3.674486834962818471e-01
1.369776796740009104e+03 5.458378706516880357e+02 8.160093927862409613e-01
1.217380429793047142e+03 5.421350974879827618e+02 8.524932098294212279e-01
1.283626521472068816e+03 5.612200335649092722e+02 1.083898667095057444e+00
1.496780762921440783e+03 5.674447398261793296e+02 2.944812684524523494e+00
1.358641955483483571e+03 6.199397002397266760e+02 4.615649248273184790e-01
1.213665447395968613e+03 6.449545613346681421e+02 1.812811586667754660e-01
1.300546816847601576e+03 6.852605501154700960e+02 6.347459686062180140e-01
1.522177503170485807e+03 3.872309129409738944e+02 3.271849496699048565e-01
1.595792508001896294e+03 4.344608844228192766e+02 3.088108041383163638e+00
1.516884558899195554e+03 4.544276189479493269e+02 2.829059063893025083e+00
1.402744171728681522e+03 4.728736134169428169e+02 4.583538280373926077e-01
1.367965303924436967e+03 5.461679846761597901e+02 8.750115295071350108e-01
1.549961190877009358e+03 5.186662122261852801e+02 2.658095099495547231e+00
1.494360429058674754e+03 5.670921409772088282e+02 3.019811802192888361e+00
1.635543389854255565e+03 6.105214951575537725e+02 1.648828556708888671e-01
1.357354395430296336e+03 6.183545601987724467e+02 3.751093133932467127e-01
1.518895405258574556e+03 6.382004429877245002e+02 9.183677068391727927e-01
1.596333852513926786e+03 6.666772527529626586e+02 1.572702699735643472e+00
1.596402463983547023e+03 4.356863750317996846e+02 3.067694447531916335e+00
1.521154226811589524e+03 4.623844991942467004e+02 2.412705152342691228e+00
1.751066086842635741e+03 4.819806521338324501e+02 1.653899618322759446e+00
1.668606139282080221e+03 4.892757041030595246e+02 6.507599615848145280e-01
1.809929375073921619e+03 5.336681382910450111e+02 1.023151631106953063e+00
1.551998135047777396e+03 5.229970748364708015e+02 2.733298240725132278e+00
1.680014561904713673e+03 5.531219978815931881e+02 3.084991981889996016e+00
1.634815485266525684e+03 6.047127056261208509e+02 1.885543519197740436e-01
1.518315371624657473e+03 6.387565344554067224e+02 1.684303870994309005e+00
1.626044547969466521e+03 6.487025270025415011e+02 2.528299498939230006e+00
1.588519780265764666e+03 6.744228126886448536e+02 1.629995603212273103e+00
1.864290443297682486e+03 4.032174816434586546e+02 1.871298822354065639e+00
1.751132728718898761e+03 4.821277378998505583e+02 1.620156683783755769e+00
1.669443372139176063e+03 4.860258860457161063e+02 2.924872594798083814e+00
1.807644832682075730e+03 5.355479569045978678e+02 9.796969831926732875e-01
1.906628270011140103e+03 5.397553924097710478e+02 2.518979695159409449e+00
1.678857029939394579e+03 5.534386127264208426e+02 1.842421609156385393e-02
1.862955717259610310e+03 4.052152602295840325e+02 1.838796910771026472e+00
1.904868470753905513e+03 5.392596925391328568e+02 2.540074506086888562e+00
8.478051188922506753e+02 5.868556700898677718e+02 2.116555824821268139e+00
8.526005438543129458e+02 7.263469242642654535e+02 1.771730081420396896e+00
7.947315959628267592e+02 7.239047692200713300e+02 2.478155691320187426e+00
8.099085033147130162e+02 8.084974939060746237e+02 2.437664631005418858e+00
9.073760033929304427e+02 5.791323395698668719e+02 1.268047567794594821e+00
8.451130928426680384e+02 5.846339277710992519e+02 2.041207046662148805e+00
9.456522002062397405e+02 6.142301759205041662e+02 6.888339091359486632e-01
9.703865326191387339e+02 6.831153587996543592e+02 3.023134572294431166e+00
8.513362911155759321e+02 7.280200420568091886e+02 1.725213492394372938e+00
7.968108315137765203e+02 7.245479528778212170e+02 2.478607576578038429e+00
9.120527359032932964e+02 7.700733860130569610e+02 1.595209429756276887e+00
8.125266428153166771e+02 8.107115593182456905e+02 2.465497707667236860e+00
9.021141728677823721e+02 5.791348987895413529e+02 1.211877115127224291e+00
1.065384053994034502e+03 5.841005356557528785e+02 1.712432352394554214e-01
9.458143278942291090e+02 6.143891990640576068e+02 7.702256905632816064e-01
1.035927077230579016e+03 6.431728344817013294e+02 3.075148121952348212e+00
9.697552878095814322e+02 6.833797725403989034e+02 2.938742891298297355e+00
9.117771899581314301e+02 7.705086943643352697e+02 1.658151201572910738e+00
1.281832230292785880e+03 5.620444547826384678e+02 9.981256511549807531e-01
1.063036528990805664e+03 5.824746170725892398e+02 1.402192782108859781e-01
1.031995368135334274e+03 6.415950586386160239e+02 3.057821832135148465e+00
1.214824080034639110e+03 6.440659763522356798e+02 2.314790783840653676e-01
1.302234549616617414e+03 6.840647694827497389e+02 6.002623511641116405e-01
1.212684692046915188e+03 7.342059801669095123e+02 2.515705034961213560e+00
1.219736975090714395e+03 8.282059496991955712e+02 2.049695280492759508e+00
1.281511053588124014e+03 8.401508741357113195e+02 1.666543785213128182e+00
1.282899100328775830e+03 5.575041384842942307e+02 1.011487336142008253e+00
1.493718625588559462e+03 5.629406044785548602e+02 2.896403327784523807e+00
1.358563485800131730e+03 6.188734841225192440e+02 4.770520570600418897e-01
1.213054112687719908e+03 6.432792007799799876e+02 2.191030715837712917e-01
1.302558026236486512e+03 6.827691334020594240e+02 5.693870123495308189e-01
1.373152383323297272e+03 7.275361673447054045e+02 1.759116434959523190e+00
1.211607403004708658e+03 7.342251565735282384e+02 2.540851234721056784e+00
1.471530802263180476e+03 7.441139145548690976e+02 2.705316453078518979e+00
1.341917461501223215e+03 8.189180173155119746e+02 1.663480361452019052e+00
1.217134282927141612e+03 8.279740958722557025e+02 2.063451711198693417e+00
1.279016077566446711e+03 8.412100561404452037e+02 1.688344852277476660e+00
1.495877629573354170e+03 5.671762067830771912e+02 3.072741163991349111e+00
1.631532272242000317e+03 6.265972992813276505e+02 2.487696145394661773e+00
1.360508663760321269e+03 6.179004291804824334e+02 4.461388527832770290e-01
1.519800755022554313e+03 6.372663392234685489e+02 8.605855573466182351e-01
1.586704948824468374e+03 6.763836338145717946e+02 1.780459002990214534e+00
1.373020159977349067e+03 7.282083380517763089e+02 1.765477575198689530e+00
1.470135970408808362e+03 7.442109188800025095e+02 2.702341317915855079e+00
1.681382248812996295e+03 5.508977299974267225e+02 3.073386188097084748e+00
1.633945161206969033e+03 6.032898370148088816e+02 1.326228520549914414e-01
1.517986102030089569e+03 6.372023856310747760e+02 8.724865161958571536e-01
1.628615551281767921e+03 6.506663355452685664e+02 2.594280221779106110e+00
1.586210781454347170e+03 6.785637003479425857e+02 1.816393115785142287e+00
1.693568593329389387e+03 5.573575201584787919e+02 3.815790062017196393e-02
3.135166236323750582e+02 9.564102408424153055e+02 2.423766935710044701e-01
3.129747212643125067e+02 9.565243807280382953e+02 1.964098541881174331e-01
5.907895527920848053e+02 9.646334827569849040e+02 1.698064765512353747e+00
7.994513111146864048e+02 7.233280588172015086e+02 2.665278643354473953e+00
8.555858316347389518e+02 7.301106941218766906e+02 1.992478431819539875e+00
8.119706833012754714e+02 8.104710540845868536e+02 2.536331559735209851e+00
7.873925182723970693e+02 9.604621868114550125e+02 1.370943562395500415e+00
5.868208742099677693e+02 9.667484311093137421e+02 1.563447584000938084e+00
7.978232902917462752e+02 7.233481168846558376e+02 2.639646805306527177e+00
8.507852265327879877e+02 7.262846300572871314e+02 1.731574751296232728e+00
9.121318177028713308e+02 7.690214710449139375e+02 1.562643623973909879e+00
8.125952617151569939e+02 8.105103724811712027e+02 2.541100878302799515e+00
9.224308175182302421e+02 8.822936084761552138e+02 2.565500760048123219e+00
8.711898644851580684e+02 9.285744043782940480e+02 2.401705449569295769e+00
7.873311472599655190e+02 9.604822905224125407e+02 1.310719332750096111e+00
9.930290809876917137e+02 1.007043671443980429e+03 1.968774142109518621e+00
9.102399541247182242e+02 7.667128106611885414e+02 1.635429879072728854e+00
9.213347046913404483e+02 8.817872712971527562e+02 2.547950167079887862e+00
1.041830335666203837e+03 9.270612560859240148e+02 1.365468649380388699e+00
8.692391104739047023e+02 9.284917183562745322e+02 2.384201044898089261e+00
1.090615372988192121e+03 9.579977480182769796e+02 1.185223555446047072e+00
1.155056485636775051e+03 9.699514311924110643e+02 1.133578264973024829e+00
9.910611844899981406e+02 1.009691147950708455e+03 1.898470178332637426e+00
1.211743779382506091e+03 7.329276298665344029e+02 2.616341090855287099e+00
1.218965178682518399e+03 8.251847442582894701e+02 2.129935652903715670e+00
1.281472212317086360e+03 8.370495873879124247e+02 1.682685338118910634e+00
1.039622556667454319e+03 9.280076567990547574e+02 1.409816492852921321e+00
1.088879125097476845e+03 9.576339790771605749e+02 1.248103906596632173e+00
1.322153114261696828e+03 9.444899380788820054e+02 8.236962627915721535e-01
1.151779794481481076e+03 9.703764202310915152e+02 1.146984157053161368e+00
1.230586279758723549e+03 9.713161628145530813e+02 1.089658531983171086e+00
1.373037904002906316e+03 7.246839309584711373e+02 1.765486777106358263e+00
1.212835257121364066e+03 7.359360006343212035e+02 2.566776185156126378e+00
1.469851300954484486e+03 7.419228538248787572e+02 2.731944696985102450e+00
1.342127159682224828e+03 8.167431963480162267e+02 1.654718848530981390e+00
1.218702350890931029e+03 8.258952983229664824e+02 2.150246144360943301e+00
1.280013091207721573e+03 8.376389071302003231e+02 1.672302721858973440e+00
1.422229212697984622e+03 8.650534625977272754e+02 2.788510732735440256e-01
1.496393917876568139e+03 9.094205465362824725e+02 3.673421041038280044e-01
1.321863255315680135e+03 9.441849670186807089e+02 8.624321563806353064e-01
1.229389673470185471e+03 9.723752420279420221e+02 1.105448332035306569e+00
1.369243054423897092e+03 9.725768087313740580e+02 6.749037918593542296e-01
1.490269654349705434e+03 9.693481366989872186e+02 2.495688018462013158e+00
1.473386657811304985e+03 1.008791097027776914e+03 2.411005062241350583e+00
1.370907240271601722e+03 7.268295435643984774e+02 1.829093373608527306e+00
1.469593878358401525e+03 7.426389866153455159e+02 2.695869175960418307e+00
1.421728202762174988e+03 8.644046463477413909e+02 3.673046543346206172e-01
1.498907324485194067e+03 9.048746830037284781e+02 3.316114407507310125e-01
1.374188069366950231e+03 9.716065004887880150e+02 8.051607516588598079e-01
1.493473519851973606e+03 9.742450669189825021e+02 2.719079363493445367e+00
1.622964734598080895e+03 9.729649367754054765e+02 2.764407642791514963e+00
1.586154709181837461e+03 1.012126840440764454e+03 2.132345295394256546e+00
1.471013819100536693e+03 1.011909499845236496e+03 2.353788454536211550e+00
1.623025844579676914e+03 9.703485742368136471e+02 2.783503528925699300e+00
1.584714419942673658e+03 1.012233403166308563e+03 2.244808596232156450e+00
3.149403387257162876e+02 9.543992164623407461e+02 1.929010756252980407e-01
1.049536970460434873e+02 1.144269848541246574e+03 2.796760464789781242e+00
2.776901586783475295e+02 1.175426877863273148e+03 1.923046085716545006e+00
3.134560983075062950e+02 9.549503766093978356e+02 1.264241090250207145e-01
3.974548147311285220e+02 1.142747280839368386e+03 1.282779641417648886e+00
2.752143749892221649e+02 1.176828943705699430e+03 2.059450740255424961e+00
5.913615401913207279e+02 9.618399800720042094e+02 1.701665199237061721e+00
3.978648440018802148e+02 1.138430157089294198e+03 1.269735413967434612e+00
7.881500979954942068e+02 9.600558606637628145e+02 1.415106576111242243e+00
5.891437369538183475e+02 9.640843543432993101e+02 1.685643341127963657e+00
9.216897485807157864e+02 8.796880447628088859e+02 2.526700690511135328e+00
8.702150194625799031e+02 9.271294952072839806e+02 2.397134102408269740e+00
7.867820818670797962e+02 9.598804288928420192e+02 1.338155598669451329e+00
9.911195302734813595e+02 1.010305273816491081e+03 1.846931301196503172e+00
9.868452297037124481e+02 1.181932996769213787e+03 2.327141226364805249e+00
8.866754516261019035e+02 1.180037192193731926e+03 2.208379964174499513e-02
9.222410008195138289e+02 8.828496309218060105e+02 2.553302691864724139e+00
1.041866386373976638e+03 9.257626970665314730e+02 1.387990756134146686e+00
8.713089862712863578e+02 9.290164070467280908e+02 2.391564794470176558e+00
1.090492073639392856e+03 9.568142775258477286e+02 1.178143309001217665e+00
1.154072835997981429e+03 9.681111003585244816e+02 1.119023208355356624e+00
9.908492041630449876e+02 1.009512860469283169e+03 1.894253818704449088e+00
1.098047114502260456e+03 1.178290282665328732e+03 1.774945373884498689e+00
8.887432363245063698e+02 1.181326291209149076e+03 3.061507977513221235e+00
1.038106112144727376e+03 9.248181297536752936e+02 1.375103898586764739e+00
1.321761421025488971e+03 9.419792501367703608e+02 8.158249176165637273e-01
1.088948750808972818e+03 9.564985277854839296e+02 1.230432527755471739e+00
1.151422301982983072e+03 9.690008724813303616e+02 1.157095130819943307e+00
1.230653472088979015e+03 9.701096811052404973e+02 1.080160715523199588e+00
1.292373183279883733e+03 1.062309526367671651e+03 2.336285977295217364e+00
1.246286086944455292e+03 1.079736355818381526e+03 2.130988411441733454e+00
1.094387996769079336e+03 1.177130240114187018e+03 1.813204421975652902e+00
1.298562307783965707e+03 1.177295273404500904e+03 1.969049743447181866e+00
1.493205201745976410e+03 9.090329804284067450e+02 4.334888246258116751e-01
1.321368366602318702e+03 9.429281913691067984e+02 8.658231257681557880e-01
1.230036458202547465e+03 9.705777630265120024e+02 1.099306819058985196e+00
1.369072448297748906e+03 9.710441223170437297e+02 6.821737737128661383e-01
1.471739254781534783e+03 1.010292196823103950e+03 2.228196614117089691e+00
1.290038421152227556e+03 1.063639345446737934e+03 2.329988488014625325e+00
1.393605410986190236e+03 1.052127156954967177e+03 3.010829323296764226e+00
1.246403026423422261e+03 1.079145781581793926e+03 2.085334034832962757e+00
1.375544501197763111e+03 1.114180017117631223e+03 2.230151401745998019e+00
1.297779014754881018e+03 1.181860167137967892e+03 1.856126074779417490e+00
1.492114898069949732e+03 9.725753988275985193e+02 2.661619030710824507e+00
1.498360614181187657e+03 9.049894123743567889e+02 4.032755010527195871e-01
1.368473260028824825e+03 9.714148889343159681e+02 7.218120533041970655e-01
1.491463508211454837e+03 9.742691723415050546e+02 2.730216207826152264e+00
1.621564003816305558e+03 9.711241654170992206e+02 2.863088568440898651e+00
1.585952326756733555e+03 1.012146311550542123e+03 2.041373556646211007e+00
1.470965835834122345e+03 1.009990508234504432e+03 2.124857304167533822e+00
1.393654540723465971e+03 1.053451039493331336e+03 3.061027964372141419e+00
1.577086536378758865e+03 1.094535213979033870e+03 2.525190359377655458e+00
1.373196339226302371e+03 1.116662174788626317e+03 2.184754031686377829e+00
1.517253188340043380e+03 1.127866225703906366e+03 2.406073954597072184e+00
1.507061509566266977e+03 9.012580858410242399e+02 4.685320470196855380e-01
1.620871688073738596e+03 9.692563172080190270e+02 2.872761285806784137e+00
1.584491446846042436e+03 1.011198508032062364e+03 2.096784830588139137e+00
1.696200236046643113e+03 1.065114019486689358e+03 2.604808733429909484e+00
1.576311154310431675e+03 1.094398790065235971e+03 2.584324669011627496e+00
1.660230819744951077e+03 1.097400255853053750e+03 1.892122965323473682e+00
1.784728283739683093e+03 1.137821905442542175e+03 2.104072323680862056e+00
1.515263666987776105e+03 1.128828882667864036e+03 2.431485496471404772e+00
1.693455836536978268e+03 1.064545988030656645e+03 2.660819710168039087e+00
1.784315914861314013e+03 1.137706810621885097e+03 2.258620536768631837e+00
1.053716156728742135e+02 1.141619228611509698e+03 2.852176561757616025e+00
2.779149562604820858e+02 1.176597095222501594e+03 1.960849447618747687e+00
1.189682288436271165e+02 1.268392113960565894e+03 1.656027053451700315e+00
3.365992424040067590e+02 1.340920080406200441e+03 2.836586807122973397e+00
3.975014533129940446e+02 1.140373784497617862e+03 1.209187088185382564e+00
2.768831968584844958e+02 1.175860419795542157e+03 2.016011203654809236e+00
3.937217140220545843e+02 1.140436536795737766e+03 1.170752059153180369e+00
5.616755694301134554e+02 1.240420732590361013e+03 1.654878920145067323e+00
6.637457362312909481e+02 1.268502583813416550e+03 2.171096867412826370e+00
5.583740737700776435e+02 1.241242152647181229e+03 1.623249215252080768e+00
6.623551358529832669e+02 1.268985942398026737e+03 2.152466269588760639e+00
9.873431986561981830e+02 1.182385767040833571e+03 2.262139230624241382e+00
8.870515349911888734e+02 1.175051260803589912e+03 4.595033643085257025e-02
9.787341011174528376e+02 1.301865641592702104e+03 1.866677511414511326e+00
8.810173375552817561e+02 1.333669338939446789e+03 4.366173892210601371e-01
1.097011717229674787e+03 1.177523552091387046e+03 1.693767791142663848e+00
9.874176083551908505e+02 1.183226375628788901e+03 2.340898661277753146e+00
8.858316985910123549e+02 1.175439585106737468e+03 1.934895881582772773e-02
1.155812355121153587e+03 1.227119421498062593e+03 1.112548342060942552e+00
9.789718800147927595e+02 1.302710152483409729e+03 1.941492328101477316e+00
8.856815115691074425e+02 1.332140418005678612e+03 4.305390708997235971e-01
1.098895383790734741e+03 1.336358367605385411e+03 2.742669501917430086e+00
1.293069504522508169e+03 1.061572049872745993e+03 2.367549879843312333e+00
1.246687362572076609e+03 1.077673724559538641e+03 2.073664192576860188e+00
1.095625683931276626e+03 1.178058279954864929e+03 1.704137129701911668e+00
1.297746920952967685e+03 1.179175018829658711e+03 1.779240679322065422e+00
1.242778293486078837e+03 1.218789925456389938e+03 2.443271585419344305e+00
1.154207360232903056e+03 1.228604988835286576e+03 1.115136742151873195e+00
1.210186542107183413e+03 1.286637673137772026e+03 2.655836849075988160e-01
1.337336163351221103e+03 1.323731817230329625e+03 2.308691042316053821e+00
1.096272381284889661e+03 1.337423378781877318e+03 2.701681589613540435e+00
1.394545418525611467e+03 1.050625458782616761e+03 3.099804589161735624e+00
1.289804150260380766e+03 1.062072591024365238e+03 2.329061953165683541e+00
1.245974547694462899e+03 1.075242637808608606e+03 2.034739576439740461e+00
1.375735282575769588e+03 1.112286157572573529e+03 2.244443372897258371e+00
1.297367788599034611e+03 1.179176786360976621e+03 1.693027536734376781e+00
1.366774870005442153e+03 1.193804095803202244e+03 2.464258596878904140e+00
1.242078455727037181e+03 1.218812802378769675e+03 2.441881388282933774e+00
1.450167078582359409e+03 1.282952366681214016e+03 1.298405690596242890e+00
1.208379232550693587e+03 1.288090460343892346e+03 2.923348693619328142e-01
1.337720571451319302e+03 1.329695338635560574e+03 2.116124773449131524e+00
1.397067102399121495e+03 1.053235078217643604e+03 4.411054030760301614e-02
1.577067628659001457e+03 1.093195537938553343e+03 2.585818442179481202e+00
1.374676198472999204e+03 1.114885812729160762e+03 2.216132046920682885e+00
1.517421416086217960e+03 1.126859805199676657e+03 2.444810771620054002e+00
1.628287569114786493e+03 1.197626001996110290e+03 2.288116014486958782e+00
1.365990441311870654e+03 1.194586609066270739e+03 2.463808678412555242e+00
1.509465930986943476e+03 1.216349432223234544e+03 2.591022306562789979e+00
1.448593323825342395e+03 1.282867925718185234e+03 1.284391883500074494e+00
1.548914389403882296e+03 1.292826535180256769e+03 2.400470084855076125e-01
1.623547041347542063e+03 1.336477131399964492e+03 1.081469546383049707e+00
1.694860283974143385e+03 1.065570317302172271e+03 2.664950597404960764e+00
1.575906934816593093e+03 1.093575313896479656e+03 2.591874767317303707e+00
1.660009085792200267e+03 1.094881555369773650e+03 1.877762326956422312e+00
1.515638455825802566e+03 1.127125894728124649e+03 2.472015438043085211e+00
1.784863297447296418e+03 1.139347362746676936e+03 2.145893236602442133e+00
1.627079186094166289e+03 1.196230438364919337e+03 2.261375604642424264e+00
1.776722658726973577e+03 1.211513875378052489e+03 2.239077146818184261e+00
1.549198148743548927e+03 1.292331464928388414e+03 2.535783004402600849e-01
1.723826187763429516e+03 1.297510931484516050e+03 2.912783220686733898e+00
1.620094423177006774e+03 1.335113298257358110e+03 1.136483449432498460e+00
1.695770452282952419e+03 1.063947523234674691e+03 2.714970617194483182e+00
1.783661931454919795e+03 1.135406538564181574e+03 2.222147733584517670e+00
1.775070196951896378e+03 1.209879534778648804e+03 2.350339916174983390e+00
1.951881429141261378e+03 1.284818308901435330e+03 2.149641502881607824e+00
1.720913047012023299e+03 1.296620653041945388e+03 2.975291041720379503e+00
1.950140670785400744e+03 1.285672162597323677e+03 2.234836566933434909e+00
1.188922913078095007e+02 1.268729822118213860e+03 1.623173870624469606e+00
3.420265829444948622e+02 1.343451949747138542e+03 2.837234030856032874e+00
9.765523811215166461e+01 1.366844267355469356e+03 1.901013915864594006e+00
2.109571090685602712e+02 1.386243694964326551e+03 2.654643238325153032e+00
3.300793886199501230e+02 1.392655430830858904e+03 3.709796300938486557e-01
3.641772170537417423e+02 1.434866018311877724e+03 1.019636013580032419e+00
3.404245408556844836e+02 1.343228489440366047e+03 2.805309228527845367e+00
4.395293026416857174e+02 1.399846812485154715e+03 1.643443364188811318e+00
3.282620015203138450e+02 1.392531674807803256e+03 3.583766788936442182e-01
3.638078387693007016e+02 1.432347451370693079e+03 9.913280559041307560e-01
5.618158928653934936e+02 1.237977520250438602e+03 1.601398827970972105e+00
6.634578715325179701e+02 1.267511861737310710e+03 2.112063790876991476e+00
5.607570532382733290e+02 1.371853316678157171e+03 2.706708767330599397e+00
4.383496966429418080e+02 1.398935739127675788e+03 1.582916002756137530e+00
5.854108946940295937e+02 1.461813128220190947e+03 2.655762808841157785e+00
5.591286830233044611e+02 1.240749105568803770e+03 1.550676727384710851e+00
6.627802636281509194e+02 1.268313806319472860e+03 2.055805612779672664e+00
5.598336295831047664e+02 1.372176480315757317e+03 2.699942290408978263e+00
7.040366968997518597e+02 1.371535531888269816e+03 3.059354899391518057e+00
7.100853726999766877e+02 1.427127635056336203e+03 3.132429234235659887e+00
5.840298924294883136e+02 1.465071430976704960e+03 2.609811012371660244e+00
7.120756852565555164e+02 1.495710573878102423e+03 3.044614463596002074e-01
9.798699772529732854e+02 1.301720619674848194e+03 1.946837625572100494e+00
8.831061128688190820e+02 1.330375382801407568e+03 3.609556394132937274e-01
7.094891101671806837e+02 1.432304615515605519e+03 4.791316900354058300e-02
8.970030667970563627e+02 1.491876812763282260e+03 1.281383357771260334e+00
7.188861617179319410e+02 1.496367797139882441e+03 2.848187251807315357e-01
1.154721733575784810e+03 1.228708585134820396e+03 1.098019082248862910e+00
9.789280356819049302e+02 1.300989522944809778e+03 1.888582208620372516e+00
8.789415642971173384e+02 1.331683993343910061e+03 3.855602357265505709e-01
1.100260225591567632e+03 1.334818561085965030e+03 2.714192953131534303e+00
1.055870443811663108e+03 1.388562329409217455e+03 2.105794264215540501e+00
1.125125282996266606e+03 1.441904133735734376e+03 1.579690153803056107e+00
1.036478442264811747e+03 1.454084134852416355e+03 2.851603986995823181e+00
1.174298418906160350e+03 1.472935318923252680e+03 9.772658259906649159e-01
8.948600056392201623e+02 1.488669854394976028e+03 1.133181027916355887e+00
1.154644186473742820e+03 1.226119631182667717e+03 1.143097602921140377e+00
1.243896051298663451e+03 1.217284250481149911e+03 2.435485522393438185e+00
1.211356611000086104e+03 1.285190652500674560e+03 2.778728210150814837e-01
1.340408624503688998e+03 1.327780494378686626e+03 2.210993542933504141e+00
1.098545255491542548e+03 1.334639239949460716e+03 2.708689973815060714e+00
1.205130123908285896e+03 1.365494360636693045e+03 2.467831819320176923e+00
1.054290206481075302e+03 1.388583281113629255e+03 2.093745799533765162e+00
1.328531491379309045e+03 1.409877843568815479e+03 3.097579257574139877e+00
1.123461702753908639e+03 1.440467745754595853e+03 1.591022964028099507e+00
1.035609204161377193e+03 1.457129985948025706e+03 2.715683219044526364e+00
1.171756825872410900e+03 1.471083982222274017e+03 9.616122430015965339e-01
1.368118034541883162e+03 1.194217339779029999e+03 2.405675183627392855e+00
1.242219734581146440e+03 1.218495586558081641e+03 2.409658378342676599e+00
1.450031961036217808e+03 1.280381414527570314e+03 1.325730158233223266e+00
1.208966787958689338e+03 1.285642822248471703e+03 3.016770599790814522e-01
1.338180041817277925e+03 1.329313289693588558e+03 2.092253115511581996e+00
1.203590001605817861e+03 1.366389302927727385e+03 2.466102155598464130e+00
1.327273775339355325e+03 1.410600158298262386e+03 3.087144780171446889e+00
1.344320658495668795e+03 1.496576560251445699e+03 3.113543525247317589e+00
1.629850006081026777e+03 1.195404430494776761e+03 2.365935060100777587e+00
1.368797652224830699e+03 1.197109014809341943e+03 2.511098349171843935e+00
1.509482785344222293e+03 1.214116971983370377e+03 2.592626031739172721e+00
1.449148099705887489e+03 1.279546330705990385e+03 1.321289886199199737e+00
1.549931183413151530e+03 1.290722471546243241e+03 1.523430020465222912e-01
1.620956771745649803e+03 1.333544813060256274e+03 1.160117657758890086e+00
1.517948276333085914e+03 1.357509890892902604e+03 2.337460641462565825e+00
1.631230096152754413e+03 1.457041241954288580e+03 1.855188114464454197e+00
1.579944575591928697e+03 1.476064954276639355e+03 1.797375303357301890e+00
1.350738509903709883e+03 1.501321766900617604e+03 2.457994717279940566e+00
1.625575708929435677e+03 1.193957324007048101e+03 2.372101647310830508e+00
1.778444381193284698e+03 1.208284050568369139e+03 2.335789891672907626e+00
1.507294571444607982e+03 1.215762926411429817e+03 2.679941538894164310e+00
1.548126687318243739e+03 1.291226368745773243e+03 1.634498323820740839e-01
1.722093931992296802e+03 1.295725811603324928e+03 2.879620642487515259e+00
1.620104891966936748e+03 1.333468927913918378e+03 1.139441479804428781e+00
1.673852549196966947e+03 1.370259624896604919e+03 1.607703829990471123e+00
1.514319937505088774e+03 1.356760006269011910e+03 2.423168535785478195e+00
1.816906834145333733e+03 1.380204071926273400e+03 2.035251378268875477e+00
1.747619916907065999e+03 1.400776565456221533e+03 1.845085038041611059e+00
1.630623609598472285e+03 1.465022482433843834e+03 1.808170979828523262e+00
1.695853404088614980e+03 1.472652664517841458e+03 1.484847417286106142e+00
1.577285906920333446e+03 1.474838126415609850e+03 1.784970784012866352e+00
1.773210773864824887e+03 1.493620074192391712e+03 9.903219492350803232e-01
1.774433129253280185e+03 1.208453484200327466e+03 2.362671602679992766e+00
1.950912000024139616e+03 1.286566996869290278e+03 2.188370480259654638e+00
1.721655236506221172e+03 1.295416444224513270e+03 2.918915240379125198e+00
1.864353701951291214e+03 1.363288138496702686e+03 2.223867106438847774e+00
1.670651497479503405e+03 1.370300291733216454e+03 1.590765071773525996e+00
1.933319777017389242e+03 1.384445394590539991e+03 1.736120253968528537e+00
1.813402610209857585e+03 1.377246692135618559e+03 1.973808661299752076e+00
1.746073759436682622e+03 1.400362401616491070e+03 1.843891432479796144e+00
1.694417323862294552e+03 1.467658354062648414e+03 1.377216690056338289e+00
1.856190512923656797e+03 1.486295716517012352e+03 1.668602121864348531e+00
1.770206246406440414e+03 1.492939055939427362e+03 9.574178426133674868e-01
1.949857938583905707e+03 1.284273206581252225e+03 2.199994768770848985e+00
1.863649618487623002e+03 1.363026771613619530e+03 2.160660202407170605e+00
1.933245469606979896e+03 1.383878792204325009e+03 1.739559428751276338e+00
1.853255223867457971e+03 1.483459039468683841e+03 1.681335945240371110e+00
9.601879750739470865e+01 1.369070505245978211e+03 1.930384362365602069e+00
2.104419997002448213e+02 1.386285773951881310e+03 2.620599371442133840e+00
3.277327364226622421e+02 1.393219020689324225e+03 4.188438775520184065e-01
3.637870281448538208e+02 1.432531774557714016e+03 1.069247606447922827e+00
3.428834925739656683e+02 1.519000778083316163e+03 2.774715652808866118e+00
3.075099771215035389e+02 1.620032618929937826e+03 2.530638248991403216e+00
3.430051197739210238e+02 1.348093283668580625e+03 2.843630297972806531e+00
4.395546032669135457e+02 1.398670612195270678e+03 1.641635949415985340e+00
3.297571729724721763e+02 1.391422824323341956e+03 3.928916502456599180e-01
3.640447406530186072e+02 1.430746032183709531e+03 2.533586961567793061e-01
4.722642534551798690e+02 1.502026137592551777e+03 4.719092235017993131e-01
3.422183483783320526e+02 1.517574974394650553e+03 2.712171661835404812e+00
4.361567362383316322e+02 1.583033202468897571e+03 2.744450284673970675e+00
3.074477157909537937e+02 1.619185976821433087e+03 2.494419264656499102e+00
5.617790486901155873e+02 1.372360654631618900e+03 2.684410775282553008e+00
6.985462972381716327e+02 1.362635453535752958e+03 1.873759828485823953e-01
4.372818204755169518e+02 1.396059820855603448e+03 1.653741834312124404e+00
5.862904982328818733e+02 1.462118117015802227e+03 2.583537012015103773e+00
4.705089730829547534e+02 1.502103263914634908e+03 5.242249556300933033e-01
5.728795064822039649e+02 1.536487234012271074e+03 1.913639239517743285e+00
6.591038453863769746e+02 1.556498725044094726e+03 2.509425711362409661e+00
4.336165215510998223e+02 1.582201354554139016e+03 2.791088379012717002e+00
6.606642069582309205e+02 1.626707378098163872e+03 2.650228560758478125e+00
7.044286639041903300e+02 1.371663798561648946e+03 3.093126875286406730e+00
5.622283210540845175e+02 1.372427846840615757e+03 2.692775410379815604e+00
7.105592169045289666e+02 1.424922020470530924e+03 1.703802570739727795e-02
5.862073440186923108e+02 1.462625937366521157e+03 2.583480011025107270e+00
7.128089211320876757e+02 1.491456812975629873e+03 2.835878071147766577e-01
5.720927587045877090e+02 1.535311602456676610e+03 1.918970207425112040e+00
6.582098335171868939e+02 1.556450814525381247e+03 2.480099811649532970e+00
7.593876461103018300e+02 1.563244899666696256e+03 2.842756296639036062e+00
6.606848672463074763e+02 1.627325258934991780e+03 2.656407052919883771e+00
7.084754583336588212e+02 1.426416868782669098e+03 2.997268112637930138e+00
8.971560260108071816e+02 1.489570800330772727e+03 1.349542757119736702e+00
7.115753162347400576e+02 1.491544474138935129e+03 1.845267424633606212e-01
7.573083274898067430e+02 1.562662092114655252e+03 2.770175621397790167e+00
9.670394196307734092e+02 1.562411562850603787e+03 2.972488209087087885e+00
9.244625185180179869e+02 1.599202180940656262e+03 6.522124355351874292e-02
9.915925962681158126e+02 1.657504246649880770e+03 1.039873889001475371e+00
8.847811119675141072e+02 1.657621177548919832e+03 3.012253049601451682e+00
1.055800589301644550e+03 1.385795835043095849e+03 2.096360346472855518e+00
1.125321140084925901e+03 1.437753225786960229e+03 1.637766227484338533e+00
1.036725654277018293e+03 1.452202471470243381e+03 2.757127651788203071e+00
1.174205357162237533e+03 1.467978830516826974e+03 1.053926200223845200e+00
8.960962314271650939e+02 1.489217411490471704e+03 1.326099627788655200e+00
1.058043213659068442e+03 1.521984879139723944e+03 1.390134018379077241e-01
1.175501781025553100e+03 1.550740885494320764e+03 6.512156983125597653e-01
9.637079096772383764e+02 1.563752529248134351e+03 3.000368601822680947e+00
9.208450953486865274e+02 1.599376677824299350e+03 2.272155532483596252e-01
1.084126215128435206e+03 1.606758866915261024e+03 3.009258088678973486e+00
1.180320760543328333e+03 1.642452215762582910e+03 1.235475070896712602e+00
9.871722951875133276e+02 1.658288863667424494e+03 1.040852080838916782e+00
8.858240415497693903e+02 1.659364914942355881e+03 2.153822795738641993e+00
1.205748920979078775e+03 1.364495767928381383e+03 2.451501800463885328e+00
1.053755542490209564e+03 1.388870417958028611e+03 2.084388497492824399e+00
1.327913944156139905e+03 1.407965026754009614e+03 3.066543198899710720e+00
1.123840781804011840e+03 1.439105204819292567e+03 1.652052891545348512e+00
1.036198459300260765e+03 1.452927780468420679e+03 2.691587571543425206e+00
1.172353998368647126e+03 1.469096679347316240e+03 1.010745851963824826e+00
1.056790144878860247e+03 1.522224865494124060e+03 1.634266252668344632e-01
1.262399841936125085e+03 1.550831383145456812e+03 9.929189919421913535e-01
1.172175501653443689e+03 1.550545739126747094e+03 6.800190464002537905e-01
1.339107980552850222e+03 1.577236207934277900e+03 1.939203789936279898e-01
1.080418055616133643e+03 1.608314295966591544e+03 3.099506160904708985e+00
1.276000855783167481e+03 1.641599821521092736e+03 1.827663096101078688e+00
1.173211032925358722e+03 1.645959315050503392e+03 1.364568375050288163e+00
1.208753627879244505e+03 1.368601476093533392e+03 2.385823702012687342e+00
1.327642572942131665e+03 1.408754189753099809e+03 2.991805568748016952e+00
1.345387124000409585e+03 1.492328821435487271e+03 3.019082981781234132e+00
1.454982797017002895e+03 1.524386028740883376e+03 1.776444890994477444e-01
1.260931242779843842e+03 1.549470414042841867e+03 1.019171453646977810e+00
1.341641050507970249e+03 1.575544053578591047e+03 2.146905815936445694e-01
1.417276592276725751e+03 1.622157066334044202e+03 1.025983868018583989e+00
1.273486575065454872e+03 1.641940739500031214e+03 1.854009941718168353e+00
1.498535858458712255e+03 1.633691199494257489e+03 1.033784095665873259e+00
1.517966193658113298e+03 1.355872996370213514e+03 2.339340666199551499e+00
1.633304442199859068e+03 1.462899016977419251e+03 1.852623899648087491e+00
1.578608522863656617e+03 1.472904350091405377e+03 1.770427609958993509e+00
1.453384282954061064e+03 1.525253435389934566e+03 1.947751443605916788e-01
1.566411125205584995e+03 1.598020517833662097e+03 1.907426244355046263e+00
1.654763571541392594e+03 1.605201639722784194e+03 1.834713346147478275e+00
1.416446452791014735e+03 1.622401740588706161e+03 9.191627927256166286e-01
1.494569700831379578e+03 1.634410875526549034e+03 9.690793441299760946e-01
1.673453403249957319e+03 1.369035605858824283e+03 1.683836105037209707e+00
1.518123048067049012e+03 1.363755528037678232e+03 2.596066126616142888e+00
1.816961899593372436e+03 1.379820679290296084e+03 2.172009879978800573e+00
1.747220575379247975e+03 1.400309285720012667e+03 1.946969002134857796e+00
1.630717193977051465e+03 1.464529026770335804e+03 1.935362277781869755e+00
1.695691741271148430e+03 1.470916684419034027e+03 1.517764590147917314e+00
1.577275553785163765e+03 1.473533773371086454e+03 1.823672357828501234e+00
1.771189594870830433e+03 1.492556558261393093e+03 9.826004613919964159e-01
1.735009280977427579e+03 1.595968689785501283e+03 2.564386503331463452e+00
1.562540711010667792e+03 1.600204288527871995e+03 2.009739998546904438e+00
1.654120316793297206e+03 1.611602101412896218e+03 1.131107274270850560e+00
1.716488094968094629e+03 1.643572115012970016e+03 1.775257854936815649e+00
1.671369066725510947e+03 1.374607987108793168e+03 1.423094343834314879e+00
1.865260652370832531e+03 1.363304718878481253e+03 2.281503473530691828e+00
1.935067042676258097e+03 1.383812138470867694e+03 1.730247246629377011e+00
1.813228431375156106e+03 1.377776742641545752e+03 1.996258214195449687e+00
1.746550213740156778e+03 1.400128106602764319e+03 1.904231948887539660e+00
1.695117257893856504e+03 1.472577596811699095e+03 1.504229729488789635e+00
1.856311172933626949e+03 1.486577756352704000e+03 1.706770315059158882e+00
1.770249344685134474e+03 1.492873416683262349e+03 9.599359453036381273e-01
1.735528543201141474e+03 1.594495433267723001e+03 2.551379758404287212e+00
1.712831694615855213e+03 1.647429926045319235e+03 2.046925288373924623e+00
1.866172583055050382e+03 1.367262113083759459e+03 2.225407285780269362e+00
1.933392628244046591e+03 1.385529270333908698e+03 1.783527613292321901e+00
1.855617822804532352e+03 1.487589683843289322e+03 1.726762604353076824e+00
3.448302986447712328e+02 1.512413025633900588e+03 2.761850413825134964e+00
3.085090032272000826e+02 1.618193661200987890e+03 2.543643400701153912e+00
3.421406768415077977e+02 1.516345135146465054e+03 2.803996316059965466e+00
4.358553756281335154e+02 1.582340027672648148e+03 2.787196729587108290e+00
3.066715682898886826e+02 1.618658160814031362e+03 2.519015994270063175e+00
5.301527350834886647e+02 1.723788039192364067e+03 1.562244193738532960e+00
5.727777615196489478e+02 1.536031993822465665e+03 1.937229619624627697e+00
6.602154157732672957e+02 1.553936878056688556e+03 2.610852972683145090e+00
4.337591310515331315e+02 1.581764659010515516e+03 2.848587118316663780e+00
6.618943702586254858e+02 1.628423485962839550e+03 2.732313571041088185e+00
5.275627068248229534e+02 1.723000031898214957e+03 1.478966356169321372e+00
6.655783912731075134e+02 1.724334535778368718e+03 2.442576333092443708e+00
6.112834878090448001e+02 1.764109186892225807e+03 2.501731868318649799e+00
5.716405416688597825e+02 1.537932899799488723e+03 1.973491631324624906e+00
6.582145437727593844e+02 1.555237373414474405e+03 2.520054679757578242e+00
7.594699640760013608e+02 1.562275095658082137e+03 2.853050426429025954e+00
6.605108340334753620e+02 1.627006743711900299e+03 2.671498969173551785e+00
7.588594574160024422e+02 1.669791370564647877e+03 1.306531974614443259e+00
6.634673735019559899e+02 1.724249982841278097e+03 2.409382563021952528e+00
6.102592227325898193e+02 1.763285061152338812e+03 2.480264248135534810e+00
6.996253663555642106e+02 1.816330680280233310e+03 8.298398151363599595e-01
7.574348024913375639e+02 1.562314316273956820e+03 2.761787283790581693e+00
9.675435850288638449e+02 1.562369854783268238e+03 2.917188816260834816e+00
9.240170417879546676e+02 1.597933472060204849e+03 3.172102824963331236e-02
9.883954022900711607e+02 1.657252793372985707e+03 1.092430861261661335e+00
7.573319485871800225e+02 1.670652098183476937e+03 1.379101351088714456e+00
8.853165387068429482e+02 1.654800150008953324e+03 3.046994225120535305e+00
8.953257898219369508e+02 1.702890518455152460e+03 7.691467512210182766e-01
7.067961651108821570e+02 1.809592755787293299e+03 8.091905151907802241e-01
1.058076451455533515e+03 1.518441516353659381e+03 1.789654686972876052e-01
1.171525065984591492e+03 1.550428173841536136e+03 6.893167736826725234e-01
9.628452013475414333e+02 1.561736471088448297e+03 3.018919795770242498e+00
9.212879343691877239e+02 1.597969343713368289e+03 1.276916436941796795e-01
1.083294434426946736e+03 1.605481472069425763e+03 3.009746027987171058e+00
1.174965552380870804e+03 1.644315033252571993e+03 1.368580936548103422e+00
9.867284379756824819e+02 1.657264468912213033e+03 1.074571897227171391e+00
8.850945635500183926e+02 1.654080330001149832e+03 3.093910443172713798e+00
1.067501786735282167e+03 1.680004115056933642e+03 2.112762102181363844e+00
8.922863332780225392e+02 1.701285283607769088e+03 8.729494226172208604e-01
1.048452654464984789e+03 1.729281934540607381e+03 1.998576256334549939e+00
1.142565191053888611e+03 1.788909512636040517e+03 2.729454154975478275e+00
1.056040127371258905e+03 1.517134061578609590e+03 2.404727024456130291e-01
1.262591746761798959e+03 1.548469624758669397e+03 9.266446046324657848e-01
1.171957925882747759e+03 1.549487713732925158e+03 6.575208099362436220e-01
1.337242564391562155e+03 1.574039176145183092e+03 1.663712736532181879e-01
1.081858524772449528e+03 1.606059246425980064e+03 3.018738805289515881e+00
1.172554315312492690e+03 1.643652541553298306e+03 1.385791641892595738e+00
1.274226376281361581e+03 1.640562350950067867e+03 1.898031007422210203e+00
1.066046328023744536e+03 1.680254392909454509e+03 2.122524599698009329e+00
1.339699426507406770e+03 1.667879531992927014e+03 1.493925939737756892e+00
1.188166987809443526e+03 1.715410577717943397e+03 5.113415400152846457e-01
1.290891413546992680e+03 1.742887320706060564e+03 2.638135967356102451e+00
1.046049799213617462e+03 1.728500219634949872e+03 1.992699492206109424e+00
1.150392381321092671e+03 1.798015168464574799e+03 2.757597811993632408e+00
1.279673063505348182e+03 1.793261346613483283e+03 2.636440786844621798e+00
1.451963575862375592e+03 1.523287725144020669e+03 1.831148340686631071e-01
1.260629380394336295e+03 1.548528546229217682e+03 1.006138411370789632e+00
1.339700436764425149e+03 1.574489990627438374e+03 1.650594406447830342e-01
1.416697146787910697e+03 1.620125065351475541e+03 9.701174244141745895e-01
1.273632425505240690e+03 1.641417131349372767e+03 1.935037103732428765e+00
1.495488690117211263e+03 1.633349357772473695e+03 1.014175860126998119e+00
1.336585926931937593e+03 1.667418696041262365e+03 1.548763029047900197e+00
1.383227465347627458e+03 1.722070195823065205e+03 1.244016211877787326e+00
1.488455831665350161e+03 1.696913113507072012e+03 1.759405743995151039e-01
1.285751219091560870e+03 1.762486590123284714e+03 2.655708261834439643e+00
1.451563256820730885e+03 1.522749089137783585e+03 9.497918246374960349e-02
1.565263118811996947e+03 1.598302427938628625e+03 1.997704925130334708e+00
1.657190706523615063e+03 1.610729569780663724e+03 1.978743193470899442e+00
1.415865993370772685e+03 1.619950795280160719e+03 9.317867213931874115e-01
1.494054432417449107e+03 1.632263053885797262e+03 9.532617683102966311e-01
1.627107749829191107e+03 1.678179148481597849e+03 1.991466288023088005e+00
1.382119464807751228e+03 1.722748885885667050e+03 1.215365584504898289e+00
1.489889318986120088e+03 1.699562409078592282e+03 1.901034280523173081e-01
1.550653618757289678e+03 1.745723382932564164e+03 6.812985301397613824e-01
1.581853097472997888e+03 1.797280598881157403e+03 1.024618020703426557e+00
1.736148337110621924e+03 1.594164524131577764e+03 2.476091159005506359e+00
1.563946365527394391e+03 1.597337667466277026e+03 1.968580566213188776e+00
1.653851537990156885e+03 1.609345040141302661e+03 1.892421740879460579e+00
1.716531993924628523e+03 1.645103665523701466e+03 1.870069271873366690e+00
1.625962687182136960e+03 1.677726352910118067e+03 1.946613758264040595e+00
1.549559084031457132e+03 1.746217734463883062e+03 6.860418936495487063e-01
1.761966600211360401e+03 1.763352513686622615e+03 2.643245526434571335e+00
1.579264266938205765e+03 1.795601521065884526e+03 9.403885524282841191e-01
1.693463300154309763e+03 1.821355345280018355e+03 1.229519690979977931e+00
1.736106415648511529e+03 1.593809313933532394e+03 2.440086115050422055e+00
1.716074714303249266e+03 1.647745547589937132e+03 1.846825924606780633e+00
1.761171423074445329e+03 1.763393893071442108e+03 2.644905478243797958e+00
1.693303917401597118e+03 1.818331645293625570e+03 1.229615967080033512e+00
2.091363058704761215e+02 1.856975164114542849e+03 2.794690909340529661e+00
3.379731487791893301e+02 1.951111352407573577e+03 8.234771770519205836e-01
5.298501376264600822e+02 1.723838530514681679e+03 1.684845183937414781e+00
3.361420798394550502e+02 1.949950816957961706e+03 7.577244485745848745e-01
5.269513914051000256e+02 1.720920065015077398e+03 1.575507702102532770e+00
6.661245545450497048e+02 1.722339604696867127e+03 2.486269454674992385e+00
6.100131438525110070e+02 1.763344973700745868e+03 2.521147669154396809e+00
7.005996854754546348e+02 1.816102543975352091e+03 7.887636913872994038e-01
7.577623598268578462e+02 1.672068001327607590e+03 1.326043022624929568e+00
6.643224414905542972e+02 1.723406491990474251e+03 2.446544642257916458e+00
6.097300984173241432e+02 1.763773201142741300e+03 2.491866343793134764e+00
7.009978835164440625e+02 1.815266672264764566e+03 7.983363163162574550e-01
7.544278198909676121e+02 1.674729013538882555e+03 1.357172532214135918e+00
8.949594927781629394e+02 1.702927290220045734e+03 7.941977495406806753e-01
1.067614400440686723e+03 1.682218470772425690e+03 2.353695136430966173e+00
8.920669440790068165e+02 1.700487469067453731e+03 8.597727488934862050e-01
1.048424573490064176e+03 1.730285780144793989e+03 2.021496862813255468e+00
1.149822662475909283e+03 1.793022845270433891e+03 2.825444443963885721e+00
1.044278131720597003e+03 1.828244470514348450e+03 2.501020424570503664e+00
1.164062872400239485e+03 1.852387958820999756e+03 3.647573351001402453e-01
1.056900303193846639e+03 1.910956929637853136e+03 3.637966539030337582e-03
1.066060837934792289e+03 1.687232912260259582e+03 2.394488145927940348e+00
1.188469127920137907e+03 1.714238756716664966e+03 5.481184433420288604e-01
1.286267427401629448e+03 1.768547456218113439e+03 2.186546005252519853e-01
1.047394220410756134e+03 1.730117876067003408e+03 2.015172605486433621e+00
1.150676771063081105e+03 1.794343705816528200e+03 2.715718787352546570e+00
1.041632907285167903e+03 1.825752989940857560e+03 2.508691569021855194e+00
1.165121016803622297e+03 1.851107941437896670e+03 2.990054158973300402e-01
1.269915034290465883e+03 1.889362334732066302e+03 1.013398147034240804e+00
1.185870874196203886e+03 1.908944435737050753e+03 9.413686070062753375e-01
1.053494162740954152e+03 1.911176958422358894e+03 3.097866860520384513e+00
1.275284635242023114e+03 1.975354821172274114e+03 1.171715194757077860e+00
1.383235058468983880e+03 1.720719655756299289e+03 1.201469914384890147e+00
1.488764135752972834e+03 1.694846638062109605e+03 3.075211483827365866e-01
1.187940881748969559e+03 1.711396635615690229e+03 5.058150063331086077e-01
1.285693235656781098e+03 1.767845895853837419e+03 2.829451127332042404e+00
1.366357906775449010e+03 1.825639515712509592e+03 3.129491616578369939e+00
1.423127822729858508e+03 1.867297306043203207e+03 1.087245560369854536e+00
1.269042216482542472e+03 1.888828630685244661e+03 9.734265464204621132e-01
1.339908964938202189e+03 1.908824069515946576e+03 1.556676476907301376e+00
1.273556302822174530e+03 1.974833774932189499e+03 1.235211187715769210e+00
1.628251268283097261e+03 1.683452539228936303e+03 2.123880415621852258e+00
1.381556923933741928e+03 1.720757854186570285e+03 1.219680408337092903e+00
1.490535912544199618e+03 1.699584300474360361e+03 2.368442464224952970e-01
1.550971876938697505e+03 1.744883588686917165e+03 7.020958269516425210e-01
1.582128154647528845e+03 1.795401039643505101e+03 1.028471543128028687e+00
1.365320276767795121e+03 1.824928951292840566e+03 3.130473152557038397e+00
1.422400289441583709e+03 1.868960679068259196e+03 1.106027359248023867e+00
1.625388423879176344e+03 1.679775867219987276e+03 2.009348278479492045e+00
1.548414656217482843e+03 1.744766438242127379e+03 6.801523344447087949e-01
1.760964758354742116e+03 1.763192417375956893e+03 2.616209385455964931e+00
1.580297703371392345e+03 1.795662794228066332e+03 9.953939178770643270e-01
1.693142673149698567e+03 1.819247183251431807e+03 1.261384661006220043e+00
1.778992647574355715e+03 1.862581603117420855e+03 1.028611984284037550e+00
1.759488164921026510e+03 1.761490458202167019e+03 2.615495133033831632e+00
1.692955285204239090e+03 1.818105072155901780e+03 1.299760368764635521e+00
1.778122503750224041e+03 1.861712732367912167e+03 1.048680895155580828e+00
2.100814576281046584e+02 1.856896933237530902e+03 2.780657224062819566e+00
3.375502284655447056e+02 1.948232001496035991e+03 8.177294356589577262e-01
3.366444096350545578e+02 1.948277635824270874e+03 8.077730613991174202e-01
1.044265919006995091e+03 1.827747476516366760e+03 2.577851676360426669e+00
1.157391436317752550e+03 1.852486716427849842e+03 4.512989380665601291e-01
1.056218231244191884e+03 1.910710791502614484e+03 8.867009068869785224e-03
1.176562331409313856e+03 2.002728008689194212e+03 1.177193091330663854e+00
1.102491744470424464e+03 2.021726995705285844e+03 1.857565899526500752e+00
1.048406363272371209e+03 1.832745166044268672e+03 2.558944737087443855e+00
1.165753997366509111e+03 1.849978941268207336e+03 2.946841620190079336e-01
1.270679045129706765e+03 1.888236143918065864e+03 9.814894110761781532e-01
1.185696738364783414e+03 1.909315438354544767e+03 8.505340221518690180e-01
1.056246586994665904e+03 1.910340554041517407e+03 3.061404244007852160e+00
1.274928519153348134e+03 1.974286810918181800e+03 1.191706640643024784e+00
1.175681066391533932e+03 2.001413499106535710e+03 1.188400862507607236e+00
1.103420805434712747e+03 2.022161179885803904e+03 1.936433265597997666e+00
1.423931484109355779e+03 1.867583443562773709e+03 1.068452513696227735e+00
1.270674310312705074e+03 1.887631341229455302e+03 9.623006628124559647e-01
1.341278363030343826e+03 1.908173274975751610e+03 1.576305754673712922e+00
1.274044374099522656e+03 1.974342991295121919e+03 1.185715508290651643e+00
1.422503529897201361e+03 1.869014537925879267e+03 1.119256571540313105e+00
1.776454000320241903e+03 1.865327463080580856e+03 1.097292121061017589e+00
1.777621879239773989e+03 1.861201981813241900e+03 1.099642136524506597e+00
1.173036376632259362e+03 2.006677824634720764e+03 1.221614368592465860e+00
1.102604653423406489e+03 2.021483930313369910e+03 1.936142536586306750e+00
1.175614558669389908e+03 2.001079614689921527e+03 1.175597218506138297e+00
1.101446140503267088e+03 2.021840995211844529e+03 1.939603734037034233e+00
