9.144993014027181744e+02 2.725237218721699151e+02 8.707757253745173065e-01
1.069903405235637365e+03 2.453235857780758806e+02 8.332981641053966992e-01
9.135174676029623697e+02 2.711522430322631294e+02 7.928019498986617064e-01
1.123326201014188428e+03 3.464888716714430075e+02 1.781584061112902351e+00
1.077094792636047941e+03 3.788405324075170029e+02 2.253201340017429111e+00
1.070030822686514512e+03 2.449004469989068298e+02 8.349463164045449748e-01
1.122192425762748371e+03 3.466084257592297604e+02 1.804780103091633503e+00
1.074558517722488659e+03 3.789102248529200097e+02 2.262709332659311734e+00
1.495399700355198092e+03 3.116920860837542477e+02 1.128856376489486557e+00
1.379695610753435176e+03 3.320265535176833396e+02 1.030624926752654158e+00
1.493392907339676867e+03 3.085174104929744772e+02 1.109853651448191592e+00
1.379951847609079323e+03 3.293112117957386999e+02 1.035634056608919051e+00
1.565194349567750351e+03 3.328372090768232283e+02 6.442664243117659506e-01
1.750590341034918993e+03 1.980898338302599768e+02 4.614999305920370470e-02
1.710609175635685006e+03 2.565071333237599447e+02 2.309546718157496348e-01
1.563995794368067664e+03 3.338512268219697035e+02 8.037050186795651197e-01
1.675744300133714205e+03 3.324596245934916396e+02 5.981239835286307205e-01
1.794063365282550421e+03 3.328687051114929432e+02 7.324339893724775286e-02
1.749632427456949699e+03 1.982044713503577213e+02 1.078826902467183019e-01
1.710284629279413821e+03 2.569081725198105914e+02 2.841595583213554210e-01
1.678386968692416758e+03 3.318936391463175823e+02 6.900925258700013609e-01
1.794329680931015218e+03 3.329747238767324120e+02 1.694675791546598753e-01
3.875622440591251916e+02 5.152159525302898828e+02 1.517350974324640722e+00
3.893766474509917543e+02 5.048085502731794350e+02 1.548997933944179284e+00
9.141560380533881016e+02 2.704351914075548962e+02 8.481304672412425250e-01
1.070264313979413600e+03 2.439939286301107018e+02 7.847499232491620402e-01
9.115310311639511838e+02 2.683777372116654760e+02 7.404162456453873276e-01
1.123383197152713592e+03 3.449204739992232476e+02 1.794894457328664705e+00
1.077011529732449389e+03 3.811514450558902354e+02 2.257286127563504330e+00
1.040434150189234060e+03 4.852659872839486752e+02 6.320124360573358135e-01
1.112615675761963075e+03 4.995833550839934105e+02 1.169386604186426482e+00
1.069065812241403592e+03 2.410551714747257961e+02 7.859865263473168051e-01
1.122563715707532310e+03 3.432248602864651730e+02 1.765396913624607711e+00
1.075566981586828206e+03 3.805019526005366970e+02 2.267451375013802561e+00
1.042217156301011073e+03 4.837001288901394673e+02 7.060243502528903425e-01
1.111128447814150604e+03 4.980076710785886007e+02 1.071956999627843299e+00
1.145358622012196975e+03 5.346525389367302523e+02 4.098090741773433021e-01
1.495273851668552879e+03 3.081702169299400111e+02 1.017700719796574838e+00
1.378996530134230852e+03 3.324668876877757384e+02 1.020469952619483367e+00
1.455150620819971209e+03 4.052940996601405459e+02 9.288550742673304939e-01
1.375222291970552305e+03 4.200235925214600456e+02 1.000093852459406962e+00
1.372332183988266252e+03 5.075688066970151340e+02 7.729728751480786642e-01
1.461381697193351101e+03 5.409253374398954293e+02 2.950793940265028059e+00
1.493400794887939355e+03 3.090553596666285330e+02 1.134040927565129975e+00
1.378186998763433621e+03 3.323477656397759574e+02 1.070575388651906046e+00
1.564524766874137640e+03 3.355078667955444871e+02 6.500487900500493410e-01
1.454061167504533842e+03 4.056412749658491066e+02 9.252331439000748281e-01
1.550933421223070809e+03 3.961358756610819682e+02 6.559093254691732433e-01
1.374916574624513487e+03 4.197910237837609202e+02 1.035468736700396519e+00
1.533134663917272292e+03 4.533697210408736282e+02 1.044387720301436506e-01
1.373727003310475993e+03 5.043414205214423873e+02 8.275995674900967769e-01
1.622559894639856338e+03 5.001092531463964406e+02 2.935203208462575208e+00
1.541813973081372978e+03 5.113071972273027086e+02 3.076892623340160338e+00
1.711241202511387201e+03 2.565974106336325349e+02 2.499703950449198575e-01
1.564340264323190468e+03 3.355967229685804796e+02 7.650475554208031603e-01
1.676577984598754483e+03 3.323897247873477454e+02 5.939024844230853528e-01
1.796201322426020170e+03 3.318521332404225745e+02 4.676967890873039851e-02
1.549857237827803374e+03 3.962864205740904708e+02 7.721070221194252792e-01
1.671823138565345289e+03 4.039184258133556114e+02 7.747672920800262597e-01
1.706565390762572406e+03 4.465864176428228802e+02 2.693746636063329980e-01
1.531573680227274963e+03 4.537755167470439801e+02 2.327728057890801061e-01
1.779946739089676157e+03 4.888823305212659989e+02 1.677013155884625739e+00
1.624514100445856229e+03 4.988522924861792944e+02 2.949425934914385650e+00
1.554203008482751557e+03 5.161082758349618871e+02 3.248575803678840912e-02
1.712829274704769205e+03 2.536297754139499716e+02 2.527428904724898784e-01
1.675194062215060512e+03 3.315768433006252280e+02 6.103794244409124214e-01
1.795717753323016495e+03 3.319210018175717778e+02 1.396098702897691501e-01
1.670587130605567381e+03 4.044953047115952813e+02 7.012386501288224716e-01
1.858609630955935700e+03 3.999386425226846313e+02 3.088379062605688397e+00
1.708095211566449052e+03 4.481684040572879439e+02 3.982836755914233584e-01
1.779390472363191520e+03 4.890561569021173227e+02 1.572488522935482802e+00
1.857394886741456276e+03 4.007632825227444755e+02 4.180355298149496246e-02
3.872254224586853297e+02 5.149136359364352984e+02 1.521715873997006474e+00
8.079541482321988042e+02 6.857139112424408722e+02 1.907225249846252302e+00
9.391312876330418931e+02 5.716061249963880755e+02 1.778259802580906879e+00
9.996966621124133781e+02 5.794729304181580574e+02 1.243912347692474940e+00
9.010937059442940154e+02 6.420663309200942876e+02 1.934018412067229020e+00
8.067819413098696941e+02 6.898864928367192988e+02 1.824559019071869459e+00
1.040991584837744540e+03 4.841075475212161336e+02 6.260223398534435768e-01
1.113078758150061731e+03 4.972587205054043125e+02 1.100135527446130190e+00
1.141148858891389636e+03 5.314466082449597479e+02 2.252730434924381242e-01
9.393243244059035533e+02 5.729688925786248319e+02 1.778043151723679438e+00
9.982761710985087120e+02 5.798922093253996763e+02 1.266172080707997027e+00
1.041938854851714723e+03 6.077343682710552457e+02 7.655343961078385773e-01
1.164676433080282550e+03 6.231624685845260956e+02 2.298300765098085563e+00
8.992372010424423934e+02 6.443922651574952170e+02 1.919999346314511968e+00
1.039273033684635493e+03 4.832523528095256324e+02 6.783124463644454316e-01
1.111835100090890137e+03 4.977143803081879696e+02 1.133015067086208472e+00
1.142119066627154780e+03 5.316831130412566608e+02 3.000527798135127489e-01
1.223886425518386204e+03 5.480327394517663606e+02 9.529597542574911317e-01
1.041881429339060332e+03 6.071083299480801543e+02 7.561417264106538028e-01
1.253851512933988943e+03 5.938065486033834759e+02 4.746100175654709152e-02
1.163800731525608626e+03 6.230866847265488104e+02 2.284510507882077324e+00
1.273426256631841397e+03 6.904848144130095307e+02 1.302636274652918091e+00
1.451754263457565230e+03 4.060982829770200624e+02 9.118580128006295027e-01
1.376139114568754394e+03 4.186942047813131467e+02 1.039994931021139823e+00
1.373074763746986719e+03 5.065928724447919649e+02 8.513672865349399821e-01
1.221440358060185417e+03 5.490408807057731337e+02 9.989104413136687954e-01
1.468085854446195299e+03 5.393112123269389713e+02 3.037095731270628818e+00
1.248922383092790824e+03 5.934739914085225791e+02 3.135103218555257865e+00
1.270459811633144682e+03 6.908925757400585326e+02 1.378266592770243992e+00
1.391084466636593788e+03 6.753987340635310375e+02 3.046827045017173052e+00
1.453326244742394465e+03 4.033144081875356051e+02 9.794294444115484444e-01
1.549494826066255200e+03 3.982175360934960509e+02 8.962429293871538860e-01
1.372545822820742160e+03 4.179565892272181600e+02 1.067636366548923910e+00
1.533955288857273899e+03 4.514106687568163352e+02 2.223622037847715338e-01
1.370809826703479530e+03 5.075351408898961836e+02 8.820382345448990469e-01
1.626100879859990300e+03 4.972364570446392236e+02 2.980075352206354999e+00
1.523548562318009090e+03 5.070761101997188689e+02 9.243216699041107987e-01
1.553224163122197297e+03 5.119303136151600029e+02 7.131410705476679546e-01
1.467760811301873446e+03 5.387003151391576239e+02 3.090073478326011092e+00
1.595638376555183413e+03 5.832082897390143899e+02 2.638222573972323737e+00
1.519116289793843180e+03 6.137385282414206813e+02 3.019324752250629018e+00
1.525883644329847812e+03 6.677648949879471729e+02 1.614633164268167442e-01
1.391492348255667594e+03 6.763625585029869853e+02 3.135291970523361282e+00
1.551624883990270519e+03 3.932890949091948869e+02 7.465521066903039182e-01
1.672150162394915924e+03 4.022504372438008886e+02 8.656667718957017366e-01
1.707797563740260330e+03 4.449881879415693220e+02 3.353847053972101588e-01
1.530549140758559133e+03 4.519595651768862581e+02 1.556366164369656635e-01
1.778901726610079777e+03 4.887610767816719317e+02 1.565932555774945500e+00
1.625216734388866598e+03 4.977972583592305682e+02 3.025998448847193600e+00
1.553909764560396297e+03 5.125851885379981923e+02 3.135403387120563323e-01
1.699034766576085076e+03 5.520378672862710800e+02 8.728547796988788132e-01
1.594527543025879140e+03 5.837345554056231549e+02 2.675457789478436155e+00
1.731088800167723548e+03 5.976714748132568502e+02 1.119902474834086753e-01
1.515116808337290649e+03 6.157180905871390451e+02 7.507184451056886365e-02
1.663216827128191198e+03 6.557823541881592746e+02 3.081592629415693896e+00
1.525827612615217276e+03 6.693739335196910361e+02 2.279646882839660160e-01
1.673161746960220171e+03 3.960691805739232905e+02 7.350289027344677484e-01
1.857934909094991099e+03 3.977999151478712747e+02 3.130091602343884727e+00
1.705640750477919482e+03 4.468380453404715809e+02 3.252101267940472606e-01
1.778557175607612635e+03 4.881663175385906470e+02 1.530570343733677730e+00
1.697883404816628172e+03 5.521578382856505414e+02 8.035479555452090805e-01
1.841131186200033653e+03 5.563612239811071731e+02 2.159287526349330300e+00
1.730351577301222051e+03 5.988254874203801137e+02 1.866893421564001510e-01
1.836728347039101664e+03 6.316018962999087307e+02 6.693078912848823836e-02
1.945713444781660655e+03 6.623451534484340755e+02 2.077572559325001400e+00
1.861346333557123671e+03 3.980893657817648545e+02 1.520541227139554918e-01
1.839894193457825850e+03 5.555299986482601753e+02 2.268388837628783961e+00
1.838213302200150565e+03 6.315489375427436016e+02 1.112320405454311628e-01
1.946742082503802521e+03 6.631574148593898599e+02 2.233295754997805638e+00
1.408784442884971213e+02 7.309474695884575794e+02 1.776369004468052681e+00
8.085336343505414334e+02 6.896342952022434929e+02 1.797430055718461039e+00
9.423982895584254038e+02 5.710373490249808128e+02 1.805658311597663213e+00
9.969368552569462736e+02 5.817172178090950183e+02 1.090771673939107123e+00
9.013862783239269447e+02 6.427396050459104799e+02 1.946931724249392204e+00
8.078877470433678809e+02 6.910941104960123766e+02 1.770455638736060600e+00
9.576328640498520599e+02 7.158259128642910127e+02 1.460372804744525466e+00
8.767246210803798476e+02 7.435352380092714384e+02 1.803498767693638927e+00
1.000354551644931234e+03 8.207462705157331584e+02 1.729633723858399863e+00
9.393476867418196434e+02 5.717483290739384074e+02 1.830802494422090199e+00
9.984624020688297605e+02 5.786247424147065885e+02 1.209120597583273504e+00
1.041838857463415025e+03 6.064690183290317691e+02 6.841638722541235618e-01
1.166217007491581626e+03 6.215943286879924017e+02 2.428776158198026724e+00
9.011898996005254503e+02 6.428799832835819643e+02 1.944572482804008073e+00
9.570859936965243833e+02 7.157989091164467936e+02 1.502231068358021782e+00
1.139394624915703616e+03 7.220429569934930214e+02 1.145546483543515848e+00
8.746299670007456371e+02 7.443324222765900231e+02 1.811791131334479887e+00
9.999355734123519142e+02 8.241482045478524014e+02 1.768278841733716300e+00
1.222584377017834413e+03 5.501473899992382712e+02 1.060505376855048087e+00
1.040973320822298547e+03 6.041589907029056121e+02 7.801365763176076884e-01
1.252168939444817852e+03 5.939767078363138353e+02 9.839651913500262193e-02
1.162629992074525489e+03 6.220225061730524203e+02 2.294970425911133649e+00
1.270520465758439514e+03 6.920983915601912031e+02 1.231706065506582792e+00
1.138093324356852008e+03 7.227394940077623460e+02 1.220887558999384392e+00
1.314097796088168707e+03 7.714222512168913681e+02 3.102575941889875288e+00
1.228334677413392683e+03 8.049555801531944326e+02 2.324972618117386869e+00
1.250376950060220906e+03 5.930317043776130959e+02 7.086237194406171114e-02
1.269358863653232675e+03 6.910103582407382419e+02 1.269682498068178900e+00
1.391461297363794301e+03 6.727454711515952113e+02 2.705468483058520376e-02
1.375004095424822026e+03 7.366286368695325564e+02 3.141284119659709884e+00
1.314862633041929257e+03 7.711265930331924210e+02 3.102860125721409901e+00
1.225091405439647133e+03 8.067431133516103046e+02 2.246359532821435856e+00
1.422916531983383265e+03 8.556134942006749498e+02 1.859590907455968667e+00
1.597902462539138924e+03 5.809752840863118308e+02 2.664434197421754469e+00
1.519266463384885128e+03 6.117428406965364047e+02 3.114344011682077085e+00
1.526929689394796696e+03 6.677735585121228041e+02 2.278197459247442158e-01
1.389486024617677913e+03 6.730192788904008694e+02 4.525044729459409137e-02
1.640499473338263442e+03 7.086564422482133523e+02 2.726633209964445914e+00
1.580242954582654420e+03 7.575724986681334485e+02 1.731070595262828693e+00
1.372781450655252456e+03 7.368904985992285219e+02 1.058485623736077829e-03
1.421114416812799391e+03 8.565805877856212192e+02 1.843289377133879414e+00
1.698699435808446424e+03 5.509111766273734929e+02 8.305305040315948961e-01
1.595693081425658875e+03 5.828321313946564715e+02 2.687396829233176465e+00
1.732242291070542933e+03 5.991800506480692547e+02 2.403667074701644202e-01
1.517656024714210389e+03 6.144116058640712481e+02 1.645876281247380390e-01
1.662918722159023218e+03 6.540521856037659063e+02 3.116767240343897516e+00
1.524187047583139474e+03 6.681154186346459483e+02 2.210572896978967306e-01
1.638728431849408025e+03 7.097367279735265129e+02 2.736271910078234004e+00
1.579650499155444322e+03 7.592705036834117891e+02 1.753002171431306211e+00
1.697963650637315823e+03 5.489786325357255237e+02 7.458670727712286563e-01
1.841626305983940938e+03 5.564593377942723009e+02 2.223462325075322266e+00
1.729624397466889832e+03 5.986886247425084093e+02 2.107328031250681188e-01
1.836579988897748535e+03 6.314277086905792657e+02 1.006184378788089057e-01
1.947918857735954134e+03 6.636448368548483359e+02 2.164148915244339388e+00
1.897015055318199302e+03 7.113564770881348522e+02 1.572561681196695149e+00
1.838546873435503358e+03 5.569355972327001609e+02 2.370242840734134049e+00
1.836276236824545322e+03 6.306414015188227040e+02 1.552434892676393119e-01
1.946232540907435578e+03 6.628568725094426100e+02 2.224700475622324536e+00
1.895500412160393807e+03 7.106614147127127126e+02 1.615964356999565643e+00
1.410223441951430914e+02 7.310230416389794073e+02 1.798955305208710165e+00
4.538589102960669379e+02 9.146973128266570257e+02 1.180413533612901800e+00
4.518036588598375829e+02 9.148777501806250712e+02 1.159092795898189587e+00
6.778022103562703933e+02 9.902767592029165371e+02 1.271478696358460780e+00
6.735466286040648356e+02 9.921267004044409532e+02 1.300573138686641039e+00
7.538943121624945434e+02 9.853747849774108545e+02 7.650904665492792578e-01
9.572118047012836541e+02 7.177129636747390578e+02 1.493712883395375446e+00
8.771991652097090082e+02 7.428784838521178244e+02 1.796987855892735686e+00
1.000320336245995804e+03 8.221976214583721685e+02 1.771689966974638875e+00
9.605323916523411754e+02 8.876826425603594544e+02 2.625192680668995138e+00
7.521321947161303569e+02 9.875333155722667016e+02 6.754365494068244047e-01
9.561129724437234927e+02 7.154219916979360505e+02 1.447340402755310285e+00
1.136872264546077531e+03 7.251052857138784020e+02 1.154979139808112842e+00
8.746456723393976063e+02 7.479127727820927021e+02 1.802347440678600199e+00
9.985583242323182276e+02 8.228659996439292854e+02 1.760151951205003007e+00
9.584212313351865760e+02 8.873805452155897910e+02 2.632544438548033217e+00
1.137896286015216901e+03 7.192039122830854012e+02 1.173351756459105388e+00
1.312634486926476939e+03 7.709106110725789449e+02 3.094817193699191282e+00
1.226852560444268420e+03 8.034832696828309508e+02 2.377377057229292934e+00
1.317247156996347712e+03 8.748334962572344011e+02 1.449838086009282101e+00
1.186688957959906929e+03 9.017860313638334446e+02 1.536050848508552447e+00
1.231752695155933907e+03 9.525770197614594963e+02 1.204718154221656068e+00
1.273259549171386880e+03 9.926945519178154882e+02 8.993075420161532607e-01
1.374623197716321101e+03 7.351802089130618469e+02 8.494035651428078620e-03
1.316351533357140852e+03 7.692220612996246700e+02 3.136430380758757241e+00
1.226370341666046443e+03 8.023722528236066864e+02 2.352083819500498496e+00
1.423958102819386795e+03 8.559932859864195507e+02 1.921607419208203549e+00
1.318148517529748915e+03 8.729371236801703162e+02 1.434436476917452463e+00
1.382163701540094280e+03 9.171245197657947301e+02 2.136645250036435684e+00
1.229792217702960215e+03 9.518234561593185390e+02 1.270950928352535092e+00
1.269038980186960998e+03 9.910638968132257105e+02 8.617611288375102152e-01
1.483763820855503582e+03 9.913781222081927353e+02 2.980049869744926472e+00
1.364423149040777616e+03 1.006819186791426773e+03 2.660022552057697554e-01
1.381985617264325583e+03 7.343233623918683861e+02 4.461155195717044636e-02
1.580701601646081372e+03 7.558685762702100419e+02 1.741107759430604807e+00
1.423589716914436849e+03 8.569420334219480537e+02 1.911852025884474005e+00
1.381895643666818842e+03 9.187241345694219490e+02 2.147551757534307271e+00
1.547942033192634653e+03 9.435908309836420358e+02 2.201506311842459596e+00
1.486503273938918483e+03 9.899968513891112707e+02 3.101137234217605787e+00
1.367114091026495544e+03 1.005800209503025371e+03 4.039478272267383874e-01
1.638526795728764910e+03 7.064305698758691960e+02 2.828287418643516737e+00
1.579904194393898479e+03 7.572762579958657625e+02 1.777498414431416096e+00
1.545866048995862229e+03 9.458237237670891773e+02 2.228921846607143653e+00
1.894082620856735957e+03 7.140242596834410733e+02 1.713064285953585175e+00
1.894189379081300558e+03 7.137580055075225118e+02 1.697733225315491756e+00
3.683293458591299441e+02 1.160139072630138799e+03 1.027182543482372257e+00
4.534952654035810156e+02 9.139900127666539902e+02 1.220236838971300530e+00
3.855718394973546310e+02 1.039388058373978765e+03 7.056432024171613859e-01
3.696204932154273592e+02 1.156950673580647390e+03 8.298821865613664750e-01
4.529829714890233845e+02 9.139559486699470199e+02 1.176180244021156840e+00
6.767198149802052285e+02 9.891891469792385578e+02 1.298782537788035762e+00
7.010625128301055611e+02 1.157733061179193555e+03 2.986701506167749987e+00
6.738999241102945916e+02 9.898935892503079685e+02 1.332852603212804521e+00
7.546339557810318865e+02 9.841672037871405792e+02 7.939190739535281205e-01
7.035519905229459710e+02 1.155534359718663836e+03 3.608000836179799803e-02
9.624723173959264386e+02 8.831738632138271896e+02 2.525303274844041823e+00
7.530820238541963363e+02 9.846442125017865692e+02 8.096882364712081337e-01
9.940890011788640095e+02 1.150431681480937414e+03 1.631643933623371678e+00
7.071034670568360525e+02 1.157473878920673997e+03 1.840036802905409274e-01
9.567864104526577194e+02 8.833484261927644638e+02 2.659824675994959975e+00
9.889088148504149558e+02 1.151726198681499682e+03 1.593186558322754243e+00
1.051094929117037736e+03 1.165986416960330871e+03 1.675948599954262264e+00
1.104038313125009608e+03 1.174588061025460775e+03 1.400546903638047125e+00
1.318245957077222329e+03 8.755193641125420072e+02 1.273109006597157533e+00
1.187000638483337752e+03 8.980444851206596013e+02 1.516065267408803985e+00
1.232227324248895457e+03 9.498730711250836976e+02 1.161047091706862933e+00
1.272529212064089052e+03 9.886403434796930014e+02 8.242747211927238249e-01
1.202108457650951323e+03 1.084728976286866782e+03 1.962952758802262609e+00
1.288870042613458736e+03 1.091568068870405341e+03 1.843342933668257411e+00
1.046701819617406954e+03 1.162027576519810282e+03 1.863431375400645962e+00
1.100910578240404220e+03 1.174489388488247187e+03 1.343784079755279803e+00
1.317843779154794902e+03 8.717346699265372081e+02 1.390775558929466582e+00
1.381920062660355370e+03 9.151899831961652581e+02 2.130124132980701468e+00
1.230194783455394372e+03 9.501928040035415961e+02 1.201391805383481781e+00
1.270137576406767948e+03 9.891380379624522448e+02 8.522699999267459026e-01
1.487428617397705921e+03 9.897230644450858108e+02 3.069934694215545434e+00
1.363152242804909292e+03 1.004927511754515763e+03 2.926282145613763874e-01
1.423421680354935006e+03 1.063078610902347464e+03 2.955446110682803162e+00
1.198106074881141467e+03 1.085752026649425034e+03 1.874427032523518610e+00
1.348887068281151869e+03 1.083193841465898231e+03 2.011946848001173294e+00
1.288950673840874288e+03 1.092327802276731973e+03 1.767684661104351074e+00
1.188151737539015357e+03 9.097939573373057556e+02 1.387324499231601616e+00
1.380641519391989732e+03 9.155481006066295322e+02 2.078052549508713653e+00
1.547058251439942751e+03 9.417992581799712752e+02 2.104149691782542853e+00
1.486332607838109880e+03 9.890349700687092991e+02 3.111931937552061100e+00
1.363184870750193340e+03 1.003450316330082842e+03 3.692851719793235343e-01
1.509053203712898039e+03 1.063681948233911498e+03 2.708867970763536359e+00
1.423749684639875568e+03 1.063399060647639544e+03 2.915453353392241986e+00
1.346092950503398924e+03 1.085769317800596809e+03 1.957922028747503651e+00
1.556380378663152442e+03 1.151104773164848666e+03 8.401065850086697484e-02
1.547037010978060607e+03 9.406909545888029243e+02 2.142215787001222171e+00
1.509797443072786791e+03 1.063093949127679707e+03 2.747593268350917217e+00
1.568261555614587678e+03 1.138314762582552021e+03 2.969277154946029298e-02
1.682417326768478688e+03 1.179816200243969888e+03 1.500782207242369326e+00
1.724209054192567010e+03 1.163549356305414221e+03 2.853081163871347137e+00
1.715045946411110890e+03 1.161994170558602264e+03 2.989060039592657425e+00
3.819671892228725483e+02 1.037916412826140458e+03 8.307038713538829056e-01
3.706534329198341311e+02 1.154611287050163810e+03 8.810717438901496390e-01
2.369995268145094087e+02 1.341227715118990773e+03 2.082948257443757001e+00
3.861016369137203128e+02 1.035892594899232336e+03 7.328235817470409863e-01
3.695670425389721458e+02 1.154207287818280065e+03 8.182189036491245293e-01
5.130605217031070424e+02 1.229774975702348002e+03 1.932943827456208519e+00
4.896901948134316171e+02 1.309545964156129230e+03 2.536157946561925058e+00
4.478315499159853061e+02 1.336251027282871974e+03 2.621105607219389011e+00
5.125570468138968181e+02 1.230698688945399908e+03 1.866314534275180126e+00
6.677236540193011933e+02 1.217171403117057707e+03 6.517384995312354157e-01
5.878588110294423359e+02 1.275757633182348627e+03 2.444808675634867701e+00
4.897055025143584999e+02 1.309198265457222533e+03 2.652164455009104582e+00
7.042384668179870459e+02 1.154310064038603514e+03 5.656617032638361353e-02
6.669268014177403074e+02 1.217973212229271212e+03 6.871744546999210002e-01
5.857499078498017298e+02 1.277207778442744939e+03 2.423320260317813890e+00
9.914122730420886001e+02 1.150300547190026919e+03 1.650425755831708585e+00
1.010643431355003258e+03 1.282423155177133140e+03 2.470407167703816409e+00
8.465529955575671011e+02 1.339290909563494552e+03 6.687851277646639225e-01
9.889154057040361749e+02 1.149739247682568703e+03 1.570068335823790573e+00
1.050333695974778948e+03 1.162819997046094613e+03 1.597287278620813877e+00
1.102501175465656161e+03 1.173961931101067876e+03 1.334554822465972901e+00
1.165244012833885108e+03 1.184554486510394327e+03 9.598103873231341732e-01
1.078202651102851405e+03 1.293260722371499241e+03 1.924727293494890468e+00
1.011781179046315856e+03 1.285680025023855251e+03 2.547051612912419216e+00
1.158931962991755881e+03 1.303410444930638732e+03 2.046430839177424410e+00
1.202315747533908734e+03 1.083981205979188417e+03 1.953428288350271380e+00
1.290201396756675194e+03 1.089459762209911787e+03 1.827556670860232435e+00
1.049821934700524480e+03 1.163203114392729276e+03 1.659643742419951273e+00
1.101256687834471677e+03 1.175468708260011908e+03 1.333309988505398280e+00
1.163602098895987638e+03 1.185230767287161598e+03 9.243953661126383947e-01
1.226389146152017247e+03 1.240147067979494068e+03 1.935500808092875946e+00
1.273889013313152645e+03 1.249863404092848214e+03 1.112709703686888485e+00
1.075021868183511060e+03 1.295565038004793223e+03 1.959474898289677025e+00
1.159753780797630498e+03 1.307314040539207326e+03 2.004969412654331151e+00
1.425918011168904968e+03 1.062159663764225115e+03 3.021396454924702546e+00
1.199998846309962573e+03 1.088023300024137370e+03 1.882598623574608387e+00
1.349139839002651115e+03 1.083497470445048975e+03 2.047420554135570114e+00
1.288994620696424818e+03 1.091284450794779787e+03 1.773263372993300946e+00
1.340991078254535068e+03 1.185187945226942475e+03 1.960928401540753319e+00
1.483964968811912968e+03 1.192041466436458450e+03 2.347842780246660599e+00
1.427741587288897108e+03 1.220289181884868867e+03 2.196506960387426322e+00
1.225052296548268941e+03 1.240881329342630579e+03 1.875074682940404580e+00
1.271779963229578243e+03 1.250679063968583932e+03 1.109861106127567609e+00
1.384395427009731975e+03 1.281886742958070499e+03 1.675917963015036483e+00
1.507934153283189062e+03 1.062203078857166020e+03 2.753923647023757582e+00
1.422448908541639184e+03 1.062241894006315079e+03 2.989904410655646938e+00
1.346489600611488868e+03 1.083227086936525211e+03 2.018184139723027570e+00
1.552539148435601646e+03 1.155829523866313139e+03 3.086562084662502592e+00
1.480948176746738000e+03 1.191272249718123476e+03 2.194829678143487062e+00
1.426710709651066963e+03 1.219778309875242485e+03 2.071982948066251495e+00
1.645496842008899876e+03 1.278454000993667933e+03 2.038452306841842976e+00
1.382422072930133027e+03 1.282515818949869072e+03 1.636376750604010555e+00
1.573746480649508158e+03 1.284350882396579209e+03 2.490014080175945388e+00
1.512219824578110092e+03 1.065132389603950969e+03 2.786414424972305071e+00
1.551872499361396194e+03 1.155536187212756886e+03 3.032883935122217434e+00
1.718408421723306446e+03 1.162141419873460336e+03 2.977832897573437609e+00
1.677594308789998649e+03 1.186946278309973422e+03 1.897930456920201125e+00
1.779179183549732670e+03 1.262391176201219650e+03 2.367090764878326148e+00
1.646129569190489065e+03 1.279166063446098860e+03 2.065801694160194657e+00
1.572075314103216442e+03 1.283711231462719070e+03 2.529002029600601276e+00
1.731052982220829790e+03 1.304782008751203875e+03 1.666459599580530027e+00
1.717865258300006190e+03 1.160907604115748200e+03 2.946705861152636885e+00
1.675515800446464937e+03 1.188733191002379499e+03 2.023965420636145485e+00
1.777546045594897805e+03 1.260882924963455707e+03 2.371201031953999561e+00
1.729605796250714775e+03 1.303955557830471662e+03 1.797415854138186608e+00
2.369108083620548086e+02 1.343289828634179912e+03 1.983048647166884226e+00
3.460747446819397624e+02 1.350189718585243554e+03 4.357464923284642411e-01
3.654637311453902839e+02 1.425477815342096847e+03 4.056072234737507776e-01
5.155677734387368218e+02 1.232244361390169615e+03 1.897304489480341028e+00
4.920832926683306141e+02 1.309297920141141958e+03 2.566514339632823383e+00
2.358743577996966110e+02 1.344024168063443312e+03 1.989726432873961004e+00
4.606844116652471257e+02 1.343034459328986031e+03 1.738619632293147976e+00
3.461163367913487718e+02 1.350304924036613556e+03 3.632533355563015709e-01
4.635561338891909600e+02 1.398709428923462383e+03 2.409126770192697720e+00
3.662139337352396069e+02 1.424714944985050352e+03 3.134696056013018262e-01
5.126709879227205420e+02 1.229839349836844349e+03 1.831206081711016509e+00
6.666707931598409687e+02 1.216272388507386722e+03 7.162841934696921875e-01
5.877918637935645165e+02 1.274386996132648846e+03 2.434484226493436765e+00
4.903629793000113750e+02 1.308547850908028749e+03 2.613948155099493409e+00
4.600320908391304329e+02 1.341940294948846258e+03 1.333554848208053478e+00
4.624649911583699122e+02 1.398626188287054219e+03 2.442887795415198848e+00
5.513353782972521913e+02 1.483602575920990603e+03 5.377763728025614087e-02
6.894781376305447793e+02 1.487115849758277363e+03 2.068391838814183925e-01
6.676538800340889566e+02 1.216320359352954711e+03 7.116100403695880816e-01
5.859509812760754812e+02 1.274187143884150146e+03 2.380288018159186336e+00
8.483772534236979936e+02 1.336294936353313233e+03 6.960418591089690965e-01
7.335401707558417002e+02 1.419765448027628281e+03 2.432262276419032254e+00
8.551885216439795840e+02 1.408567226800464596e+03 6.121049915566117994e-01
5.499925409719605796e+02 1.487959054648437814e+03 1.437336540449244138e-01
6.953819295345895171e+02 1.486280368383178484e+03 6.233163045877948560e-02
1.013128108488131829e+03 1.283195516320050501e+03 2.521276776008364973e+00
8.460511788234313144e+02 1.336104668180590124e+03 6.659187985665687703e-01
8.546491037831908670e+02 1.406860559051123801e+03 6.055094072964818386e-01
7.276620872126826498e+02 1.418794846746480516e+03 2.461768302866814917e+00
1.002433324429509184e+03 1.420168950888298923e+03 2.638450548651566141e+00
9.253472755485804555e+02 1.475441640279190324e+03 2.082467942945640083e+00
1.162891868676156264e+03 1.188358465862260346e+03 9.241805365839428354e-01
1.078886583165904085e+03 1.292463854251431712e+03 1.878807203320018271e+00
1.013654628295892735e+03 1.285962090996116785e+03 2.495011121404523635e+00
1.161179665410989855e+03 1.306084272555626967e+03 1.148755439095795694e+00
1.030915547415771243e+03 1.369394370154309399e+03 2.650311393894019929e+00
1.002483450765621001e+03 1.422455819589810972e+03 2.728605434612747960e+00
1.135109050898609894e+03 1.435110255675273038e+03 1.130745909929150139e+00
9.233556691589544698e+02 1.476782922279221339e+03 2.135359460286148092e+00
1.169065921003601488e+03 1.475507541124750333e+03 7.852868619637879410e-01
1.225848525478130114e+03 1.240058480946345526e+03 1.925266389536790523e+00
1.275187181156239376e+03 1.247529452037908641e+03 1.223334587129266016e+00
1.077566559095881075e+03 1.293221594532677955e+03 1.939223045160900494e+00
1.159775635089627940e+03 1.306666142961351852e+03 1.979767451956718105e+00
1.027175135094767029e+03 1.369783730642175215e+03 2.671720182742197469e+00
1.297002377218309448e+03 1.425058575950890145e+03 9.455831459238948078e-01
1.133072659507259004e+03 1.434377497072470078e+03 1.091784334796456424e+00
1.171439257056759971e+03 1.472290666036762559e+03 6.216826437274750594e-01
1.429050208507306706e+03 1.219129162188989085e+03 2.222214390088613989e+00
1.223783678433922887e+03 1.238829858947948424e+03 1.890919488915274727e+00
1.487727193762859088e+03 1.199486742814993249e+03 2.341607494375535836e+00
1.274427816882165871e+03 1.248523060555491838e+03 1.239652503380729742e+00
1.384233397197394652e+03 1.280129232470804254e+03 1.783550082812531468e+00
1.464269801892580290e+03 1.372170618441308534e+03 4.837603065333662689e-01
1.295397352934127184e+03 1.425258177772029740e+03 9.472784523926891520e-01
1.374041800321021128e+03 1.493772657604199594e+03 8.823522337563411977e-01
1.481836068966181074e+03 1.500095344226393991e+03 2.048584058674751240e+00
1.479669931719859960e+03 1.189694398571369220e+03 2.227983300367374131e+00
1.427851154964022726e+03 1.219896291638694493e+03 2.165282059127874970e+00
1.648415701339948100e+03 1.277749105723459252e+03 2.125401016028889423e+00
1.383156351056695030e+03 1.278756244738598070e+03 1.710493528979454947e+00
1.572798067336519580e+03 1.282171297409009412e+03 2.521517019265629322e+00
1.568082716056016352e+03 1.353409720010569799e+03 2.257404359205130717e+00
1.462550607580013093e+03 1.373171206609488991e+03 5.361752629041665053e-01
1.520330092172605418e+03 1.421785999412713863e+03 2.471071253015119928e-01
1.565370115177322987e+03 1.476458157543710058e+03 1.191639408962623214e+00
1.373068368396387086e+03 1.491551065304818849e+03 8.394527289895141742e-01
1.676745151979700495e+03 1.188893986367105754e+03 1.999860056004651776e+00
1.778261978813606220e+03 1.261490570530143032e+03 2.421795904425930512e+00
1.645482643304303338e+03 1.277907308913838733e+03 2.096583395596314681e+00
1.571909562701253435e+03 1.283127734112013741e+03 2.563095778068496422e+00
1.731184843639018482e+03 1.301771878019723545e+03 1.674978587386402928e+00
1.566731397882787633e+03 1.353685996142381100e+03 2.276895637479807277e+00
1.691768107974557097e+03 1.387904444302902675e+03 2.648547509171221837e+00
1.521057726710289444e+03 1.420956131122920624e+03 3.027348743435579470e-01
1.693718382783360312e+03 1.450325187491943325e+03 2.866217633826035449e+00
1.564238525414579271e+03 1.473205708776771644e+03 1.172125899272991267e+00
1.677270774909934289e+03 1.199562134840044564e+03 2.266419803435616664e+00
1.777476344939618457e+03 1.260160066129993311e+03 2.352297303902690651e+00
1.729943637394729876e+03 1.301764950007714560e+03 1.664854590804702106e+00
1.900792222495143051e+03 1.363317760272513169e+03 2.448257384608909959e+00
1.690949647026965749e+03 1.387588598283800366e+03 2.734836598756662074e+00
1.872167546075024575e+03 1.448731335749903565e+03 2.489709771033159491e+00
1.693788835005551846e+03 1.452447165618157669e+03 2.910335020326314304e+00
1.898639608131207297e+03 1.362569340236623930e+03 2.466869804412412659e+00
1.868187187053031948e+03 1.449201101652346551e+03 2.514073455689228354e+00
3.426708761503576284e+02 1.349746750382096025e+03 5.463412458637129099e-01
3.639774627642445921e+02 1.424110201182440505e+03 3.867133927788935499e-01
3.075980187975028457e+02 1.634728025496363443e+03 1.269852495363336942e-01
2.367386609096289476e+02 1.353988656472694856e+03 1.974351651642473948e+00
3.453453366670072455e+02 1.347363796607618269e+03 4.689401732937188982e-01
4.622649843784372479e+02 1.396007627215403090e+03 2.347877546244475866e+00
3.656748137686209930e+02 1.423776205862943925e+03 3.615869857155561973e-01
5.284022769484578248e+02 1.613613411846238932e+03 2.555930263522237400e+00
3.031923820335882738e+02 1.634997276232821150e+03 2.204846572768015822e-01
4.623407648556369622e+02 1.387399419285558224e+03 2.310411498114584905e+00
5.507593314130019735e+02 1.483335452229213161e+03 7.249816118277177535e-02
6.978742092340282852e+02 1.483892763472120578e+03 9.313577413625907797e-02
6.508009428572343040e+02 1.561046467138484786e+03 1.755423109455360065e+00
6.003713196034441353e+02 1.587232077921660903e+03 1.907223145105907625e+00
5.327539410210245023e+02 1.612685262384298312e+03 2.763614900214457659e+00
7.326329541923615807e+02 1.417305541680335637e+03 2.414070869291929711e+00
8.533725558294936491e+02 1.406418985815302676e+03 6.124511747786423044e-01
5.489300929533289946e+02 1.482913877732857600e+03 5.989892380105038550e-02
6.962193991349818134e+02 1.483964223464683528e+03 1.271113903336544559e-01
6.495037380663796966e+02 1.560360612070204752e+03 1.739235765952234614e+00
7.696307925311391500e+02 1.546727929306067608e+03 2.883463922491912523e+00
5.989466529412087539e+02 1.586926559313962343e+03 1.876401984221542474e+00
7.279764044373964680e+02 1.569454900996384367e+03 2.063167954721288666e+00
8.562061108586235605e+02 1.405592240327464424e+03 6.150650241989568112e-01
7.300083398938390928e+02 1.418057587187028957e+03 2.439197225009026138e+00
1.004777756950370076e+03 1.418356072956054959e+03 2.622480667995852333e+00
9.266313777563630083e+02 1.476176888085998144e+03 2.063085324372598173e+00
8.781977406625894673e+02 1.524197941667950317e+03 2.640382665775752535e+00
7.676369864877568716e+02 1.547111028737873312e+03 2.874537430736695764e+00
7.259229506912955685e+02 1.569813080275413085e+03 2.101413562318809269e+00
8.748934460733973992e+02 1.606456961160236915e+03 3.530925511068250255e-01
9.993297705041068184e+02 1.634705193172442705e+03 2.190728713111498749e+00
8.973059021600402048e+02 1.654572603099176604e+03 1.017412004209041765e+00
1.030580403600129785e+03 1.368205383078649447e+03 2.605410743598101764e+00
1.002663349079726231e+03 1.420448313385733172e+03 2.669990806291131946e+00
1.135085780486093654e+03 1.432107129327739585e+03 1.135930880650529939e+00
9.253786085803412789e+02 1.475623385384064932e+03 2.093220241672979043e+00
1.171807844940727591e+03 1.469995474279124892e+03 7.314560215711363167e-01
1.027198605439787343e+03 1.529323917089306633e+03 3.105912135166048582e+00
8.758161020093716616e+02 1.523473511202035297e+03 2.714757865159561412e+00
1.132977963598190172e+03 1.563562853273378323e+03 1.214296222951647630e+00
8.784729546938040130e+02 1.609163656506555526e+03 4.303834848719206296e-01
9.999518340580473250e+02 1.648729461809898339e+03 2.030915866136177250e+00
1.141576010800175709e+03 1.640487525981434146e+03 1.032162390535036112e+00
8.948653200612948240e+02 1.647925131714502413e+03 9.319248225627388971e-01
1.028674699121462709e+03 1.368433313142741099e+03 2.597158526639407050e+00
1.298062769616261448e+03 1.421506683326089387e+03 1.013393393469442127e+00
1.133880713863145957e+03 1.433003029880399254e+03 1.201680959380775571e+00
1.170963919470251767e+03 1.470325563091235153e+03 6.648873783279681815e-01
1.235414889154290449e+03 1.511355010678872077e+03 4.406644945456363871e-01
1.131993744186664117e+03 1.563716935938532515e+03 1.271255225384522625e+00
1.032907399363049308e+03 1.553726700617166216e+03 2.892046893035150834e+00
1.268526053371055013e+03 1.567627938272770962e+03 2.183350585000299326e-01
1.206191641595174133e+03 1.636596475153439314e+03 1.875799213826235601e+00
1.137978065223208432e+03 1.639855843456000457e+03 1.105429681813455911e+00
1.265204806460627196e+03 1.659374985965716860e+03 1.129782466775337335e+00
1.462745829170243496e+03 1.372567205008419023e+03 4.963991108722617396e-01
1.295713112500323859e+03 1.422586167679505252e+03 1.038084414476435624e+00
1.375721343629914827e+03 1.488770608348611177e+03 8.837516445747690685e-01
1.480793977591298017e+03 1.504642962794971481e+03 1.942799582060892982e+00
1.233117736886966668e+03 1.511254806068346625e+03 4.294600944541283050e-01
1.266208374063457768e+03 1.567650521226211367e+03 2.167900455127962644e-01
1.351410511131045951e+03 1.595155789869081673e+03 1.236165330838511434e+00
1.199838070881004342e+03 1.628496383802316359e+03 1.976675660476889140e+00
1.262458352723742564e+03 1.657709723340217352e+03 1.141220747004031644e+00
1.390516456011130458e+03 1.648497089401364292e+03 3.887759202932703495e-01
1.568614082522090939e+03 1.352830606008948507e+03 2.308542600040418336e+00
1.463668020840219697e+03 1.371425929503253883e+03 4.937012307730482830e-01
1.521312678255230367e+03 1.420312995733467915e+03 1.636758559174002481e-01
1.565937944276491407e+03 1.470498828615567390e+03 1.187874642769277678e+00
1.373976166032711490e+03 1.489382140413222032e+03 8.058714951478574973e-01
1.479589266167359028e+03 1.503946572463873281e+03 1.919902764014366436e+00
1.614867945243893246e+03 1.508732538255906093e+03 1.216022630288614126e+00
1.349890719324079555e+03 1.591673447132859110e+03 1.042813923095004869e+00
1.509735266454587418e+03 1.619574048159063977e+03 1.681610742689266580e+00
1.566772737074272982e+03 1.634674687307211116e+03 1.478289048967372565e+00
1.390903702990194006e+03 1.646507583617978526e+03 3.514384380319468537e-01
1.566785224605014491e+03 1.356342071190566458e+03 2.366672300075833402e+00
1.691765909707854007e+03 1.387093416766377914e+03 2.635354016742621042e+00
1.520981433187904258e+03 1.419579161127292537e+03 2.467011897364076167e-01
1.693305726445660639e+03 1.449547201534277974e+03 2.817282441729437981e+00
1.564093956322181612e+03 1.470805089665464266e+03 1.150308956297372509e+00
1.613036085727000909e+03 1.508985571307773171e+03 1.162828205394731640e+00
1.664664807488314409e+03 1.548246040185819993e+03 1.475032754728839324e+00
1.752746105968151141e+03 1.540097964246314177e+03 1.153002185237191890e+00
1.808144726075063090e+03 1.560027802800976815e+03 2.098933201329381326e+00
1.508787983963622992e+03 1.613785890922152021e+03 1.708835257562764109e+00
1.564393028248162182e+03 1.632861050618600530e+03 1.361114809808377846e+00
1.692698744965211517e+03 1.653044687491997138e+03 1.751684606655134369e+00
1.757910254131007605e+03 1.660729055038034403e+03 1.555361615072406778e+00
1.901652943619151756e+03 1.360585019401930595e+03 2.464019387616876333e+00
1.690114929293764135e+03 1.391436068771203509e+03 2.804851305347790369e+00
1.871821266249229211e+03 1.447935664196772905e+03 2.519644019712667049e+00
1.691633375456510294e+03 1.449001039311109935e+03 2.868514512984531972e+00
1.750519004923552984e+03 1.540234236144591250e+03 1.136883773394279595e+00
1.807775043078805311e+03 1.557974022985568809e+03 1.954831491849291725e+00
1.972352104491737919e+03 1.557044622752932128e+03 2.326978291035633362e+00
1.913156445532715225e+03 1.578854328131890270e+03 1.732186176407197964e+00
1.690918767566487077e+03 1.648701023152025982e+03 1.624671028728644551e+00
1.755467227691632615e+03 1.659386427339544753e+03 1.428052534969527665e+00
1.898317324258549888e+03 1.361625384276276918e+03 2.539010677322337983e+00
1.870232073400833087e+03 1.447609834164013819e+03 2.527331429168656385e+00
1.970188387260210220e+03 1.555627461300335654e+03 2.265158026722748463e+00
1.911565423171981820e+03 1.579565792986673841e+03 1.712077399015405010e+00
3.084976309393871929e+02 1.631280571992669365e+03 1.374045165660237044e-01
2.993844926169275595e+02 1.736708212942351793e+03 1.428649945038830360e+00
5.321218994358426926e+02 1.610760827583899299e+03 2.722948308970997378e+00
3.060501078801835320e+02 1.631019358214856311e+03 1.339736218565735770e-01
2.978536120125891102e+02 1.736806755928236498e+03 1.418087487765106847e+00
3.522075675443077216e+02 1.817570884233151446e+03 6.192527737882314032e-01
6.509798911492434854e+02 1.559858775764709890e+03 1.780798216625120611e+00
5.998127305088456751e+02 1.585930579340077202e+03 1.905057896071477685e+00
5.315934898589682689e+02 1.611695676450120118e+03 2.737590722000431409e+00
7.019489401200817156e+02 1.666854925926366832e+03 4.143307676784567795e-01
5.780072863577638600e+02 1.688841865129263851e+03 2.914136508579923568e+00
6.520972821551894185e+02 1.762499264274429152e+03 2.357959756721537681e-01
6.499813866739312971e+02 1.560413772963275960e+03 1.796791662581268101e+00
7.702168630130897782e+02 1.546047248580644691e+03 2.870831002996858672e+00
7.281299208415988460e+02 1.568960379147702724e+03 2.087330091378810870e+00
5.997060975458247185e+02 1.586262082230967962e+03 1.914284385425535806e+00
7.039511521998439321e+02 1.666413834058654629e+03 3.294059222340032789e-01
5.777437135216056276e+02 1.688436015029402824e+03 2.872094030803690856e+00
7.810092625579738979e+02 1.696072243736840164e+03 9.498742682522705039e-01
6.531335596270538417e+02 1.761688400295962765e+03 1.658016123221488225e-01
8.782674287339746115e+02 1.522251366016157817e+03 2.623499124811149219e+00
7.703347994242606092e+02 1.544254852269507637e+03 2.799418608335628278e+00
7.251678111984825819e+02 1.570058293993559801e+03 2.105979274287012259e+00
8.747468040843248218e+02 1.604604923949219028e+03 3.187945956919845392e-01
1.002191551832777350e+03 1.647911838745579644e+03 2.073381694602971059e+00
8.973016868032909770e+02 1.652895456837993606e+03 9.646832525965223226e-01
7.797667577841463071e+02 1.695641988335819633e+03 9.138850617026951229e-01
9.812106991509460840e+02 1.695573420234164132e+03 1.858559189814512402e+00
9.483344852311222439e+02 1.754501416495625563e+03 2.877636341188725577e+00
8.758108234447404357e+02 1.819743447701950799e+03 7.022649469039032866e-01
8.792047336342263861e+02 1.523392178158140496e+03 2.683960332464355947e+00
1.131920929059906484e+03 1.563182544461331418e+03 1.231125904065688337e+00
1.026996669539499180e+03 1.533635237396057846e+03 2.930929053511652782e+00
8.746022939917484109e+02 1.605991395295605571e+03 3.286626743353029956e-01
9.930409820057905108e+02 1.663282340384047529e+03 2.049655626332974379e+00
1.137622616470076309e+03 1.639160321105744515e+03 1.028887425755298679e+00
8.948794748830894150e+02 1.652276148131694526e+03 9.387344760585182302e-01
1.080246564352311680e+03 1.727888279479882840e+03 2.113873193029642827e+00
9.465416376298342129e+02 1.753909734409480279e+03 2.981729056454189397e+00
1.061749491188419142e+03 1.779526338091947991e+03 2.480012143172527495e+00
8.773511375019218121e+02 1.815893588512912402e+03 5.318547560047467426e-01
1.234886894635982571e+03 1.509871516897786023e+03 4.515139940123628071e-01
1.131070826527333338e+03 1.562854573107759279e+03 1.263515951195659737e+00
1.033948394139536731e+03 1.551832311982766214e+03 2.872884594441343253e+00
1.266765619211290414e+03 1.565626519805068256e+03 2.301577150700437335e-01
1.233113765805399908e+03 1.651134274805646101e+03 1.662048605091706932e+00
1.136668456147048573e+03 1.638284549272826780e+03 1.047239431170517321e+00
1.284978332443138925e+03 1.710061791552772547e+03 1.077132535045861594e+00
1.078787628660026030e+03 1.726226859666816381e+03 2.199168538434626452e+00
1.194630096493657675e+03 1.724443242868645029e+03 2.547401313962230684e+00
1.059350073581624429e+03 1.775130647509223309e+03 3.033696903550430424e+00
1.187537183637929274e+03 1.780974837588440550e+03 2.033518750036453770e-01
1.315529159738543513e+03 1.805897618477631568e+03 5.430487628539222289e-01
1.233653714977544951e+03 1.508356481747650378e+03 4.265238978765480415e-01
1.482792552532038371e+03 1.513104456636702025e+03 2.225260126807230954e+00
1.266609180910916621e+03 1.566022333116099617e+03 1.831481851195063404e-01
1.351003204108296131e+03 1.593883617511217381e+03 1.227520387352627251e+00
1.234859832561488474e+03 1.651863860686617500e+03 1.238900670269961202e+00
1.389093467170045187e+03 1.644339161175878871e+03 3.069043031170303748e-01
1.455876084878993879e+03 1.679481510195003693e+03 1.609413524993590139e+00
1.283623203063771598e+03 1.710372736189808847e+03 1.082188600755073837e+00
1.366920507203942634e+03 1.726910579199272433e+03 6.947063585049709777e-01
1.190590010032094597e+03 1.737857418693856744e+03 2.284114835856056569e+00
1.322948149292139760e+03 1.798174310404992411e+03 6.474789913593775870e-01
1.613765981449873379e+03 1.510012807000321118e+03 1.151747398580163617e+00
1.348845445623524938e+03 1.592781219453734366e+03 1.139505138788314387e+00
1.509835453804075541e+03 1.619316383768345077e+03 1.664664119254604557e+00
1.566858616405148496e+03 1.632917334215425399e+03 1.438456691818165600e+00
1.387023980604946928e+03 1.645273241698315360e+03 3.458625283190682187e-01
1.631211045304434265e+03 1.672010811563510742e+03 1.793495100874815673e+00
1.454751359281363648e+03 1.679689560943916149e+03 1.565778596073486906e+00
1.365591806471212522e+03 1.726565012556271540e+03 6.644109022821731436e-01
1.603183454312881850e+03 1.779530785040795308e+03 1.734301008857264792e+00
1.513031063079139358e+03 1.774089891411593271e+03 2.597022021956460480e-01
1.385763511570974742e+03 1.821679105229351308e+03 1.083628321988824972e+00
1.612288127660592409e+03 1.507369139820442115e+03 1.129947479341669503e+00
1.664588376218921212e+03 1.548053091419504881e+03 1.475350770517896537e+00
1.750978887010727021e+03 1.540208032044074798e+03 1.125110743172265115e+00
1.811307056836608126e+03 1.562003901013037421e+03 2.156640184521994907e+00
1.564333927243721519e+03 1.633635573996032008e+03 1.387176909741331343e+00
1.692238827470403976e+03 1.650793403206258972e+03 1.799799943393560087e+00
1.755733343017234802e+03 1.661125205155390859e+03 1.505715881835942627e+00
1.629320703734870676e+03 1.672505734087479141e+03 1.815211756091650752e+00
1.600939191021164106e+03 1.780654663542622302e+03 1.742326123712314878e+00
1.692000719629720606e+03 1.771113551581837100e+03 2.576629629507593666e+00
1.511006978740135537e+03 1.776040724282441715e+03 2.511705835045008328e-01
1.661742184866735897e+03 1.819704894534608457e+03 1.664698035862230752e+00
1.749724125654203363e+03 1.540250519693779097e+03 1.147304837935614996e+00
1.972622982293084533e+03 1.554584060612528674e+03 2.365951613400901987e+00
1.808128831772902004e+03 1.558654354964602817e+03 2.026990423305226052e+00
1.913103454548268473e+03 1.578571687925447804e+03 1.810029911822964133e+00
1.691783025165130312e+03 1.650805643187527039e+03 1.729527057743645235e+00
1.756471309176475188e+03 1.661110356741162832e+03 1.460270710616738521e+00
1.691595977279412637e+03 1.769219726164065833e+03 2.454031997196294057e+00
1.969263523767329389e+03 1.554903667264121395e+03 2.309525205454703745e+00
1.910889783193754738e+03 1.578334392927162298e+03 1.783097586839582194e+00
2.994971956184990631e+02 1.735694682315451473e+03 1.445699383699916796e+00
3.538098377237888599e+02 1.816193561885659392e+03 6.170286168064825771e-01
2.987049750698075741e+02 1.736168728498157179e+03 1.447821310059668631e+00
3.530630602648182048e+02 1.816138093272164042e+03 5.864322005762830914e-01
6.949431805296080711e+02 1.666996875775924309e+03 6.702216243575552790e-01
5.784308090167339742e+02 1.687577607520197944e+03 2.908883810827111116e+00
6.543256302781061322e+02 1.761527882135889968e+03 2.200260118007724142e-01
5.821287309825640932e+02 1.690290655197625256e+03 2.911726453441860762e+00
7.802982078347608876e+02 1.695972768057951043e+03 9.660928716377484848e-01
6.520932042225405212e+02 1.761735925213111841e+03 1.568363245664642636e-01
8.238517873559483178e+02 1.922437821201897350e+03 2.976783590083912134e+00
9.795319326714040926e+02 1.699495892500029640e+03 2.044211206565460515e+00
7.784443074537358598e+02 1.694254309581140660e+03 1.003264248529959879e+00
9.470525379249741036e+02 1.753714606614664945e+03 2.853507396120705586e+00
8.752663671668321967e+02 1.817503032074703469e+03 6.679047845677201778e-01
8.214178023012065069e+02 1.921257204116117009e+03 2.997220052349367503e+00
9.850433255991470105e+02 1.682138079428223591e+03 1.232053847958360038e+00
1.080957953879257275e+03 1.727877207112363976e+03 2.117961167071774842e+00
9.452083769769942592e+02 1.753002166580495214e+03 2.897929734237624011e+00
1.060019402446310096e+03 1.779967643201319788e+03 2.402486645336327609e+00
8.718977080069375916e+02 1.816826812797800130e+03 6.405515658130762624e-01
1.069231739061071039e+03 1.857407975124738414e+03 2.941889687044232371e+00
1.166343909613820188e+03 1.921320993329779412e+03 1.676945671190667397e+00
1.047103227578162205e+03 1.921593752632566975e+03 5.457954981343883238e-01
1.092134765440040610e+03 1.962043906244205118e+03 1.109686947641244315e+00
1.284520491289862775e+03 1.710001090681569849e+03 1.038740521733744648e+00
1.077199101878371721e+03 1.727735066862204349e+03 2.212762941557357088e+00
1.194338104714714063e+03 1.723987818374746666e+03 2.549822407660279122e+00
1.059614978838485513e+03 1.778840637453070030e+03 2.551372230114064443e+00
1.186404639277236811e+03 1.779509444571365293e+03 2.095706854218248871e-01
1.322801036796970493e+03 1.797781220828150254e+03 5.641691070069588809e-01
1.180523141823749938e+03 1.833754863970216320e+03 1.804978077247603981e-03
1.068693550476832570e+03 1.859484896522738154e+03 2.880781116988008428e+00
1.224186707099584055e+03 1.926563657472373052e+03 1.536424863167886734e+00
1.164696629935416922e+03 1.922481512311877850e+03 1.764014792817776511e+00
1.049086150284281075e+03 1.921425786251657883e+03 5.512287939967576156e-01
1.086753325873313315e+03 1.959567890408241055e+03 9.677283365239855994e-01
1.454919050496756881e+03 1.684862182401145901e+03 1.651950254995291800e+00
1.283367947787462981e+03 1.710319030771916914e+03 1.081777159244229125e+00
1.366431535105719831e+03 1.725148341333408098e+03 6.882062866076148477e-01
1.188883589677688178e+03 1.763676698014808835e+03 1.948763442797736056e+00
1.322862581676031596e+03 1.796752788698959648e+03 5.982022468396157588e-01
1.385385740099177838e+03 1.825383633575761451e+03 1.200525548923493391e+00
1.439969447016090726e+03 1.886032003895280923e+03 5.262560707673569205e-01
1.223750693822582662e+03 1.927457869179948375e+03 1.560747979910887651e+00
1.454309973069628313e+03 1.679644710307357400e+03 1.641896106159087099e+00
1.632259095733161757e+03 1.681390131394176024e+03 1.940468196608122309e+00
1.366107958117933777e+03 1.723343381971537156e+03 6.997470749349566921e-01
1.602396482763905624e+03 1.779942068984355046e+03 1.773626175489418921e+00
1.512871126456173442e+03 1.772874533818519467e+03 2.531899627696322930e-01
1.384353760439401412e+03 1.826205183556286102e+03 1.192115238409735767e+00
1.531523790906436943e+03 1.841376590313196857e+03 2.966179406146218334e+00
1.439016710425437850e+03 1.886512362719780640e+03 5.363791821031372864e-01
1.552922041559273339e+03 1.910413160310230523e+03 7.573533440217490309e-01
1.629838370275052512e+03 1.674946064050958512e+03 1.741053405699546364e+00
1.694328586954362891e+03 1.768592286526273710e+03 2.398932330499307763e+00
1.601468183266286360e+03 1.779322761749918755e+03 1.708790513490643370e+00
1.512118719913522682e+03 1.773232672765965845e+03 3.132207158659962021e-01
1.661318657983280445e+03 1.822750137434623639e+03 1.724377529925755770e+00
1.531226432568878863e+03 1.841148926386889570e+03 3.047623860328069423e+00
1.551684979192605851e+03 1.911282012420528645e+03 7.312570161693023874e-01
1.691648585884642216e+03 1.769963555534468242e+03 2.515561745742991295e+00
8.230197699808957168e+02 1.919398879336023128e+03 3.104642348012859543e+00
8.211062415431416639e+02 1.920132763645410250e+03 3.088533308936855182e+00
1.179975874194230983e+03 1.833485067338861654e+03 1.545711484917411671e-01
1.069401168252040861e+03 1.857860748988958903e+03 2.932021184671585345e+00
1.169793584695986738e+03 1.922523191893376406e+03 1.754973006419225934e+00
1.047320171525436535e+03 1.921262959899277575e+03 4.812852125212108145e-01
1.092708741917387897e+03 1.959052980820250013e+03 1.077557025332669616e+00
1.101439040695266385e+03 2.039571824646310233e+03 8.916612771098963997e-01
1.181645963878150496e+03 1.832306540946613495e+03 3.065132073782986577e+00
1.069680649318583846e+03 1.862356281426942132e+03 2.743398846674353742e+00
1.165914730056429789e+03 1.921096239301109563e+03 1.770033181987398230e+00
1.226957458858808423e+03 1.924487992954759648e+03 1.557601569786415618e+00
1.046951100785687913e+03 1.919412186216158261e+03 5.422943891632703295e-01
1.092074785066013419e+03 1.958875104695250684e+03 1.048601482024020370e+00
1.101588238493232438e+03 2.039120167004231917e+03 8.584829912574544197e-01
1.384511043745778125e+03 1.830018048359707336e+03 1.144186463777216556e+00
1.439697650799890425e+03 1.887257713566197708e+03 5.578386502124204060e-01
1.224540589519928972e+03 1.926371998151227217e+03 1.604357158412036410e+00
1.380441557379674578e+03 1.829079143995051936e+03 1.138758786271450996e+00
1.531096155936756986e+03 1.840290643307407890e+03 3.023222148945563514e+00
1.439019136571087984e+03 1.886186761010775399e+03 6.087900488799918852e-01
1.553152610884318165e+03 1.909740781989149582e+03 8.256773800083563319e-01
1.660368985524221898e+03 1.828611885764727049e+03 1.800334418284283977e+00
1.532865709390232723e+03 1.841963334121421440e+03 9.423117564770677745e-02
1.552537266679861659e+03 1.910631482645850610e+03 8.139697282206639350e-01
1.100220511040345400e+03 2.039309241675314752e+03 9.268443208854832971e-01
1.100534767501457509e+03 2.038786457663355122e+03 9.509490238275652985e-01
