9.728111962606124052e+02 5.409447609304319258e+02 1.670199294691445679e+00
1.098974405770507474e+03 4.485522732581994205e+02 1.380031613089240272e+00
1.142875482292280367e+03 5.342891043594488565e+02 2.377533159625722980e+00
1.097857757617326342e+03 4.494416393942284458e+02 1.368026772077734154e+00
1.142842915804448921e+03 5.392612285999700816e+02 2.403301662657391091e+00
1.297089830227795119e+03 5.350767956305987809e+02 6.852322706738334102e-01
1.389158692359712632e+03 5.279073874821958725e+02 1.166632839848577907e+00
1.296802256815821011e+03 5.331462735591998126e+02 7.039287305934351924e-01
1.392329707349357477e+03 5.207694841322274897e+02 1.076661101970717294e+00
9.730352029426305762e+02 5.475552025024310296e+02 1.768370643084196114e+00
1.098278955455032701e+03 4.493372078321265235e+02 1.361553042087066956e+00
1.145452637590773065e+03 5.389693231410738008e+02 2.344928323658034497e+00
9.726894570171643863e+02 5.483247225808739813e+02 1.734580140358789269e+00
1.032559560880810750e+03 5.593276504593834488e+02 8.928231271057194274e-01
1.043008752332564200e+03 6.154203953601190733e+02 3.790743985043332209e-01
1.098385229754023158e+03 4.488684277082672907e+02 1.418821671600789314e+00
1.144935317975871612e+03 5.385587843099333440e+02 2.319562036081275647e+00
1.297791259277119480e+03 5.337302782175556786e+02 6.663227236183960622e-01
1.033155708430208051e+03 5.573903285073328107e+02 9.099187175048785159e-01
1.041673631885591249e+03 6.147323638965775672e+02 3.277910920405233131e-01
1.117786437921232391e+03 7.006587927762307118e+02 3.248484428868856355e-01
1.388735725210027795e+03 5.282999745668691958e+02 1.184654199660933438e+00
1.294758381101514260e+03 5.346193648352702894e+02 7.117301816661276703e-01
1.444523463942224225e+03 5.572883123005437938e+02 3.449468677799055749e-01
1.484079730060439260e+03 6.334365400525899759e+02 7.679402090410047954e-01
1.381855753075398979e+03 6.407683247547691963e+02 4.951834562917786231e-01
1.387488236053870196e+03 5.276192983211024057e+02 1.163500971816555207e+00
1.443767890611260100e+03 5.570665866293472845e+02 3.612637485758606326e-01
1.483558879929076966e+03 6.304637989029500886e+02 6.981402819496211887e-01
1.381048631057403554e+03 6.407458333136826241e+02 4.660916751810206260e-01
1.634277913437480038e+03 6.569745187313358201e+02 6.006587597225637731e-01
1.634546894301022576e+03 6.536895795519653802e+02 5.985659513034137236e-01
1.948871436450512647e+03 6.223519332405977593e+02 8.410615070732906096e-02
1.948103165892073775e+03 6.226582628908844299e+02 9.631797560987438722e-02
1.977302377572082150e+03 6.949175853603064752e+02 2.883288392888608165e+00
5.943333972273906056e+02 7.345244682628215287e+02 1.578646393158480432e+00
6.553871328772781908e+02 7.663716938844871720e+02 1.196442930167652907e+00
7.485024402653143625e+02 7.131130179020972264e+02 7.218273922755860106e-01
5.943909411560152876e+02 7.352011478574787589e+02 1.592226163808534878e+00
6.548918502722503945e+02 7.670180370797462501e+02 1.195439112227484113e+00
7.259859478360797311e+02 7.963658605256862302e+02 2.913621112937490043e-01
7.172579248005116597e+02 8.454966911955388014e+02 2.594868418253721387e+00
9.773701634813110104e+02 5.494366188187251510e+02 1.841080849136464526e+00
7.465415578374526149e+02 7.137844832413533140e+02 7.662629096278885665e-01
9.803030833987209007e+02 7.251638996114414795e+02 1.437333394764560124e+00
9.213987664649928320e+02 7.559479251322475193e+02 1.923432929045216788e+00
7.259851402540340359e+02 7.931162202034371376e+02 2.430506575099925515e-01
7.199146127807399580e+02 8.510380430015427464e+02 2.539732751657565846e+00
1.033327308708483997e+03 5.566344222957183092e+02 9.563702107899253457e-01
9.751962737415417450e+02 5.487387920904270686e+02 1.839396861979831321e+00
1.043217738882834738e+03 6.138466561367521308e+02 3.747398451103267081e-01
1.116152644635050819e+03 6.996247116585030881e+02 3.162303208513845276e-01
9.796211169916630297e+02 7.263475106400363757e+02 1.417466595201176460e+00
1.033998769698697060e+03 7.501199841000380957e+02 1.496085882471573481e+00
9.212092893280764656e+02 7.563530120061890329e+02 1.903185015087049736e+00
1.101806392807066686e+03 8.000216459812914991e+02 2.235832420653253994e-01
1.176233786871533539e+03 8.536092249732753316e+02 1.061082574365519671e+00
1.042697782310220191e+03 6.136581016259300441e+02 2.875386030264063253e-01
1.227896352582733016e+03 7.048833205342875772e+02 8.184083546877548576e-01
1.116094931455812684e+03 6.997119896761238351e+02 3.098638204709603383e-01
1.030474228560296297e+03 7.505478340894201210e+02 1.534405751391733075e+00
1.102172922062642328e+03 8.000650576498833288e+02 1.820253409571805925e-01
1.287814300664786288e+03 8.125739203061214084e+02 1.054106972061362502e+00
1.169601224028439901e+03 8.533348253948663569e+02 1.154508731219581641e+00
1.437415161691964840e+03 5.549765908044960270e+02 1.138081607474262374e-01
1.483549296420995688e+03 6.302278413198005182e+02 6.387617438551888016e-01
1.381059883300272304e+03 6.405194534988835358e+02 4.225357050483512511e-01
1.224926234067439282e+03 7.061663637564788587e+02 8.282397491326647376e-01
1.283662653260173784e+03 8.112786968805212382e+02 1.020297613295441996e+00
1.345505288967405932e+03 8.377988273097287220e+02 1.151690222167484068e+00
1.477616549644373436e+03 8.323890827687511091e+02 5.702754326274717123e-01
1.440727133949578274e+03 5.539363746053746809e+02 2.763423648944553501e-01
1.483556319358800465e+03 6.293878736188777339e+02 6.806857288156256125e-01
1.380779148525582059e+03 6.403478517296834980e+02 4.746310673129683910e-01
1.634497292393484713e+03 6.541885467611574541e+02 5.319263452961074945e-01
1.550565238938529546e+03 7.473939435916395269e+02 2.207651811176011947e+00
1.635222784263345147e+03 7.441952416627741513e+02 1.322290135252305765e+00
1.477899854740919636e+03 8.289690353077621694e+02 5.483224332416906099e-01
1.621089978376426643e+03 8.392682090316773156e+02 3.080538736079065920e+00
1.632778815101856480e+03 6.538636965761786541e+02 5.613762687099551618e-01
1.738130241125281600e+03 7.195571424944048431e+02 3.092430628319570829e+00
1.549017221925643753e+03 7.461277116985163502e+02 2.173020019050086571e+00
1.634504348730253923e+03 7.431986824491922334e+02 1.270211848100358587e+00
1.790623690344634269e+03 7.791216283622655965e+02 2.952196231638962054e+00
1.711602923241789085e+03 7.913264864264273228e+02 3.071117026209964962e+00
1.627081909992680949e+03 8.345113989499379841e+02 3.044596933308143960e+00
1.775341422008477821e+03 8.461254456983481305e+02 2.115482076442153081e-01
1.951155076936084242e+03 6.224189571091806101e+02 4.265586069085609833e-02
1.928418368947029194e+03 7.128093400056585551e+02 2.047348001214422730e+00
1.736970987989499690e+03 7.190194545169957792e+02 3.137170486135220315e+00
1.862029163605949634e+03 7.322260101043227678e+02 1.735383005978325732e+00
1.789196099945434526e+03 7.770178658219999761e+02 3.003575480251521324e+00
1.707955052390754190e+03 7.910416227937673739e+02 2.474763698469613360e-02
1.778053815439167238e+03 8.432131369681417254e+02 1.073259742921565119e-01
1.947522980007084698e+03 6.226932923376820099e+02 6.740716928091362858e-02
1.982489472570246107e+03 6.940796284898951853e+02 2.812364056422129721e+00
1.927298919648170340e+03 7.129863001759810004e+02 2.083647128610826904e+00
1.860819985684549010e+03 7.328872537933964395e+02 1.710345560847186475e+00
2.090315214157805258e+03 7.422054480278948176e+02 2.648670652341055476e+00
1.988573695056581982e+03 7.849359424366026587e+02 1.856378574684885319e+00
2.056801049045609034e+03 7.887567828435563797e+02 2.356660900412437254e+00
2.090210440256462334e+03 7.419176230944702866e+02 2.652590973848798050e+00
1.986077456576509121e+03 7.842544496995325289e+02 1.901213634136757147e+00
2.056423507597891785e+03 7.886166476055566363e+02 2.334759032872208095e+00
1.597567032944351126e+02 8.790463216790951719e+02 2.865752772594541975e-01
5.942368041464685575e+02 7.349742177413751278e+02 1.562159756780680198e+00
6.561385928471311217e+02 7.652072413665302975e+02 1.057753074013008776e+00
5.424388622500086967e+02 8.907837371020521005e+02 1.803076903693139998e+00
6.684898506577837907e+02 8.974097610599637846e+02 1.803580567281060310e+00
6.013407415440896102e+02 9.009363219835811378e+02 1.578402210841155506e+00
5.860677386640059012e+02 1.012674626579772848e+03 1.029994348860263642e+00
7.486910543029164273e+02 7.128705645562810105e+02 6.782435948072647047e-01
5.929574250481152831e+02 7.346112488535575267e+02 1.558639332374421649e+00
6.553783564371677812e+02 7.661524652394688246e+02 1.105719485213102482e+00
7.255246299133364118e+02 7.946936091412026144e+02 2.728323095412397148e-01
7.180164804557188063e+02 8.448021496227315765e+02 2.599994792387207543e+00
6.005699707945982482e+02 9.009490191585475714e+02 1.575355840074132097e+00
6.678031834115756737e+02 8.963768614163632265e+02 1.760392948230832255e+00
7.127430070437817449e+02 9.821265780882417857e+02 1.897746757406280960e+00
5.868563060298273513e+02 1.009123371447722093e+03 9.852595941297904725e-01
7.451815047935011762e+02 7.124743304490973514e+02 7.231086781737036118e-01
9.798319260103705801e+02 7.272496064779055587e+02 1.421461539713139599e+00
9.222784330742240400e+02 7.551586710219805809e+02 1.924132968035813684e+00
7.268723803563765387e+02 7.920686623295238178e+02 1.701281541588524071e-01
7.188312545230562591e+02 8.453439665308067106e+02 2.536651238733447666e+00
9.667917951615036145e+02 8.725613690618433793e+02 1.085388046108847204e+00
8.757950742883460862e+02 8.709191044084573150e+02 7.341872923485504021e-01
1.006195582063165375e+03 9.254977813017806056e+02 1.158540415913319910e+00
7.090498067491116672e+02 9.792706177945544823e+02 1.986269200390005318e+00
8.712964903803849666e+02 9.989527536651728497e+02 5.351553740678183235e-01
9.797002990354314989e+02 7.239353889464438225e+02 1.442271322445358939e+00
1.033353947008432669e+03 7.476381425382751331e+02 1.559307380656622444e+00
9.203619053251625246e+02 7.522130118824038618e+02 1.958122593389014954e+00
1.102126475726242916e+03 7.990714147003033077e+02 1.662851478898362267e-01
1.171357088681035293e+03 8.509307496773139974e+02 1.072186942368085205e+00
9.652133221535439134e+02 8.734000464145192382e+02 1.073866304453808596e+00
8.725857481712118897e+02 8.709374428236853873e+02 6.857718925423111900e-01
1.002186071565452721e+03 9.238414059092733623e+02 1.176216845810122980e+00
1.055337101192405498e+03 9.551579057545206979e+02 1.039155116968683013e+00
1.180596364889014467e+03 9.469086547961571796e+02 1.485257135209251678e-02
1.091896454284286392e+03 9.935277744769316541e+02 4.832925410054303983e-01
8.717865503716670901e+02 9.985471896373442178e+02 5.995920637167555522e-01
1.029771265584360890e+03 7.495160366272668853e+02 1.539982877068630351e+00
1.102006466013218414e+03 7.988856912548933451e+02 1.729280463193044459e-01
1.286967374483720278e+03 8.086947951742920395e+02 1.002607147912295327e+00
1.169342701660201783e+03 8.514024191945464963e+02 1.148660374999732614e+00
1.054638632448311228e+03 9.546531005890203687e+02 1.091658524012728115e+00
1.183745076101308314e+03 9.444531100347228403e+02 3.133039143236523660e+00
1.097782044408417960e+03 9.894111632388767248e+02 4.654426509136356804e-01
1.284567865136158161e+03 8.088004362616269418e+02 9.990092796014160559e-01
1.346956312596382304e+03 8.340270030316978591e+02 1.090821460348832872e+00
1.480080482431536893e+03 8.273652501603336304e+02 5.138094343551468102e-01
1.368394365530468576e+03 8.854294006856396209e+02 3.472109314004906411e-01
1.497642205167377142e+03 9.053900073451179651e+02 3.125750478061931403e+00
1.438860819764524649e+03 9.865418798185964988e+02 1.662032711719927613e+00
1.634839884454226649e+03 7.445592549979681962e+02 1.356816290684841775e+00
1.550108717189834351e+03 7.457632176176454095e+02 2.212975920500500404e+00
1.476690119310837417e+03 8.285600449772427964e+02 5.364571653359822001e-01
1.628571304663589672e+03 8.340321863267864728e+02 3.007572099162896251e+00
1.574213202538211135e+03 8.622580715834145622e+02 2.980881181236264776e+00
1.364064146918862889e+03 8.852226601770396428e+02 3.335920699663308953e-01
1.496176410465124263e+03 9.050901745971768833e+02 6.686356540172465335e-02
1.647608365378554026e+03 9.274544326100267426e+02 1.164163652216740674e+00
1.561942856157469350e+03 9.430895633419431761e+02 8.043732224650793627e-01
1.437293080061283490e+03 9.854761591152623623e+02 1.601805675503193083e+00
1.734556101527399733e+03 7.166602620749322341e+02 2.972608889515084396e+00
1.634661133247915586e+03 7.426759039337966897e+02 1.340267548370193351e+00
1.550497162035227120e+03 7.478344981305947385e+02 2.169776103395916422e+00
1.792063893697887579e+03 7.797746353199349869e+02 3.006055669562014199e+00
1.713224746611615274e+03 7.910494184041601784e+02 3.071304932151866840e+00
1.627159291534970180e+03 8.345688559818167960e+02 3.054398132578557412e+00
1.780686201100499147e+03 8.398258494200238147e+02 3.051137815118136754e+00
1.571985992193034917e+03 8.623523919508298832e+02 2.980560553102964416e+00
1.744473689429131809e+03 8.862055333131061161e+02 2.340707253005093413e+00
1.647984665812871754e+03 9.252620288711907506e+02 1.158317984526785027e+00
1.560614810312960799e+03 9.423072481928354591e+02 7.878686717532906725e-01
1.695957660125393431e+03 9.269238349501540597e+02 1.767818157816975821e+00
1.754000413318273786e+03 1.000275637391619966e+03 1.021092258223778249e+00
1.739601438214405334e+03 7.186544305962434009e+02 3.110819566999361019e+00
1.862939477145334195e+03 7.298173771738532878e+02 1.705256051727021438e+00
1.930551817549385305e+03 7.120094020571898454e+02 2.146463797632049975e+00
1.789408782850728585e+03 7.781132483252224574e+02 3.018229073168233079e+00
1.712074522839803421e+03 7.905861341405609437e+02 3.133919612175768421e+00
1.781246169556339737e+03 8.407417083430631237e+02 3.084422834627684296e+00
1.860406970521822359e+03 8.873374561419152542e+02 3.265538035032410358e-01
1.743629659969859176e+03 8.868625696787023571e+02 2.387453920203348900e+00
1.854032735656195655e+03 9.375870072159054871e+02 2.893378092837265658e+00
1.936230097619355547e+03 9.617056655547644368e+02 2.404084796208024066e+00
1.691132903639539563e+03 9.262619777419845377e+02 1.720793812716263860e+00
1.751323639549632389e+03 9.999203503282808470e+02 9.617553217660461673e-01
1.850856944251825325e+03 1.002652702222092785e+03 2.855000145127509992e+00
1.928259836007203376e+03 7.130439159535008002e+02 2.090835188126105137e+00
1.859625970616093127e+03 7.339291247197189705e+02 1.682195517122580863e+00
2.093684250138730931e+03 7.417301580009427653e+02 2.772791261154434306e+00
1.989667740681943997e+03 7.842476635373523095e+02 1.950697886844876994e+00
2.056654356186336372e+03 7.882232860993559598e+02 2.378430242966001362e+00
2.042597345293523631e+03 8.773979732487264300e+02 1.865414535801209306e+00
1.863035748914684291e+03 8.807611531323652798e+02 2.760541684623445957e-01
1.982989694904323187e+03 9.054499118309277037e+02 1.480692519730886891e+00
2.109450048991227959e+03 9.232429788360414022e+02 1.571344949441519701e+00
1.851908089925248760e+03 9.381155487244236610e+02 3.071858564648752843e+00
1.932200786087464621e+03 9.600851680219193440e+02 2.556737305538930638e+00
2.141745506918633509e+03 9.985387368370945751e+02 1.142352190517416544e+00
2.089810171641119723e+03 7.417223180226683326e+02 2.761332417806979578e+00
1.987247724515351365e+03 7.851645666042472840e+02 1.958786366946515312e+00
2.055525009186766965e+03 7.878167008029573708e+02 2.433132014433094348e+00
2.043293470099614751e+03 8.772439576595299968e+02 1.888847891553617320e+00
2.234162153133490392e+03 8.787594566315860902e+02 2.358214318267998433e+00
2.108919378224346019e+03 9.203028203991682403e+02 1.515410506720564321e+00
2.136388841930952822e+03 1.005877543669672605e+03 1.349548059298199210e+00
1.579352774019398566e+02 8.761548955919761283e+02 2.080804153404106072e-01
1.622727991866280490e+02 1.165225049779483925e+03 1.402505431713765960e+00
4.274080086211532716e+02 1.065885638890869132e+03 1.643172131197426999e+00
4.898853859608609582e+02 1.067199634205438997e+03 9.667574344984916079e-01
4.635200228792629105e+02 1.153864564842304389e+03 1.026530752790246304e+00
5.443285920423772950e+02 8.888467497897197518e+02 1.796929790018822803e+00
6.699942908771774910e+02 9.031761546934778835e+02 1.843814988589683290e+00
6.015810951338264658e+02 8.992476034245614755e+02 1.526044131930634595e+00
5.875431734273341817e+02 1.008262215345565437e+03 9.637631714304556452e-01
6.685761829652044526e+02 1.053454896394327534e+03 2.273659031861019031e+00
4.280329738986656594e+02 1.066707100347495270e+03 1.612059361163954874e+00
4.880632804111501173e+02 1.068974216322071243e+03 8.506297834068800023e-01
6.093147245815900988e+02 1.131398831126690766e+03 2.358064802289566497e+00
5.416854403083452780e+02 1.156272690742302302e+03 1.506844906067971612e+00
4.628912197935912900e+02 1.152055691967495022e+03 8.747338291965579549e-01
6.674418631922898157e+02 8.960716817098650608e+02 1.683443095098749787e+00
5.997611986075935420e+02 8.985708322203070111e+02 1.463804433750457878e+00
7.122023416928154802e+02 9.811274344055361780e+02 1.823244087644288136e+00
5.864863501501733936e+02 1.008845576276932661e+03 9.873422332856747197e-01
7.934965133215711148e+02 1.051569478189755728e+03 2.276010053415811640e+00
6.673866479944629191e+02 1.053834547872860412e+03 2.193022678634415801e+00
7.673559578109295671e+02 1.091523309235985380e+03 2.976755680778668367e+00
6.072374474745934094e+02 1.134586161715643357e+03 2.287271082209328288e+00
7.514721277068235850e+02 1.159284372611289655e+03 2.848005285866789915e+00
8.427787044946931019e+02 1.164285850753037721e+03 1.367184415490443339e+00
8.756927306600130123e+02 8.695757786673773353e+02 7.035703190732311985e-01
9.654314933259538520e+02 8.727196668365347705e+02 9.804106025702493676e-01
1.003588850274117249e+03 9.227771359390162615e+02 1.088452208755789741e+00
7.083266478956893479e+02 9.788381356821557802e+02 1.932805446187346510e+00
8.704938712065063555e+02 9.982347885052349739e+02 4.971947732359806582e-01
7.920576823596172744e+02 1.050338511248907025e+03 2.295612262825850625e+00
1.013666240645293783e+03 1.069637309822563793e+03 1.761600489237193479e+00
9.027272484400596113e+02 1.101287853824312378e+03 1.564360496851755711e+00
7.651292737097744521e+02 1.091652062271346722e+03 2.872239329263176266e+00
9.510849986059715775e+02 1.161606517789154623e+03 1.013554443679281825e+00
8.398900301064436462e+02 1.165593676222364138e+03 1.662313994016006324e+00
7.478323373080953615e+02 1.159924709250111619e+03 2.703359267156693058e+00
9.651453433314470658e+02 8.693815638679054700e+02 1.046591891642834726e+00
1.002713725997662550e+03 9.214240321881568434e+02 1.171066559815514774e+00
1.055880175397372341e+03 9.529195669517985152e+02 1.013095008096344340e+00
1.096182516473208807e+03 9.890598755923274439e+02 3.573866146332467797e-01
8.700694578637780978e+02 9.964015803925487944e+02 4.829630344562161337e-01
1.082413803238123137e+03 1.046018354288319415e+03 2.654788802605842601e+00
1.011063863157324477e+03 1.067583870334568019e+03 1.715544548348962639e+00
9.011229343487107144e+02 1.102050108338059772e+03 1.594979992343111386e+00
1.179816962556758426e+03 1.137360179007127272e+03 2.227319911297621413e+00
1.045726468051165057e+03 1.140547698323785880e+03 7.760992641025871164e-01
9.495517589354228676e+02 1.161679739435155398e+03 1.083970070692592769e+00
1.051770834204118728e+03 9.511161376895040576e+02 1.006924681019619072e+00
1.184009034696124672e+03 9.430653030841006057e+02 4.359561334458333243e-02
1.096934293744121078e+03 9.886688986403507897e+02 4.388943819087537390e-01
1.082836153986916770e+03 1.047722357159041849e+03 2.669156984556522616e+00
1.212783224868828484e+03 1.064163198890659032e+03 1.588663626099191817e-01
1.251534382572489676e+03 1.124634559826115492e+03 1.295765904060061091e+00
1.179537786451906186e+03 1.149044160641289636e+03 2.031985910189189060e+00
1.048650852160634940e+03 1.137792409527509335e+03 8.352530478611644993e-01
1.330699770863122922e+03 1.134973012574545919e+03 7.462789227082322618e-01
1.366988416774288908e+03 8.843262389605292810e+02 2.943687021925478486e-01
1.495907127957842022e+03 9.023936093757522485e+02 6.702037930214128914e-02
1.438705289701972788e+03 9.826745476510768640e+02 1.589679068614462398e+00
1.210251808754013837e+03 1.064316752031379792e+03 1.045011898202933553e-01
1.420495677883133339e+03 1.096549714161613792e+03 1.108499943020933021e+00
1.249793322627943553e+03 1.125429757943599725e+03 1.280477250693103253e+00
1.329469318124320353e+03 1.132372425040279495e+03 6.117009359245765276e-01
1.464776379377303329e+03 1.138893736438971018e+03 1.521824642527173976e+00
1.363787337001210062e+03 8.828650060067002414e+02 3.155647777023576350e-01
1.496089599100771238e+03 9.041011566469878744e+02 5.358600101975059121e-02
1.642383866274709362e+03 9.264701017896886697e+02 1.165401092585696574e+00
1.561344380366975429e+03 9.415653630150534354e+02 7.294994512397277031e-01
1.437194124064554444e+03 9.836907686808385733e+02 1.608151042660333596e+00
1.510993678658590397e+03 1.025869350815333519e+03 2.286424262964690257e+00
1.597627751093434654e+03 1.033687406171439761e+03 9.831474008859761859e-01
1.419170659482777864e+03 1.098147018027263812e+03 1.101532230337748608e+00
1.518557408903460328e+03 1.092323576911754344e+03 2.559035595049264700e+00
1.637606133665473635e+03 1.114710554887010403e+03 1.753449710878992152e+00
1.461482303037157635e+03 1.136211649799276529e+03 1.566009983577334230e+00
1.543817261913748098e+03 1.180175162823481514e+03 3.283752308451439728e-01
1.744517099690322539e+03 8.869803219334344249e+02 2.527669983500238526e+00
1.647279939333141556e+03 9.248926359586141643e+02 9.967388362986708827e-01
1.559887127524239986e+03 9.402986714361327358e+02 7.077061481735402726e-01
1.694310901780957465e+03 9.300326191316230506e+02 1.846303967582380912e+00
1.750577380327572882e+03 1.000849112496947100e+03 9.663968669370488485e-01
1.667509448711079813e+03 1.042333708297418980e+03 1.681530886134332547e+00
1.595870984133503953e+03 1.033315441363414720e+03 9.692711810012858420e-01
1.507786276315012174e+03 1.028925963048420499e+03 2.361442144847060387e+00
1.746072750321181047e+03 1.051548627497683583e+03 8.496545999154495599e-01
1.516178702236738900e+03 1.094288781474501548e+03 2.581108149545918273e+00
1.633441717454977606e+03 1.119144564387233686e+03 1.761743098511380223e+00
1.797240135002728493e+03 1.096396940368665810e+03 1.303293395712815661e+00
1.704454449669498445e+03 1.157878160158664286e+03 1.277616877171395160e+00
1.552155404281322035e+03 1.181279907722084317e+03 2.545874109377688210e+00
1.868559105996283733e+03 8.781248414743085959e+02 2.485302959002491652e-01
1.742623031201811955e+03 8.902301120318079484e+02 2.545563890778792970e+00
1.843922368796439514e+03 8.991189802928349764e+02 1.335013361498203599e+00
1.853469103513427854e+03 9.378895300615754422e+02 2.963538980560882941e+00
1.695524208590014496e+03 9.309890402671499032e+02 1.764152234842218059e+00
1.932133232417210820e+03 9.601872263159261820e+02 2.593492753672576701e+00
1.749154047031432583e+03 1.000602409396957455e+03 9.633667313652773956e-01
1.849631438971049647e+03 1.006708420362696870e+03 2.519346501656057224e+00
1.913870753621419681e+03 1.031934777318316492e+03 3.767111627367066701e-02
1.744663693115552178e+03 1.052371635369387150e+03 8.435703758183166201e-01
1.795487887579641665e+03 1.094357724407633214e+03 1.211526068924188015e+00
1.911040663253405910e+03 1.113868554645856875e+03 2.034882075793479128e+00
1.844683835646155558e+03 1.134547526000967764e+03 1.358919819440737475e+00
1.702567673533220841e+03 1.157435759726687593e+03 1.172736278302745294e+00
1.870422017036997886e+03 8.773690116835261961e+02 2.151651637347125057e-01
2.043278370092044497e+03 8.796965195550023964e+02 1.919197551523348588e+00
1.982415922197682903e+03 9.042046315471775415e+02 1.495802202071266240e+00
2.109850065902263850e+03 9.223581614677095786e+02 1.545094520398896165e+00
1.854499326794469653e+03 9.376475746040398462e+02 2.991995085382161967e+00
1.931481771586828017e+03 9.581676088268104650e+02 2.604774021379776983e+00
2.138309539835787746e+03 1.007169242175631780e+03 1.339779739882753340e+00
1.914690483267851050e+03 1.033096697743074628e+03 2.534286128131487903e+00
1.847738718486262542e+03 1.007214213383728747e+03 2.433072748408122710e+00
1.999121217014222566e+03 1.073894737318400757e+03 2.091700943428190129e+00
1.911286626330546824e+03 1.114362178224329227e+03 2.020575212552934374e+00
1.845030746889681723e+03 1.129085878944102660e+03 1.390114364686644732e+00
2.041998748887837337e+03 8.821151730360411420e+02 1.945665080514701772e+00
2.236917187213135549e+03 8.786492935258770558e+02 2.484286059272663660e+00
2.109172949830598100e+03 9.202241256218944727e+02 1.567300607227202436e+00
2.136108579093135177e+03 1.006028810755777613e+03 1.381370971878338461e+00
1.996116182035375004e+03 1.074069681231567074e+03 2.196234299522312305e+00
2.141500525552685758e+03 1.117915006456623587e+03 1.366669168332581563e+00
1.613530022549644514e+02 1.163293758268455349e+03 1.353167956961152552e+00
4.271672220022932152e+02 1.065481061569890244e+03 1.603979703165048676e+00
4.876676985758781484e+02 1.069227671022511458e+03 9.235796152497450784e-01
4.633346463932900861e+02 1.150894963886361211e+03 9.433670554815266618e-01
4.963411370858452756e+02 1.237706891031129317e+03 1.944927215175250357e+00
4.317422811195613122e+02 1.252917935168267832e+03 2.600452381902184307e+00
5.389201832004665675e+02 1.330984901351948793e+03 2.303356518163166555e+00
6.699271819508719545e+02 1.052682872422693890e+03 2.320376188990472599e+00
4.266998968599170894e+02 1.065493493484920918e+03 1.530643249556935981e+00
4.874167302741665253e+02 1.068421567434982535e+03 8.822697028398477359e-01
6.086063516760441416e+02 1.129913459787638885e+03 2.346248729487430573e+00
4.634507702903871404e+02 1.150008619877881756e+03 9.221677460727299991e-01
5.417580129623872836e+02 1.154289393519959276e+03 1.482978383824332447e+00
4.952972183279542833e+02 1.237851903704754250e+03 1.906801358860742202e+00
5.743637034066509841e+02 1.233380316602097082e+03 1.560555560145548082e+00
6.351419462081887559e+02 1.249216575918508397e+03 1.851242559608451188e+00
4.325824400880720759e+02 1.252692496603650397e+03 2.737420863550695582e+00
7.001521102800777498e+02 1.269985797663639005e+03 2.433098495834815189e+00
5.390721283100516530e+02 1.339127931954587666e+03 1.834815895238647965e+00
7.934699525283326693e+02 1.051537763894146565e+03 1.443856397906989386e+00
6.665066013417863360e+02 1.050975498511455726e+03 2.165809992528823447e+00
7.677732287550694537e+02 1.089773469723540757e+03 3.004535721756344202e+00
6.073547657986050581e+02 1.130130936600993209e+03 2.294983783044855397e+00
7.514760702825576573e+02 1.157217434947011498e+03 2.827895995359269499e+00
8.418086490731419644e+02 1.163734747108943566e+03 1.567191087862839671e+00
5.727375938046008059e+02 1.234155528787860931e+03 1.502058269298424120e+00
6.343105606412023008e+02 1.249272255793494878e+03 1.763667137048068101e+00
8.224498288404705590e+02 1.275070600950190737e+03 1.883279212720964546e+00
7.067882055560959316e+02 1.275844597477027492e+03 2.417313309744788530e+00
7.734830868141940527e+02 1.291043535242252574e+03 2.021867276028875615e+00
7.883286856789134163e+02 1.053021769749470195e+03 2.067487525489800859e+00
1.012561533969921584e+03 1.068035926598191054e+03 1.676590315483836857e+00
9.028664070644713320e+02 1.099003992202763811e+03 1.545602611554208528e+00
7.646823525489963913e+02 1.088652213476522547e+03 2.953140602236266066e+00
9.504385653713443389e+02 1.160324156256729111e+03 9.888816751185107723e-01
8.398130130771384074e+02 1.162768914154359891e+03 1.625755228409843101e+00
7.489100401938356981e+02 1.156387292001685410e+03 2.765955546107088381e+00
9.812282259572689327e+02 1.219003980207656468e+03 3.318152110966826052e-01
8.913944387071694564e+02 1.247964279592340745e+03 2.056278585832751915e+00
8.216055174991419108e+02 1.272237694550637571e+03 1.981584485971252141e+00
7.703671053213131472e+02 1.292198768893933902e+03 2.094570401582766639e+00
9.497349358128601580e+02 1.329369747732656151e+03 1.672467768480242256e+00
1.082816063833622593e+03 1.043435160986614846e+03 2.618831858281547298e+00
1.010856182600314014e+03 1.065960294630629278e+03 1.673405234998735391e+00
9.003179508976886609e+02 1.096941469591310351e+03 1.652959173549240601e+00
1.180620828677376494e+03 1.148548623777324337e+03 2.027135070078712964e+00
1.045277853608452233e+03 1.139202363830094555e+03 7.850004814663781305e-01
9.489405239817708662e+02 1.161030628958211537e+03 1.050137687523120089e+00
1.138796665719977455e+03 1.186887976929131582e+03 2.770796377261981469e+00
9.795311036669029363e+02 1.219302482790352315e+03 3.056138674745355055e-01
8.889557035306334001e+02 1.249300342159373486e+03 2.078473013486272336e+00
1.085634451360946969e+03 1.231398235009127575e+03 2.653709665395033168e-01
1.158124240433815885e+03 1.269054285169635023e+03 6.689222228322131425e-01
1.043240883955459140e+03 1.286141052944384683e+03 2.784709868986796621e+00
9.492980381835920980e+02 1.331122452067264703e+03 1.734548328329336586e+00
1.011769648420759722e+03 1.339081733874112388e+03 1.759164687666449289e+00
1.083974076141587830e+03 1.048795375360709841e+03 2.647481550803808759e+00
1.212651387063780248e+03 1.064117977665408262e+03 1.262753407936011429e-01
1.251795633233788976e+03 1.123527323648386755e+03 1.361671081787826809e+00
1.179581626641584080e+03 1.149748178543051608e+03 2.043814685125913577e+00
1.043225326643922472e+03 1.138951988339642185e+03 7.801997670525196993e-01
1.331211553092642134e+03 1.131875666077763981e+03 6.211907656694383162e-01
1.136804752939129912e+03 1.187851724764718938e+03 2.731286821835700707e+00
1.278772976580781005e+03 1.204820131273690549e+03 7.933149303246032069e-01
1.085455991389290375e+03 1.231599072975249328e+03 2.095745382821328773e-01
1.321571917362958175e+03 1.245049923513200156e+03 1.099961331971367251e+00
1.155127711879883009e+03 1.268267071429345606e+03 5.970458364441495469e-01
1.043419992207627729e+03 1.287114622365245395e+03 2.651565005117391571e+00
1.239230372728812881e+03 1.313229216670426240e+03 1.746278794085229569e+00
1.212953933434235296e+03 1.062151112388612546e+03 9.103130506073954520e-02
1.421833979445596242e+03 1.095836254294789342e+03 1.094960089661070946e+00
1.250336907237930518e+03 1.123801615634031123e+03 1.300696699590798033e+00
1.330042508852299534e+03 1.131103623071224774e+03 5.187287202326815727e-01
1.462596901422029987e+03 1.134486556822597322e+03 1.587195403667786664e+00
1.277230391057862334e+03 1.205292303682701004e+03 6.906115435895754384e-01
1.391870030472319058e+03 1.227972569572187012e+03 1.160581828968095364e+00
1.318168659309591476e+03 1.245066668599078412e+03 1.044132800956220963e+00
1.452018973848022597e+03 1.252135053655722231e+03 1.370948989099300297e+00
1.237148275867248913e+03 1.311766360278695174e+03 1.807644462572410626e+00
1.490389515591261670e+03 1.318797601962035515e+03 8.554944292600670241e-01
1.511582066868839320e+03 1.026386312121173432e+03 2.408203671109776955e+00
1.597385779768201246e+03 1.033032120479915420e+03 9.426162329532228323e-01
1.419869379596176032e+03 1.096167941567439357e+03 1.082128027073788523e+00
1.518938744105923888e+03 1.092632180706115832e+03 2.615605167775077344e+00
1.635195297614874335e+03 1.117086995584071701e+03 1.797697762228154472e+00
1.461057315563543852e+03 1.134973882535601206e+03 1.566037915392746394e+00
1.545510923213686965e+03 1.175515219646883907e+03 3.191510761687574305e-01
1.576814919451424885e+03 1.213587017046799019e+03 1.359361046958900809e+00
1.389525055151844299e+03 1.229336358948201223e+03 1.137226854899566764e+00
1.450210897724934966e+03 1.253556522907569843e+03 1.338663037991498550e+00
1.626610211786855416e+03 1.298527547014656648e+03 2.015654829480914678e+00
1.486783557015291535e+03 1.316272771794859409e+03 7.677731071925217865e-01
1.594580929043462447e+03 1.032322798539389623e+03 9.372494877907038280e-01
1.667497683469864342e+03 1.042943213298039382e+03 1.594387060330728412e+00
1.744583106329070233e+03 1.053111919947928527e+03 8.110201440381868965e-01
1.797079443291268944e+03 1.094765581496191317e+03 1.192563204205972838e+00
1.519649198270361239e+03 1.096685551061906381e+03 2.608214883878602119e+00
1.633072975320027581e+03 1.120903741958976980e+03 1.786023700162671979e+00
1.704522422676363476e+03 1.156017704628734464e+03 1.193647693021977485e+00
1.541239917781917484e+03 1.176470453305113551e+03 3.412762097228070335e-01
1.575325106977363930e+03 1.216893337298585948e+03 1.260944206179309912e+00
1.624953965022082912e+03 1.301103740936125860e+03 1.970832443066488526e+00
1.742797348004842661e+03 1.052344756828661048e+03 8.079042561657037158e-01
1.921481202879157536e+03 1.033829103434050921e+03 2.549491533327430837e+00
1.795817658752407169e+03 1.094054162795988759e+03 1.176865048974230721e+00
1.913273101761084945e+03 1.115130401230671396e+03 2.106890240810289416e+00
1.847268471614841474e+03 1.134619580476841065e+03 1.318100398374404625e+00
1.704418023118513702e+03 1.156691545631199915e+03 1.166263893952469877e+00
1.871514631604607075e+03 1.207954418391404943e+03 1.391988927504299367e+00
1.916997123193009429e+03 1.034351395979649851e+03 2.635079649125078749e+00
1.999266925490767790e+03 1.073165637890295102e+03 2.096557767963298957e+00
1.912197657705084566e+03 1.114103918226498536e+03 2.067114908984377664e+00
1.842809426828654978e+03 1.131704505035967259e+03 1.339266387916214329e+00
1.870535693345586878e+03 1.207277257072159955e+03 1.340424128523439729e+00
1.997673051242777092e+03 1.075787828923848110e+03 2.160372128751918641e+00
2.141046211138444050e+03 1.116958800296266418e+03 1.395052779034349433e+00
2.173971982703196772e+03 1.287023231248855609e+03 2.616321319148717794e+00
3.402911156854772230e+02 1.422392780361584755e+03 3.114089674862763779e+00
4.970696696619470458e+02 1.236965752149968012e+03 1.861199853792568915e+00
4.322905070894298660e+02 1.251977553773714590e+03 2.590982654404423879e+00
5.415692737601493718e+02 1.339901474947579118e+03 1.827166200331992840e+00
4.790094534526870120e+02 1.368494067356445157e+03 2.184892321164346285e+00
3.393480849105217203e+02 1.422231755228701331e+03 3.083170263685251378e+00
4.954069730382960870e+02 1.237595159393676795e+03 1.836427243613060423e+00
5.742871121609358624e+02 1.232784419521698510e+03 1.490091186981588711e+00
6.350000038348067619e+02 1.249328392816139967e+03 1.771044607879989519e+00
4.318563543514951562e+02 1.251632791885071583e+03 2.707250955919621838e+00
5.391440026960138994e+02 1.339633345068625886e+03 1.792170209892350652e+00
6.085918579928189729e+02 1.356575233266620671e+03 1.664709853264949579e+00
6.603693221360358621e+02 1.370588898686874472e+03 9.864853147614368600e-01
4.791724151668645391e+02 1.367724979205325781e+03 2.257696274998597818e+00
5.808403162672129838e+02 1.449299353048415014e+03 3.108831750155607754e+00
6.878539447214570828e+02 1.464422387185289608e+03 2.630725808652849995e+00
5.719627233299552245e+02 1.233173623276250282e+03 1.407564129609393477e+00
6.341687735788582359e+02 1.247563391355053682e+03 1.766791230786460609e+00
8.229845496817513322e+02 1.270732008754802791e+03 1.955876801725304315e+00
7.066770455131711515e+02 1.274990020514009302e+03 2.401459268290288218e+00
7.732417893858080333e+02 1.289250560487007533e+03 1.947744563938328177e+00
6.081097942583036229e+02 1.356342366485623643e+03 1.659693199236277339e+00
6.610031144478311944e+02 1.367294887354818002e+03 1.019382063785322812e+00
7.421062232584018830e+02 1.384967654914714103e+03 2.137859041284555062e+00
8.565683731645685839e+02 1.395620855785069580e+03 2.365740278593669199e+00
8.264471273130779991e+02 1.433672559472874127e+03 2.640962233920551405e+00
5.776625956852833497e+02 1.451199874463085052e+03 4.360985483060390161e-02
6.895160983549639013e+02 1.465826035439735051e+03 2.640538473059962588e+00
7.838419980543195607e+02 1.481809363381439198e+03 2.921408502677186103e+00
9.789785353452648451e+02 1.216412587591088595e+03 3.513503327151848987e-01
8.908432928912047828e+02 1.246716257182678874e+03 2.004738060316941350e+00
8.203174207994505878e+02 1.271287574255766458e+03 1.953792294421060838e+00
7.707266563178436627e+02 1.288842695998415365e+03 1.997292041011442754e+00
7.109885026017411747e+02 1.281995067594298462e+03 2.692156922191998536e+00
9.470826755355913065e+02 1.334188684807868412e+03 2.487117978721425704e+00
9.004219797607922828e+02 1.347348949789335620e+03 2.243400457001194948e+00
1.013051872451656436e+03 1.341112550781053187e+03 1.716823782364335527e+00
7.405665296289613480e+02 1.384219681902057800e+03 2.185249188514013952e+00
8.511712557869113880e+02 1.393656401765920236e+03 2.482611085444280441e+00
8.230930665273923523e+02 1.437053199306502620e+03 2.371368797202082934e+00
9.966418806637680063e+02 1.448714926564980260e+03 1.321140833994512542e+00
9.593547380097152200e+02 1.460127683647237518e+03 1.848390541688810673e+00
7.824222530234577562e+02 1.482505875231495338e+03 2.888453512561210967e+00
9.787054299226615512e+02 1.217593053251077663e+03 3.030099608180114035e-01
1.086850618283501262e+03 1.227063772303740279e+03 3.731842015240923738e-01
8.892362437782983307e+02 1.248976250186213065e+03 2.021288415811129724e+00
1.155781962082664450e+03 1.265869878904197094e+03 6.129593651830291812e-01
1.042087095839634912e+03 1.284216537410910860e+03 2.820796702679786438e+00
9.443241633344773618e+02 1.333059351267173042e+03 1.759558380012591572e+00
8.984226011661105531e+02 1.346757494926092704e+03 2.326067364738599874e+00
1.159317110835566154e+03 1.350638173478932913e+03 1.043701313525770447e+00
1.009353378757321707e+03 1.340044270387906863e+03 1.781353256220840731e+00
1.080773399520119256e+03 1.406175336949357416e+03 1.425380187625273409e+00
1.167263489062427425e+03 1.429522479095128119e+03 1.093113277009917228e+00
1.003396014193697283e+03 1.450273680989869717e+03 2.239978884449777663e+00
9.558295037445482194e+02 1.458217859649993443e+03 1.801115456688121119e+00
1.083580707114264897e+03 1.465295098537011654e+03 1.306713174559144486e+00
1.276891711017196485e+03 1.206266055415691426e+03 5.570249316743184353e-01
1.086702527345912131e+03 1.223029003259929141e+03 1.972227313044311592e-01
1.318676825497205755e+03 1.243513668529767983e+03 1.085880176292071120e+00
1.154700916205142221e+03 1.266985061225903792e+03 5.266709250796769437e-01
1.040786518049640790e+03 1.284727862835272390e+03 2.746698135516046246e+00
1.238595286646566592e+03 1.313410621376481231e+03 1.794903523230586773e+00
1.158201230812727545e+03 1.350383625458839106e+03 2.701143137053794163e-01
1.079787952681065690e+03 1.425169209268268787e+03 1.627535159602750081e+00
1.165851306556155350e+03 1.427367755086769421e+03 1.022070114159917997e+00
1.263189610963114319e+03 1.436602749607613532e+03 1.212284567250584200e+00
1.136889975755994328e+03 1.187806238780254716e+03 2.629628050958995544e+00
1.273725245920964426e+03 1.202203418128629664e+03 6.513255467518417330e-01
1.391141504092610148e+03 1.226350285550072158e+03 1.164598394288213212e+00
1.317564195847798601e+03 1.243696824782868362e+03 1.021204358383806188e+00
1.452199130917181719e+03 1.250317829357925802e+03 1.338364414347975373e+00
1.237268189657529092e+03 1.312740334708323417e+03 1.791565727847975520e+00
1.490390267077073531e+03 1.312937523315491717e+03 7.411891313052657582e-01
1.357476283587315947e+03 1.345310598526227068e+03 1.637354655488896027e+00
1.412519019161599999e+03 1.363388406122547622e+03 1.904252740644299724e+00
1.262553670092280299e+03 1.436380602214736427e+03 1.125745965567902518e+00
1.577435645136153198e+03 1.214896179788957397e+03 1.261839951586891662e+00
1.387616170386108934e+03 1.226353690202461394e+03 1.130921631360557678e+00
1.450932469529970149e+03 1.252177544871416330e+03 1.288846043676910691e+00
1.626273063643126306e+03 1.298618205567461246e+03 2.018658204171758008e+00
1.488538621440729003e+03 1.314384677120460765e+03 7.247966054602599240e-01
1.353798947041994097e+03 1.345969734283643220e+03 7.978842998033870426e-01
1.411409318275264013e+03 1.363881884422246458e+03 1.880866178045206727e+00
1.570985575485953632e+03 1.372384051140513293e+03 1.859780240850662070e+00
1.506534747663813050e+03 1.401845083271306294e+03 1.315559760137164247e+00
1.577269182479501296e+03 1.214348602368660067e+03 1.274639174584864199e+00
1.625788376545697929e+03 1.298740186058221752e+03 1.945869011763941003e+00
1.572445440208195578e+03 1.372462182563716624e+03 1.821598576468186126e+00
1.506084850884447178e+03 1.399412933643390261e+03 1.380362911890772981e+00
1.871399685787713906e+03 1.207947311120954055e+03 1.429307331481302734e+00
1.868651839688927112e+03 1.208986321025510733e+03 1.422691036824176747e+00
2.172913693478853020e+03 1.284471858580953040e+03 2.595362209969860334e+00
3.405084339468187409e+02 1.420666683170949000e+03 3.104710352705860821e+00
4.808996869209780698e+02 1.369868157291017496e+03 2.252996309296487976e+00
3.388191862750655901e+02 1.421442639035615684e+03 3.113839754219170697e+00
6.228979516260108085e+02 1.364830651455753468e+03 1.633102981137390941e+00
4.777614179829552086e+02 1.368482374970723413e+03 2.159852798746829894e+00
5.797571547191885202e+02 1.449513640782779248e+03 3.114818964908616650e+00
6.908932013460704411e+02 1.465223766056731165e+03 2.598102026976176759e+00
6.667250092848246368e+02 1.530525032011535586e+03 2.835691559516092308e+00
6.845530324388805639e+02 1.597439474645631208e+03 4.741048369694783604e-01
6.439610784575585285e+02 1.366481209911050655e+03 1.138770852710859760e+00
7.423387253564723096e+02 1.384552585885088092e+03 2.037916301335203961e+00
8.548356763333395065e+02 1.393177088975431161e+03 2.430977660275339236e+00
8.223827092116437143e+02 1.438849926669648084e+03 2.176723368419835936e+00
5.787297127146645153e+02 1.448298869800160674e+03 3.115167387900863005e+00
6.894227469634936369e+02 1.464254639010966457e+03 2.565912760018801198e+00
7.846744826396619601e+02 1.482770934538126312e+03 2.683701640727779836e+00
6.673617085885407505e+02 1.529501786488105608e+03 2.777491016570966309e+00
8.001646865893272889e+02 1.568820461691464970e+03 2.564275879456990648e+00
6.882706360999322897e+02 1.595084395814057416e+03 3.887092936658275155e-01
7.408450323950830807e+02 1.386986841214345759e+03 2.122067296907132139e+00
9.019492357256508512e+02 1.346351300790007372e+03 2.277191445790657021e+00
8.502220295327819031e+02 1.391875327271731521e+03 2.382773491450049352e+00
8.198604428785447453e+02 1.438119963534227054e+03 2.193170342660764494e+00
1.007779290480395957e+03 1.449236366584974348e+03 2.166830955181025864e+00
9.552932803839087228e+02 1.458267627841148396e+03 1.729011263183261260e+00
7.828734182975306339e+02 1.481604788157882467e+03 2.754919975632111218e+00
9.162305520133807022e+02 1.538263601932482061e+03 3.073395642298616615e+00
7.974890894885398893e+02 1.568161325910469486e+03 2.599609645529899371e+00
8.953955178362202787e+02 1.604516319640019219e+03 2.293724237700602853e+00
9.974211239047208437e+02 1.613486367306967850e+03 6.547849478086616992e-01
1.154031957946686589e+03 1.355331500413340109e+03 9.630246269765209144e-01
1.084724148615845024e+03 1.437050699562076943e+03 1.399133559863925180e+00
1.166344544816961616e+03 1.425927437177769207e+03 1.063759840501757203e+00
1.003853971551200175e+03 1.448588408198455909e+03 2.216278527268892962e+00
9.547374383157250577e+02 1.458007600906787957e+03 1.801262399206764675e+00
1.170280958536092157e+03 1.503420950110780723e+03 8.887619280881088324e-01
9.145969594731097914e+02 1.538274674708172142e+03 2.995325274223989087e+00
1.034124104366300799e+03 1.545073009321847849e+03 2.961110019254940440e+00
1.172119747659935001e+03 1.563177475975590824e+03 2.143751918139316925e-01
8.903685263616623615e+02 1.603626380606324801e+03 2.276397356543961692e+00
9.958704789792325300e+02 1.612962881907578094e+03 6.075026343501199744e-01
1.110872957449946853e+03 1.608817087160211486e+03 3.205316385344891827e-02
1.019092516995414371e+03 1.658054602851755817e+03 4.809680490197490998e-01
9.022592183373076296e+02 1.347480235457971730e+03 2.684966052501131628e+00
1.157843958852030255e+03 1.348152192900279715e+03 1.032398805342453318e+00
1.077253169840825194e+03 1.396861666119827760e+03 1.555722282454160554e+00
1.166080756663556485e+03 1.425303023254631853e+03 1.036319301016266126e+00
1.264027646171890410e+03 1.434141281966703900e+03 1.182988921545728767e+00
1.084907700835082096e+03 1.459028645693989574e+03 1.463301723055078885e+00
1.168901685755635981e+03 1.502445847129429922e+03 7.891825368946134844e-01
1.278496907949928527e+03 1.521844490266169259e+03 3.939551619116873349e-01
1.031364084071319894e+03 1.546272574696893798e+03 2.936283314493600471e+00
1.173342394343578007e+03 1.560812391450929681e+03 1.611223715951277391e-01
1.218077146773500544e+03 1.606423233160244308e+03 7.922930289814245075e-01
1.112333119354645987e+03 1.609764891192270170e+03 3.137785540967192421e+00
1.250718911396343856e+03 1.646835984418013140e+03 1.975249046638479555e+00
1.412587876751119438e+03 1.362919892524036868e+03 1.840462021018664185e+00
1.263214408753831549e+03 1.434260228520537567e+03 1.125584378838314414e+00
1.276683570275914008e+03 1.521758873693198893e+03 3.759831257958045070e-01
1.362239491739622508e+03 1.541317184412196411e+03 1.571229339985129370e+00
1.233797206142550294e+03 1.621075002394419698e+03 2.176979419330933307e+00
1.351879329522275157e+03 1.349477736033358724e+03 1.163771363053814900e+00
1.410861740008107290e+03 1.362589498952539543e+03 1.889259301170931771e+00
1.571710626857289071e+03 1.369491564888960283e+03 1.831025141504156961e+00
1.506650532980283970e+03 1.399320057293026593e+03 1.303704902810647548e+00
1.503979541887945743e+03 1.516700027413355656e+03 1.484960337523638207e+00
1.359213632969548598e+03 1.542112621163562835e+03 1.546865018958179849e+00
1.571764662338039898e+03 1.373119365882033208e+03 1.767378916053220061e+00
1.506545709229810427e+03 1.399093926634898480e+03 1.354970379923875479e+00
6.627625079730630659e+02 1.528784994135607576e+03 2.853669108052395931e+00
6.836857387294276123e+02 1.596461907053716004e+03 4.046238957353760490e-01
6.637902970637406952e+02 1.528325723872335175e+03 2.782453668344224251e+00
7.975847826423861306e+02 1.569161411627956795e+03 2.566669944424086136e+00
6.870326350353793714e+02 1.595243333281533296e+03 3.949823375818716231e-01
8.485231157482645585e+02 1.730530775846758161e+03 2.897512753417049947e+00
9.169965427173115131e+02 1.537217694029322047e+03 2.981467047417705629e+00
7.979570827145388421e+02 1.566999269895760563e+03 2.519985292065831217e+00
8.958807433460312950e+02 1.604165332409073244e+03 2.264602060690714236e+00
9.963856801072295184e+02 1.610799995537155155e+03 6.581131646888627174e-01
1.015979891455821871e+03 1.655167449985270650e+03 6.751030174776601056e-01
8.884617807112590526e+02 1.668274392829720455e+03 1.155467279242919781e-01
8.529992986566104491e+02 1.730078077188424686e+03 2.832705909597448279e+00
9.539778795412332784e+02 1.723701258486669531e+03 1.949524543757653883e-01
9.547146435806180307e+02 1.796263336681635792e+03 3.012155819264564993e+00
9.170573082768626136e+02 1.537012023518051592e+03 3.003928138600616027e+00
1.034531615296237078e+03 1.544437840159395137e+03 2.981518498795908911e+00
1.170121245602235376e+03 1.559499036551827430e+03 5.282572019959750342e-01
8.926185132705645628e+02 1.603234377266520141e+03 2.288338604624543748e+00
9.955548280140524184e+02 1.611925862258901361e+03 7.397142857515836001e-01
1.113163197502113007e+03 1.608143358975341698e+03 8.078804197920598507e-02
1.018669227277153823e+03 1.655900759108923694e+03 5.595952856207228043e-01
8.865758689690599113e+02 1.667601255390712367e+03 1.021536485603684458e-01
1.093934796140556045e+03 1.682049354763168594e+03 6.883032705832190512e-01
9.504858185251239320e+02 1.723381588594192635e+03 8.002521794105518782e-02
1.054966212826406490e+03 1.775079173579664030e+03 2.177945144643504971e+00
1.129608507489954036e+03 1.741398938821155980e+03 1.423026760367462895e+00
9.508389341350880386e+02 1.796149701514176741e+03 3.047103306745236218e+00
1.147092203945462188e+03 1.791998667262240360e+03 1.340331176200868724e+00
1.276054178447306185e+03 1.520752156252912300e+03 4.216266212657855950e-01
1.034954004769625726e+03 1.546561770313185434e+03 2.936784225695738382e+00
1.172703578412422758e+03 1.559662200515904033e+03 1.939103930189673419e-01
1.217157600373234345e+03 1.605018594001822294e+03 8.444996805561625353e-01
1.111804776926510158e+03 1.607982477420946452e+03 2.348657812907875217e-02
1.256068394514195916e+03 1.648309015221733262e+03 1.519977972437811520e+00
1.092306694333520909e+03 1.682329921364030042e+03 6.426394129425825330e-01
1.127098768279498472e+03 1.737987439755769628e+03 1.293771782268451576e+00
1.052254077952499756e+03 1.776726222297611002e+03 2.176877019144118464e+00
1.149555360760607300e+03 1.790170679361385737e+03 1.298904878324780299e+00
1.213738013243978912e+03 1.820364822728108720e+03 2.079924025349361827e+00
1.276010961008256572e+03 1.519722677304541776e+03 4.255531027804942967e-01
1.361942081262121746e+03 1.540445654954691008e+03 1.524767500534389031e+00
1.206916049791009073e+03 1.579539317062256941e+03 2.476208282051407750e+00
1.216986329274698846e+03 1.610302220470227439e+03 8.541716132271358619e-01
1.256796336549544549e+03 1.649293943444778733e+03 1.473322497262181008e+00
1.495534472860948654e+03 1.669017295709855944e+03 1.381191248161713014e+00
1.208892058540860717e+03 1.816543504207959359e+03 2.332408459179533100e+00
1.503921605660372052e+03 1.515338258956913478e+03 1.466243555534365139e+00
1.358272735361197647e+03 1.539983994782951413e+03 1.392156146104830627e+00
1.492110057282437310e+03 1.668266532658174128e+03 1.454010777220124284e+00
1.547407962379017135e+03 1.669576526593968083e+03 1.924578006954313469e+00
1.545886641684566257e+03 1.669614505791082820e+03 1.911407111984195106e+00
8.468546416776059687e+02 1.727796120915740858e+03 2.892414854259943269e+00
8.874806003929863891e+02 1.667065046263876184e+03 3.123599311032319470e+00
8.514362702929677198e+02 1.729590698353089238e+03 2.780617194897413658e+00
9.523269926922789637e+02 1.723258056184812631e+03 1.626711060195928094e-01
9.532151823728074760e+02 1.793717599075496992e+03 2.992956221432621078e+00
9.430592805656417568e+02 1.878120753289316781e+03 4.668392521351525937e-01
9.028001128892833549e+02 1.954856293624741738e+03 3.569933280210680349e-01
8.930058742046392126e+02 1.667111169508464855e+03 2.777616116837245297e+00
1.092798408272179131e+03 1.679285778022055638e+03 7.272466979468752424e-01
9.503205724754539006e+02 1.722085278281119372e+03 6.387380008367063433e-02
1.054597611217404847e+03 1.773141773527310306e+03 2.166498061607571302e+00
9.522953383104354543e+02 1.793443941423686738e+03 2.971873578982432207e+00
1.151391656601187151e+03 1.787727666092682739e+03 1.333873023439210215e+00
1.065307682964794822e+03 1.865754336190082768e+03 2.764095587340769544e+00
9.417681356476809924e+02 1.878602383892455691e+03 4.224380096080576630e-01
1.181079395674517173e+03 1.909037850685524973e+03 1.583164776377134209e-01
1.054991598959794601e+03 1.909366234275731131e+03 3.792104869836688263e-01
9.022509533073514376e+02 1.958754944224179781e+03 3.658991473364897051e-01
9.979904424225640014e+02 1.979448907183385927e+03 5.403325864101821141e-01
1.149169034723237928e+03 1.972570303970544046e+03 3.121455953284139051e-01
1.132979256971315635e+03 1.738381526298417384e+03 1.397500268573820481e+00
1.092294091870025113e+03 1.679676793237524862e+03 6.544510953751038196e-01
1.128428177090420377e+03 1.735041028051921785e+03 1.215470034870456795e+00
1.052812011872232915e+03 1.772814942544209316e+03 2.214667919397509621e+00
1.150712419684856741e+03 1.787757984850043840e+03 1.236490326527903028e+00
1.214222876525202537e+03 1.817630184435715819e+03 2.053405495046370710e+00
1.063621866942267843e+03 1.866460712629025920e+03 2.871286675982936298e+00
1.280013581514776661e+03 1.916783881567692788e+03 1.183242183520998969e+00
1.185097245848057355e+03 1.905953164304285110e+03 2.397006289107212473e-01
1.054938068360241459e+03 1.908322916431644444e+03 2.461172040957064211e-01
1.157461452787611961e+03 1.979526107118548680e+03 2.277655796844156241e-02
1.493608388557682929e+03 1.673462451082075631e+03 1.310484741644889928e+00
1.213588436101570096e+03 1.816488870136347941e+03 2.106886751870993280e+00
1.416955911978299127e+03 1.853171900027987931e+03 7.459525287989590137e-01
1.491501869704865157e+03 1.859372168904371847e+03 1.365698103290553078e+00
1.279064681567504294e+03 1.916403458540662996e+03 1.246111149558369435e+00
1.356040775526651032e+03 1.926822958571354320e+03 5.060891322900753497e-01
1.492798520512982350e+03 1.666374983240123811e+03 1.425386373778146920e+00
1.546577160977952190e+03 1.669276114648557495e+03 1.986661055221778049e+00
1.488901973654614267e+03 1.859303304706500967e+03 1.367638237855353545e+00
1.414860623091810339e+03 1.854245524396314977e+03 7.306978275672678658e-01
1.356350323078350357e+03 1.926450669022756756e+03 4.646869821085661822e-01
1.546612942817524981e+03 1.671751256377630853e+03 2.037975932026517611e+00
9.430188333810906443e+02 1.877104962638751203e+03 4.238740663336332815e-01
9.032675150410143488e+02 1.953372805267571039e+03 2.894287032439109564e-01
9.997730858569470911e+02 1.975735453023929040e+03 4.594325548519220259e-01
9.071089218748759322e+02 2.016033686283421048e+03 8.092939070390839373e-02
1.065075752975160412e+03 1.865411544677034954e+03 2.707168315699134187e+00
9.419728256983626125e+02 1.876976004758958425e+03 3.961240514567661575e-01
1.181493771993025575e+03 1.905726407691200166e+03 1.898835474928987910e-01
1.053837038490200484e+03 1.908309086216998821e+03 2.035647069233403328e-01
9.029491772686128570e+02 1.954541958386168517e+03 2.633064559194777110e-01
9.984778547730045375e+02 1.975668232116905529e+03 4.384341367131075473e-01
1.159398897736466324e+03 1.974367442846496942e+03 3.122387661798882608e+00
9.063969911827384749e+02 2.013983781314077532e+03 5.386527321107729277e-02
1.046563088792951930e+03 2.021590856464580156e+03 7.362898809233185959e-01
1.159218550177161205e+03 2.031219384391860785e+03 9.308276196881404285e-01
1.065763159137567982e+03 1.869886037644224871e+03 2.858967961651189604e+00
1.280415118001143583e+03 1.915689867629421769e+03 1.271142691494240973e+00
1.184612609021031403e+03 1.904418470142534716e+03 2.072218575096441973e-01
1.051181879931493313e+03 1.905339343862106489e+03 1.168044888833567885e-01
1.159932175984357855e+03 1.975688971050461987e+03 3.122211527133289977e+00
1.298233702489113284e+03 2.002450037849827822e+03 2.348608017112980284e-01
1.044750645520186026e+03 2.022321051818548312e+03 6.368903015889390007e-01
1.158028798649123473e+03 2.030711747447502603e+03 9.008201039053098658e-01
1.213397714113807069e+03 2.095824357174066336e+03 1.488153021146412236e+00
1.416679999010405709e+03 1.852349264007073543e+03 8.075227726684569562e-01
1.488898650554943060e+03 1.860724117775479272e+03 1.394133637409607829e+00
1.279472568512300541e+03 1.914863135229413274e+03 1.291029649383146793e+00
1.186505448450745234e+03 1.903833136973794808e+03 2.450596999714458046e-01
1.356409057953519323e+03 1.925911490039909040e+03 5.126349770369545977e-01
1.297589101097158618e+03 2.002363984942512161e+03 2.062273096574543940e-01
1.214115722428345180e+03 2.093793539128764678e+03 1.509886891539078402e+00
1.415978011536562462e+03 1.852386318063648559e+03 8.434049592886327940e-01
1.488648144724736312e+03 1.858375631156842019e+03 1.405593121860264860e+00
1.356687765955248324e+03 1.925392545237913509e+03 5.594285074441123218e-01
9.060988908895828899e+02 2.014908212279531654e+03 1.809652080853688949e-01
1.046324759586841537e+03 2.023282458533439694e+03 7.153048840747733284e-01
9.081127760832985132e+02 2.015711907696111666e+03 1.068694896715690068e-01
1.154728234257241411e+03 2.038303774116043314e+03 7.789300275700324905e-01
1.295914454332741798e+03 2.002621309029607346e+03 2.509283399200673004e-01
1.045441504504295608e+03 2.020192313255702175e+03 6.615988271558336242e-01
1.157880916767904637e+03 2.031978265329620626e+03 8.340303411115522758e-01
1.213232015183275507e+03 2.094891170340085864e+03 1.474413669340361555e+00
1.295915986598695326e+03 2.000862045688088074e+03 3.191755601881446358e-01
1.212996945369596915e+03 2.095085902637831168e+03 1.480447680959329659e+00
