9.239703009460347403e+02 5.058201006260378563e+02 2.075983511587225383e+00
1.017247368478146200e+03 4.999420693610931039e+02 6.436710025402982982e-01
9.227678399675828587e+02 5.080983244394130907e+02 2.026726379104597520e+00
1.022737962331726749e+03 4.977729556449125994e+02 5.031089389160244840e-01
1.028974187601054155e+03 4.951517063508031242e+02 6.841725392846338405e-01
1.571805724976089323e+03 5.368361487731365287e+02 8.640131054319449833e-01
1.696821479867346852e+03 4.876543181070169339e+02 7.754497386134264758e-01
1.808392504393896161e+03 4.902717390620548485e+02 2.583429253125448355e+00
1.569126419069987605e+03 5.360726220577519143e+02 8.507397196963519814e-01
1.712906837479139085e+03 5.395103320008777246e+02 1.603164907334320710e-01
1.838983905936001065e+03 4.139701667751702416e+02 2.085740488751099686e-01
1.697684198811295119e+03 4.851754166707198692e+02 7.241077764623221613e-01
1.898661510017794626e+03 4.831318010347326890e+02 3.029324752916193297e+00
1.809718900818268139e+03 4.925342551946419007e+02 2.581061813250554504e+00
1.722409629567288675e+03 5.395250457302870473e+02 3.130013449503284306e+00
1.838760820794296478e+03 4.142916817331361017e+02 2.612312891729747233e-01
1.900434505496336442e+03 4.833959945916994911e+02 3.041690970494240087e+00
4.694676225928823214e+02 6.847305047964498499e+02 8.016667662729495270e-01
4.727079342955196353e+02 6.782675940313670253e+02 5.532412964713440129e-01
9.234596843050555890e+02 5.051095748845061735e+02 2.073906453324909194e+00
1.020641210778500408e+03 4.969541839470191462e+02 4.715263010295996371e-01
9.885524325172073077e+02 6.763997461101885165e+02 4.999340238224696531e-01
9.234893953381829306e+02 5.056222835779716434e+02 2.054820410378942697e+00
1.022341423010617063e+03 4.965728413688017326e+02 4.512465133104103798e-01
1.109912104114085196e+03 6.221505662111608217e+02 7.858928363145420981e-01
9.904762820174155422e+02 6.748146627118934475e+02 3.987740645437327092e-01
1.109947180812230272e+03 6.222464203787540100e+02 8.212376025514677158e-01
1.391867311422544617e+03 5.980123233389119832e+02 3.779493361328665757e-01
1.491395165243853398e+03 6.433171288603014091e+02 2.769139651104114641e+00
1.330782027699866148e+03 6.929942503313047837e+02 8.474992538636814121e-01
1.569797819116069832e+03 5.363165653173382452e+02 8.859736850949223586e-01
1.656408123718813385e+03 5.737372389911458868e+02 1.244187132511836158e-01
1.388797522697979730e+03 5.985500322356690504e+02 3.853401930164746525e-01
1.494985673697507764e+03 6.441618216747458519e+02 2.792210290140300533e+00
1.612653550064158253e+03 6.945312206296234763e+02 5.581041071932071329e-01
1.698900143937457642e+03 4.870069026700793984e+02 6.996240622028676581e-01
1.811373860627197018e+03 4.918196169588519524e+02 2.581252492667780007e+00
1.570182274216351743e+03 5.365035497107694482e+02 8.242983574155920978e-01
1.716587674273508128e+03 5.370030877840888479e+02 2.984265483949033904e+00
1.660350690718766600e+03 5.745960294475692081e+02 5.854508315513221040e-02
1.690094795047104526e+03 6.229231667049239149e+02 4.812445276210065015e-01
1.708954546788556854e+03 6.920921422504798102e+02 8.429829653365924491e-01
1.612135476517199777e+03 6.940096434641011456e+02 4.840764669425097755e-01
1.840704585490361751e+03 4.129505050939964121e+02 1.731266663480925949e-01
1.699077893685012214e+03 4.867199957990746952e+02 7.819324019362631217e-01
1.899388863993029190e+03 4.835458464293012639e+02 2.976720847949512638e+00
1.809653198538558627e+03 4.911992243293900628e+02 2.593902663003551545e+00
1.716413883055124188e+03 5.377115995442809435e+02 3.067523009999231220e+00
1.923844580760151075e+03 5.660200167793516357e+02 2.314982404295327090e+00
1.879856465750700181e+03 5.982878769297917643e+02 1.972584712721406897e+00
1.689708955236317706e+03 6.250775610759950496e+02 4.452443504458644674e-01
1.839475687119110717e+03 6.492116135586655901e+02 2.984552227713592742e+00
1.711647071713710375e+03 6.837799496299276143e+02 6.382806896233508276e-01
1.940138694206815671e+03 7.001975744315244583e+02 1.036593559994807151e-01
1.839718258851050450e+03 4.122442621421167814e+02 3.690260350668170819e-01
1.897372223439209392e+03 4.827128474542091681e+02 3.059171652820023457e+00
1.922696472553323019e+03 5.665510035658891184e+02 2.323649246321358497e+00
1.866530641414305592e+03 6.159453681837908334e+02 2.064126975853373125e+00
2.070823511411396794e+03 5.958720354887103667e+02 2.800926963758695099e+00
2.008970943278384311e+03 6.185909830772179703e+02 1.998161969208212874e+00
2.131622003626208425e+03 6.627827456386128233e+02 2.713304279996482382e+00
1.938887081215328635e+03 7.000891470387683739e+02 6.344857875779087719e-02
2.070076849817829952e+03 5.960408951746856019e+02 2.853891122867055152e+00
2.005822872323219599e+03 6.202458086617427853e+02 2.060952569574537208e+00
2.136831802555649119e+03 6.667046202816632103e+02 2.785524771038460301e+00
4.768492966307890129e+02 7.037878471590335039e+02 3.011898623144544374e+00
4.654361852551852508e+02 7.881958603765086764e+02 2.750377212088308543e+00
4.756569009180387866e+02 7.046604001329567382e+02 3.060366419325693421e+00
6.116388520367505635e+02 7.111211368490223776e+02 2.818938619429888437e+00
4.645123813105425370e+02 7.883950680326699967e+02 2.735373534524183192e+00
6.084600412482767524e+02 7.103698344424233255e+02 2.868056816804106290e+00
8.393043075486311864e+02 8.339004878025316430e+02 1.570052025244049965e+00
9.917559930650004389e+02 6.732564195888861605e+02 3.410197962079791756e-01
8.887769137289424179e+02 7.232312456895836021e+02 1.500727386672752628e+00
9.377706858807923709e+02 7.959168265860461133e+02 1.589454723058739249e+00
9.850247914322660563e+02 8.302643687613176553e+02 1.081622568014063646e+00
8.370409664555755853e+02 8.366561788763535787e+02 1.598837020990245827e+00
1.110656607818101747e+03 6.205082739208651219e+02 7.030158302714200058e-01
9.914603678738424151e+02 6.731503452082625927e+02 3.065504398662757812e-01
1.084161524611341974e+03 7.017663056079147736e+02 3.697922671116556370e-01
8.890813532577055867e+02 7.227740898845934225e+02 1.574008887041574267e+00
9.375028676150998308e+02 7.954301676663569651e+02 1.652040024464528800e+00
9.832688902497320669e+02 8.307452464303551096e+02 1.142076256159063830e+00
1.094766720121180242e+03 8.462826029059515349e+02 9.422891482544717423e-01
1.109086336614048832e+03 6.206923816080411598e+02 7.888661060879526010e-01
1.334411337293672432e+03 6.896801535002825858e+02 7.800883213837628283e-01
1.082236653095480051e+03 7.018957740846819888e+02 4.162881438496210396e-01
1.093261809403500820e+03 8.438809749556601219e+02 1.025969285036237633e+00
1.391122929230781438e+03 5.975697488804435125e+02 3.672902590146714941e-01
1.495037403745088568e+03 6.431543738562706949e+02 2.769710960616714512e+00
1.330259433011997771e+03 6.914152992539034130e+02 8.331503093802914428e-01
1.498746498622958370e+03 7.051129670566886034e+02 2.867515636803452672e+00
1.345180801922395176e+03 7.984703626413238453e+02 1.356802158710926354e-01
1.467711300640382888e+03 8.080117449849742570e+02 2.642809482627064277e-01
1.330097410995088239e+03 8.616103324624192510e+02 6.352903563939144016e-01
1.651919632122894654e+03 5.732054756274977763e+02 2.152989300196469280e+00
1.388455223360826949e+03 5.965762705700435617e+02 3.635190070182778288e-01
1.496012681620801686e+03 6.441283680238931311e+02 2.731624168860929736e+00
1.616596867302203464e+03 6.911109509900874173e+02 5.415182885404319357e-01
1.497686471859039102e+03 7.051232922974294297e+02 2.842379028022875787e+00
1.557122750558380403e+03 7.755908384647360663e+02 3.009764505258073708e+00
1.656496116018123075e+03 8.102663334738230105e+02 1.805471574674321733e+00
1.346086146873202779e+03 8.034263385767787895e+02 2.630244267093784227e-01
1.466983618994462404e+03 8.060432462743476663e+02 2.921516169081810332e-01
1.550369646276273215e+03 8.359467589834175669e+02 4.367662572693299938e-01
1.661125175590835170e+03 5.745763478541623499e+02 4.136250713632987769e-02
1.691100743585926011e+03 6.221986588267383240e+02 5.423195140437822026e-01
1.708077436057345267e+03 6.919226634598759347e+02 8.508973863285818062e-01
1.615361607554168813e+03 6.913324459761746539e+02 4.999810705638612074e-01
1.729082110732954106e+03 7.456749738654461908e+02 1.729752192135401712e-01
1.554756324935512339e+03 7.770170032862791913e+02 2.992198457846419579e+00
1.792654815131411851e+03 8.134632701862917656e+02 1.424175987499175067e+00
1.652718762807472103e+03 8.106658917560000646e+02 1.827343416200555293e+00
1.710052500778571357e+03 8.001086644453669123e+02 2.267214937091686533e+00
1.548951500957090047e+03 8.366660016196888137e+02 3.863528707758797642e-01
1.925927283330979208e+03 5.652379461520451969e+02 2.379439696679947591e+00
1.880366898629062689e+03 5.973931745037929204e+02 1.939635480102326781e+00
1.688320234474317886e+03 6.204577569655418756e+02 2.903685707658405502e-01
1.839931449468669598e+03 6.486835012910150908e+02 3.016178359398391962e+00
1.706931728889796204e+03 6.902848284712723625e+02 7.929744388747943518e-01
1.940362848508115803e+03 6.977643526862211729e+02 3.112893913344962460e+00
1.822566069816664822e+03 7.067207699067853355e+02 1.722741303487547726e-01
1.728139026350579570e+03 7.452802551556530943e+02 1.983372951601498624e-01
1.889828741681684278e+03 7.556537599249969617e+02 3.133444600776145617e+00
1.789521906326571070e+03 8.135199240100967017e+02 1.372769195872002301e+00
1.705748618669006646e+03 8.022882001332623076e+02 2.324075595797109539e+00
1.963526640669422250e+03 8.391018479424162706e+02 1.599470412779392170e+00
1.845249858805143049e+03 8.445213635999816688e+02 1.572163273695335928e+00
1.902026930853561225e+03 8.508498310847035100e+02 1.745994493297409189e+00
1.921679231794880252e+03 5.651617589369228654e+02 2.393750555404934754e+00
1.878082064785564398e+03 5.946726244124259892e+02 1.926224201594301633e+00
2.070231370711057934e+03 5.955643809266312019e+02 2.808822766306274588e+00
2.009308479510913912e+03 6.155243270580330091e+02 1.992464202169477616e+00
1.839553834370454524e+03 6.483392134975955514e+02 9.182737959565971664e-02
2.137771773327532628e+03 6.650017316033164434e+02 2.732399018448568473e+00
1.939122828246158406e+03 6.967934684892607038e+02 5.022693686826436993e-02
1.888643093775571288e+03 7.558605690831927859e+02 1.033823493421152373e-01
2.010532215079575053e+03 7.789719906254277930e+02 2.438247754819917290e+00
1.959681724357501935e+03 8.482447588995312344e+02 1.630982355815863816e+00
1.841761078433809644e+03 8.391568469439000637e+02 1.318018838912535351e+00
1.896331838491140843e+03 8.468495142477677291e+02 1.722703475976382403e+00
2.099780379061873191e+03 8.506473073735761545e+02 2.084761254397800023e+00
2.070479872426038582e+03 5.948556436051350147e+02 2.889061671932869224e+00
2.007982429001041510e+03 6.168042300104513060e+02 2.012585477762829811e+00
2.136870150472524529e+03 6.653353187422917472e+02 2.796513030834545610e+00
2.008273438464269930e+03 7.790841119936176256e+02 2.561371283547295263e+00
2.162176992661758959e+03 8.210209007282660423e+02 1.540901444401053366e+00
2.214510263880989442e+03 8.501586029634853503e+02 1.456949848980647166e+00
2.098328164852711780e+03 8.523777954681249867e+02 2.108667427636735425e+00
3.356218009595360172e+02 8.828866538453942212e+02 9.558853596768569494e-01
4.798795801132000634e+02 7.190245828901475988e+02 2.551838077711966246e+00
4.649289709245936137e+02 7.877632232400374050e+02 2.728684568317234493e+00
3.341241115435366282e+02 8.839201902611712285e+02 9.135184857702349781e-01
4.002319972038928881e+02 9.101465198680634785e+02 5.651223978358375089e-01
4.957818107219000012e+02 9.780392361122587772e+02 1.583908178227512176e+00
6.124246912581842253e+02 7.083761800765448697e+02 2.832571258352378329e+00
4.850828454702585759e+02 7.306280463868998822e+02 2.829022422059560782e+00
4.644310608303444496e+02 7.873350747020638210e+02 2.765384197042342507e+00
3.998525887746112630e+02 9.094287312065191600e+02 5.415697317822596446e-01
4.944999111960240725e+02 9.763755945208595222e+02 1.485358030770794313e+00
5.798144398710512633e+02 1.016423008310472142e+03 1.827108236805870867e+00
6.087497341485191100e+02 7.083491371121594966e+02 2.864478625305614479e+00
8.381124875162745411e+02 8.343830937094708133e+02 1.583257884133470572e+00
7.007533723084601434e+02 9.613441321528175649e+02 2.228953383384328635e-02
5.749786411750585557e+02 1.011738617136979428e+03 1.177990121016965652e+00
8.346379096094901797e+02 1.019891503693664845e+03 4.299565357892503048e-01
8.894345981056851542e+02 7.211616142636055429e+02 1.541638316007006626e+00
9.379989923062535127e+02 7.942998972532603830e+02 1.624801332583459157e+00
9.839581831679465722e+02 8.305760264118341638e+02 1.038838629018445037e+00
8.377686664859846815e+02 8.354848189060617187e+02 1.600343299101993022e+00
8.692006264264578022e+02 9.015661331344774680e+02 6.790111308065104323e-01
1.014056422259861620e+03 9.179114331000664606e+02 1.501747335925629701e+00
9.430408854535810406e+02 9.476949728739336933e+02 1.250517436165312857e+00
8.412851404633174752e+02 1.019104077366790762e+03 8.234418834856747915e-02
9.837973505519908031e+02 1.017650808540364778e+03 1.961751424645057085e-01
8.853145378342289860e+02 7.229794513858518030e+02 1.550202892395951659e+00
9.376172021304892041e+02 7.952546137144095155e+02 1.703127254008141023e+00
9.826789779525736321e+02 8.302821086043434207e+02 1.091054552742622086e+00
1.094157042207313680e+03 8.439543669994943684e+02 8.133261538570280003e-01
1.157389643175362835e+03 8.678377133887718173e+02 9.080282562213756181e-01
8.671815553642222767e+02 9.009705509271877872e+02 6.219598464997307952e-01
1.011198891339086913e+03 9.180753499778252262e+02 1.496552802339110144e+00
1.070056092406827247e+03 9.462516729491962906e+02 1.326971173254774428e+00
9.428528141988813331e+02 9.475853433267361652e+02 1.297661127450715490e+00
9.884841142273871810e+02 1.017336250795575552e+03 5.292998524757281179e-03
1.092135210443559799e+03 8.432707736599487589e+02 8.898314306926182748e-01
1.156251283334080881e+03 8.678494033904955813e+02 9.775162259584949664e-01
1.340607471030963779e+03 8.522015888597940148e+02 2.132146578761266731e-01
1.069158901638867974e+03 9.458080741748549372e+02 1.361870536768446716e+00
1.316463931630526304e+03 9.006398519220954313e+02 2.382064279544338969e+00
1.190816968120162983e+03 1.012262715108779503e+03 6.581606802468519257e-01
1.345489962146678636e+03 7.979578337535535866e+02 1.332235365281502493e-01
1.468133673545125248e+03 8.053666583542595845e+02 2.377379748007351357e-01
1.320790961141542539e+03 8.879901380764683836e+02 2.514290618704821512e+00
1.494295390751510467e+03 8.851168364890468183e+02 2.967092206505476781e+00
1.499615599722079651e+03 9.664690765694704169e+02 1.192912640198568575e+00
1.413163509992576792e+03 9.739803982672124221e+02 1.392455808125730332e+00
1.193978485103631556e+03 1.009095211785836455e+03 7.463750140087236362e-01
1.557117081299918027e+03 7.751668884880133419e+02 2.989249435659361076e+00
1.655807575762962188e+03 8.100797177310289499e+02 1.827812923284980906e+00
1.467994179114096141e+03 8.052868881908171943e+02 2.462149101160732434e-01
1.550819031710766012e+03 8.336317454700749749e+02 3.897837671610984711e-01
1.493030925600585533e+03 8.860770898642156226e+02 2.933148904014451386e+00
1.634625869977179718e+03 9.083180541796034504e+02 4.912933207895868737e-01
1.506274610312824507e+03 9.655522660937931505e+02 3.041254290334774790e+00
1.412425999614438069e+03 9.753358242979481929e+02 1.409069803826511036e+00
1.574600118594644982e+03 1.008718137525710063e+03 1.263248527105049535e+00
1.728813187099895458e+03 7.439531627527385353e+02 1.867165681586205328e-01
1.554098576499411820e+03 7.755649557099355889e+02 3.005448440418746703e+00
1.791280409393568334e+03 8.130875979444476798e+02 1.352154065320825271e+00
1.652938348794057674e+03 8.084177522254814221e+02 1.835592082079793963e+00
1.709204487738291164e+03 7.994839106585174022e+02 2.323782074341018244e+00
1.548682733356691188e+03 8.337210899130750477e+02 3.625257071191714253e-01
1.753302251191485993e+03 9.112819801257546715e+02 2.562693553422218606e+00
1.632269151181083544e+03 9.083241758852304883e+02 4.261026769211186949e-01
1.518636794003599562e+03 9.507070403131315288e+02 1.263523784142018928e-02
1.733932864673628501e+03 9.551929414367837126e+02 2.306962389785722323e+00
1.687922552742458493e+03 9.917858523176068957e+02 1.980434096670969257e+00
1.571511644271771502e+03 1.007145300119544117e+03 1.225238282822515457e+00
1.726071763315014323e+03 7.436727931893163941e+02 1.477299999787378137e-01
1.889635109918573562e+03 7.550503642257721140e+02 2.864890176217600032e-02
1.788594991191718236e+03 8.128384150011571592e+02 1.340595672922424431e+00
1.709040939088180039e+03 8.010016729106611137e+02 2.361168941446561753e+00
1.961963809501006835e+03 8.464924096062104582e+02 1.763871748267825001e+00
1.844213153284317059e+03 8.427505727304451284e+02 1.487056831861021555e+00
1.906014759520247935e+03 8.504980258756211242e+02 1.753742443357698466e+00
1.751852074075704877e+03 9.102965900402762145e+02 3.122830665043085929e-01
1.861818331373911633e+03 9.444064839073657822e+02 1.466205878560415732e+00
1.731344189273266920e+03 9.561957139083633592e+02 2.429748976926816795e+00
1.683965069890550467e+03 9.917353410413027177e+02 2.128150602732331365e+00
1.888571625145953021e+03 7.544438204984948015e+02 8.603039246729322909e-02
2.011008028978219045e+03 7.779815910150801983e+02 2.534625906989555588e+00
1.960602328001463320e+03 8.458637727993759654e+02 1.689122904560014016e+00
1.841131543729731902e+03 8.418547510589548892e+02 1.418828004730477987e+00
1.902777388551065997e+03 8.482313038370386948e+02 1.879723554549279196e+00
2.099914208735059674e+03 8.508883356374935829e+02 2.180350537953564594e+00
2.036498921395113939e+03 8.721687952591596513e+02 2.478586290605528930e+00
2.012905904260134776e+03 9.324615780069434550e+02 1.886994739809047417e+00
1.860484958785232266e+03 9.441755117320701629e+02 1.391895142613167602e+00
2.011386085824066413e+03 7.789173257505253787e+02 2.569401431323923291e+00
2.162000793298844656e+03 8.205649131694046901e+02 1.583459476348842765e+00
2.099007554864520898e+03 8.501066307287248947e+02 2.199788850231458870e+00
2.214618628243914827e+03 8.498695372433820694e+02 1.477853262372283982e+00
2.034587309446748350e+03 8.724008278910775971e+02 2.521751664781801683e+00
2.009585404737169483e+03 9.373135162410374051e+02 2.000525336615044836e+00
3.343565717609100147e+02 8.830874754026194751e+02 1.001018381060825746e+00
1.232880472518304487e+02 1.171125778623617862e+03 2.823568532751322024e+00
3.351817868763278625e+02 8.796121073867936957e+02 9.108058485239036717e-01
4.004272348239535404e+02 9.084947257597127646e+02 5.027129915722624576e-01
4.941204738857094299e+02 9.746234993171428869e+02 1.555716210162720659e+00
4.790180050476946008e+02 1.161717366845664174e+03 1.648405735080437529e+00
3.979048979689537191e+02 9.063022520030781379e+02 4.287230456055490802e-01
4.937145054625399325e+02 9.741985462359045869e+02 1.456486459398519395e+00
6.999341126430115310e+02 9.596772655521624529e+02 5.476388859282062607e-03
5.789938785216587576e+02 1.015285263113652491e+03 1.854485595866689485e+00
6.614678060007984186e+02 1.077856345516043575e+03 1.248164898464400041e+00
5.525407449102463033e+02 1.109218769334964918e+03 2.162751687490335861e+00
4.772377242964429342e+02 1.161723244265997209e+03 1.536056507146619010e+00
6.394643509189345423e+02 1.171767089245957777e+03 2.653102380506164870e+00
7.015416970374531047e+02 9.599742559791463918e+02 1.480950367656176311e-03
5.775754487698856110e+02 1.014317079645669310e+03 1.845073931045039028e+00
8.452947486574416871e+02 1.015135071913462298e+03 1.499824119589384386e-01
7.220668944815955683e+02 1.063920020890996739e+03 1.348891220831784254e+00
6.602745441136792124e+02 1.078009764326280219e+03 1.287126275573648115e+00
5.491146665642847893e+02 1.107990747318412105e+03 2.121094386615752558e+00
7.905002150524296667e+02 1.122450344584177401e+03 1.623475472801532149e+00
6.411034592435654531e+02 1.175007143514348172e+03 2.645423066081390662e+00
8.698789172237195544e+02 8.994170988154678525e+02 7.522977216070908524e-01
1.012014131525434550e+03 9.187216335063208135e+02 1.556522581560161989e+00
9.443494223015402440e+02 9.456035070596035439e+02 1.296850467971910170e+00
8.425215235410303194e+02 1.016006495438680986e+03 7.333480311981145638e-02
9.882794330715641991e+02 1.013731591048190467e+03 2.961285129962633669e-02
7.194997781270100177e+02 1.065433113640362990e+03 1.434135256856393870e+00
9.154531321772988122e+02 1.086282764752384992e+03 1.253948883771796030e+00
9.850315833513839152e+02 1.094428758581670081e+03 7.759585187254652849e-01
7.897319744176547829e+02 1.122788347873988641e+03 1.707241045133985002e+00
9.767091696880120253e+02 1.171663924761617182e+03 3.003057316182614400e+00
1.153102804731772267e+03 8.690235003323973615e+02 9.174065634706621841e-01
1.010948326724437720e+03 9.166223087738619597e+02 1.499075307358785913e+00
1.069576945473392698e+03 9.443445697799522804e+02 1.358234455590045853e+00
9.428403449327749968e+02 9.457662404025602427e+02 1.311161716704508429e+00
9.867494723154670737e+02 1.013980201298693146e+03 1.036776358231574803e-02
1.088174337551756707e+03 1.046458496449090944e+03 9.079690767445944832e-01
9.140641565404496305e+02 1.087666645018433428e+03 1.304752356906315303e+00
1.178237238671441219e+03 1.066364639889896353e+03 3.067140130655774399e+00
9.805704266908435329e+02 1.095389788023117035e+03 7.554153013342829182e-01
1.054583415984515796e+03 1.127213529278422584e+03 1.621606609540528487e-01
1.173125096725994808e+03 1.158090392881420030e+03 2.091965245525752248e+00
9.790088729448975755e+02 1.173538620550142696e+03 2.937421073741708799e+00
1.318232367414811051e+03 9.017561174061436304e+02 2.441045971852339846e+00
1.069260002583827145e+03 9.442877788777711885e+02 1.312377428197414542e+00
1.192394596449933033e+03 1.010388334575178533e+03 6.255563551271435818e-01
1.087653487368942706e+03 1.045673986411520900e+03 8.600698388442250542e-01
1.179850054953221161e+03 1.069077123714699837e+03 1.352054479909550050e-02
1.054862184440833744e+03 1.127296209173546458e+03 9.296490379061449205e-02
1.172085150819718592e+03 1.163958037062469430e+03 1.938140731103348502e+00
1.253647042491044203e+03 1.160232407542022884e+03 1.418223503615636538e+00
1.333495990424506999e+03 1.163350430762452788e+03 8.015781026783949104e-01
1.490778389384895490e+03 8.809289847886377629e+02 2.910833065839499856e+00
1.314473427357881064e+03 9.014704360296907453e+02 2.486972834727107173e+00
1.494584450681966700e+03 9.792543976718202430e+02 2.161503348332105112e+00
1.414366167320841896e+03 9.705466248422635545e+02 1.374378783921107905e+00
1.189430757943860044e+03 1.010505004021306604e+03 5.807233200875476786e-01
1.456315119739717829e+03 1.080283149536788187e+03 5.563463569752171711e-01
1.252789524843799427e+03 1.158313997637030297e+03 1.416829269799250834e+00
1.329291724461931835e+03 1.160434622537965879e+03 8.324249946718584869e-01
1.399999226721821287e+03 1.180095971215258942e+03 1.350878832615299396e+00
1.459921331152371295e+03 1.178446281263050651e+03 1.416917403570817191e+00
1.492249274958770229e+03 8.837094176070827416e+02 2.958799097454686944e+00
1.631888594822590221e+03 9.080545249204428728e+02 3.648811870976304550e-01
1.517086811898808492e+03 9.480820003360768169e+02 3.137115541988755751e+00
1.412740505706935664e+03 9.714774249123290701e+02 1.359352702494066367e+00
1.573723334816104398e+03 1.004853123112895673e+03 1.161348556404824039e+00
1.488442365692980502e+03 9.879783851639019758e+02 2.258384214732038320e+00
1.604504045121107538e+03 1.066982961972199064e+03 1.043557312512433111e+00
1.453893903512379211e+03 1.081112479570696905e+03 5.453191583466610037e-01
1.517004933106749149e+03 1.129314574549512372e+03 1.729384440392256250e+00
1.635918232765095127e+03 1.139123491924006657e+03 1.480002130686855377e+00
1.398033036006231669e+03 1.180260815009789894e+03 1.330642215580304599e+00
1.755130303955527324e+03 9.069870909765290889e+02 2.738969117472441983e+00
1.633175521505246479e+03 9.067799236164148624e+02 3.782982486057344662e-01
1.521400663741749440e+03 9.482588677345570431e+02 5.129231054488267785e-03
1.734294784747582753e+03 9.556455859591719673e+02 2.456385374645648767e+00
1.688087941946651426e+03 9.910369240755660485e+02 2.089901068408442697e+00
1.572329716286282519e+03 1.005683696102111526e+03 1.147331069071905185e+00
1.602906455988861126e+03 1.067186537588983811e+03 1.028153695292552072e+00
1.746061252733126594e+03 1.078854062448415561e+03 1.450535309836449738e+00
1.681783315075224436e+03 1.076312372226540219e+03 2.267365368892391597e+00
1.514795870843174953e+03 1.129281203449392933e+03 1.774458328793078632e+00
1.632673653423658152e+03 1.142986522298133423e+03 1.532603304882846462e+00
1.751998322044037877e+03 9.075340507391601932e+02 2.762053260009715405e+00
1.862326510842109656e+03 9.429576236830962443e+02 1.456636874582530883e+00
1.733402590737026912e+03 9.584157244817763512e+02 2.498867733993107354e+00
1.685919432065747287e+03 9.921893211665258150e+02 2.095975603578801305e+00
1.745936417053653486e+03 1.079465678656419868e+03 1.429466186768372227e+00
1.677844508525406582e+03 1.080179481009584833e+03 2.370607520327840945e+00
2.038304755094477059e+03 8.727231273370371127e+02 2.703049351389878563e+00
2.012265307101518374e+03 9.356167953905269314e+02 2.035575473884798647e+00
1.860253183350778500e+03 9.429579823423671314e+02 1.501830140577876449e+00
2.028263734130413468e+03 1.067225548004437314e+03 1.451788115111657618e+00
2.035463131805986450e+03 8.738514939310348382e+02 2.581374679263542138e+00
2.011444866907098003e+03 9.392648095350411950e+02 2.058219096136110871e+00
2.027407413270594134e+03 1.067421070761448846e+03 1.468472125885816881e+00
1.240109989895974536e+02 1.168604267860297341e+03 2.741635324648237226e+00
3.316482236821348693e+02 1.209491120453913481e+03 6.055620560885573989e-01
2.760137189748876949e+02 1.300085168124650863e+03 6.936543593366262250e-01
4.781696123195549717e+02 1.161756152330386385e+03 1.603586962344478062e+00
3.301291954437610912e+02 1.209402812543652544e+03 5.197245703561678143e-01
4.861595540508958493e+02 1.267341604866087664e+03 4.495934374421018398e-01
2.742184889026105452e+02 1.301062184250041128e+03 6.228588404430199787e-01
6.620547110217521549e+02 1.076564706008449321e+03 1.237075273106452711e+00
5.526591404242773251e+02 1.107683396288332005e+03 2.099881898507174771e+00
4.768315155599093487e+02 1.162620257646844038e+03 1.483134994227285564e+00
6.438380486699845733e+02 1.172533138466551463e+03 2.701421723513868223e+00
6.224010523756597877e+02 1.244188839278660453e+03 2.436169631053123563e+00
4.839501139586839145e+02 1.268504690096387549e+03 4.386901966273271114e-01
6.128727705532601249e+02 1.294497266798859073e+03 6.378827779239253093e-02
7.211500972741092710e+02 1.063320138784327582e+03 1.311645125964478131e+00
6.613094459227160087e+02 1.076937345909176884e+03 1.221786639054831314e+00
5.504810036008193492e+02 1.107208955109345652e+03 2.077171968932283619e+00
7.903181592281709982e+02 1.122099976403553910e+03 1.589789494000378722e+00
6.414670918439589968e+02 1.172470901740883164e+03 2.718107492401756531e+00
7.502696665540660206e+02 1.190094281468026338e+03 2.645203187235575015e+00
8.406612255100853872e+02 1.203274029682433365e+03 9.393978041410405710e-01
6.204436660119934004e+02 1.244036845139097977e+03 2.351684056322706606e+00
7.458865487766436217e+02 1.247735433917816863e+03 2.741226816989228432e+00
6.095620010418803076e+02 1.295148299598470203e+03 5.213337965843262145e-02
7.190565265401914985e+02 1.323740858085837999e+03 2.224008125178587481e+00
7.172057055403270169e+02 1.061642113333899943e+03 1.376700047140475780e+00
9.152229310255447672e+02 1.085512011886073878e+03 1.248225097681887830e+00
9.830549042077373088e+02 1.092757047260257195e+03 7.455676881744175422e-01
7.894148514726177837e+02 1.122234801764159101e+03 1.667491580489154579e+00
9.810851241847594792e+02 1.168765208994473596e+03 2.936876062761293760e+00
7.487399896824867938e+02 1.190990466404542076e+03 2.566198559745880736e+00
9.224374266154338784e+02 1.193487941410129906e+03 2.300232286127942949e+00
8.384353018317012811e+02 1.204111525140306185e+03 1.020894168692940474e+00
7.433929755927520091e+02 1.247258889732118632e+03 2.598876983816760244e+00
9.965954391372492864e+02 1.259875256175248524e+03 7.779257905239677084e-01
8.878592494585609529e+02 1.267190958673652176e+03 1.894728617263451709e-01
7.102607886510759272e+02 1.320891757056147981e+03 2.221728252877662069e+00
8.780099082355707196e+02 1.335573277438234754e+03 4.624857142531532128e-01
1.088885200069280017e+03 1.043159394226629047e+03 9.628825829284897164e-01
9.138688115025729530e+02 1.082846621973525316e+03 1.356195138964905178e+00
1.178411775495912480e+03 1.061764794188662336e+03 3.034945602046152935e+00
9.806979055316114682e+02 1.093749507462395513e+03 8.048500303310097692e-01
1.054418138556313124e+03 1.125762691446649114e+03 2.191959522615708478e-01
1.174035692270293794e+03 1.163941846377311549e+03 1.879889341476857156e+00
9.796589441121050186e+02 1.168254593045090814e+03 2.888291705358982941e+00
9.214451722652174794e+02 1.192921854099115535e+03 2.248621782143225278e+00
1.111867148982184744e+03 1.201018982913493574e+03 2.800763909339477387e+00
9.934459264040085600e+02 1.258416565378811811e+03 8.517157336850481597e-01
8.892603557962006562e+02 1.268769841721770035e+03 3.398281787235502560e-01
1.065926847508674427e+03 1.281427573727784193e+03 4.649503644983337125e-01
1.095930456814742456e+03 1.338729361582915999e+03 9.492921849362540021e-01
1.086521136799764463e+03 1.042357937605019288e+03 9.127374826985857892e-01
1.178542521708184950e+03 1.067151702156997317e+03 6.158532012683700513e-02
1.052537178060159022e+03 1.125710135349660050e+03 1.933655192921648891e-01
1.253638312423047637e+03 1.155727524763762631e+03 1.360951941197093173e+00
1.170696930641492600e+03 1.163406565795904953e+03 1.852746415005302794e+00
1.333067473795155138e+03 1.157421554370342164e+03 8.977918200018245587e-01
1.112446551159370301e+03 1.202450713190110264e+03 2.848182952256148592e+00
1.267703447997712829e+03 1.268824808744512893e+03 2.468348105438633144e+00
1.192054450746647717e+03 1.270534208449174685e+03 2.736677413305581119e+00
1.065054244375464350e+03 1.282040887699599125e+03 4.940339688519051475e-01
1.095174968777123695e+03 1.335403059510281992e+03 9.251237376098830900e-01
1.457701838521006266e+03 1.078260906247711318e+03 6.134176096416663615e-01
1.252422565186692736e+03 1.156699952714943720e+03 1.323240965260291446e+00
1.330261845705430233e+03 1.158034616307492342e+03 8.224950809461234469e-01
1.399577467987364116e+03 1.176002302858261146e+03 1.265272293743852305e+00
1.455078671728531845e+03 1.183221458486306346e+03 1.401733689973615693e+00
1.265665027406587342e+03 1.267932532092472911e+03 2.562010658429820786e+00
1.190656057733551961e+03 1.271979390058090985e+03 2.700111052239792198e+00
1.440266949477790376e+03 1.271545449057644419e+03 3.044111474108401882e+00
1.360968739645353708e+03 1.298757367121363131e+03 2.591305255326660006e+00
1.604664899783929513e+03 1.065701145593754291e+03 9.977648179764876391e-01
1.454983700728168969e+03 1.079786352405170419e+03 5.352869476876060961e-01
1.516866666403465842e+03 1.128460269527516402e+03 1.725650233504870013e+00
1.634041768331559069e+03 1.141454434240538376e+03 1.555955166995942607e+00
1.398266374090943145e+03 1.177316703347082466e+03 1.272061410777029611e+00
1.452795894803308101e+03 1.184640775263151227e+03 6.369511515573046401e-01
1.599525479393088972e+03 1.271608256571694938e+03 1.996231506851578574e+00
1.438144750391359139e+03 1.271743193181381912e+03 3.014063705869451493e+00
1.525732837354478988e+03 1.302759768243645340e+03 9.787450501480011722e-01
1.359078274452702772e+03 1.301893953349914227e+03 2.588990912364198316e+00
1.602823038428670316e+03 1.066450639064145207e+03 9.546629660996892586e-01
1.747350921696366413e+03 1.076697072916212619e+03 1.464020131486610810e+00
1.681533588558107340e+03 1.076943861596223314e+03 2.346734996511675053e+00
1.514678087378713599e+03 1.128854711564212266e+03 1.735770758696297822e+00
1.633024806512045416e+03 1.142500113027392899e+03 1.502099700064773558e+00
1.600025581287976820e+03 1.271553523084857488e+03 2.019837127162808166e+00
1.526748928488245156e+03 1.301035292299914545e+03 9.622099179532891400e-01
1.746502901723530158e+03 1.077992442877389294e+03 1.499827425190464858e+00
1.681828785381679381e+03 1.082596712484850968e+03 2.350453944090451053e+00
2.027925370073659451e+03 1.063384522820854727e+03 1.536144420427998591e+00
2.026427022769717041e+03 1.065150889338461411e+03 1.485767064104946300e+00
3.281896691517730460e+02 1.210888898037467470e+03 5.919750930776145337e-01
2.754455122320289320e+02 1.300298110459845930e+03 6.674646761187815747e-01
3.297364136146750866e+02 1.207689104387173302e+03 5.214490429054254861e-01
4.863730583553196993e+02 1.267106590122489933e+03 4.393944498938613386e-01
2.743605980097363499e+02 1.299903248497997765e+03 5.994212696532033036e-01
5.067255147086809757e+02 1.357248949429430240e+03 1.987192502577100450e+00
4.440847159203163983e+02 1.386062192950138524e+03 1.746284021593552005e+00
5.373128407445097992e+02 1.463643433707816030e+03 2.439064892370104154e+00
5.009707126091591363e+02 1.501792713903487993e+03 2.618713424114813115e+00
6.215310589894413624e+02 1.241964840064568079e+03 2.427229094403111631e+00
4.845566526599944837e+02 1.267055672626696605e+03 4.529230415595527637e-01
6.136470882304075758e+02 1.293664245747997938e+03 2.969207256471760592e-02
5.056745273764677222e+02 1.357259492796689074e+03 1.956504105049097220e+00
5.723294878404475412e+02 1.381357003312914912e+03 1.805946973755138796e+00
4.439208910491074676e+02 1.385720326445529508e+03 1.683690429139837352e+00
6.330599030098860567e+02 1.399152404290544609e+03 1.836510793770936401e+00
5.381102600733926238e+02 1.463316922551706512e+03 2.677642655992123810e+00
8.372734759094856827e+02 1.205804084741471570e+03 9.647113930661417314e-01
7.505261510544142993e+02 1.186221798569920338e+03 2.741476423322869227e+00
6.194087679356420040e+02 1.241773910243914088e+03 2.288825074910271429e+00
7.452398642273710720e+02 1.245981349767275333e+03 2.709658320893442163e+00
6.110406469673059746e+02 1.293611014454457063e+03 4.528721414214705726e-02
7.176021680481693465e+02 1.321041130369622806e+03 2.204800107584959701e+00
7.919045781153959069e+02 1.346115585507891410e+03 1.194507427532216726e+00
5.702629584149929087e+02 1.381674221963724904e+03 1.819270770422954708e+00
6.303493473581777380e+02 1.399545997094970971e+03 1.843003539376620870e+00
8.281619316851398480e+02 1.432840982212163908e+03 1.641922598934967559e-01
7.103112294191187175e+02 1.468028717926702939e+03 2.047840134169896853e+00
7.983863376985561899e+02 1.476500381912248486e+03 3.122109627912923013e+00
8.388426020199572122e+02 1.201553720121446986e+03 1.059618680869345297e+00
7.461798647386744960e+02 1.196089892204882744e+03 2.548621993878442460e+00
9.227113469569287645e+02 1.188927557859277613e+03 2.970019250085769169e+00
7.420230757542233277e+02 1.245483616333658119e+03 2.568094402804934617e+00
9.926341390330082959e+02 1.257904854263470042e+03 8.185771199911342499e-01
8.880834250580917342e+02 1.266043047355390399e+03 3.054002840055758394e-01
7.148443154568255977e+02 1.319568645981923510e+03 2.174636519713828875e+00
8.792603941346003467e+02 1.332793321219724930e+03 4.102682583225646940e-01
7.909831770729272193e+02 1.346536216617732862e+03 1.265470252913446725e+00
9.828970794764481980e+02 1.376737906919426678e+03 2.868716702652486017e+00
8.636733574176498678e+02 1.398436551213507300e+03 2.668350157285384938e+00
9.713196380347037575e+02 1.410798637579956448e+03 3.198787060945392779e-01
8.296914625389913454e+02 1.429145869193067256e+03 8.291401249006695451e-02
9.705210835723739820e+02 1.454315124302414688e+03 2.114378857970119263e+00
7.958656222163943994e+02 1.478272915445194485e+03 2.987107219284527382e+00
9.696485221437865221e+02 1.488951308456330253e+03 3.101519989318334503e+00
9.205665962438222323e+02 1.192085291698593892e+03 2.144541248390155808e+00
1.110095847711392253e+03 1.197455955067383911e+03 2.820233995359574308e+00
9.933262991106025765e+02 1.257226288209765471e+03 8.253147941901850526e-01
8.906496994300780443e+02 1.267277158680278717e+03 2.867817252258747729e+00
1.066284697140906701e+03 1.279886574500490951e+03 4.614820651797612583e-01
1.092768108828007826e+03 1.338424252125953672e+03 9.389536850750769270e-01
8.799205927812686241e+02 1.327615224991108335e+03 3.142503084337360253e-01
9.816584357020253719e+02 1.376991948739248755e+03 2.799761877546222966e+00
1.179756910848268262e+03 1.386484856117819163e+03 1.360351101804734064e+00
1.110594952221034873e+03 1.441698254919371720e+03 1.643556663016978225e+00
9.720293132010644968e+02 1.413457936536000034e+03 4.206448463444763253e-02
1.054096585106359271e+03 1.453439676373137900e+03 2.424443494431670398e+00
9.673785076713820672e+02 1.455371178474375938e+03 2.860728619967682906e+00
9.692403929593979228e+02 1.493958331553970083e+03 3.038141939722411422e+00
1.113330701622846163e+03 1.199200744392025626e+03 2.985668920405898152e+00
1.266972132374665762e+03 1.266757215849139584e+03 2.572239394123996714e+00
1.191238698896965843e+03 1.269283063039650187e+03 2.795779386596057847e+00
1.064493387500815288e+03 1.279754975641870260e+03 4.452369765703223514e-01
1.091473595068724080e+03 1.338450380928546792e+03 8.546166387363604011e-01
1.255403149044430847e+03 1.348740356080592164e+03 1.672721476613153735e+00
1.176842574732522053e+03 1.384048007664910756e+03 1.261607549981298426e+00
1.108326252830901012e+03 1.442448067830981472e+03 1.605107678026166607e+00
1.299847235569749955e+03 1.457105254511980320e+03 1.350116030595200689e+00
1.046353337172412694e+03 1.453112328470737339e+03 2.433154367726621192e+00
1.214234103836911572e+03 1.482187058039924750e+03 2.411471910391898454e+00
1.265485544821937765e+03 1.266907788089295991e+03 2.608077484782010735e+00
1.440836253429427188e+03 1.270715287036087602e+03 3.074161601921794773e+00
1.192234919395223187e+03 1.270105403993990421e+03 2.802649886037803739e+00
1.361028774640417396e+03 1.298161618814874601e+03 2.613386153858533234e+00
1.254349012375820848e+03 1.350555891111551546e+03 1.692194705373258445e+00
1.373076694708437117e+03 1.404269507999816142e+03 1.518759571554801457e+00
1.297057953982133313e+03 1.457209538074425382e+03 1.300899043890774376e+00
1.211489921835363248e+03 1.483301837689510648e+03 2.430385167970305904e+00
1.600691451611365437e+03 1.269315852662008865e+03 1.928919523481557707e+00
1.439467038206957795e+03 1.271203279285248755e+03 3.067938956260583883e+00
1.527314733537825305e+03 1.300033877449708598e+03 9.831758186754036011e-01
1.359254864331189992e+03 1.298364149762253874e+03 2.678393334637085399e+00
1.371888290763952000e+03 1.405521777225619644e+03 1.508706343402968386e+00
1.593585388194129337e+03 1.497794228150509525e+03 2.012191149125034606e+00
1.599967031961934708e+03 1.268843385342333249e+03 1.954274195001840964e+00
1.524950740453835806e+03 1.300711770523427049e+03 9.954575870269618543e-01
1.591838407984709420e+03 1.499415602981178608e+03 2.106846096170025717e+00
5.085965089648602770e+02 1.359177446409966251e+03 2.026530046697341270e+00
4.439150036690527941e+02 1.385979182924996394e+03 1.704678856737512405e+00
5.400514685806360831e+02 1.462310619515709732e+03 2.580441748875232477e+00
4.197574567766812379e+02 1.506926334746647626e+03 2.379015868390038868e+00
5.033005283421916829e+02 1.502405416693851748e+03 2.789088653078297231e+00
5.049988404180145380e+02 1.356030050265567979e+03 1.928223868017157061e+00
5.721306360578596468e+02 1.381063749510236448e+03 1.770899370259413352e+00
4.428633493476319245e+02 1.383705398796175587e+03 1.640076555840068506e+00
6.331149070138884554e+02 1.400357445341655421e+03 1.762554334763384301e+00
5.375146418907480665e+02 1.462421106968464301e+03 2.698369823604747975e+00
6.316257107979474767e+02 1.508154807827291279e+03 2.050336804018965786e+00
4.194111952340156222e+02 1.505946661128035657e+03 2.413679480245361386e+00
5.015707815532687164e+02 1.501360355257338597e+03 2.074572277374497897e+00
6.975306633981911091e+02 1.545759232832682073e+03 1.942477814420324300e+00
6.399411604597312362e+02 1.600677281694293015e+03 2.944936945286340091e+00
6.097277807248226509e+02 1.641425673386446988e+03 1.809626411205813301e-01
5.709463152557174226e+02 1.386049327028197013e+03 1.746066474836134752e+00
6.304690880750778206e+02 1.400383954169698427e+03 1.854358275820031876e+00
8.299075544139870999e+02 1.428249377264632585e+03 1.229792608785677255e-01
7.100083690133684513e+02 1.467972109766875064e+03 2.026386418409440004e+00
8.003632726548146366e+02 1.474175219587930314e+03 3.124291516453881812e+00
6.308607666445810764e+02 1.509007859588192105e+03 2.126025492290009034e+00
6.927441680363074283e+02 1.542056530113653025e+03 1.908182389059762230e+00
8.124336559265004780e+02 1.538374620119939664e+03 3.201366721164592977e-01
6.387955233449060870e+02 1.601531784504032885e+03 2.752547234657385378e+00
7.855630278424257540e+02 1.606202988904031145e+03 4.891122704648105946e-01
6.072575763636515376e+02 1.636530571444865018e+03 3.298942708506392152e-01
7.479680243206641990e+02 1.651310951345139983e+03 3.420633852663399477e-01
9.821150624515971685e+02 1.379910631935875244e+03 3.047547944333927283e+00
8.629571667332398874e+02 1.397887227602803023e+03 2.709042046028064643e+00
9.700635888461115428e+02 1.409535807000854447e+03 4.223863453249899758e-01
8.290610475181659922e+02 1.427121150441692862e+03 1.094304386699674475e-01
9.687211221530808416e+02 1.455410330024165887e+03 2.775774848560373931e-01
7.973544919078581188e+02 1.474144099913700984e+03 1.373719614155670789e-03
9.713986186373699638e+02 1.491066415829348671e+03 2.988988659109163226e+00
8.878851192563595305e+02 1.501423825484987447e+03 2.805959321561439346e+00
8.076910738230894822e+02 1.539239414509641392e+03 5.081818117495080500e-01
9.593752428752425203e+02 1.591618332494948390e+03 2.513816945912756839e+00
7.840323743375078038e+02 1.605672271318240291e+03 4.775173577484607135e-01
9.103260771206687423e+02 1.621767158371321329e+03 2.442047646410265838e+00
7.506315874563559873e+02 1.641461832405928362e+03 7.405782722670086748e-01
8.684044423288146390e+02 1.350508506174015565e+03 1.340570544210480053e+00
9.810208366194792688e+02 1.376551123991888744e+03 2.930527064455376696e+00
1.175573043323803631e+03 1.386930570516498392e+03 1.283319434476965615e+00
9.701677735729629148e+02 1.409804856394583112e+03 5.338573877106252974e-01
1.085112219258389587e+03 1.445785209705313946e+03 1.694987722367240712e+00
9.697288748352832499e+02 1.484293320394516968e+03 3.034577480157349072e+00
8.884333471073796318e+02 1.501738226100583461e+03 2.845738129726952170e+00
1.159690467660165268e+03 1.514804070974734714e+03 1.711209791616455034e+00
1.103426934212583774e+03 1.561845891215715255e+03 2.368766594079564136e+00
1.037577170453698727e+03 1.576954621744963561e+03 2.998013986721454582e+00
9.592263870203796614e+02 1.592296850466553678e+03 2.503935226712347806e+00
9.068056704110051669e+02 1.623085855910603414e+03 2.398467179867794563e+00
1.074392961693579537e+03 1.639913181213324151e+03 6.917035321655972124e-01
1.167858643942584877e+03 1.649098865728316923e+03 8.722856040259265864e-01
1.255088265479499341e+03 1.349686456003097419e+03 1.724461313964537501e+00
1.176873693645175763e+03 1.382817014245787959e+03 1.296614869991536079e+00
1.108668554401862821e+03 1.440712770707837535e+03 1.646755854941653441e+00
1.298288034148910128e+03 1.455126157036038649e+03 1.343339096079026573e+00
1.051896417876065016e+03 1.452249390128492678e+03 2.512053334697593066e+00
1.213375074911428783e+03 1.480339751866338020e+03 2.439838664224557530e+00
1.158407115555741257e+03 1.513790134355923328e+03 1.833793585794858849e+00
1.102023519390675574e+03 1.561191711473703663e+03 2.473011511385800887e+00
1.238022603141010222e+03 1.565269139725845889e+03 4.101371089742835152e-01
1.033916416133783287e+03 1.577824235143480564e+03 3.034618749350946665e+00
1.237652482520859849e+03 1.638354698436289709e+03 6.794987511474047670e-01
1.072642648085881319e+03 1.637298097680607043e+03 5.005726904666991661e-01
1.162512998618945176e+03 1.646175360600827389e+03 8.643523086616343720e-01
1.253494199397868215e+03 1.351293592940113513e+03 1.755372989473434009e+00
1.373866149314757649e+03 1.402642791805299339e+03 1.555473813253804183e+00
1.298000246730858180e+03 1.455203039928756198e+03 1.313582354756756221e+00
1.213726279146050956e+03 1.480530902161840459e+03 2.459883702473501188e+00
1.403280440966639162e+03 1.513477535492190327e+03 1.843331042213679938e+00
1.348994680474886081e+03 1.517364988574926429e+03 9.768001188733816953e-01
1.237007045005987720e+03 1.563950083793366048e+03 3.660726625469004070e-01
1.341045900673104597e+03 1.618457311777003724e+03 1.287437131501781851e+00
1.241594063155034746e+03 1.633668161067159645e+03 5.880577605706528432e-01
1.371543434248951826e+03 1.403827226558832763e+03 1.474786730340479579e+00
1.594161086606110075e+03 1.499588094845287742e+03 2.104425163305272850e+00
1.402727687325950683e+03 1.513853766971081768e+03 1.751202421027586276e+00
1.347635322972522090e+03 1.517532303036428857e+03 9.590987385944756971e-01
1.544586672152962592e+03 1.560982460264506926e+03 2.085356957523799792e+00
1.592574572279939275e+03 1.498721058065588068e+03 2.093720168289472383e+00
1.542382359833974988e+03 1.559763594791640344e+03 2.081508734819924378e+00
4.213111704856628421e+02 1.508551884120997329e+03 2.414437000603981698e+00
4.218364138948560367e+02 1.512558795570065740e+03 2.316057236262938801e+00
6.367147015336855702e+02 1.513817707173380313e+03 2.342887677220354181e+00
6.412883868835377825e+02 1.600369792642808079e+03 2.803367775371561788e+00
6.096096746076869977e+02 1.639968381279588129e+03 2.355247380928273127e-01
7.006617335308808379e+02 1.553672058495551028e+03 1.930873117412139850e+00
6.326420510763618950e+02 1.511781636025146327e+03 2.202471463969238652e+00
6.960802123178509646e+02 1.544558106963733053e+03 1.926888368068780943e+00
8.094981351587448444e+02 1.542348009610314421e+03 1.772086833504875891e-01
6.409739679664365894e+02 1.599580716571959556e+03 2.694495340557723662e+00
7.866641713760254788e+02 1.605257957098958514e+03 2.890401487190913388e-01
6.066007466490359548e+02 1.639216770773405415e+03 1.234539801065672182e-01
7.482029117089313104e+02 1.649619812259055379e+03 2.708736716435274361e-01
8.099773324899363161e+02 1.541027149992854220e+03 1.979862621887013840e-01
9.608930388035207670e+02 1.590998616435658732e+03 2.416057177244351095e+00
7.845155744232999950e+02 1.604780656094160349e+03 3.812831285752456556e-01
9.051834997383525661e+02 1.652128440245512138e+03 2.795837489464069847e+00
7.476011740042936253e+02 1.648444127969607734e+03 3.380772883541635632e-01
1.001836892840600740e+03 1.733913787314407045e+03 2.000741435207164187e+00
8.968714877581339806e+02 1.748094497618140622e+03 3.104742781259868689e+00
1.157940505054075402e+03 1.516915527999201686e+03 2.092945830174242960e+00
1.103139945205608228e+03 1.559290646017042263e+03 2.412831160820366971e+00
1.036750681262415128e+03 1.575020890643007306e+03 2.958468447370743437e+00
9.586742517193133608e+02 1.589983663506339326e+03 2.476565554739599051e+00
9.091494272823908886e+02 1.620052769307961626e+03 2.459085724409951546e+00
1.074001704248878923e+03 1.636079709668214718e+03 6.985316550258677815e-01
1.164681489449565106e+03 1.642120444236013100e+03 8.876188385693434268e-01
9.005568461055497664e+02 1.678807648951745705e+03 2.928425151085152500e-02
9.993152284436209811e+02 1.731469168843451143e+03 2.008072975020999351e+00
1.060963361202060241e+03 1.730097508417225072e+03 2.303076670831802897e+00
1.156265688060496132e+03 1.733532852933470849e+03 1.051822453876527064e+00
8.924434207454694388e+02 1.746447349759809867e+03 3.108952014005922138e+00
1.157582145027211254e+03 1.511384803507534116e+03 1.873790673712200094e+00
1.101764405911101449e+03 1.559599469373689999e+03 2.439926141804502180e+00
1.237780374106345562e+03 1.563739249536361967e+03 4.227127896865005008e-01
1.035063461106007935e+03 1.575895466539004019e+03 2.940949873365390044e+00
1.238462628448763098e+03 1.634972765522762757e+03 6.626847286731573083e-01
1.072807278843602489e+03 1.636379358511665714e+03 5.739581214542752718e-01
1.163446448926728863e+03 1.642866291112329009e+03 8.807938762577554037e-01
1.243315392941618256e+03 1.699584651986160452e+03 9.267399923328967226e-01
1.059241228001597165e+03 1.730903623291604390e+03 2.398895419037183174e+00
1.153663962253178397e+03 1.731994988741799034e+03 1.048982106347251086e+00
1.266552919627728897e+03 1.800648923961627133e+03 1.586627825370169775e+00
1.348979394074984384e+03 1.515680605341356113e+03 1.052099658710999863e+00
1.403250467135042300e+03 1.516184497320584114e+03 1.877341613035440115e+00
1.234368827793228320e+03 1.562168075557378188e+03 2.862966446258112807e-01
1.340976511279132865e+03 1.617035936430001129e+03 1.334752198500880338e+00
1.239376818957043952e+03 1.633387375274014175e+03 5.685560291583872106e-01
1.488045760856793095e+03 1.699172388620916081e+03 1.329995878187365754e+00
1.242678315475052614e+03 1.699645592561224703e+03 8.409829354681007674e-01
1.381204886005990375e+03 1.766634614712570965e+03 1.548592577772512024e+00
1.266000296627606531e+03 1.798494335330420427e+03 1.578066857711751370e+00
1.402766783051120910e+03 1.516258803534080471e+03 1.847491426276838711e+00
1.544148172804991646e+03 1.559018547526133034e+03 2.149176370722420071e+00
1.485130033870788338e+03 1.698122180673000685e+03 1.247206405258364237e+00
1.629087237722258806e+03 1.713418492949285337e+03 1.527260641737995694e+00
1.380749491022849043e+03 1.765705253088361587e+03 1.452476067935093873e+00
1.543361947312182792e+03 1.559986414552009592e+03 2.110941351975112568e+00
1.628691554168951370e+03 1.714807774479801765e+03 1.523629217430430227e+00
9.001960480730178915e+02 1.678686451381301595e+03 3.137310486570691115e+00
1.000418535283642768e+03 1.734012970792157375e+03 2.029206939168093360e+00
8.956170628637039499e+02 1.748793663021620205e+03 2.079217754205173879e-02
9.003816422108870938e+02 1.674953247493363733e+03 3.058699883045341572e+00
9.982937989748729706e+02 1.730645381211193808e+03 1.984782303449156515e+00
1.062454167785168238e+03 1.729429258402924006e+03 2.261778871580280903e+00
1.154101863325808154e+03 1.732164260213907255e+03 1.068659250051297693e+00
8.942274778818807590e+02 1.745802460364141780e+03 3.098662837210230503e+00
1.057540388595246441e+03 1.820398339483697328e+03 4.910151548427102441e-01
1.117512649765571723e+03 1.840706614132793675e+03 1.080812718295782959e+00
1.034098621041281831e+03 1.897835617320331949e+03 2.852061671466372239e+00
1.176168792289527119e+03 1.896960806848373977e+03 3.026552851465893035e+00
1.168408497090803394e+03 1.952112176392253787e+03 7.360761436062240870e-01
1.243269056409412542e+03 1.698019406587404319e+03 9.594794043382832704e-01
1.059535585449176779e+03 1.728900400991056813e+03 2.337746468788857168e+00
1.153840555456145012e+03 1.730335800871147740e+03 1.054179818260507107e+00
1.265796942577770096e+03 1.797511352794439972e+03 1.492207970550605722e+00
1.058222532732138916e+03 1.820040542339482045e+03 4.001966364965677259e-01
1.209981889481476628e+03 1.828912285206010893e+03 2.261444107994642128e+00
1.114535807844306873e+03 1.839527244129537394e+03 1.169500244516568088e+00
1.312139947577805742e+03 1.881000040544095327e+03 6.124301363697083334e-01
1.178559656857444452e+03 1.897254947087690198e+03 2.979908492574236956e+00
1.032893515059962965e+03 1.899290941952238427e+03 2.853589877058668733e+00
1.175103531439260450e+03 1.941829857629438266e+03 7.208128981056296514e-01
1.257612923843550561e+03 1.961255692098393865e+03 3.344236688934409396e-01
1.241528902120289558e+03 1.696891321890992003e+03 9.138406687729215827e-01
1.486618575883099538e+03 1.696128868376026958e+03 1.337749935294979986e+00
1.381024278700515879e+03 1.763570589703847645e+03 1.546553378712281601e+00
1.265639092086501023e+03 1.796306445269571896e+03 1.514391193887632214e+00
1.207530777543720205e+03 1.827826506149292982e+03 2.285053355991768953e+00
1.449432757035509894e+03 1.839863207876733895e+03 7.037436605554947544e-01
1.311809753321008884e+03 1.879492468937811509e+03 5.830912162050316816e-01
1.445143783542844631e+03 1.926010088110248944e+03 1.514441819059459543e-02
1.254026999337871302e+03 1.957114289963669307e+03 4.214220403338265197e-01
1.386107799769014491e+03 1.977021937116399386e+03 9.650580919990399409e-02
1.485078751474345609e+03 1.696649799325406548e+03 1.358922433694631282e+00
1.629862382593881421e+03 1.712989299592764837e+03 1.689355289729854048e+00
1.380678249771413675e+03 1.764300459372565683e+03 1.564177785544327515e+00
1.592431186661261108e+03 1.842343814742481527e+03 1.153313740770960383e+00
1.447626564072635347e+03 1.840587351626673126e+03 6.738510842038911708e-01
1.441824667939036544e+03 1.924911049632020422e+03 6.446904671591462133e-02
1.385837427269462978e+03 1.973719005233188000e+03 1.455178087693690392e-01
1.627834047576302737e+03 1.713114203175120338e+03 1.597404652578007900e+00
1.590929409977336036e+03 1.842883059778405823e+03 1.127130024153648602e+00
1.114528782241959789e+03 1.841499361503818818e+03 1.215660733393933546e+00
1.032764458160419963e+03 1.897630415962418283e+03 2.818663760988964651e+00
1.173943890228548753e+03 1.894560666307275369e+03 3.023545801831559743e+00
1.171173332640417357e+03 1.945358167630480693e+03 7.648903489445366688e-01
1.120179589387209944e+03 2.006637283594486689e+03 3.121510351771250580e+00
1.091129661642843985e+03 2.066119489405899458e+03 2.961314480475798039e+00
1.115476193573085993e+03 1.836416243661712770e+03 1.260897769049002415e+00
1.212371862153202756e+03 1.826167416552706982e+03 2.249794413727947973e+00
1.308112921470265292e+03 1.881448129104791860e+03 7.569982388313071242e-01
1.035810283155218940e+03 1.897895943654242728e+03 2.769058977129208010e+00
1.178071708584755925e+03 1.896214844587582320e+03 2.980813285455043093e+00
1.174244157690748125e+03 1.941754027103872431e+03 7.782490808784231495e-01
1.255302418146759237e+03 1.957014837255317161e+03 4.844298825092037686e-01
1.258082287864257069e+03 2.004378310016109936e+03 9.418622513009006214e-01
1.119538137009408274e+03 2.005870186222370648e+03 3.092347326491583281e+00
1.333019979641161399e+03 2.038055724313510382e+03 5.270393609195982432e-01
1.090271816752260065e+03 2.064154258390518862e+03 2.934285943411822473e+00
1.176930335911516295e+03 2.138075928232660772e+03 4.026182944396556329e-01
1.217315374027825783e+03 1.831165369597241124e+03 2.318332774378876859e+00
1.446692577325327875e+03 1.841485825205056699e+03 7.962532966030188009e-01
1.311052350072910258e+03 1.878999642867702505e+03 6.354143860105072594e-01
1.443349891478046857e+03 1.923675983921997613e+03 3.425085951348183499e-02
1.255034309381622734e+03 1.956258168778998879e+03 3.892730714535698744e-01
1.384057967053274751e+03 1.974231953537306708e+03 1.990171932904400143e-01
1.256879277005377844e+03 2.004725962460158371e+03 9.142222237654410444e-01
1.410086180900879526e+03 2.043317272649937877e+03 1.228818218505310256e+00
1.332579369046784223e+03 2.036436650416436350e+03 4.731517402301146924e-01
1.448237382793850884e+03 1.838183225762846632e+03 7.840128495507006079e-01
1.591910222510743552e+03 1.842282755254690301e+03 4.489476192453212278e-01
1.442658420003740730e+03 1.923388566633977007e+03 4.466332431218154875e-02
1.382497874634514574e+03 1.973818190029947345e+03 2.079137678704495451e-01
1.410188834069877203e+03 2.044032059974570529e+03 1.197932094896603905e+00
1.590008316998358850e+03 1.842595089992746125e+03 1.204344462287159967e+00
1.120660917414908681e+03 2.002273944515050971e+03 3.402129814025799809e-02
1.091619813164374364e+03 2.064625915576939406e+03 2.998230458923517805e+00
1.179051415400722817e+03 2.132807991196649255e+03 4.904579023845569985e-01
1.256381628403464447e+03 2.007043044225216818e+03 9.513991519366455929e-01
1.119493504477039551e+03 2.003256834271402568e+03 3.067438837911505622e+00
1.330055987457830497e+03 2.038393240483965656e+03 5.845347411647549007e-01
1.091143847426913908e+03 2.065276929752780688e+03 2.958365100045330820e+00
1.178768740186866353e+03 2.134014623092182774e+03 3.953507931130232911e-01
1.254872875923319725e+03 2.004876738242954161e+03 9.356997540407253622e-01
1.410670358793409605e+03 2.043766240913624188e+03 1.210331800695498838e+00
1.331992423245188547e+03 2.036704270460559655e+03 5.023367756963399433e-01
1.408969639686658866e+03 2.043933671586441960e+03 1.190682994494520974e+00
