1.100701866423705042e+03 4.308528067907931245e+02 8.288770054880022498e-01
1.100245268429660655e+03 4.309773274503536413e+02 8.327214776979371402e-01
1.186488001848498243e+03 4.771284827532169857e+02 6.487546565267453547e-01
1.463000241163673763e+03 4.852888970782612432e+02 1.012177862846267873e+00
1.369108290616414251e+03 5.370901967278643951e+02 1.336964275188200046e+00
1.461237557748880590e+03 4.852850906200261534e+02 9.436024942130701865e-01
1.532726096842334528e+03 5.218561600168635550e+02 1.405072035868692559e+00
1.367100099987741032e+03 5.359332911579070924e+02 1.237445079039742213e+00
1.535476752108411347e+03 5.145868363050352627e+02 1.363018831508396200e+00
1.099604129182373526e+03 4.302165451755066670e+02 8.030509621409268606e-01
1.162348601148884200e+03 5.542082252748369910e+02 1.007512364630516327e-01
1.040747487509400344e+03 6.215470538042075077e+02 1.574277670422903341e+00
1.123719395695662570e+03 6.334435641201125691e+02 3.495387203806555876e-01
1.100407151326355461e+03 4.305113243313899147e+02 8.327784595856352334e-01
1.186303456870239415e+03 4.759625075674887285e+02 6.645567420142883819e-01
1.161841811273661506e+03 5.535036153445200853e+02 1.505598575840239872e-01
1.279079020083931482e+03 6.104550192223682643e+02 2.712487791949599103e+00
1.039736251820919961e+03 6.217577806541404470e+02 1.502164650986634209e+00
1.123644434065147834e+03 6.332971788270195930e+02 3.762998484736985172e-01
1.247063828242017053e+03 6.884781220844165546e+02 2.643973308296840852e+00
1.462409519294941219e+03 4.848545586440510533e+02 1.002818143559283559e+00
1.367506558115370126e+03 5.405368902668672035e+02 1.338006901384474201e+00
1.279549254913345067e+03 6.113257741173995328e+02 2.767024284577081161e+00
1.498388851339311714e+03 6.349691725653954109e+02 8.987766889462661668e-01
1.244844353030942329e+03 6.890135010779335971e+02 2.691831635522867305e+00
1.460218842209467311e+03 4.850095758289521655e+02 9.457565085798315119e-01
1.531948205415814527e+03 5.204394776383006729e+02 1.388388599026254333e+00
1.366403661030934018e+03 5.398651041716017289e+02 1.326366169324176392e+00
1.634440540913627046e+03 6.152922069885460132e+02 2.786081864862624435e+00
1.495977473568909545e+03 6.327946381126039341e+02 7.880569499659560995e-01
1.594990248452448668e+03 6.643822925460947317e+02 2.978413396427163740e+00
1.532530260495164157e+03 5.197577479401243181e+02 1.374205172916444617e+00
1.635391874133979854e+03 6.144377081309947926e+02 2.810945499426232175e+00
1.593283220754862214e+03 6.630462793856038388e+02 2.987006727257804251e+00
1.767477936684823362e+03 6.615932245410172072e+02 1.831173774775819996e-01
1.765782223655781991e+03 6.608711747948407265e+02 2.594748717928214155e-01
1.771213738360830234e+02 8.189779638748100297e+02 3.316945427572391969e-01
6.317809659573709951e+02 7.310959874131599463e+02 1.493003117064456431e+00
6.990305913594131653e+02 7.848277093295019995e+02 1.706243999305327330e+00
5.687087540137719088e+02 7.935175390980923567e+02 2.181371354673599772e+00
8.290557898477934486e+02 7.100516963934491059e+02 9.313431519960135851e-01
7.566512107051328258e+02 7.272855840302395336e+02 1.454480129995758153e+00
6.314024324011214730e+02 7.310449845288842425e+02 1.533176613853569403e+00
6.971108807311453575e+02 7.867252183542399280e+02 1.809217043048936047e+00
5.656625789909040805e+02 7.928778987366960109e+02 2.217067797927288808e+00
7.484746709925146888e+02 8.414468938119689483e+02 1.293542511323076516e+00
8.384634227721173829e+02 8.340198182487308713e+02 5.624336082221073063e-01
8.283493548306150842e+02 7.103626684450757693e+02 9.796953493283070413e-01
7.554597521798779098e+02 7.271558255578443095e+02 1.509431560733631050e+00
9.947839203217454269e+02 7.443934022838931241e+02 1.371732509529935529e+00
7.479814194313975122e+02 8.356720920961854517e+02 1.380442139142577629e+00
8.447118780386418848e+02 8.330718953349157800e+02 2.996509344528117236e+00
1.158644374521979671e+03 5.510058310598016078e+02 6.153112803925315372e-02
1.041846344683665166e+03 6.198396191951018181e+02 1.537474429386744390e+00
1.124429018419029717e+03 6.323709438586151919e+02 2.960170039601237590e-01
1.162131558292348927e+03 7.072786678819306871e+02 3.154204699246175581e-02
9.929234303513885607e+02 7.451514372498847933e+02 1.381982647715428225e+00
1.059952308768328749e+03 7.540722088168771506e+02 1.266352479838110945e+00
1.154230554453999048e+03 7.808143874773080597e+02 2.617754086646121969e+00
1.058828890357324553e+03 8.610167018608549370e+02 1.054843613114297973e+00
1.162068312180025941e+03 5.499540371751872954e+02 1.862018569774759325e-01
1.280606126662333054e+03 6.106701120631477124e+02 2.765975758885079294e+00
1.040006021355871098e+03 6.198200052373437074e+02 1.502873804638384048e+00
1.125174308975676922e+03 6.322700345014681034e+02 3.909225854042623904e-01
1.248321738285166703e+03 6.869521032477854305e+02 2.698237373486869650e+00
1.162351797632309854e+03 7.076517502995918676e+02 1.294524837355867097e-01
1.058585316674631713e+03 7.542279138531116587e+02 1.270202741195095353e+00
1.236057698978358303e+03 7.778931138459079193e+02 2.307321841645591842e+00
1.154399073583130303e+03 7.811201492671158348e+02 2.647194758073428744e+00
1.060496675686909839e+03 8.576971347811105488e+02 1.085865329551242819e+00
1.278391684761571469e+03 6.108398711688702178e+02 2.812317164524685165e+00
1.496483946170093532e+03 6.325140479381548175e+02 8.761879273942717594e-01
1.246110986457064655e+03 6.868130484567183203e+02 2.728218434073332421e+00
1.234461357833401507e+03 7.771979107448159994e+02 2.337198707972135914e+00
1.462351066989471747e+03 8.139805554966985710e+02 8.242670972665294693e-01
1.636346973945143645e+03 6.138609309797577680e+02 2.840695054007223774e+00
1.495748701781784575e+03 6.324058093973816312e+02 8.356879731407254042e-01
1.594704010709614067e+03 6.625218534617051773e+02 2.979712697237713037e+00
1.567171711412728655e+03 7.282374095619056789e+02 2.213329984630137304e+00
1.461608852279707207e+03 8.172228548574855722e+02 6.642221162619878737e-03
1.631595133297482334e+03 8.151254559439087188e+02 4.838944489402414728e-01
1.634106267122387862e+03 6.133555433839175066e+02 2.793681876085037707e+00
1.593035633234431089e+03 6.620354300827218594e+02 3.009113605147345716e+00
1.766344965975625882e+03 6.599116878381641982e+02 2.097049035835885367e-01
1.565575528476794261e+03 7.266838369882062807e+02 2.157032547913968923e+00
1.821835417159551525e+03 7.277596297950228745e+02 2.701215902879777087e+00
1.816241801071257441e+03 8.035207962368247081e+02 1.953374768568252318e+00
1.634901918686218323e+03 8.095202772985421689e+02 4.471329047375670052e-01
1.746341439028845343e+03 8.394323547522329818e+02 2.716034590203638466e+00
1.764750391516947730e+03 6.591468283627128812e+02 2.337744098842908513e-01
1.822369320261308758e+03 7.260133209139000883e+02 2.768700270218418247e+00
1.815392126206929788e+03 8.074790118588139194e+02 1.961140708005419508e+00
1.746857730238077693e+03 8.396231586202624158e+02 2.770949388830093785e+00
1.965587194192837615e+03 8.442638681746989278e+02 6.777476264036818021e-01
2.063708099263107670e+03 7.909609149585251089e+02 3.054487027395842436e+00
1.969475570500465437e+03 8.442454955053442518e+02 6.349576155805295441e-01
2.061923558523165411e+03 7.916440390309483064e+02 3.093511044083043782e+00
1.768399638288296956e+02 8.185188339708275862e+02 3.178779716662829546e-01
2.981841978205631563e+02 8.726288259687078153e+02 2.779086865484809432e-01
2.948307536280594263e+02 8.723943578295188672e+02 2.325960046044657503e-01
5.339573222409451319e+02 8.930286553960850142e+02 1.718928283254801626e+00
4.719079877743436100e+02 9.513437151037317108e+02 1.614848566653639184e+00
5.215810633217034820e+02 1.004752245304392773e+03 1.046324546613085493e+00
6.316197180842818852e+02 7.299750130140431565e+02 1.570401619635694468e+00
7.003375045441276825e+02 7.897054775163356908e+02 1.955766134478010621e+00
5.689048527506122355e+02 7.922752169439932004e+02 2.213969815445242073e+00
5.312872322399946370e+02 8.919995202604341102e+02 1.646941890021640376e+00
6.050488049949262859e+02 9.175181206849133559e+02 9.601915210526712485e-01
4.714124391176659401e+02 9.520377092493490636e+02 1.591757460792166290e+00
5.181264372949161725e+02 1.001092570204580170e+03 9.395779520863675183e-01
8.299423031874180197e+02 7.098933029157674355e+02 8.572388917855224832e-01
7.582208489383842789e+02 7.249093921349566472e+02 1.340653711132666404e+00
6.307140033067310014e+02 7.279868578018681546e+02 1.537753007569882868e+00
6.983269448170028681e+02 7.866004939630967101e+02 1.806721236857773194e+00
5.662771811468675196e+02 7.915156002692967832e+02 2.220071674750899948e+00
7.485995004530107053e+02 8.411248113845131229e+02 1.268492987085692691e+00
8.386448583748078818e+02 8.527641323196377243e+02 2.431820489083131864e+00
6.047238999862556739e+02 9.179386596725512391e+02 9.672835375891305487e-01
7.733286213924633330e+02 9.319196158963281960e+02 1.283157375641662767e+00
7.128455757901706420e+02 9.677783611424076753e+02 2.247126071724530050e+00
8.505560858183059736e+02 9.978907331624463950e+02 2.381161175343494918e+00
5.745961474016149850e+02 1.021470716948138033e+03 9.272270356680741843e-01
8.288148463175861025e+02 7.080395284969486056e+02 1.000159107949432302e+00
7.540566951958359141e+02 7.263490491507227489e+02 1.364282629519042445e+00
9.950098685768180076e+02 7.441745682991280546e+02 1.284950655499788930e+00
7.474094685882862450e+02 8.410816228283026703e+02 1.323552330786999409e+00
8.402284066347754106e+02 8.481135820352649262e+02 2.396862030611075944e+00
7.720547512268688024e+02 9.321695276025668591e+02 1.338488052349990465e+00
9.450667954228267718e+02 9.480464190244601923e+02 1.865336161789148128e-01
7.093255946519919917e+02 9.672194576021131525e+02 2.192411199280010603e+00
8.493978488178140651e+02 1.003470528335375775e+03 2.285254137904813021e+00
9.937352155297992340e+02 7.433464113812918868e+02 1.397606358317553532e+00
1.060044050228511196e+03 7.523824054605806850e+02 1.262730550411923947e+00
1.155739909371913200e+03 7.792570694743005788e+02 2.702939837167479542e+00
1.058022962091091813e+03 8.598843432301341636e+02 1.016002830174740579e+00
1.104724572922232710e+03 8.973883774398032074e+02 9.885219280342900650e-01
1.177779661139676591e+03 9.097714183103960295e+02 9.012596213792892774e-01
9.424735687423190029e+02 9.482673078580182846e+02 1.430855066244150486e-01
1.155724778582160980e+03 9.740072905009606075e+02 8.921700087771018417e-01
1.067065929345153791e+03 1.005977035363730010e+03 1.246440375648820043e+00
1.056761868257581909e+03 7.521593637220645405e+02 1.243510849163578902e+00
1.235023044196216006e+03 7.765652407892043811e+02 2.368887105108298474e+00
1.153763814407320751e+03 7.797413572430286877e+02 2.666003485304171416e+00
1.057086637457009374e+03 8.601518360692228953e+02 1.054695257581406365e+00
1.103467681379745727e+03 8.971921970699147550e+02 1.013661971722167543e+00
1.179194505944730054e+03 9.019442394436107406e+02 7.828631589670626001e-01
1.302189524454029879e+03 9.293557578323859616e+02 1.514791194400241792e-02
1.160168243698825790e+03 9.722386729716122318e+02 1.801697291204822915e-01
1.066857277972705106e+03 1.003193029814960710e+03 1.189997316417177098e+00
1.234450024000676876e+03 7.755926095125863640e+02 2.312551561854475413e+00
1.461278064703816426e+03 8.271552068512440883e+02 2.412124605102913932e+00
1.299933211750959799e+03 9.291399691521075965e+02 7.659684754584548949e-02
1.495611302409688506e+03 9.635995166773052460e+02 2.166659823872415791e-01
1.566798739615327349e+03 7.252581586029707523e+02 2.192886061907617368e+00
1.458318335914561658e+03 8.239763171503834656e+02 2.405379005443749829e+00
1.633623840215453356e+03 8.098625767169801293e+02 4.231901546008786652e-01
1.568271958813787023e+03 8.700230179354819029e+02 5.574559048370135717e-01
1.582805240167655711e+03 9.280486351923707389e+02 2.803962413140312027e+00
1.493532123715595390e+03 9.627404795669597206e+02 1.346663340387231900e-01
1.565567240417762378e+03 1.010074963314890738e+03 9.404821866420794985e-01
1.565825338582842505e+03 7.265975005479401716e+02 2.173423714541888874e+00
1.818693521905344369e+03 8.061951411925695083e+02 1.913908020324681436e+00
1.634297284037339978e+03 8.092033146389004514e+02 4.548828920960872879e-01
1.748917308807564950e+03 8.374884068194340898e+02 2.859235894559938540e+00
1.566860554674611194e+03 8.701502630339093685e+02 6.159950665963047634e-01
1.721097957533648241e+03 8.921708369542870969e+02 2.793601679881879019e+00
1.810884277870461119e+03 9.047351134686264231e+02 2.936141906533964452e+00
1.663586764330158758e+03 9.187720591848978984e+02 2.192415278202643147e+00
1.581705797194178558e+03 9.281214481094189068e+02 2.843457296652121435e+00
1.795505829384550907e+03 9.518989769597906161e+02 1.475449342269530839e-01
1.738594323235689671e+03 9.954374814769494151e+02 2.023538044602331887e+00
1.565063297785246277e+03 1.008841492347845815e+03 9.162328148112171000e-01
1.821647117204318192e+03 7.265383261417113090e+02 2.767798077630170717e+00
1.814342697270556528e+03 8.059147150223201379e+02 1.908270868803888520e+00
1.746779619673139223e+03 8.369771351214376409e+02 2.908591825867897995e+00
1.968998635565509630e+03 8.415057473210566741e+02 6.161300803150309147e-01
1.719807996194533644e+03 8.923339658488928308e+02 2.812642080305914227e+00
1.890321156966865146e+03 8.974350630314461341e+02 2.449118425624625672e+00
1.815692181396420665e+03 9.096175154034235675e+02 6.782969666661825374e-03
1.796396422119930321e+03 9.526326722964970486e+02 3.083182336332469742e+00
1.735803235635479268e+03 9.962865907556918046e+02 2.080960490601272195e+00
1.846370378335678424e+03 1.017758805904087694e+03 4.240190481409221168e-01
2.063426183377761390e+03 7.918392369720968418e+02 3.034021887259132466e+00
1.968560332804926020e+03 8.417629599179906563e+02 5.907191471375672354e-01
2.058664694440880339e+03 8.736349070172564097e+02 2.004875182004365541e+00
1.991529772739988402e+03 8.847291542807417954e+02 1.334135540625667860e+00
1.889664790327915853e+03 8.982648489784230605e+02 2.473853115039880812e+00
1.994170819289019619e+03 9.636205065950525750e+02 9.157813738424129824e-01
2.047896233402926555e+03 9.890759261147236430e+02 1.588117274481174457e+00
1.856344558543104313e+03 1.012915349549854682e+03 2.637930190225485916e+00
2.062512605964236627e+03 7.905288365273324871e+02 3.079742344650711949e+00
2.058524744413617100e+03 8.729364928335401146e+02 1.994750987960979050e+00
1.987981070570499469e+03 8.792877385344270351e+02 1.413180800296305550e+00
2.177641951861511188e+03 9.218194365148106044e+02 2.556812064177478305e+00
1.994632158107621308e+03 9.596126002314761081e+02 8.108086925085398189e-01
2.042577020587696097e+03 9.843488732471778349e+02 1.726196814793313106e+00
2.952622804089169790e+02 8.724933152502646863e+02 2.562063326267551844e-01
2.942570610895584196e+02 8.712683244272907359e+02 1.688104521784974665e-01
5.327729497129702168e+02 8.942468131812886440e+02 1.806918819499104378e+00
4.718069435877107480e+02 9.506877511567890906e+02 1.579333488372433036e+00
5.195276438641895993e+02 1.001916569782247052e+03 9.876562520869822670e-01
4.476710179101700078e+02 1.104237639480601956e+03 2.269016481837784482e+00
5.197784118356851195e+02 1.124260408463271233e+03 1.756205880550336218e+00
5.312530483652996054e+02 8.902846293867364693e+02 1.622263838803122971e+00
6.055462339945024723e+02 9.163481656277456295e+02 9.264990572059966789e-01
4.717143394901247575e+02 9.505912358459443112e+02 1.570352635610329006e+00
5.190272295783857999e+02 9.990503423847258091e+02 9.009033330838608356e-01
5.774825700922492615e+02 1.021797318279645197e+03 1.090234309278429237e+00
6.408981588221743095e+02 1.043567548311837754e+03 1.864060821437984128e+00
4.471207132070675243e+02 1.103312210818574158e+03 2.375189510904437196e+00
5.809694816910334794e+02 1.122590482330201212e+03 1.584720060485180992e+00
5.178948186461069554e+02 1.125370850222190484e+03 1.712750537661697603e+00
6.496467394618666731e+02 1.172314557475178617e+03 2.271991992363529889e+00
8.328270106656161715e+02 8.712533637838114373e+02 2.392104771560514376e+00
6.046043648783080471e+02 9.141145167664712972e+02 9.989315220995363953e-01
7.733124091706596346e+02 9.294850683026045317e+02 1.284041162977091588e+00
7.121111723381486627e+02 9.648337504002549849e+02 2.196867340584808925e+00
8.513389578448195607e+02 1.002539322882767465e+03 2.362113078257123355e+00
5.761002075875849187e+02 1.021421026542169329e+03 1.085427345103321617e+00
6.396497893884447876e+02 1.042716719813625559e+03 1.809565930318740579e+00
8.114042422789937063e+02 1.038457697997660944e+03 2.891427738207723142e+00
7.782694011028784189e+02 1.091490068230920770e+03 2.673890346470227719e+00
5.774076872336235056e+02 1.120849401314173292e+03 1.585345790861250492e+00
6.495741638924031349e+02 1.175880899137186816e+03 2.149989974720216690e+00
8.301194782473373834e+02 8.706503972129712565e+02 2.292072454488404798e+00
7.720431756746435212e+02 9.296389679245176012e+02 1.301969824592274394e+00
9.447677972996004883e+02 9.469014179624257395e+02 2.352042010108613690e-01
7.094884830137553990e+02 9.646636318894377382e+02 2.139349388524614426e+00
8.478928356304516001e+02 1.002277851672990664e+03 2.246597877347229932e+00
8.095275522801338184e+02 1.038935124881431875e+03 2.867658234413276830e+00
9.365834143545678216e+02 1.061959268401311419e+03 1.583807845775886403e+00
9.860405278371065378e+02 1.092247045592050199e+03 1.006483266788415154e+00
7.760692883803377526e+02 1.091988115497088756e+03 2.610864234568190945e+00
8.848579667183969377e+02 1.110563956197368952e+03 1.504980425784663733e+00
7.128191045681352307e+02 1.177736354774066058e+03 2.126630238713695498e+00
1.008412468881818540e+03 1.168859707838495524e+03 6.373305783489235932e-01
1.105410882398335389e+03 8.929379093329321222e+02 9.929339773470617914e-01
9.431026294976732061e+02 9.470294560286035903e+02 1.491909478380601950e-01
1.161898530218001270e+03 9.709358597432694751e+02 1.837614449100842817e-01
1.067308139179414866e+03 1.002323186233457591e+03 1.238225452967399498e+00
9.358658598130696191e+02 1.062283271542269858e+03 1.697040111569567689e+00
1.157757619440832286e+03 1.026903286224260455e+03 2.550085431037471650e+00
9.833701029664896396e+02 1.092177091587658197e+03 1.067603608918702651e+00
1.072445132076002210e+03 1.084598401994119513e+03 7.210335351506796941e-01
8.842588981001076718e+02 1.109768819837418278e+03 1.762619098101428472e+00
1.178898007757189589e+03 1.118727967806174092e+03 2.273478705493829910e+00
1.127423229096882096e+03 1.146142133921847744e+03 2.738947381901488676e+00
1.010026714451683802e+03 1.165343179255291261e+03 5.698630484928091100e-01
1.173131858247812715e+03 9.230954822368937585e+02 1.268894368091681768e+00
1.103171376431284443e+03 8.913915598483324629e+02 1.049366944280442304e+00
1.178372692897059551e+03 9.015732393270980083e+02 8.028339685627182698e-01
1.303374886765946485e+03 9.275967421684836154e+02 3.109429183128498142e+00
1.159787183480051908e+03 9.707367850340028781e+02 5.115909397470756736e-02
1.066649923780117206e+03 1.002377859397080556e+03 1.248410181072901359e+00
1.275100230620161938e+03 1.021855422725517201e+03 6.896707822245159436e-01
1.155758956819277955e+03 1.027839893480029787e+03 2.526172104931463380e+00
1.071292148012771577e+03 1.084301259519858377e+03 7.199673848966023915e-01
1.283158533111923362e+03 1.094624387096869214e+03 1.047699065024507714e+00
1.180879641194103897e+03 1.124009641357446526e+03 2.426350490328729848e+00
1.129988870785440440e+03 1.146051726731343933e+03 2.734937192121620786e+00
1.299252328882179654e+03 9.281119516120934350e+02 3.101458757140322042e+00
1.497040240709081218e+03 9.610914790795322915e+02 5.407412258349103551e-02
1.273095214343456064e+03 1.021498529270597828e+03 6.883832940196403793e-01
1.447505234587101313e+03 1.048294877096034270e+03 1.169488844280123452e+00
1.281074175310327746e+03 1.094821454385153174e+03 1.033580231772062596e+00
1.341686594744354352e+03 1.130050201506995336e+03 1.056955055185849979e+00
1.396392093374467777e+03 1.152526831341384423e+03 1.104646246817449828e+00
1.475974908071233358e+03 1.167677374747210933e+03 2.151228677720842253e+00
1.567560298883963696e+03 8.687983440262325985e+02 3.453381217710254636e-01
1.582197834196951817e+03 9.263387724311933198e+02 2.819312171994473371e+00
1.494077741591194808e+03 9.614970800982632682e+02 9.920305617855647295e-02
1.565737280195442509e+03 1.006087253654736060e+03 8.593903192806153779e-01
1.630831863432141290e+03 1.022329178614639432e+03 1.052990761168908440e+00
1.446055558731937026e+03 1.049518875222293445e+03 1.129497051308592903e+00
1.502050263027953861e+03 1.093785773149181523e+03 1.914025627126859641e+00
1.583520374716390052e+03 1.123136337723882889e+03 9.493339816791682706e-01
1.633460664375145143e+03 1.136106478967839394e+03 1.511545138699946333e+00
1.394027567489320745e+03 1.151116506878769997e+03 9.785710472977015018e-01
1.475065978365430965e+03 1.170322696428919699e+03 2.188789147212482078e+00
1.566652130324024483e+03 8.674083739687403067e+02 6.599120289453951349e-01
1.720945873655521609e+03 8.896590489687118861e+02 2.815669075022014134e+00
1.664191732031218635e+03 9.172961426031783958e+02 2.256668200544550640e+00
1.578782790145416357e+03 9.230119038709381130e+02 2.748923464324672938e+00
1.798984235480251073e+03 9.528813472574240677e+02 2.879827569313382796e+00
1.738206380618019921e+03 9.961889956163377065e+02 2.070356697831318815e+00
1.564930330084787329e+03 1.006826112695201573e+03 8.462370906183040997e-01
1.628213627040177016e+03 1.021942528572209767e+03 9.019038877464516935e-01
1.678516674131994023e+03 1.043734814959556388e+03 1.567378011818525430e+00
1.730762209617989811e+03 1.098689872396561441e+03 4.818865243795461550e-01
1.584854430113698527e+03 1.123861428471864883e+03 8.791305658842971660e-01
1.629575399320530551e+03 1.139911494679696716e+03 1.309319063219965829e+00
1.794931153171635970e+03 1.144967693885159861e+03 1.216338068712964127e+00
1.723276292232430251e+03 8.914586340882890454e+02 2.730223518707106223e+00
1.890417787575816419e+03 8.973475930208860518e+02 2.568466393169758444e+00
1.813708951840571217e+03 9.079322057342633343e+02 9.734352435174176144e-03
1.794031613211823242e+03 9.517344856367210468e+02 2.977336363395532537e+00
1.736831672840178953e+03 9.986129395958864734e+02 2.076559199398325894e+00
1.852043679018205694e+03 1.011715696163681287e+03 2.155723073870036144e-01
1.674272895093323541e+03 1.044532451284301487e+03 1.522025715308487293e+00
1.829996816916209582e+03 1.053752805233570371e+03 2.412464401546776660e+00
1.919344944885902805e+03 1.095778142571096168e+03 2.224895353080814431e+00
1.728973368350138117e+03 1.100906097252055361e+03 5.769163162923850452e-01
1.791836826571662641e+03 1.142071804639172569e+03 1.181707121962688456e+00
1.695036614993998683e+03 1.177876007351296948e+03 9.250262825602838523e-01
1.844436067219593269e+03 1.168405759811946382e+03 1.963635436129292700e+00
1.991632487511410545e+03 8.848779672597913759e+02 1.299665100365194448e+00
2.059530947513288993e+03 8.741354783588146802e+02 2.067802959880356894e+00
1.889191276123411171e+03 8.963824156425835099e+02 2.469476931643864059e+00
1.994587783868317729e+03 9.633116702030590659e+02 8.463897007203329270e-01
2.047984324647120047e+03 9.883181527042634116e+02 1.554140167572267028e+00
1.850178022198020244e+03 1.011285438542759266e+03 2.078237106741912255e-01
2.066883684429533332e+03 1.099425715915277578e+03 1.450921214821615735e+00
1.829896607743502955e+03 1.063121030440138838e+03 2.798086853705619159e+00
1.918106066772043050e+03 1.094173248117839194e+03 2.319025849712147647e+00
1.838371465133065385e+03 1.162415802274569160e+03 2.204043215521222621e+00
1.915548023541406110e+03 1.179993377554593280e+03 2.125599043825192602e+00
2.123349715961385755e+03 1.176366394132820915e+03 1.270815679675786125e+00
1.987264555378608748e+03 8.846423146807085232e+02 1.230439866354383849e+00
2.056036948722189209e+03 8.732972023726347288e+02 2.130213165675507447e+00
2.177148127436956202e+03 9.220766553073715386e+02 2.600951826262863698e+00
1.990564251162326855e+03 9.619744661567883668e+02 9.458450731560920088e-01
2.046783999360658527e+03 9.872340753487990241e+02 1.597423305892902157e+00
2.158428363802132480e+03 1.049909770514199408e+03 1.046034274155472898e+00
2.065968143743258224e+03 1.098841595219530063e+03 1.468812779464998108e+00
2.119415052425531030e+03 1.179621262117980450e+03 1.502236881549420477e+00
2.207389389051463127e+02 1.307814172693336786e+03 2.074006228890159065e+00
3.689731672917025662e+02 1.306880359166115795e+03 1.769480294304871082e+00
4.472213402211222046e+02 1.102000877605475580e+03 2.298348360945556390e+00
5.194947869994728080e+02 1.123236316986631891e+03 1.616471643850316608e+00
4.860449454089023220e+02 1.244756459244429607e+03 1.588663414904222471e+00
3.675234597815032203e+02 1.314099786963233555e+03 1.864975772396822107e+00
5.366971106188339036e+02 1.330667197523901677e+03 2.809548446129073729e-01
6.404808796440207743e+02 1.044368577216424001e+03 1.795714829964517367e+00
4.468804336714204055e+02 1.102563240891111263e+03 2.345521194479193827e+00
5.804967805401951182e+02 1.121667473391018575e+03 1.529440945065414281e+00
5.177091697669493442e+02 1.124089255364336850e+03 1.644956982220463937e+00
6.520913074800785125e+02 1.175032885892060676e+03 2.206150230685262059e+00
5.472402815236414426e+02 1.230880555597972261e+03 1.922771625542706531e+00
6.101700391533440779e+02 1.245177532037701667e+03 1.625602288164949005e+00
4.864925855064966527e+02 1.245513232732220331e+03 1.567581522857420140e+00
6.645354635335368130e+02 1.283761578806338548e+03 7.657904395482735271e-01
5.466142335788841820e+02 1.331035588661140764e+03 2.911374190443034166e-02
8.096442217716311234e+02 1.036621153658017420e+03 2.882341766318122556e+00
6.388319982591344797e+02 1.041735468265967484e+03 1.803583476434305277e+00
7.789066034463016877e+02 1.090525371148631848e+03 2.720459638691273607e+00
5.780871250945372140e+02 1.119309727734563467e+03 1.526642065376432988e+00
6.506978311992935460e+02 1.175280494995320396e+03 2.187358525798614561e+00
7.231059294455629924e+02 1.188639898266735827e+03 1.914780923264268075e+00
8.376984929027336193e+02 1.199426073416353120e+03 1.546132438387388008e+00
7.829176597336365830e+02 1.220336618485152712e+03 1.706600938367071496e+00
6.083026343925205310e+02 1.245400468551694075e+03 1.608640004350539554e+00
6.614580430522073584e+02 1.282296597089519082e+03 7.512993447251237189e-01
7.445482468215227527e+02 1.314426901690893146e+03 2.302683054282554931e+00
8.065964956901381129e+02 1.327413513372682928e+03 1.361681263509233686e+00
5.481006288077639965e+02 1.334640595093331285e+03 2.636445073491703095e+00
8.080960642309587456e+02 1.035542183609511767e+03 2.916343106226866322e+00
9.381169984685911913e+02 1.062636075918445158e+03 1.586483252942429312e+00
9.833574690098930660e+02 1.091263389968353067e+03 9.195392023668187420e-01
7.765770530099084681e+02 1.089526938282215269e+03 2.604221125976143192e+00
8.858595262400642696e+02 1.109298941765559675e+03 1.470811198508970907e+00
1.012163170161073822e+03 1.163145372975935970e+03 5.142213859716007196e-01
7.207276021579377812e+02 1.188494209926332360e+03 1.952892752264797416e+00
9.198272273997324646e+02 1.190080260075212664e+03 1.754786894525348639e+00
8.357285836869056084e+02 1.199741910763707438e+03 1.554720533215685929e+00
7.815563421698333286e+02 1.220546714443793007e+03 1.776022546267850943e+00
9.646015449655487828e+02 1.262516821151891236e+03 1.439990688642386774e+00
8.894301318371949492e+02 1.283606998703616455e+03 1.954622403416317322e+00
7.384199330681376523e+02 1.308889970639417697e+03 2.325730014946559621e+00
1.014329375529744084e+03 1.280587353636361740e+03 1.362779067189767934e+00
8.041270003235725881e+02 1.328933763132173681e+03 1.483114655832048712e+00
9.366482875660146874e+02 1.063356165756124028e+03 1.716964056680394091e+00
9.832569954059338215e+02 1.089978422020140442e+03 9.943431210725865999e-01
1.073280649407275178e+03 1.083214825783268225e+03 7.409013731242695133e-01
8.834011618362640093e+02 1.109265992091860426e+03 1.591110173203571287e+00
1.180483854898285244e+03 1.122001827075276424e+03 2.150562739194644024e+00
1.129707402153251905e+03 1.142746234343574542e+03 2.746133176778047691e+00
1.011059506511102427e+03 1.162478850354025326e+03 5.388329244246601313e-01
9.182955738013397422e+02 1.189812186462938598e+03 1.802437528238097997e+00
1.112614843329663245e+03 1.192459465224502310e+03 3.768132721546924024e-01
9.629910682471806922e+02 1.262381242723861533e+03 1.540515578696936227e+00
1.105510369754567364e+03 1.248454642016773505e+03 3.026708712248463051e+00
8.873210830458815508e+02 1.281242805163543380e+03 2.046579711755726727e+00
1.012778769597606242e+03 1.278697449922277883e+03 1.479320428808557075e+00
1.170054117130080158e+03 1.323089211781252288e+03 8.883740232592585162e-01
1.157584326861198861e+03 1.028616848626406181e+03 2.513541096195806457e+00
1.068264072928448286e+03 1.082397101352828940e+03 7.429701726176946019e-01
1.283369522499986715e+03 1.092526451257538156e+03 1.088953256645170509e+00
1.180742737211700160e+03 1.124350767217245448e+03 2.370489798428425221e+00
1.129615510667458693e+03 1.145182034568910694e+03 2.747830441261255086e+00
1.109442001652957970e+03 1.192889318227065814e+03 2.606090636233419633e-01
1.211542513704971952e+03 1.213226722635276474e+03 5.069585007807914101e-01
1.266686695622588786e+03 1.252944727374586819e+03 8.427560123853145013e-01
1.103233205495534548e+03 1.249456863814028793e+03 3.013514092432454827e+00
1.294152398827736306e+03 1.296900756699582871e+03 9.319082270637694121e-01
1.161179052358662830e+03 1.324543665899155030e+03 9.525118881619281108e-01
1.448211853259313557e+03 1.047026203713868426e+03 1.098648390777639205e+00
1.281571422738712499e+03 1.093399269906934705e+03 1.026929650463096033e+00
1.342360248928611554e+03 1.128974775531723935e+03 1.010496641589481825e+00
1.395608909610014507e+03 1.150178632517923688e+03 1.020117992077560931e+00
1.476237558631477896e+03 1.168099074534720785e+03 2.258849504606878611e+00
1.210035976486649815e+03 1.213489466658689480e+03 4.669885018013069100e-01
1.410881329439658884e+03 1.220630762169626905e+03 1.356540672508902867e+00
1.265860731932576755e+03 1.253089340865827126e+03 7.981747040336339971e-01
1.480024525024248305e+03 1.256295118487548507e+03 2.159660265050578343e-01
1.292410267609211587e+03 1.294444225121255840e+03 8.311719270097555068e-01
1.353570909699122240e+03 1.336068204703766241e+03 1.564207216260925737e+00
1.427640190873447409e+03 1.341109142422162677e+03 1.929501981490066465e+00
1.445979187453427585e+03 1.046008723370970984e+03 1.131220396154510421e+00
1.501588708529730411e+03 1.092955475665872882e+03 1.975389462162276510e+00
1.584016248500072379e+03 1.121162789994099285e+03 8.562414945268990163e-01
1.632243757266304783e+03 1.135247134665240765e+03 1.640492613002408673e+00
1.392865579360457104e+03 1.150569336490283149e+03 9.733778220056200636e-01
1.473893652536741456e+03 1.166678431324249914e+03 2.258375180581264186e+00
1.409232181645023729e+03 1.220934116836136354e+03 1.325685978197380654e+00
1.574137534944299887e+03 1.234645316222203064e+03 1.244668563828788210e+00
1.475577951280861953e+03 1.254717632506085465e+03 2.307906654296387194e-01
1.637453824839753679e+03 1.271848527029127581e+03 1.004958784042040643e+00
1.350809208252215285e+03 1.328185179124232036e+03 1.592517457919289114e+00
1.423786273064501984e+03 1.341123085699405010e+03 1.959629138867935660e+00
1.677571453821051364e+03 1.041618826813519263e+03 1.645833539237968379e+00
1.727409555420762217e+03 1.098866904174657975e+03 4.586874229170040396e-01
1.581724918404441951e+03 1.121641308973428067e+03 8.371777819161785317e-01
1.629032517701958113e+03 1.137346633863247462e+03 1.502971094890843240e+00
1.792421635204117138e+03 1.140497937552126814e+03 1.177188671640258644e+00
1.695123199332444528e+03 1.181123621876870402e+03 8.154207783132951803e-01
1.572141017111164274e+03 1.235575640714658675e+03 1.237318574263077231e+00
1.808263687590824929e+03 1.263750660342637730e+03 2.123491127988391014e+00
1.716438035999797421e+03 1.239959714975168481e+03 1.449981942966774406e+00
1.632729630771829534e+03 1.271455963302722921e+03 1.009270924287288151e+00
1.747435922960210291e+03 1.299353856165025491e+03 1.564608510720219892e+00
1.830914639929980012e+03 1.053752645737189823e+03 2.633648108416783984e+00
1.675737891692232324e+03 1.047592081707653051e+03 1.300692381156524524e+00
1.919549755732532049e+03 1.094279434440762543e+03 2.324388802935154263e+00
1.727973778185629271e+03 1.100263965561100122e+03 5.476735474131418924e-01
1.791074540700288253e+03 1.141317483020647842e+03 1.145396954772124554e+00
1.843500996063943830e+03 1.161728933468703417e+03 2.001728444298255027e+00
1.918069172156887362e+03 1.181725186187707095e+03 2.092147011980332039e+00
1.694324714653329238e+03 1.181672496974147634e+03 8.579744477942041758e-01
1.715807065068232987e+03 1.240081885669615076e+03 1.303229246324522084e+00
1.807050830147247780e+03 1.263169121705562475e+03 2.058378233542221381e+00
1.746451264836011433e+03 1.298919030650304876e+03 1.410398415362259961e+00
1.833563455338187168e+03 1.066170235703852768e+03 2.744308260878977723e+00
2.067012934428271819e+03 1.098153088277570305e+03 1.418265291459702482e+00
1.917936789489582225e+03 1.092749615181037825e+03 2.347943064798082347e+00
1.841281782724812956e+03 1.158714598698694090e+03 2.055705036087534410e+00
1.917549121888845548e+03 1.180898081802370143e+03 2.099193235840719485e+00
2.119601209460373866e+03 1.179377736016094559e+03 1.439897567088919805e+00
2.158180293246213751e+03 1.048205564475632855e+03 1.002755948038924982e+00
2.065601134351431483e+03 1.096937592171813321e+03 1.481033844725057058e+00
2.118664056256925960e+03 1.177951415737476736e+03 1.494793595514786411e+00
2.146241230405487386e+03 1.274693986052857326e+03 1.818977312817177117e+00
2.208212616236436588e+03 1.328723325236454002e+03 1.993765283132101107e+00
2.207794384111543309e+02 1.308247178829807581e+03 2.064678001400041207e+00
3.708885809810619776e+02 1.312381894239820213e+03 1.871442362852820729e+00
4.875503946758946086e+02 1.242968187642001794e+03 1.592681016634259983e+00
3.679732221894557824e+02 1.313935478766481992e+03 1.859647399123458777e+00
5.473282310987732444e+02 1.229616596350023201e+03 1.859642151888667883e+00
6.105909842495309476e+02 1.242904748801011920e+03 1.594544979254554962e+00
4.860481724752957007e+02 1.243998703600627778e+03 1.559235865685291822e+00
6.634079890287976013e+02 1.281566676917638915e+03 8.393460263228060825e-01
5.464043694939484794e+02 1.328110404024377431e+03 3.833178402193494760e-02
6.741402201663393043e+02 1.379508992227364615e+03 2.524073201338337569e+00
6.286578400913992937e+02 1.414882029938971982e+03 2.174242294806126630e+00
6.179003225159588055e+02 1.495355195491570612e+03 2.800881367288643009e+00
7.227305055362370467e+02 1.188407199807328425e+03 1.842101797496994209e+00
8.354613286188700840e+02 1.199103944575434525e+03 1.619025891211748114e+00
7.831242861585058108e+02 1.217177581092616720e+03 1.602445788405833182e+00
6.079041688870187272e+02 1.242676837292495293e+03 1.629082687785019967e+00
6.607935350590574899e+02 1.281596867391663864e+03 7.957579679726523025e-01
7.458753280932698999e+02 1.314064620959745980e+03 2.163032226790556400e+00
8.010159124918068301e+02 1.331647956317797934e+03 1.399095484874322670e+00
6.721969591444709522e+02 1.379621588310636071e+03 2.616324787439671340e+00
7.551659905875845880e+02 1.410507667227056118e+03 2.283319908957824662e+00
6.281996285580532913e+02 1.414631701462653382e+03 2.117520454895776894e+00
8.598329180709883985e+02 1.455897491541114960e+03 2.852367417875335764e+00
7.603334440797008256e+02 1.489393458119147681e+03 2.628141093423387975e+00
6.147077661227519911e+02 1.496005750467946200e+03 2.787382573170483990e+00
8.351272365099218860e+02 1.196403997856084288e+03 7.659524620978840348e-01
9.185898788009299096e+02 1.192705834444471975e+03 1.674426653815781929e+00
7.216376046325535754e+02 1.199367976833978901e+03 1.723399710699297760e+00
7.793829608135978333e+02 1.216781672623762688e+03 1.744294363799778758e+00
9.634641406070365974e+02 1.260645678813915993e+03 1.346302981584058811e+00
8.885439636542530479e+02 1.282354253386962455e+03 1.914362609199873555e+00
7.465165062915743874e+02 1.313991798218602526e+03 2.382361294866514267e+00
1.013296742246890062e+03 1.277164134342314810e+03 1.347533515123949366e+00
7.997108755439633114e+02 1.331259033903258796e+03 1.389836960961540413e+00
9.307780975134269283e+02 1.388404755286442196e+03 1.336684740165507534e+00
8.664212268088087967e+02 1.347707972920485190e+03 1.912519687320273443e+00
9.893346485844097060e+02 1.393934034304519173e+03 2.030426455925458562e+00
7.531601558351790118e+02 1.409682591233581661e+03 2.306643112482343216e+00
8.627894053997729316e+02 1.455310639855219051e+03 2.977526301776400874e+00
9.818398013701639684e+02 1.473100985698721161e+03 2.985191419596056939e+00
7.555955299814335149e+02 1.490057836287649025e+03 2.608548728279109330e+00
1.109156288134804299e+03 1.191230400924092237e+03 1.231875822358527578e-01
9.157924852924975312e+02 1.194516180421611580e+03 1.748352503257722068e+00
9.620050924129179748e+02 1.261741996090894645e+03 1.536443243985754936e+00
1.104884944130725444e+03 1.247698998440342621e+03 3.047025316167367937e+00
8.851108684338300918e+02 1.281342220633245688e+03 2.033715377949883774e+00
1.012032799891844661e+03 1.277960545367103350e+03 1.469498749210121025e+00
1.162641643703463842e+03 1.323213765137490782e+03 8.733670346464195156e-01
1.072845732909367143e+03 1.353983248100962555e+03 9.009654684621561938e-01
9.897579319843468966e+02 1.397338876474032304e+03 2.027664029522330935e+00
9.290851415353388347e+02 1.389220090036134479e+03 1.451579894735125498e+00
1.141507577021433463e+03 1.402780645560781295e+03 8.309229668026697491e-01
1.062108916205439755e+03 1.416911302614062834e+03 9.704413557927002998e-01
9.864923080960850257e+02 1.479318007532495358e+03 2.876480785489544889e+00
1.115953722867118586e+03 1.483034283940607111e+03 5.814997672640997983e-01
1.107473869173005824e+03 1.190983537778596428e+03 3.300675437106294074e-01
1.212240783394220216e+03 1.211062924405101057e+03 4.769595397465154485e-01
1.267664779324677966e+03 1.250323646198805818e+03 7.873146985672301312e-01
1.103563213324103117e+03 1.248226205222039880e+03 2.989154083459051758e+00
1.294383693100720620e+03 1.292168044984992548e+03 8.162473542104315971e-01
1.161436374072847684e+03 1.322762305151773262e+03 9.069034143535887882e-01
1.071588044702318939e+03 1.356386912712207959e+03 9.642699808742948298e-01
1.218703446177968999e+03 1.378413847502421731e+03 1.819310503056517092e+00
1.141605235108562056e+03 1.401031208283958676e+03 8.410697915771070399e-01
1.059899419483227121e+03 1.415941809781485517e+03 1.029314351425909768e+00
1.273276021788532489e+03 1.431011191588807378e+03 1.693538817453423606e+00
1.305564803463958015e+03 1.477583958919611405e+03 1.447976559731377622e+00
1.111726404490602363e+03 1.481701694653615050e+03 4.842171854898569272e-01
1.209045157728285176e+03 1.208575224540136333e+03 5.624895612984950333e-01
1.410709562062622126e+03 1.218822063894381017e+03 1.283493966205178305e+00
1.265447452153438917e+03 1.250238403613172295e+03 7.362884392138081546e-01
1.477007015829511602e+03 1.253720518803770119e+03 2.164317493312640506e-01
1.291937215461449114e+03 1.292601875230536052e+03 7.601950280127098836e-01
1.352827271997657817e+03 1.332322550315577928e+03 1.495816150628913155e+00
1.426634874336830308e+03 1.342106791963884234e+03 1.955008110901176099e+00
1.493251804991195513e+03 1.354748148398181684e+03 9.891556260400572453e-01
1.217306950585596496e+03 1.377280892115559482e+03 1.800463461559089318e+00
1.271599601852382648e+03 1.430498151202434656e+03 1.636041184507226021e+00
1.468048040163234191e+03 1.480665890294394558e+03 1.276248586837742893e+00
1.303008107091159218e+03 1.475392600344682933e+03 1.417863442608831681e+00
1.391445595467591602e+03 1.489795484955183838e+03 1.634143722910340157e+00
1.408859775722087988e+03 1.217550694672671852e+03 1.311810600214845746e+00
1.574773593568456363e+03 1.232446853875992247e+03 1.184670448638285301e+00
1.477786152448840767e+03 1.253111331597427579e+03 2.388836615612886238e-01
1.636578038401036792e+03 1.267405931812786093e+03 9.613190599344781928e-01
1.349204641548514701e+03 1.332613463439092129e+03 1.497283539098381855e+00
1.425548520345130783e+03 1.342255376772736099e+03 1.951886559318028125e+00
1.488999059916803162e+03 1.356221170422110845e+03 9.882493145340190965e-01
1.568052010649905696e+03 1.374607889397609370e+03 1.688619708745701997e+00
1.525484341810081787e+03 1.441204540371944859e+03 2.047957833416561790e+00
1.623570803057341891e+03 1.464329758989713810e+03 2.108021411684337210e+00
1.464109604245931223e+03 1.484123710593279839e+03 1.406169888803457946e+00
1.389133595652242320e+03 1.486987743491493802e+03 1.599925829176609859e+00
1.573017163320840609e+03 1.232191170114560464e+03 1.186468716495688192e+00
1.716380953543789701e+03 1.238283690982965481e+03 1.201468018560326811e+00
1.810487728324346335e+03 1.261030633288942454e+03 2.135569461233750133e+00
1.633140633366039765e+03 1.270037467252488568e+03 9.490006265804127317e-01
1.748317628914594479e+03 1.297199903524360252e+03 1.408072952633549590e+00
1.566534924956526311e+03 1.375346111423861203e+03 1.677977894901993672e+00
1.806510252655687054e+03 1.409497504552507962e+03 1.627589417607558042e+00
1.520475109537418803e+03 1.441734673690352793e+03 2.072629566533181311e+00
1.621555350843421365e+03 1.465518786248716424e+03 1.341655275824816584e+00
1.715583244201677644e+03 1.238764577060618194e+03 1.181596484759156906e+00
1.807895937641780165e+03 1.262259736217350564e+03 2.093189593007465543e+00
1.747343278789061287e+03 1.299748402641830353e+03 1.375162547371570954e+00
1.803808322156176928e+03 1.409898510275868148e+03 1.554628487781438695e+00
2.120171717452129087e+03 1.187778277123399221e+03 1.379566499109230682e+00
1.919169325737055260e+03 1.186804002486301442e+03 2.135751507438924612e+00
2.146182513440000093e+03 1.274392918707153967e+03 1.752075534957604264e+00
2.207358636104524521e+03 1.326765425799836521e+03 1.946633326474540571e+00
6.766778709251956343e+02 1.380381768037108259e+03 2.490570532931788428e+00
6.279366657457228484e+02 1.414306850932641282e+03 2.131032347123807291e+00
6.188148598415764354e+02 1.497312953317687061e+03 2.695919052466444477e+00
6.722669020345919080e+02 1.378655665542634097e+03 2.484864146795032536e+00
7.556604157142796794e+02 1.409940245067327851e+03 2.178769023777402669e+00
6.270448935371155130e+02 1.413377932396635970e+03 2.006981588117668025e+00
8.612900575518547157e+02 1.453516244758529865e+03 3.028124631753974061e+00
7.594780705207674600e+02 1.489336571591873280e+03 2.494026682443510889e+00
6.177743791551959021e+02 1.494828134102787772e+03 2.692423348142714001e+00
8.449599290149621993e+02 1.522422686565717186e+03 2.115051697823799870e+00
7.997380661075652597e+02 1.576975699564153501e+03 3.129840886385157006e+00
7.444645506042659235e+02 1.630368792359443205e+03 2.834236136010246820e+00
8.452534277194135939e+02 1.640686103532343623e+03 3.893614271717060205e-01
8.670583405494885483e+02 1.349418656514279519e+03 1.867967582936970183e+00
9.306340773096123939e+02 1.386582170956898153e+03 1.394567938161763276e+00
9.931974592362098520e+02 1.396020036123226191e+03 1.935742206997481452e+00
7.539723118844592591e+02 1.410198414180669715e+03 2.213020475738936899e+00
8.623895449446800967e+02 1.453690971651477184e+03 2.969242151823718423e+00
9.881952123648970883e+02 1.477255781007089354e+03 2.983802371659486585e+00
7.584772049629817730e+02 1.488757482520481972e+03 2.464688872275205611e+00
8.421435243207315580e+02 1.522113259384924731e+03 2.127307270969916786e+00
9.565257119428738406e+02 1.523888885327328580e+03 3.959334642463848697e-01
7.991198972076012979e+02 1.576133178471432529e+03 3.033383283216800397e+00
9.295180000964298870e+02 1.599757996558679906e+03 3.361543501856522065e-01
7.394997323420936937e+02 1.630341479859126594e+03 2.769799364728728897e+00
9.975437779749663605e+02 1.636406345749608363e+03 3.025752272552487909e+00
8.507256665922520824e+02 1.639852892895670948e+03 3.054437613249521455e+00
1.071828294951677208e+03 1.359990985915512965e+03 1.236110695658410918e+00
9.283256773341202006e+02 1.385167210586817419e+03 1.472382251699785316e+00
9.881472329699504371e+02 1.394762735065449078e+03 1.932068517702451027e+00
1.141546451604255253e+03 1.401653013265657819e+03 9.041273523062096640e-01
1.062103297163628667e+03 1.414770441271395157e+03 1.053643889920678145e+00
9.861232953752087269e+02 1.479702946388575810e+03 2.844755785599398568e+00
1.114873786770047900e+03 1.479229140416277232e+03 6.158323632984725737e-01
9.553698396454499289e+02 1.524019068046480015e+03 3.358964505501473297e-01
1.120827484147734140e+03 1.540801350531916569e+03 1.170341335966574581e-01
1.034698331480818069e+03 1.570575952579190016e+03 3.010523438208738689e+00
1.145845802904630091e+03 1.590107282132392129e+03 6.315393158719997402e-01
9.288483206319961027e+02 1.602518980375080901e+03 2.157353048245801153e-01
1.001000286128442895e+03 1.636455354362875369e+03 3.097251546738740924e+00
1.218556139729337019e+03 1.377851130411196209e+03 1.777465416831480960e+00
1.072563449553598048e+03 1.361121464847819880e+03 1.370873005276446399e+00
1.141647441483178454e+03 1.399629997334072414e+03 8.588334895238415312e-01
1.272685064345360388e+03 1.430496469854270117e+03 1.635470123984580137e+00
1.059181875020475672e+03 1.414292925348567906e+03 1.083153507248832303e+00
1.305981037761564039e+03 1.474381700058913793e+03 1.453552807149540049e+00
1.113376559982618573e+03 1.478899772374401891e+03 4.856771621521317472e-01
1.221764938416180485e+03 1.533272180722037319e+03 2.558281866770169444e+00
1.119863241924523209e+03 1.541511947615997997e+03 1.198313887927257432e-01
1.035974491585184751e+03 1.569890383411004677e+03 3.041497902521117513e+00
1.143412997257915094e+03 1.589493037113494438e+03 5.690842873903151355e-01
1.256530708792803352e+03 1.620021541397683905e+03 7.029447073838542837e-01
1.160890252923743901e+03 1.639684961895232846e+03 1.129936672409164622e+00
1.431072356437700819e+03 1.348135476118776296e+03 2.039678202309211485e+00
1.216454717549901716e+03 1.378420878015238486e+03 1.700426779365080465e+00
1.485508294290832282e+03 1.360286148785140540e+03 8.493224404197288191e-01
1.271371362492076969e+03 1.429871084666919160e+03 1.512107981571489734e+00
1.465578242471551903e+03 1.482322837921098653e+03 1.405012239133695440e+00
1.305351041966938965e+03 1.474939178448152234e+03 1.328764505020198161e+00
1.391432840664768719e+03 1.487153525986619115e+03 1.561317908714709990e+00
1.221030357723730276e+03 1.532397515211387599e+03 2.623378964997676199e+00
1.255035444839705633e+03 1.620451958033940855e+03 6.090564471624174692e-01
1.426718194134925852e+03 1.346034876932727002e+03 1.969235284444958101e+00
1.489551305174250047e+03 1.354729101333690323e+03 9.126511889965372992e-01
1.568345361500750641e+03 1.374451788959465830e+03 1.645525418999696621e+00
1.526402479338743660e+03 1.441477841973518935e+03 2.026406477444496090e+00
1.622883742091362365e+03 1.465304096177944530e+03 2.101340459029755969e+00
1.464443598649753540e+03 1.482703899762575702e+03 1.382241361675974112e+00
1.390112091640402014e+03 1.487170566476480417e+03 1.535478195258624501e+00
1.566205819497704397e+03 1.376408161473995278e+03 1.655050753492317117e+00
1.806967109401995685e+03 1.409659582282692554e+03 1.551782735666642044e+00
1.523241277996243753e+03 1.441874639104883045e+03 2.050149939026952417e+00
1.621733225826163107e+03 1.466072505515655621e+03 2.072304251563861222e+00
1.804235800717375014e+03 1.406362795660333859e+03 1.607379976568719115e+00
8.459491727775291565e+02 1.523826119691460690e+03 2.238980640854818294e+00
7.996797461260348427e+02 1.577136332743449202e+03 3.101933478476533335e+00
7.436423816292378888e+02 1.630975623867005652e+03 2.763116420851626120e+00
8.492564942426095058e+02 1.640071388091201015e+03 9.979744661521679217e-02
8.422576356049020205e+02 1.519033310380561034e+03 2.088445065743485429e+00
9.541509933041436398e+02 1.524405056878833648e+03 4.539578567900643957e-01
7.985579700373841661e+02 1.575170930298845633e+03 3.056254688411930154e+00
9.293003358154592206e+02 1.598575708134092565e+03 3.935345553922127704e-01
7.424552367311598573e+02 1.628173854049063266e+03 2.739302116803186138e+00
1.000704439368413659e+03 1.634310606740649519e+03 8.884878219886606365e-02
8.514380290921483265e+02 1.638488946654529400e+03 3.134137062194195966e+00
9.006892267349423946e+02 1.695805135677976750e+03 2.928083599302502726e+00
1.002377881025740862e+03 1.725810903564202590e+03 1.886878555175353078e+00
9.647419464061808867e+02 1.794259774261253369e+03 2.244849147585935345e+00
8.677841591133906149e+02 1.789782133306055130e+03 2.795844371256750005e+00
9.539566258726390515e+02 1.520718693639935736e+03 3.525576805275144054e-01
1.120155877298436508e+03 1.536479041447397549e+03 1.674567618641157052e-01
1.034585558008385760e+03 1.568786171539512679e+03 3.077773555507364645e+00
1.145102835018289852e+03 1.585590047592604833e+03 6.500156978553610632e-01
9.296366724368388077e+02 1.599369305139486187e+03 2.642815395244793031e-01
1.001704823382458244e+03 1.635010430767325261e+03 3.133147693541716627e+00
1.162681707284343702e+03 1.637710996560276953e+03 1.054245769644881925e+00
1.061251202614904514e+03 1.701873037911375377e+03 1.379246970525764171e+00
8.995338803108036245e+02 1.695970745228169790e+03 2.852736572857807573e+00
1.000063905676055583e+03 1.724190356399360098e+03 1.960286702873846432e+00
1.080472778373560459e+03 1.758382688205202840e+03 1.100665624084438576e+00
1.144614208420616706e+03 1.776199184434431572e+03 1.449088308033750216e+00
9.662448080291651422e+02 1.799543338845182461e+03 2.281139716726015454e+00
8.685614816852455533e+02 1.796360676005863525e+03 2.638434479301211333e+00
1.222862611860403376e+03 1.531879641488729703e+03 2.542745840466887230e+00
1.119263417022445765e+03 1.538083886705019268e+03 1.879772151276467018e-01
1.040142329882562080e+03 1.567206231390727226e+03 3.051929401363485450e+00
1.142663711277702760e+03 1.588091924102370513e+03 5.953429604471468517e-01
1.258210190557511169e+03 1.618077542083173284e+03 6.969756340530829375e-01
1.164406101357817079e+03 1.637506197320166393e+03 1.048270981630554877e+00
1.061895338173243999e+03 1.699599296875617483e+03 1.359407657900436606e+00
1.080244597067949371e+03 1.758983309596773779e+03 1.039447915334756223e+00
1.145283983930517479e+03 1.777052760659206797e+03 1.474692044050000872e+00
1.223454941561011992e+03 1.535234023990891956e+03 2.591180504320344635e+00
1.256653894536327925e+03 1.619499529939030708e+03 7.105838192218842941e-01
1.420489302824738843e+03 1.788953512091783068e+03 1.067193796706812137e+00
1.419425122253905556e+03 1.786360963141857155e+03 1.010302630680716351e+00
8.388490866206479950e+02 1.883226576265891481e+03 2.374452174577729391e+00
8.189927189364518654e+02 1.956302487753833702e+03 3.038210474874785572e+00
9.014524316095598806e+02 1.695492677570810883e+03 2.956715321203088109e+00
1.003310347552466283e+03 1.723787386747722394e+03 1.972016104456236096e+00
9.687881449600981796e+02 1.797739610060318455e+03 2.309475500891780442e+00
8.688895397179539941e+02 1.788755991904791472e+03 2.801262585895617718e+00
9.515401377376113032e+02 1.856265743174695217e+03 1.106808804305414728e-01
8.410996583793935315e+02 1.885023679198221316e+03 2.346497212203381366e+00
9.375658043108014681e+02 1.915302123161954569e+03 7.502113521502351556e-01
8.228071304288027932e+02 1.956133778080171851e+03 3.012498501989150590e+00
1.062307370939340217e+03 1.699349745431810788e+03 1.373526298349439623e+00
9.018053273042655746e+02 1.695569262514403135e+03 2.898312883749567526e+00
1.000058337165057083e+03 1.722600346942232591e+03 1.965545071951320111e+00
1.081709504090318887e+03 1.756292784855113041e+03 1.058982457919340314e+00
1.144654062674783745e+03 1.775423784136543418e+03 1.458472883283392418e+00
9.671863700602898462e+02 1.799340512702614888e+03 2.316991903747213755e+00
8.681464898668666592e+02 1.790311948574046028e+03 2.810572245577148909e+00
1.082773336099981407e+03 1.859858227819539024e+03 3.046281788740627938e+00
9.522902468666254663e+02 1.858015852518023394e+03 3.609619784451203323e-02
9.376741629826969984e+02 1.913410264544012989e+03 7.921535619142081597e-01
1.125396997250704544e+03 1.905842249674912637e+03 3.925970304141094269e-01
1.037359509457123295e+03 1.955339991803004523e+03 3.050486032742703912e+00
1.059935640739695373e+03 1.695934787957804474e+03 1.289839645156508396e+00
1.080125159382906759e+03 1.756949589247970835e+03 1.134883428293750551e+00
1.144611212173990225e+03 1.775571696516770999e+03 1.488720713306693533e+00
1.081728014815470033e+03 1.859781820445749645e+03 3.017012498587822833e+00
1.237758667576067410e+03 1.873896958859183542e+03 2.950243499165142863e-02
1.126765823417386400e+03 1.908728275260420560e+03 3.862068851186940543e-01
1.213078270262825527e+03 1.944311627878897980e+03 1.086072180286447031e-01
1.037192157725780817e+03 1.957862200779499290e+03 2.869325900528059581e+00
1.298153910805456007e+03 1.977205531741450159e+03 6.992080013960116913e-01
1.421460991911824522e+03 1.782630706788738280e+03 1.074373981527400268e+00
1.383911910602961143e+03 1.875471437107227757e+03 9.964800731519773969e-01
1.236931217779015924e+03 1.873531698181553566e+03 3.137977548858510879e+00
1.426460149561710750e+03 1.910965700210554587e+03 1.433257035695940429e+00
1.215082729867745229e+03 1.944736331371695996e+03 9.589899671874753395e-02
1.297634970828987207e+03 1.974805113394817909e+03 6.868418712867060405e-01
1.419479681707922737e+03 1.783563092357507912e+03 1.019070973318324747e+00
1.382217901024310095e+03 1.876487176355649808e+03 9.383559944262008790e-01
1.425185000765456607e+03 1.910939921997693091e+03 1.437870710173372313e+00
8.412400406539601363e+02 1.882833903918873148e+03 2.427700934410816913e+00
8.219894550544786398e+02 1.955405246313184307e+03 3.040793864489902631e+00
9.508426271252917559e+02 1.857290591177696570e+03 3.944097114181248365e-02
8.407454105053620879e+02 1.884774397930989153e+03 2.333158338899989026e+00
9.373692213445028756e+02 1.914427928488495581e+03 7.572858349985439608e-01
8.219652781817455889e+02 1.956317525959440900e+03 2.951940769180712021e+00
8.890354930078776761e+02 2.000757985393258423e+03 7.189676198884630276e-01
9.575466946439855747e+02 1.842738343883251900e+03 1.495707554305377940e+00
1.080697129797337539e+03 1.858056126663491341e+03 2.975450162163097989e+00
9.366847721499514137e+02 1.914088836681492467e+03 7.855276520122880246e-01
1.125431593679302068e+03 1.906041658806752366e+03 3.958591612620907529e-01
1.037799812784902770e+03 1.953646432472108245e+03 2.954738737385900205e+00
8.875595601079805874e+02 2.000056545343639300e+03 7.172972386781685250e-01
1.150410495271540185e+03 1.986016336019029950e+03 1.007526305520988485e-01
1.022626619401376047e+03 2.019443945206860917e+03 3.241882010047369977e-01
1.143705940176098011e+03 2.065728940549090566e+03 1.117743489891988684e+00
1.083534061085116264e+03 1.858357435577032220e+03 3.023657367532815332e+00
1.237667179493422736e+03 1.872391375951377995e+03 1.268229155059084727e-02
1.125808413229783127e+03 1.906203350222681820e+03 4.282872266429428310e-01
1.213492398165572240e+03 1.943224184492928998e+03 8.880865097608527103e-02
1.037245272010113467e+03 1.953574709156621793e+03 2.947304637244086756e+00
1.298596419079546195e+03 1.973040269030190302e+03 7.710371404514994031e-01
1.150774684489919537e+03 1.985785426385636583e+03 1.258070495679534939e-01
1.142787234584588987e+03 2.063618286246737171e+03 1.133286712793001083e+00
1.383905864152741515e+03 1.875096537819137211e+03 1.021116762451977245e+00
1.237650596477257977e+03 1.873801580218347453e+03 3.849924777835708051e-02
1.426827702096585426e+03 1.911293808722069116e+03 1.418297471178982860e+00
1.213551709565015699e+03 1.943483913797575042e+03 6.511884617056196145e-02
1.298234180268009823e+03 1.973878329831762585e+03 7.132176537424367302e-01
1.381796949947218536e+03 1.875175864833911191e+03 9.857777180889941704e-01
1.425247895028257517e+03 1.911929457208790609e+03 1.405520270598877630e+00
8.879255764820629793e+02 2.000656095558212655e+03 7.005880989313478802e-01
1.017803278315990838e+03 2.020456585352975708e+03 5.380968652087807502e-01
1.143970080633620000e+03 1.986004845990111335e+03 1.909562891510285798e-01
8.865903643114966144e+02 1.998091355258771273e+03 7.322774912026918104e-01
1.021380114268954003e+03 2.020272884162759965e+03 3.306582793826203237e-01
1.141746844336066943e+03 2.065157275465100611e+03 1.123029715484296975e+00
1.140954498464261633e+03 2.064892324427735730e+03 1.082893462071615298e+00
