1.012383306739225645e+03 5.002561973367578503e+02 8.041202284508216502e-01
9.209244934612954694e+02 5.192040288443753298e+02 2.215282794677955192e+00
1.017291563165945490e+03 4.977349960757773033e+02 6.814887343369487871e-01
9.195872679858239280e+02 5.210818267875963556e+02 2.190409401547126489e+00
1.793966560731231766e+03 3.919043675527568666e+02 2.483600543649091552e-01
1.778240200079427723e+03 4.717872946869467796e+02 2.669309771487030858e+00
1.666010618611647942e+03 4.802741414078375328e+02 7.480847750392288775e-01
1.705595458933519922e+03 5.338479074343349566e+02 3.243516469504194033e-01
1.794335754045644535e+03 3.923868286016640923e+02 2.911987172710596150e-01
1.875951350273099251e+03 4.512883595593011705e+02 2.764537981136641953e+00
1.778493349410245628e+03 4.719809440104227178e+02 2.683433082900682720e+00
1.668024999428071624e+03 4.786878894639168038e+02 7.615929304157070812e-01
1.900707806878434440e+03 5.386304273049182711e+02 2.370473062701123457e+00
1.712767258972550735e+03 5.308435284475667686e+02 2.487871788792793415e-01
1.876943819815631286e+03 4.516343587173413425e+02 2.876646085608105086e+00
1.901898511058465374e+03 5.380515959245287831e+02 2.707143156473211132e+00
4.457852280192621492e+02 6.334923082002990213e+02 2.331897864380410024e-01
5.254022015243444912e+02 6.686642691888351919e+02 2.510229589843903319e+00
3.915030567209986430e+02 6.831547201481047296e+02 2.534691382133470228e+00
4.473369336161753154e+02 6.339477318424656005e+02 2.451221091837053612e-01
5.287489266939130630e+02 6.714598040017606309e+02 2.564231177935644368e+00
3.860745540064073111e+02 6.896576864307213555e+02 2.508692871527673951e+00
1.014933905125095862e+03 4.973143302315390883e+02 7.085518935081952518e-01
9.209732528459780951e+02 5.197824745034812395e+02 2.188550333342702547e+00
9.764124803875361067e+02 6.884038514148533068e+02 6.878446734322799516e-01
1.016759216857956972e+03 4.962953176334926866e+02 6.103089698525020479e-01
9.211503895769999417e+02 5.198871336417926159e+02 2.187026183380999189e+00
1.080120685084089018e+03 6.435609161272052461e+02 9.664473253268424102e-01
9.778046245401062606e+02 6.871320094905149745e+02 6.138304175096723769e-01
1.080119512462559896e+03 6.431940482416996474e+02 1.015787366511600176e+00
1.353521791702070004e+03 6.071594924113394427e+02 5.746769023449316283e-01
1.501857344460526747e+03 6.372264313157711513e+02 2.701412304495530492e+00
1.475123480373639495e+03 6.966934329285516014e+02 2.735275554023024913e+00
1.536496185483357749e+03 5.477525604016395846e+02 9.186117169707342933e-01
1.653611441483749104e+03 5.628292559836435203e+02 1.862481155891056173e-01
1.350830634118332227e+03 6.082150315111691725e+02 5.769366615286584121e-01
1.506464916154801813e+03 6.398033454165370131e+02 2.659083568134657849e+00
1.478736920465462845e+03 7.016019308051352255e+02 2.737951392541587037e+00
1.605347549356177979e+03 7.000756361928210936e+02 6.165316009545664944e-01
1.792418777694102801e+03 3.892101727715582911e+02 2.474807303022269700e+00
1.778039730753836693e+03 4.718138885424740465e+02 2.620012933259932009e+00
1.667809839094627478e+03 4.798178397189866473e+02 7.151506900960672430e-01
1.707361686130264843e+03 5.291310270782382759e+02 4.144375096374203205e-02
1.537550058404838637e+03 5.475136327521461226e+02 8.958465380772105968e-01
1.656719363896726918e+03 5.626070318254464837e+02 1.301192674554015050e-01
1.680330477706730107e+03 6.221639661371928014e+02 5.883547686790325804e-01
1.809044190593524718e+03 6.319851942051968763e+02 2.857555860059421082e+00
1.706621762594960273e+03 6.893763518938358175e+02 1.049919052851991941e+00
1.605097764202812414e+03 6.989071504250041471e+02 5.739919753519246992e-01
1.800927660267744841e+03 6.987852789769593755e+02 4.554401219342779639e-01
1.794767298319747169e+03 3.890295159264819631e+02 1.820658340986407164e-01
1.876597978421368680e+03 4.520114077428590917e+02 2.725616811895391400e+00
1.778405707510999036e+03 4.718679876050620123e+02 2.677960796634387464e+00
1.666986719868665887e+03 4.793999684390506673e+02 7.953237009659589463e-01
1.907423436775957271e+03 5.404891557608558514e+02 2.539553920782899876e+00
1.705864217000561666e+03 5.313912438694142111e+02 1.860328754550084063e-01
1.878795535848309783e+03 5.937415275926293816e+02 1.734848807778685664e+00
1.679978675573178407e+03 6.218666550866189482e+02 6.598691491635123585e-01
1.812061356601443777e+03 6.323252255027989577e+02 2.981210090183583183e+00
1.708425236285356050e+03 6.812306033131005734e+02 7.607637307316880149e-01
1.928227184421643415e+03 6.803755060914517117e+02 1.997922622934190928e-01
1.811495205190420165e+03 6.982538441968674761e+02 2.329822464772665636e-01
1.875132952659934972e+03 4.513410553488342885e+02 2.819533060866959318e+00
1.905893190245063579e+03 5.396306078588168020e+02 2.598520335213712951e+00
2.054712658883720906e+03 5.768890054672280030e+02 2.770911107430835685e+00
1.878067326680654105e+03 5.956241264270629472e+02 1.751316852819728931e+00
1.996317079188653224e+03 5.962733265313347601e+02 1.957157098463167877e+00
2.115869213505111929e+03 6.424543981495257867e+02 2.753361521559302361e+00
1.924928286161912183e+03 6.799572734949003916e+02 3.048708551533633182e-01
2.053568054291645694e+03 5.764572830897229778e+02 2.837504018617062584e+00
1.994591856785248638e+03 5.983365275667149490e+02 2.004425424638979880e+00
2.116813634737847224e+03 6.445848769749762823e+02 2.809661116909105694e+00
4.466605400084290522e+02 6.329213977469117935e+02 1.821690714720144710e-01
5.302244208660601998e+02 6.708186801533511243e+02 2.559713974318756691e+00
3.919309369944961645e+02 6.825270797070495519e+02 2.488289942680270705e+00
4.203705308364683333e+02 7.769198286240905418e+02 2.434828829406302741e+00
4.481830624339279439e+02 6.332119915819170046e+02 2.462046890236632701e-01
5.291744296372883127e+02 6.710861275173265312e+02 2.525879486953980901e+00
3.902214300075866049e+02 6.815558876227563587e+02 2.508393267583009845e+00
4.191571279592143355e+02 7.772704243105731621e+02 2.435367676151555472e+00
8.332707880154533768e+02 8.570738798112151926e+02 1.093215962623302451e+00
9.787308817654168251e+02 6.855957497369226985e+02 5.306396188712972917e-01
8.786919382476014562e+02 7.468171403730443672e+02 1.571128745411747296e+00
9.294627260772369937e+02 8.231412909542630132e+02 1.494927261763677517e+00
9.840560406927838812e+02 8.430488838757028134e+02 1.011986773495369585e+00
8.280851504866845971e+02 8.592637024347018269e+02 1.106259397060849192e+00
1.081015845327316356e+03 6.416490598316850082e+02 9.397066909178124483e-01
9.793771277171299516e+02 6.850908189661749930e+02 5.104888182012194964e-01
1.067227597891909681e+03 7.191388981536304073e+02 3.106588453943839867e-01
8.770580814398595066e+02 7.474549828322224130e+02 1.608158481848931842e+00
9.294099088565494640e+02 8.220695966458456496e+02 1.534121789052670826e+00
9.811273607247237578e+02 8.420551340718614028e+02 1.011862305524706240e+00
1.082012915580533900e+03 8.612035922726470289e+02 1.161630976076920119e+00
1.079180122931746610e+03 6.422941987576377869e+02 1.005077190575361490e+00
1.317907358858292355e+03 7.048048016958493918e+02 8.518647070642249020e-01
1.064886952535682894e+03 7.196954569476354209e+02 3.849792011211045639e-01
1.336097018444399964e+03 7.938311852979032892e+02 2.972994136027973688e+00
1.080119007900695806e+03 8.593758215190118790e+02 1.195238511777134249e+00
1.353456969340663363e+03 6.066711801926301177e+02 5.761369709447443643e-01
1.483097642487601661e+03 6.981714753233064812e+02 2.718348271809245542e+00
1.314857217081657836e+03 7.063943849219097046e+02 8.942858794485563090e-01
1.335592207736789305e+03 7.940348935910777755e+02 3.043189763105219825e+00
1.472407689145634549e+03 8.032324340418099382e+02 2.166705727927819569e-01
1.328448817969856918e+03 8.588054479491013353e+02 5.111842728972151306e-01
1.647513798484839981e+03 5.620576956144579981e+02 3.118497566254545106e+00
1.352508255501261829e+03 6.054835540075653171e+02 5.913368027346392886e-01
1.506780098971509688e+03 6.395735241165863272e+02 2.626299134540704294e+00
1.606694545874704545e+03 6.974615890290269817e+02 6.166882022084980708e-01
1.481257750001707336e+03 6.977561009630543367e+02 2.708981483257878242e+00
1.565461025407900252e+03 7.965654618559940445e+02 5.888775658710545535e-01
1.659627910182574851e+03 8.034490071788600289e+02 1.847336989468190582e+00
1.471594087181302484e+03 8.021465134412728730e+02 2.257899875032657599e-01
1.658860349065513219e+03 5.621259884134833555e+02 1.356605136735120065e-01
1.680382695481371684e+03 6.228907865675701032e+02 5.747373482455976346e-01
1.813024210633830080e+03 6.319968052080004099e+02 2.922998643104898431e+00
1.705446349218477508e+03 6.940287611369470824e+02 1.267088708558343102e+00
1.605650960252452933e+03 6.978498976573005166e+02 6.009691297170065560e-01
1.813634346490746339e+03 6.936843719935504851e+02 1.838278295872913248e-01
1.727769906503002630e+03 7.436676250372904633e+02 3.641762990390781662e-01
1.564013415188615681e+03 7.940486575440800152e+02 4.510722799645460745e-01
1.796474617399509725e+03 7.992747036774218259e+02 1.484773241309246927e+00
1.656984748146708398e+03 8.048497478694466736e+02 1.862494535536176388e+00
1.714181781534081438e+03 7.975044364581799528e+02 2.357505064923947291e+00
1.878698321509920106e+03 5.933145612379564682e+02 1.768920368391356579e+00
1.678037564611880498e+03 6.196344874794192492e+02 6.163448917197712484e-01
1.812017353772090246e+03 6.321428483947415771e+02 2.960337291230740853e+00
1.705357934707843924e+03 6.919939021171705917e+02 1.160621200487763183e+00
1.927441796681398046e+03 6.788701177559457847e+02 1.754425878584516540e-01
1.811894279905548956e+03 6.935942621297157302e+02 1.209891740559122936e-01
1.899969180137625699e+03 7.377971819725014484e+02 6.554502591471438044e-02
1.727090652322653796e+03 7.436897677886370275e+02 3.383520349536818239e-01
1.794421933723271877e+03 7.981918842222494277e+02 1.410388556409388539e+00
1.970853154825309957e+03 8.171721128278410333e+02 1.724899994698301686e+00
1.710522962774072766e+03 7.985474183258862695e+02 2.425810189114175675e+00
1.851778300985345822e+03 8.261029266211837694e+02 1.572905389575379953e+00
1.912044556004070728e+03 8.349506251308777109e+02 2.079015892099123519e+00
1.876706410859915195e+03 5.925881270610508409e+02 1.753405030607909643e+00
2.053662238810933559e+03 5.745663346630037722e+02 2.689139242719423617e+00
1.996877733192041433e+03 5.936118914876765302e+02 1.953433476476391872e+00
2.119237042516857855e+03 6.435237695638727473e+02 2.790785046584724149e+00
1.926136839469969345e+03 6.782860827065453577e+02 2.345537692068188629e-01
1.898483151911930236e+03 7.380131775371020240e+02 1.480279204102164237e-01
2.015539221712416747e+03 7.563094577617955565e+02 2.407686807648164784e+00
1.967999632802488122e+03 8.203217296251286825e+02 1.735284551869022973e+00
1.848637420855280197e+03 8.251225845123913132e+02 1.454631332670871302e+00
2.109967137762660968e+03 8.216500790141155903e+02 2.114473336665335879e+00
1.906794403983270058e+03 8.325932896794973885e+02 1.948782990725206998e+00
2.047007082186943080e+03 8.575269999431368433e+02 2.224551667635122687e+00
2.055006773792858894e+03 5.750486452248745763e+02 2.898331205326642568e+00
1.995010869109327814e+03 6.003606503246541024e+02 2.031490873478420944e+00
2.116732553384214043e+03 6.432927041533009742e+02 2.857447626017061371e+00
2.014421207680951738e+03 7.542237696413876620e+02 2.516053367335937097e+00
2.183780876973918566e+03 8.128277709802259778e+02 1.535944121603648904e+00
2.111321529009334881e+03 8.225755696881690255e+02 2.173010835850146094e+00
2.241146337495644730e+03 8.231868547053601333e+02 1.712119145086514083e+00
2.043857310293143200e+03 8.535797016919844964e+02 2.540351325491949641e+00
3.572801277940741329e+02 8.660620894871203745e+02 1.049576108219192561e+00
3.778619086833145957e+02 9.324019762155330682e+02 4.934788017714714092e-01
4.196818882794001411e+02 7.756104529895694668e+02 2.460872990253934578e+00
3.576798934782564174e+02 8.654380360470013329e+02 9.984830189735999229e-01
3.791684735863395872e+02 9.308632631851910446e+02 5.184856688725048013e-01
5.400931835215340016e+02 9.358549202895001144e+02 3.054586601809685664e+00
4.931916072386718497e+02 1.007235884845788405e+03 1.652383220429192168e+00
4.205815429303744395e+02 7.755013905918950741e+02 2.482623222359721105e+00
5.448388912817983964e+02 9.357309081991911626e+02 3.007467456012586915e+00
4.919601421426557408e+02 1.006407227500945282e+03 1.572978483937910399e+00
8.298394963945393101e+02 8.561444038600534441e+02 1.196089096523556439e+00
8.113606512028413817e+02 9.522020507708430159e+02 6.834917138371492396e-01
8.790796815763915220e+02 7.455809815430343406e+02 1.609941010963827246e+00
9.294478714043732452e+02 8.200796350357550182e+02 1.493279418071096876e+00
9.816741704343753554e+02 8.411859628721697391e+02 9.899658316726616114e-01
8.290161483876031525e+02 8.572768983794750284e+02 1.092568902352826221e+00
1.007699190713083681e+03 9.348564922368821044e+02 1.542156093468970868e+00
8.100769982269368938e+02 9.526891836915046952e+02 5.154760446030232091e-01
9.350268783194437674e+02 9.634706844335707956e+02 1.137561114160229314e+00
1.068055170060833461e+03 7.163316247957326368e+02 2.880119814304798465e-01
8.756265243738921527e+02 7.458112715309428040e+02 1.539727848726291981e+00
9.291900298414807366e+02 8.217490512839156054e+02 1.546929102099368070e+00
9.805292372158085072e+02 8.411521730300805757e+02 9.424595786920513252e-01
1.080804023347032398e+03 8.614568339879808718e+02 1.078621645505664972e+00
1.145222800610930335e+03 8.867487849752042166e+02 1.063818070717017283e+00
1.005019373234728391e+03 9.361251378541701342e+02 1.510537293317506080e+00
1.067240317904671883e+03 9.641661867155783057e+02 1.256232547683763467e+00
9.343941660955201769e+02 9.643142209515781360e+02 1.135898429435277857e+00
1.065007870334608242e+03 7.163344774193760713e+02 3.926021750310075831e-01
1.336540646450528129e+03 7.917584529689536339e+02 3.053230536240061355e+00
1.079009595164827488e+03 8.608343147382707912e+02 1.133705306275425428e+00
1.333593299956576175e+03 8.548355592013490423e+02 3.182206025301960728e-01
1.144135051556367898e+03 8.868270580225062076e+02 1.124024239088305288e+00
1.314251858783109583e+03 9.070189324178898005e+02 2.817028772006664461e+00
1.065893401948905648e+03 9.634835827419547059e+02 1.333153391710135693e+00
1.187516554955240281e+03 1.015521232015160649e+03 2.552040283625438555e-01
1.335697345191936620e+03 7.935987215998028432e+02 3.037309590751208876e+00
1.472718951087352480e+03 8.009389971357461491e+02 2.056282638778467176e-01
1.329409325820872027e+03 8.559157706678083741e+02 3.370531007059441309e-01
1.480820501593772633e+03 8.699786083793026137e+02 3.106701403774016601e+00
1.312632432546757400e+03 9.082879571463106458e+02 2.844681425220144000e+00
1.496758553155766094e+03 9.514757131473343179e+02 1.318051252912449733e+00
1.412187234870176098e+03 9.593928937906380270e+02 1.354740477515018471e+00
1.189882992837638540e+03 1.014932341220994203e+03 1.261840959639530801e+00
1.565232522480400348e+03 7.975902630745353008e+02 5.361126750678937292e-01
1.659949492951919183e+03 8.043584216396847069e+02 1.869502196687372164e+00
1.472503470511572459e+03 8.012947596492271032e+02 2.068569960166761756e-01
1.479711457333535691e+03 8.697439731064705484e+02 3.080799588622721519e+00
1.634037219504971517e+03 8.960138277581686452e+02 3.357504091959598869e-01
1.501109353166479423e+03 9.522471964963742721e+02 2.370107809916186525e-01
1.411826204935938904e+03 9.605851425170180846e+02 1.340716343705821156e+00
1.581725181534410240e+03 9.866411033750662227e+02 1.454508213799577732e+00
1.729363817154075832e+03 7.414988509106682386e+02 3.831468969907753097e-01
1.561803954221718413e+03 8.030922984834822955e+02 4.852582653931262757e-01
1.796442905296325534e+03 7.962186739892938476e+02 1.344054432496035290e+00
1.657069579760380975e+03 8.034849823353318925e+02 1.877372939989712552e+00
1.713624753331814645e+03 7.975578656079590019e+02 2.405427819173818982e+00
1.766201380751079569e+03 8.965291779867445712e+02 2.910713485943190015e+00
1.632605494705867841e+03 8.962799794185409610e+02 2.859542538199936756e-01
1.512929793546237988e+03 9.346793777747764125e+02 7.614712553692426500e-02
1.740960842409665020e+03 9.360443878269093148e+02 2.507517886990172862e+00
1.579457076513637276e+03 9.877162578899512937e+02 1.428811154346889545e+00
1.697602174720888115e+03 9.861087502956520439e+02 2.160853173022473595e+00
1.901622942293183769e+03 7.360965457775452023e+02 8.308428573034191966e-02
1.724935745828792960e+03 7.409589453563376082e+02 2.701539047611469790e-01
1.793325943092119132e+03 7.977803200089549591e+02 1.383356400666193586e+00
1.971661052890156043e+03 8.183960150724293499e+02 1.837732156319840549e+00
1.713713836972668332e+03 7.981576367716384084e+02 2.424224866642775922e+00
1.850544528935024800e+03 8.253318910478226371e+02 1.515069520122581448e+00
1.911168928245619554e+03 8.306324935506975180e+02 1.949524650308995799e+00
1.764801716875261945e+03 8.946855737209266408e+02 2.960224588516306543e+00
1.876187866239996083e+03 9.324964941840603387e+02 1.572599288928765437e+00
1.739211750907434407e+03 9.380571340835731462e+02 2.599832895065788740e+00
1.693514776224108573e+03 9.854491730927370554e+02 2.303799506636373895e+00
1.896975616639353575e+03 7.355848989960310291e+02 1.142588772301470490e-01
2.015905896632995791e+03 7.546757232970759333e+02 2.499385657261288696e+00
1.968167144425273364e+03 8.188711245355151505e+02 1.783913479342581487e+00
1.849095184597614661e+03 8.239813832653986765e+02 1.473520267707038922e+00
2.111468273459045577e+03 8.234671254570287147e+02 2.223102571346618372e+00
1.909405532899127593e+03 8.288961912039007984e+02 2.004205504888147082e+00
2.047358374937243298e+03 8.533227428609795879e+02 2.555759173338577384e+00
1.875432738550075783e+03 9.309049289806027900e+02 1.506460288080151200e+00
2.023624694133350204e+03 9.089218582991529729e+02 1.936834038590980800e+00
2.014373421356439849e+03 7.547053256057610042e+02 2.550169017385367720e+00
2.183746188314335996e+03 8.118091951134097144e+02 1.560184207516549737e+00
2.111187635857513214e+03 8.218351118318792032e+02 2.219204188856282123e+00
2.240351903805474649e+03 8.208689607676127480e+02 1.761069641554293241e+00
2.045229390698897532e+03 8.526543903010001486e+02 2.582131753729449475e+00
2.022700659914400148e+03 9.090255935611496625e+02 1.997044279829559787e+00
3.558085515957891403e+02 8.660006889125013458e+02 1.100845864034667887e+00
3.786060041151458790e+02 9.290938502696023988e+02 5.144844788412255010e-01
3.783261766007685765e+02 9.297558165212974473e+02 4.689282333262078106e-01
5.392447612557859884e+02 9.340548946182425425e+02 3.033441104617383033e+00
4.905354008641535302e+02 1.007058004816229641e+03 1.599260462461819188e+00
4.786836246743773700e+02 1.178927965604152632e+03 1.613076165480863633e+00
5.402042732845470709e+02 9.347747026836152600e+02 3.001411428392919412e+00
4.903480219573046952e+02 1.005922614043270414e+03 1.509715688275846457e+00
5.758046261567012607e+02 1.038448903010451204e+03 2.250506315980302485e+00
6.500898098874741891e+02 1.095734334271710395e+03 1.250575055900353449e+00
5.504281927900892697e+02 1.122749991448975834e+03 1.771232410395695345e+00
4.777038299383772255e+02 1.177984758882274036e+03 1.442539632002794781e+00
8.124670708943103818e+02 9.512395264925544325e+02 5.899803736623495665e-01
5.745346471957410586e+02 1.038197982537355074e+03 2.205117060166004173e+00
8.128031855155772973e+02 1.026178319835542425e+03 7.913544780576889370e-02
7.091000416574320298e+02 1.085240335798705928e+03 1.536825683799709630e+00
6.487578986237425624e+02 1.096174596090538898e+03 1.304683904939003325e+00
5.474601673951380008e+02 1.120042354492799404e+03 1.846645990993615261e+00
7.856104928404081420e+02 1.139957553554604601e+03 1.707740579685857352e+00
1.006188295207783085e+03 9.347391533356214950e+02 1.539966502490686562e+00
8.100176867577266648e+02 9.523525954284634736e+02 5.774003961588760614e-01
9.358514386054557690e+02 9.620379604652014223e+02 1.158378536982166196e+00
8.095278131308866705e+02 1.025883635381824888e+03 3.137251153701381856e+00
9.743063103734612014e+02 1.028189509332101125e+03 3.070209070959964759e+00
7.066104035089341551e+02 1.082278674639265773e+03 1.681453115721700531e+00
9.001624047768752916e+02 1.098801711510664063e+03 1.286679903320704588e+00
9.753847832413755441e+02 1.097905128399933574e+03 7.095414254907017604e-01
7.841908379151064992e+02 1.139790434378731561e+03 1.780014382203444878e+00
1.143229102336036703e+03 8.869244195489095546e+02 1.083096640176808290e+00
1.004449106506602220e+03 9.348162553457277681e+02 1.511018318250414216e+00
1.066955510667670751e+03 9.622431234575221879e+02 1.300337632044973768e+00
9.342252857468331513e+02 9.627269876866453160e+02 1.191180669253335322e+00
9.731964918416977071e+02 1.028870294438291921e+03 3.016803193968766283e+00
1.059942137099646288e+03 1.069912344737781950e+03 8.983489990790096691e-01
1.151705906978736493e+03 1.073754865065064678e+03 2.598855378311786812e-01
8.985378330234382247e+02 1.100957199983481587e+03 1.349273076992169695e+00
9.732058967374750864e+02 1.098280028347813868e+03 7.128908216550996491e-01
1.041579797354115726e+03 1.141934805516856386e+03 6.145179458579228676e-02
1.181155086254821072e+03 1.168494206118616148e+03 2.340761232281440840e+00
9.597775464777553225e+02 1.180276852132594513e+03 2.859549643387576889e+00
1.145033899472116673e+03 8.832682356039767910e+02 1.098415384861798572e+00
1.316151086873431268e+03 9.043168407805860625e+02 2.782124489031882586e+00
1.066602977655429640e+03 9.619440669635848735e+02 1.263630692459355886e+00
1.188900806819611262e+03 1.011923499144537800e+03 2.159988118416011071e-01
1.059563756060441165e+03 1.068059132018104037e+03 8.911914629512466268e-01
1.149838246491364544e+03 1.073897824617537481e+03 2.849564212074805480e-01
1.242794850400953010e+03 1.152334071906740519e+03 1.458836888714249991e+00
1.045279058818388194e+03 1.145022281286478574e+03 1.812384510842830754e-01
1.337444954397910806e+03 1.147577226974079849e+03 7.866824498595402781e-01
1.178734725962216999e+03 1.178796547424675737e+03 1.901368143965161073e+00
1.476537858758457787e+03 8.661252091810567890e+02 2.988913252046265789e+00
1.313129249156705555e+03 9.072577770703328497e+02 2.852517081252449849e+00
1.413326581612742302e+03 9.567999535658511832e+02 1.333465336609585439e+00
1.492489497363044848e+03 9.656334689773907485e+02 2.198412152246782103e+00
1.474817337263341869e+03 1.065223902359671001e+03 4.820351544760235751e-01
1.335220462363703973e+03 1.145826375197849075e+03 7.677872868664035177e-01
1.240819779706997224e+03 1.151889336097753585e+03 1.436090890682765187e+00
1.409307163429072716e+03 1.160624054402305319e+03 1.334751744872670898e+00
1.470954628439355247e+03 1.168614950099706220e+03 1.366540345201009865e+00
1.630357843897091925e+03 8.951871789600761531e+02 2.589875291102942678e-01
1.500371922375075883e+03 9.511850274735325002e+02 3.027847405252823254e+00
1.412317923185266864e+03 9.573997181481472580e+02 1.279894570133951026e+00
1.582145850993204704e+03 9.826577694023842469e+02 1.410552444510127179e+00
1.608401688227706472e+03 1.046041721931204165e+03 1.184105419543790783e+00
1.472485481643512912e+03 1.065259066181006801e+03 4.530997499942713835e-01
1.528101996380949686e+03 1.119470016139288873e+03 1.663024852758189009e+00
1.648288912922158261e+03 1.119192193577704302e+03 1.570206544127767723e+00
1.407701577124328651e+03 1.159545150197920520e+03 1.273378462877558626e+00
1.467031830083316208e+03 1.171241752187534303e+03 1.357469213735415847e+00
1.633718597084540988e+03 8.945661068262979825e+02 2.737475466653708223e-01
1.768043466260162177e+03 8.933588695207474757e+02 2.919302980337846520e+00
1.518401591248230261e+03 9.317767802736298108e+02 1.099353215525773753e-01
1.741555863068252393e+03 9.366800153526942267e+02 2.639604718083113255e+00
1.580291271649141663e+03 9.836858710498036089e+02 1.367817785064524339e+00
1.697747771719430148e+03 9.832647730930048056e+02 2.292566201138022119e+00
1.606595254699107954e+03 1.046779936191724119e+03 1.136735147562567771e+00
1.765064418549718766e+03 1.060150699286451754e+03 1.550257890012280093e+00
1.686838919267537904e+03 1.044970390430322141e+03 2.334767389454967645e+00
1.645368398441607724e+03 1.122519216492356918e+03 1.605925188094554867e+00
1.524873449155212711e+03 1.119301356885028781e+03 1.640794598291954509e+00
1.765470244758311765e+03 8.932122261318127130e+02 3.013885135121553205e+00
1.876714216439000666e+03 9.306920312426163946e+02 1.563854687298536827e+00
1.741106036780729937e+03 9.384026420661286920e+02 2.646112363350417773e+00
1.695778941523413550e+03 9.840288560447652344e+02 2.305083433562467032e+00
1.764306439908516722e+03 1.060889692025313707e+03 1.538987788559484482e+00
1.687348731772044403e+03 1.050229262743152503e+03 2.433804342301908896e+00
1.874936025800736843e+03 9.309818343007909789e+02 1.615576111966813277e+00
2.023093474248447365e+03 9.102146879658291709e+02 2.104035603515463926e+00
2.040628525568905843e+03 1.037467377888325700e+03 1.394913756878436439e+00
2.021669916770842065e+03 9.142113056134012368e+02 2.153031835653692383e+00
2.039648666497564136e+03 1.037914850584675833e+03 1.422190111434483484e+00
1.482178743503828855e+02 1.186435783355937019e+03 3.009723176506450937e+00
3.271945739079704936e+02 1.216259353749075444e+03 4.985585866797086485e-01
2.501933771299733280e+02 1.319413699784658547e+03 8.414992262548829371e-01
4.782778429171294192e+02 1.178889962574487072e+03 1.536578229951814034e+00
3.247927896394345453e+02 1.216589811075946045e+03 4.260059084106975757e-01
4.865527309831952607e+02 1.289138331806716224e+03 4.435656340497924899e-01
2.502669910434549365e+02 1.318129843929827530e+03 7.399060345880098533e-01
5.750139131293968831e+02 1.037075763177486806e+03 2.235817818628733189e+00
6.500324518530402429e+02 1.095403504055112080e+03 1.253455852827540795e+00
5.504939964263495540e+02 1.121759050017684785e+03 1.759597253667097405e+00
4.773389216911675703e+02 1.179065449409432176e+03 1.450001092772810418e+00
6.364883868067673802e+02 1.197348539342833419e+03 2.900205256259921871e+00
6.222905966597488714e+02 1.257570036568703699e+03 2.768781238148709356e+00
4.826983248750028679e+02 1.288881608116730831e+03 4.378554990783388723e-01
6.131575837035878749e+02 1.318127360402527074e+03 3.091585662963617143e+00
5.745232384331940239e+02 1.042013607376744403e+03 2.276520537868684801e+00
7.082382458735474984e+02 1.083841761876286682e+03 1.522155430854318370e+00
6.497227832461958315e+02 1.094841974955152409e+03 1.225282640150459734e+00
5.471679168454032833e+02 1.121133270906041389e+03 1.739441538833653489e+00
7.852894253832007507e+02 1.138707753661701190e+03 1.667755348139460247e+00
6.346198926678137013e+02 1.197730610114414731e+03 2.909478015362081393e+00
7.460072831279867387e+02 1.206551684498420627e+03 2.567544752672924702e+00
8.316072852545003116e+02 1.219935903868720288e+03 1.027632448434644408e+00
6.206953572301955546e+02 1.257904571742848702e+03 2.710675561158319979e+00
7.427285201011757181e+02 1.261781781034562300e+03 2.748547156747819908e+00
6.112379468023351592e+02 1.317573981761468303e+03 3.044816789129437762e+00
7.190980237379988012e+02 1.339012019190555520e+03 2.144165927699419605e+00
9.008209629745906568e+02 1.097725508569711337e+03 1.283811779243909212e+00
9.753226903482341186e+02 1.096221263846675129e+03 7.345106227211745109e-01
7.844246113468982458e+02 1.138919188192029878e+03 1.736203195150468837e+00
9.603491368363945639e+02 1.177771387766130147e+03 2.882903846559691896e+00
7.442363567422842152e+02 1.208173282223527394e+03 2.498893102352729656e+00
8.303341204100047435e+02 1.220343718031303524e+03 1.092400799846621862e+00
9.198533120425684046e+02 1.206785665277681346e+03 2.192664382352712327e+00
7.403742534078877497e+02 1.261870574646311979e+03 2.609844393651823413e+00
9.939215971042735873e+02 1.272711364906072276e+03 4.870544170136081874e-02
8.808996122482071769e+02 1.275851378116685282e+03 1.615569615841334905e-01
7.070812959020288417e+02 1.333547468014079413e+03 2.231238551226980782e+00
8.831606224459185341e+02 1.340138722417656936e+03 4.188622205253441644e-01
1.060241677458244340e+03 1.068010541791496507e+03 9.556931188248909415e-01
1.151238619442604431e+03 1.071827748588626719e+03 3.522067040447395825e-01
8.978613593778427457e+02 1.095146629607280829e+03 1.390486963622171279e+00
9.735139572967509594e+02 1.096484156443832717e+03 7.509412160635194899e-01
1.041467543913746340e+03 1.140292419186937195e+03 7.497725623848763843e-02
1.180731472642975177e+03 1.179841958774496561e+03 1.828896420223081520e+00
9.597442295875093805e+02 1.175790101007910380e+03 2.819450379143164209e+00
1.109086856374423178e+03 1.207278663273865504e+03 2.644862705719447149e+00
9.899768344583665112e+02 1.270740439956610544e+03 8.917510014761927950e-01
1.083671754256804434e+03 1.275788125511036242e+03 5.461747451865418546e-01
8.828906202095899971e+02 1.276082376970795622e+03 2.000473274995313300e-01
8.890041785411399360e+02 1.330435558939794646e+03 2.959586055514588310e+00
9.184011825257684904e+02 1.206419916632132754e+03 2.112382249108236021e+00
1.057624656767101897e+03 1.065445144836765394e+03 9.144819107666635194e-01
1.150431513589965107e+03 1.072490926053562362e+03 3.927584887745229070e-01
1.242189083069401249e+03 1.149909936671694823e+03 1.360963387607242003e+00
1.039176189967431355e+03 1.140570674515953897e+03 1.138084625887441220e-01
1.338471354385919312e+03 1.142885448813313133e+03 8.269921696005285705e-01
1.177426333985769588e+03 1.178105049914120627e+03 1.777915367068566121e+00
1.107688298209963250e+03 1.207059060890377850e+03 2.688120427377148403e+00
1.259584170590145504e+03 1.250547250545875158e+03 2.642194215378778743e+00
1.081859937731216178e+03 1.275985455715776880e+03 5.647998769556403786e-01
1.201388768674492667e+03 1.281656093766872118e+03 2.986044715280074868e+00
1.473974337004951622e+03 1.063139486178084326e+03 5.622584700865003171e-01
1.241143724440123151e+03 1.149944252750516171e+03 1.343848424162883193e+00
1.336323532211295969e+03 1.143416660206489723e+03 7.690937861988430546e-01
1.409178178481119176e+03 1.155436359771533716e+03 1.268919416666528743e+00
1.468998621432128857e+03 1.167453510171024618e+03 1.361010869636779752e+00
1.258055282284279883e+03 1.249479862167448800e+03 2.667423770855390508e+00
1.424086764593174848e+03 1.256481501492700545e+03 2.820558921863898227e+00
1.364296840492733281e+03 1.275210282347305565e+03 2.763788217397866731e+00
1.198061915384654185e+03 1.282644057729296264e+03 2.951764478087764321e+00
1.606656007110829250e+03 1.046809204027107398e+03 1.219937092459501216e+00
1.473395336883818345e+03 1.064522752745330081e+03 4.675462258758197875e-01
1.527964246551082624e+03 1.118521555446715183e+03 1.659048991929294337e+00
1.648231811053042520e+03 1.121373358696869900e+03 1.652811400787914886e+00
1.407783648026068931e+03 1.156989568096879793e+03 1.247299879890000351e+00
1.467401330700221024e+03 1.169311150076699960e+03 1.368030362602468353e+00
1.607318173155845216e+03 1.232862242942325338e+03 1.948524320783210362e+00
1.422098777144794894e+03 1.257006534212076758e+03 2.840468234319411422e+00
1.538737664003061582e+03 1.285898752343123988e+03 1.036433861526752098e+00
1.363169713761873254e+03 1.275967103480368451e+03 2.771448036688185734e+00
1.687782772574720184e+03 1.044995152466980926e+03 2.439423777434889473e+00
1.606229611526481676e+03 1.045510564453546522e+03 1.130707695069139929e+00
1.765299231631493740e+03 1.060366755788409137e+03 1.594848411161015500e+00
1.645707252188046823e+03 1.123081579766814684e+03 1.596165253442638710e+00
1.525403167894955686e+03 1.118439397965981470e+03 1.647936189847948540e+00
1.607359642811445156e+03 1.233070169016591763e+03 1.958424465458799668e+00
1.537371977394239821e+03 1.287586287967725184e+03 9.841927283503059121e-01
1.764852460440405594e+03 1.060921095132480559e+03 1.601231235493839167e+00
1.687975850885598220e+03 1.055699122501950797e+03 2.414600318645143684e+00
2.039144291695046832e+03 1.036267919556738889e+03 1.491257035189681002e+00
2.037780578992326355e+03 1.036868062347206433e+03 1.389449528668899925e+00
3.264171511581034224e+02 1.216835495218165761e+03 4.500540328969273585e-01
2.501929010500725781e+02 1.318789654044144754e+03 8.084830341027169354e-01
3.254388870275363956e+02 1.216209294379476205e+03 4.446201907384773611e-01
4.851245426268225174e+02 1.287118880391449466e+03 4.699087600056164327e-01
2.491694427660438009e+02 1.318350334251246522e+03 7.238872133299772971e-01
5.078327971936327003e+02 1.375415570976240133e+03 2.117609062988931257e+00
4.450219348833531967e+02 1.406334966027936389e+03 1.916254197870330911e+00
6.363198029889263125e+02 1.194594901951279780e+03 2.975072248738063863e+00
6.227481421042484726e+02 1.256016995588522832e+03 2.831266795417096027e+00
4.830008557828524545e+02 1.287909689175063249e+03 4.640433767999380676e-01
6.142504377875172850e+02 1.317186414065650297e+03 3.090455028287637518e+00
5.068039607357388832e+02 1.375538531938756478e+03 2.120300511319316961e+00
5.742112459329295007e+02 1.395305541435642681e+03 1.892141976614102106e+00
4.446399285291518026e+02 1.405732600580752433e+03 1.891650880491839271e+00
6.383640502025023125e+02 1.421096636144574177e+03 1.783389129692166453e+00
5.443478774136626726e+02 1.478518866222183760e+03 2.600111894127492995e+00
6.320146911995651635e+02 1.195660388415876241e+03 2.986213420657753304e+00
7.451831013452767820e+02 1.201281129160666524e+03 2.605693873579806752e+00
8.295331136757299646e+02 1.221464828852657092e+03 1.014217019212571014e+00
6.200967987177028817e+02 1.255932846269989568e+03 2.644032304448911574e+00
7.425288800269394187e+02 1.259151862965162991e+03 2.758625489768817385e+00
6.112853294201144081e+02 1.315229513908986064e+03 3.123089990608858280e+00
7.196514424844687028e+02 1.339579682570765044e+03 2.141088031910752587e+00
7.879575685342767883e+02 1.363416860307527941e+03 1.288128102175092993e+00
5.712709867425460288e+02 1.394506492461703601e+03 1.902843622318683092e+00
6.354404327923581377e+02 1.420064904992807897e+03 1.783524755130502681e+00
8.305234254477344393e+02 1.451921444546479734e+03 8.650457040104218842e-02
7.159168451918088749e+02 1.486427491620995397e+03 2.294598996076945063e+00
8.101291846849453577e+02 1.490642571210641563e+03 1.423892238567565915e-01
9.200453895959635702e+02 1.202678885395460156e+03 2.064549385316567509e+00
8.305981026484537324e+02 1.218783112426115849e+03 1.114389725934359809e+00
7.395335714353972207e+02 1.255255223146141589e+03 2.629881679372946035e+00
9.924958521779540206e+02 1.268126921693957456e+03 8.639155230237336447e-01
8.802893226660971777e+02 1.274457320681050533e+03 2.164924766894757990e-01
7.169547334502017293e+02 1.337981505218343955e+03 2.164494240248751034e+00
8.852369687689590592e+02 1.332661652506336850e+03 3.583515539439241504e-01
7.871906381546446028e+02 1.363603153637140849e+03 1.360552955148623289e+00
9.888234728769009507e+02 1.391735436632403207e+03 2.887749055888611416e+00
8.714804442494389605e+02 1.411623950756296836e+03 2.751701298128707229e+00
9.699256229839311345e+02 1.431189797407674632e+03 2.882052548029370165e+00
8.373682942407175460e+02 1.443974728116013921e+03 5.638707442321086449e-02
7.083503983643817037e+02 1.482950849817369090e+03 2.423850864486621237e+00
8.111815111886398881e+02 1.495103592570113506e+03 2.911895867419797224e+00
8.662992047258783259e+02 1.369636267210101778e+03 1.603043786284465089e+00
9.162459469702014303e+02 1.208403927167621760e+03 2.033798387063818325e+00
1.109956927881679803e+03 1.204416408635179323e+03 2.701140817570273356e+00
9.903049788556104431e+02 1.269119717777382448e+03 8.736889473947744289e-01
1.083748136625821644e+03 1.274037601880039801e+03 5.439292830535651380e-01
8.831668808044473735e+02 1.275822088991042165e+03 2.696349999666998176e-01
8.838401222142072129e+02 1.331453921914129978e+03 2.917580907040325799e-01
1.094856407841087503e+03 1.344293084594457014e+03 1.055665911342658081e+00
9.876641730978753912e+02 1.391195342663156225e+03 2.855493300338506568e+00
8.706037730688999545e+02 1.412877578244259439e+03 2.763118517902252158e+00
9.703507161748559611e+02 1.432504077958197968e+03 2.829672397274041185e+00
1.097193027308045885e+03 1.456329946964597184e+03 1.833735630611601941e+00
9.778404204106163888e+02 1.497410983521929211e+03 3.008419139462892744e+00
1.106849461739887829e+03 1.205622255435526995e+03 2.740907238764429987e+00
1.258921662156075172e+03 1.248887529617080418e+03 2.714610155663353730e+00
1.082181523805596498e+03 1.273965876422092833e+03 5.183346357195466325e-01
1.200630842002505688e+03 1.280135439059446981e+03 3.033764016725520207e+00
1.093125736972551749e+03 1.344112212008585630e+03 9.847360075471790486e-01
1.266541452635103497e+03 1.351420015195385531e+03 1.675365598929996702e+00
1.183551474445430131e+03 1.386919324301397410e+03 1.311928402043676334e+00
1.113615612256373879e+03 1.451287055539222820e+03 1.642471626458829270e+00
1.302470245207780863e+03 1.464345167459184722e+03 1.329162621429928359e+00
1.058238098434207814e+03 1.464732729961830046e+03 2.496701131583083821e+00
1.224670242664699117e+03 1.486777353394811371e+03 2.399833744651492573e+00
1.258242835203222739e+03 1.248785908333465159e+03 2.712650460308764444e+00
1.424584609558555940e+03 1.255694363708742912e+03 2.864561968166168704e+00
1.364849771066439871e+03 1.274013462554932630e+03 2.788582195780097805e+00
1.197662556690885140e+03 1.279878235332410895e+03 3.035584493373501225e+00
1.265851853709726583e+03 1.352026284134407888e+03 1.668322436874981385e+00
1.378371441315658558e+03 1.381529689479865965e+03 1.575476369542933242e+00
1.299813462884717865e+03 1.465232715052610047e+03 1.308361291683154626e+00
1.221428790871470255e+03 1.486086260762537677e+03 2.410628254356021571e+00
1.383279824151715957e+03 1.497225653903892180e+03 9.129708403556175966e-01
1.608324849483263279e+03 1.228467371582341229e+03 1.879138831691328670e+00
1.423821522830230379e+03 1.255840887319973717e+03 2.864424908367705580e+00
1.539901644982257039e+03 1.283085026644531354e+03 1.010590001650217840e+00
1.364168482585479978e+03 1.273704334345130974e+03 2.843101341526951042e+00
1.377894388968276871e+03 1.382348021411689388e+03 1.564862018959669587e+00
1.594521298323563315e+03 1.470290499849214484e+03 2.146165754242283619e+00
1.407018385597625866e+03 1.494461147883468584e+03 1.978067147106404411e+00
1.607119494134057049e+03 1.229064284541256029e+03 1.910635330601094806e+00
1.538233779276405812e+03 1.283595247944403354e+03 1.029744527891241601e+00
1.592877261157168050e+03 1.471270738628779782e+03 2.169448733023246589e+00
5.087573441260922209e+02 1.375631911478981010e+03 2.172424803613720812e+00
4.440767678959828118e+02 1.405820254972617704e+03 1.873079677737942594e+00
4.270284761742984756e+02 1.520376116630713113e+03 2.272497908231444264e+00
5.238685322166152218e+02 1.524915369448058755e+03 3.000512029621477783e+00
5.063351039421169162e+02 1.374100355966530969e+03 2.100935934382898829e+00
5.738820158579644612e+02 1.393787751378354642e+03 1.850325591928723146e+00
4.436910043608827436e+02 1.403757480119658794e+03 1.826053290602344559e+00
6.378072542348519391e+02 1.420250242886361548e+03 1.715942247233522178e+00
5.437610996776553520e+02 1.476636024208869458e+03 2.718066302339541718e+00
4.259724438016243084e+02 1.518574515351506307e+03 2.303091860013886549e+00
6.404886046256458485e+02 1.528261695480375238e+03 2.214030176225907809e+00
5.219621870043993113e+02 1.525326762391732018e+03 2.979079600820725204e+00
6.534374747078869632e+02 1.620993589337378580e+03 2.809571775129876325e+00
7.880681285445950834e+02 1.360686195819554086e+03 1.225289483489434339e+00
5.716466935343714795e+02 1.395007765896573801e+03 1.921588456161852587e+00
6.358732925945350871e+02 1.420751545028256942e+03 1.777514660421949166e+00
8.374967679232302089e+02 1.443202137767243585e+03 1.550776873486209850e-01
7.171986873950083918e+02 1.490256266382368040e+03 2.227845223386583307e+00
8.136808577805345521e+02 1.494840109607897602e+03 2.891697909089198326e+00
6.398550539220960900e+02 1.530079448643848764e+03 2.246518937596125642e+00
7.095443029101899128e+02 1.562818745437127973e+03 1.940898658798084098e+00
8.221751058291313257e+02 1.562833418561945109e+03 7.357061133450049084e-02
6.530645560348094705e+02 1.621173638196186857e+03 2.675908973590510165e+00
8.022575334222194670e+02 1.623867009720440365e+03 6.953050004411799323e-01
7.851323316343173246e+02 1.358988411589160478e+03 1.307049427207055192e+00
9.882446250617185797e+02 1.390939342578837341e+03 2.718249396036859888e+00
8.714282462536709772e+02 1.410885202023357806e+03 2.786068075846140246e+00
9.708089294020537636e+02 1.429144554694040153e+03 2.939823757637488377e+00
8.372532009515787195e+02 1.441989486121872687e+03 1.448633086835738881e-01
7.134035283848767222e+02 1.488568245585472141e+03 2.151012955208224664e+00
8.111986525106163981e+02 1.495478041673388589e+03 2.693922528101640346e+00
9.818089535800163503e+02 1.499647166298651427e+03 3.111877656718738727e+00
8.995090725334791841e+02 1.516084750750004332e+03 2.890334385907448844e+00
8.190746285328445992e+02 1.565736565430988321e+03 3.062859054801269743e+00
9.756385977007614656e+02 1.611434270449858332e+03 2.341470116911226196e+00
9.264694185610865134e+02 1.626766858600447449e+03 2.468882674985563686e+00
8.026526708961600889e+02 1.618669204180672295e+03 4.765930177577813454e-01
8.667645892431198718e+02 1.369258311928158946e+03 1.609060602513824545e+00
1.180974332152292391e+03 1.390276025773260244e+03 1.317921339010355464e+00
9.871930353256552735e+02 1.390278190255532991e+03 2.931306290428123074e+00
8.740614696003883637e+02 1.415271752743711431e+03 2.814683142978575692e+00
1.098953434254810418e+03 1.454849291339899764e+03 1.637210482518981935e+00
9.698490628925499095e+02 1.429564993798204796e+03 2.875485911590957677e+00
9.812024190104434638e+02 1.500279056790564937e+03 3.068390780255916717e+00
1.175292788431488134e+03 1.522887158984659209e+03 1.799593793650171358e+00
8.981137894198761842e+02 1.516195802163388862e+03 2.878487991698706505e+00
1.123812127061136835e+03 1.565679008482460631e+03 2.422975733358815997e+00
1.057120366241944566e+03 1.583870350186751239e+03 2.955002756367384187e+00
9.775146525931563701e+02 1.610762111177714587e+03 2.411035433898217395e+00
9.227108592067154405e+02 1.628770215352056312e+03 2.398406734033164067e+00
1.096784996242220586e+03 1.645991116453824134e+03 6.575782052321393900e-01
1.266504849830193962e+03 1.350189609233701276e+03 1.711659313840349972e+00
1.183669256243177415e+03 1.385768771277366795e+03 1.342939544833507304e+00
1.097020957894494586e+03 1.454868140208892100e+03 2.564548586001913488e+00
1.300753257356115455e+03 1.464299305257985452e+03 1.345231245264856712e+00
1.224020979222419101e+03 1.484941004313646999e+03 2.458925123103552046e+00
1.171771522403426161e+03 1.521894572979912255e+03 1.930099900241880606e+00
1.122643918494131640e+03 1.565533878889447124e+03 2.526540437914128745e+00
1.259496204929695523e+03 1.561905196315498415e+03 5.224735319292534985e-01
1.053857023182485364e+03 1.584079107518252158e+03 2.969638288748686517e+00
1.263620182304435502e+03 1.639051861935652823e+03 6.465054903148632626e-01
1.190384281716144869e+03 1.642778697609266601e+03 7.942968249078282694e-01
1.096244462795055824e+03 1.643419900942864842e+03 3.686719306814869590e-01
1.265005938075456697e+03 1.350692852552524300e+03 1.705589869665542491e+00
1.378657001036039674e+03 1.380650369432573598e+03 1.627652450430412179e+00
1.300493321645666356e+03 1.463927027016662123e+03 1.331212405739393256e+00
1.223947698423130760e+03 1.484333259452991797e+03 2.471056393296750198e+00
1.421408422755090669e+03 1.499344743466109549e+03 2.017243641492408202e+00
1.368762974498803032e+03 1.497094668797302575e+03 1.078212969782561093e+00
1.259236202014591754e+03 1.561448333781523843e+03 4.550308903077904810e-01
1.353759126581724558e+03 1.613202858936246002e+03 1.360071982701661186e+00
1.262793731199993090e+03 1.635014666072640239e+03 6.057777482922095391e-01
1.192479406729107950e+03 1.642870556513743395e+03 8.087058731276570711e-01
1.376933955166216720e+03 1.382590592032246605e+03 1.549936746411671784e+00
1.594057926764733566e+03 1.468610965558835687e+03 2.172052963201694276e+00
1.420855264844104340e+03 1.497840256018570699e+03 1.961343729748955544e+00
1.366204836489089757e+03 1.498951810655925783e+03 1.032802550176345147e+00
1.543853935449153823e+03 1.532435848172164242e+03 2.033853297713672070e+00
1.352275032209396386e+03 1.612063778994146560e+03 1.258801658681952151e+00
1.592124111824076863e+03 1.467166627497750142e+03 2.151322567693840337e+00
1.542357637773633996e+03 1.531950432788433091e+03 2.012443975308413346e+00
4.271523118093315361e+02 1.521235139662249821e+03 2.317878856360799489e+00
5.196751353860565814e+02 1.524812426709035662e+03 2.870611813640748800e+00
4.277851429765443072e+02 1.525033733445975031e+03 2.233778711843215525e+00
5.210833073951072265e+02 1.525082139624422325e+03 2.752808450006095864e+00
6.438733060199426745e+02 1.532181956396905207e+03 2.330670417895732704e+00
6.550446823312572633e+02 1.621735269394740726e+03 2.760621896996389601e+00
6.229108585552764907e+02 1.667320102210751884e+03 2.269210099818357862e-01
6.395444778981124045e+02 1.530068144109994364e+03 2.215182017999444586e+00
7.115254230923765135e+02 1.566202390298962882e+03 1.937437016734927298e+00
8.219773067243579590e+02 1.561081888252524550e+03 1.752885555503202186e-01
6.545670439879203286e+02 1.621151321522888111e+03 2.709564147633766851e+00
8.046418396840635978e+02 1.618545387383479010e+03 3.120872705138171832e-01
7.708312825484358655e+02 1.667163443794273462e+03 2.513582901843480766e-01
6.218293611991293801e+02 1.666519159615294484e+03 1.769316012388709447e-01
9.013442580503874524e+02 1.513406781597093641e+03 2.871109833408669321e+00
7.088023607564912254e+02 1.572557999148625640e+03 1.942308067291026230e+00
8.214189681215136716e+02 1.560980770878349176e+03 1.599990360463697525e-01
9.808137708675797057e+02 1.610406306244299458e+03 2.354214737927403878e+00
9.240488328089836614e+02 1.625844082462573169e+03 2.369570776159762193e+00
8.024920766242669288e+02 1.617935394242254006e+03 3.520366893444544232e-01
7.693660134003658868e+02 1.665926451419984915e+03 2.897743809592941422e-01
9.208767824942974585e+02 1.692185540058357219e+03 1.368061091361472692e-01
1.020717470672469972e+03 1.741333182251037442e+03 1.970049670208592119e+00
9.188283653832611435e+02 1.763940502133871632e+03 1.034600799786442593e-01
9.035193328331874909e+02 1.514661671030164143e+03 2.928859155063669117e+00
1.124361430297702555e+03 1.562503090308617175e+03 2.478817543226987219e+00
1.055860451419487845e+03 1.581557801081911293e+03 2.940650619787613440e+00
9.775233295890479894e+02 1.609300771470468362e+03 2.409895198962260121e+00
9.241345257069356194e+02 1.625325935781620274e+03 2.436725667632233083e+00
1.096899070590168094e+03 1.642311190862618332e+03 6.192482854033697359e-01
9.192292155279567396e+02 1.691518674957037547e+03 1.821354437666907189e-01
1.020072284939956489e+03 1.742522315613581213e+03 2.035986055974983167e+00
1.081622670490649170e+03 1.734481161674967325e+03 2.255383063412820466e+00
1.177038336206352824e+03 1.734264698981069159e+03 1.076549693194337465e+00
9.142797469801078023e+02 1.763340481429361944e+03 1.571991606254661000e-01
1.170809183148695183e+03 1.519848708254730127e+03 1.906002361273962942e+00
1.122118058133904242e+03 1.564561119284970800e+03 2.495274528090225097e+00
1.259395907731428451e+03 1.560685668810772086e+03 5.577031370597522741e-01
1.055392179178401875e+03 1.583030872506619744e+03 2.918609073484291105e+00
1.260746181316873844e+03 1.635738903231430641e+03 6.865257875523981257e-01
1.096352721893748139e+03 1.642281807438975875e+03 5.176496494408137083e-01
1.190947702927212276e+03 1.639795264939587014e+03 8.048204976606427863e-01
1.255358928614230763e+03 1.709561307632405715e+03 1.066626920320762117e+00
1.177034745903264138e+03 1.730539781332966413e+03 1.044582282507199977e+00
1.080803390485680438e+03 1.734852688561244804e+03 2.316423991482684741e+00
1.280505364747703425e+03 1.817209723109633160e+03 1.726084987018017491e+00
1.258827769324672090e+03 1.560574159925843105e+03 4.251793765553931737e-01
1.353858921913951235e+03 1.611628845129818274e+03 1.405209504383196029e+00
1.261850722358125495e+03 1.633697070069279562e+03 5.748292305904960653e-01
1.188141560711301054e+03 1.640507396299450420e+03 8.529456408258229150e-01
1.254520788863083226e+03 1.709780849993013589e+03 9.964809532982713547e-01
1.403769063357091909e+03 1.760800395146653500e+03 1.793679842092451793e+00
1.279702874923620811e+03 1.818196910739110535e+03 1.766376070586976210e+00
1.543082183538207119e+03 1.530678999084325369e+03 2.109605556200004894e+00
1.350678299654760849e+03 1.610809113731309026e+03 1.348157721099442208e+00
1.502903116890242700e+03 1.671828017854394375e+03 1.089631950698518370e+00
1.646769609689767094e+03 1.683825209704958525e+03 1.718903325209841348e+00
1.402532856180003591e+03 1.760980915632238748e+03 1.748556313772930748e+00
1.625410311865377480e+03 1.809189221237829543e+03 1.183497172370695294e+00
1.542653385408810664e+03 1.534938136187155351e+03 2.135917178970223596e+00
1.645284639850373878e+03 1.682928092925046940e+03 1.689505280114170338e+00
1.621941877203265221e+03 1.810865170631692763e+03 1.291202888259247894e+00
6.186699416609227455e+02 1.666700071432022241e+03 1.508932682025121708e-01
7.689910337758619789e+02 1.668749113875423291e+03 2.307372405143117700e-01
7.693042833165876573e+02 1.666288643144879416e+03 4.026861182994776467e-01
9.195363079609041961e+02 1.693445287397363472e+03 1.146396236653341588e-01
9.181577564935848841e+02 1.765318952082506257e+03 1.317055768139745453e-01
9.188499878460013406e+02 1.690439453829217882e+03 1.786815837150098341e-01
1.018767307233305473e+03 1.741494714963929709e+03 2.016353514467811969e+00
1.082680361089590178e+03 1.733088973926532844e+03 2.220072639038411566e+00
1.175060475864730734e+03 1.733109700442975736e+03 1.086318465651808340e+00
9.177080115724497773e+02 1.763606039682957771e+03 1.160506013884863852e-01
1.076080787493940079e+03 1.826060155513933296e+03 5.707383693894284571e-01
1.139493304943473731e+03 1.843316410843299536e+03 1.062915758880083494e+00
1.058258016093236392e+03 1.908884756429647496e+03 2.884718391866421427e+00
1.254966165207486938e+03 1.708567669992593665e+03 1.055780416397754662e+00
1.176721947391866479e+03 1.729230658737391877e+03 1.038528183795184967e+00
1.079104223366842689e+03 1.732682367520850903e+03 2.316115523294268730e+00
1.251954534731817148e+03 1.826814028444035557e+03 2.207080038680604872e+00
1.076375100090417618e+03 1.825876156230302513e+03 5.089583772993095945e-01
1.136424230904836804e+03 1.842373492052854999e+03 1.085386189968048365e+00
1.341924212993014407e+03 1.879063408341477498e+03 8.307714749493537720e-01
1.202711972559251308e+03 1.901904721948728366e+03 5.727994052745691636e-03
1.053978086570818732e+03 1.908650943912682578e+03 2.916002971584056969e+00
1.203511195966935475e+03 1.946068040320515593e+03 7.070893536338236363e-01
1.283171542902759711e+03 1.957549847096111080e+03 4.713511811501889248e-01
1.255111944162493955e+03 1.705087870111082566e+03 1.048603104392656027e+00
1.403048095083908720e+03 1.758306853658934415e+03 1.764634592324291873e+00
1.255046583410070980e+03 1.824993338392012674e+03 2.054200148592682851e+00
1.476355344768155192e+03 1.828823541364196444e+03 9.954090957954527807e-01
1.343040741337443023e+03 1.873844887913276125e+03 7.162917564455916208e-01
1.200772667787452065e+03 1.912549685094109009e+03 2.313842536749140422e+00
1.480618305900481346e+03 1.922766330287706751e+03 3.654480621134416074e-01
1.285346112943470416e+03 1.952613685886801250e+03 4.647858498309921371e-01
1.407084500157053526e+03 1.976553072497542871e+03 1.807140427243650316e-01
1.502974722941086839e+03 1.669202577560866530e+03 1.206720822550839678e+00
1.647382080340424636e+03 1.682745472340174274e+03 1.923184862530811889e+00
1.402665881587369086e+03 1.758547050146084075e+03 1.807899034661341719e+00
1.622678942022232150e+03 1.808509563238938199e+03 1.369874270924492654e+00
1.474894846762718316e+03 1.830062336576269672e+03 9.905963705940002972e-01
1.480584406065201847e+03 1.919666432112747316e+03 2.726824761573783951e-01
1.407272516800160929e+03 1.973909375565592200e+03 1.256803087184991119e-01
1.644968756076696764e+03 1.680797493569507651e+03 1.738401770655700673e+00
1.622038110926650461e+03 1.808574986805235767e+03 1.333161525223726551e+00
1.070864705870490752e+03 1.826533729532025063e+03 6.945126159978212144e-01
1.136102025775614493e+03 1.843451407010641560e+03 1.266848378600328839e+00
1.056588262987649841e+03 1.908091508349622018e+03 2.888096820777494855e+00
1.148067829993647365e+03 2.020119999527251366e+03 3.003597714948589292e+00
1.086068949380985259e+03 2.069956759668022642e+03 2.934269960075345463e+00
1.137946991298626244e+03 1.838205495310880679e+03 1.265450620864174924e+00
1.239975985203097480e+03 1.830135204242730197e+03 2.472375367286799186e+00
1.338515582596490049e+03 1.880525052013822005e+03 8.108147170151002170e-01
1.202431715877528859e+03 1.899660666710678925e+03 3.779885884727686440e-02
1.055633582018725519e+03 1.907016210437072004e+03 2.849270036505597847e+00
1.286743527559512586e+03 1.950059899360240252e+03 6.065267895850641189e-01
1.203750091510454240e+03 1.945198472802491779e+03 7.195077518496135749e-01
1.279076516314851688e+03 2.010822604976934599e+03 8.951571962766911028e-01
1.148979793167214666e+03 2.019110337435771726e+03 2.946173045247594047e+00
1.085474674718181859e+03 2.069264733033313860e+03 2.899106936719001215e+00
1.260058741097416259e+03 1.827829842540192885e+03 2.374697765131962957e+00
1.473218678069787984e+03 1.832993173107554412e+03 1.074427215820029424e+00
1.342237700264702653e+03 1.873889519375627060e+03 7.811589110124692592e-01
1.201244926415308328e+03 1.931938269145538470e+03 6.361431518760990445e-01
1.481187658975708928e+03 1.919685611315861934e+03 3.107864877952379312e-01
1.285654881550892242e+03 1.949773054296979808e+03 4.853843718562048104e-01
1.405192654612566230e+03 1.973217203799177241e+03 2.455596020057557172e-01
1.278099121237096369e+03 2.010814659325335469e+03 8.750375124413447558e-01
1.437265769873177305e+03 2.040418547815288093e+03 1.348190108664573117e+00
1.351905446751547288e+03 2.037951832993471726e+03 4.548767264689921874e-01
1.475273079182821675e+03 1.828501735158606380e+03 1.088155385655910745e+00
1.481085522239524380e+03 1.918576022931650186e+03 2.850978471235386391e-01
1.403783692700489837e+03 1.972697908976565941e+03 2.601685511266377815e-01
1.437853251141574219e+03 2.040408470130917522e+03 1.319333240570621069e+00
1.349789907550680709e+03 2.037866900455616360e+03 4.386476353717120302e-01
1.148783734098413788e+03 2.015566992379946896e+03 3.027889393852841060e+00
1.086803059296961464e+03 2.068649556642767038e+03 3.000447413481032388e+00
1.277139088156416847e+03 2.011801743107403126e+03 9.397170566655468349e-01
1.150045079901683948e+03 2.019713967390460766e+03 2.992701397987719947e+00
1.086402600039770505e+03 2.069101866012239043e+03 2.925397756117610992e+00
1.205281721739302611e+03 2.142061690205213381e+03 7.814670196368389554e-01
1.278001251120130291e+03 2.008486994514812977e+03 9.381358019716673491e-01
1.437961831964119710e+03 2.040498756126682110e+03 1.339439622429334786e+00
1.351260435452701358e+03 2.037930396866753199e+03 4.540269568169144621e-01
1.204254903584784870e+03 2.142771165450166336e+03 6.970302243016133215e-01
1.437111065698427865e+03 2.041009414562774964e+03 1.302179500998923878e+00
1.351618503058416536e+03 2.035295050300904222e+03 6.430114557488055826e-01
