7.384263987530722488e+02 1.763471957774867747e+02 1.631829551152419011e+00
7.374362825147991316e+02 1.768136675713984118e+02 1.616293139559618730e+00
1.292392318073416845e+03 1.526202353991710652e+02 9.822838895740438891e-01
1.291667373934456691e+03 1.530019677337679127e+02 9.789029302198536397e-01
1.451989473103956243e+03 2.100704187386681951e+02 5.057037173466151225e-01
1.408234272042999237e+03 2.644170787443958943e+02 3.049392213560112364e+00
1.356266158108964419e+03 3.451489884946498705e+02 3.105559463313118940e+00
1.451974428663029585e+03 2.091660640977347612e+02 5.281281618244613174e-01
1.407779733211595840e+03 2.642764001503701365e+02 3.075517925090961668e+00
1.356966529925105306e+03 3.461642562123101925e+02 3.064816894080852450e+00
1.794418088345774322e+03 3.210011250050413310e+02 1.652254939743159845e+00
1.792656424141262505e+03 3.240814125430840704e+02 1.617990531022672762e+00
1.883758912635120396e+03 3.667743744622014219e+02 2.835964757155935434e+00
1.882558359726737081e+03 3.656181741206512470e+02 2.896413495548421313e+00
5.192454034471822979e+02 5.139661951653133656e+02 1.623837603866136181e-01
5.230253539097160456e+02 5.152203021105661946e+02 1.775969325619626005e-01
1.312711366509317259e+03 5.048843904071461566e+02 1.150160893139727358e+00
1.235409634741475202e+03 5.321676878376140394e+02 1.377301211727307573e+00
1.408238747849525225e+03 2.620689874170916482e+02 3.053147250741170993e+00
1.355697984667763649e+03 3.436874891722812890e+02 3.079314878429914693e+00
1.421134964118454945e+03 4.831780657242622965e+02 6.259069516562916213e-01
1.312571447424875714e+03 5.058891361621247142e+02 1.139962060499928320e+00
1.235485699763696402e+03 5.321994652238624894e+02 1.420563670347905649e+00
1.492286985576628467e+03 5.208239500134586706e+02 7.471569522866773339e-01
1.404845930236508821e+03 2.613493931191280808e+02 2.951077804724831388e+00
1.354146972523362592e+03 3.433820946985401861e+02 3.099253627236751463e+00
1.574080770325845378e+03 4.327354498328721775e+02 1.533495076571145477e+00
1.609075170339675424e+03 4.585893325659842503e+02 7.274366853353488871e-01
1.421062513036079736e+03 4.837057875178381892e+02 6.207067036646604086e-01
1.490916374048863872e+03 5.152295408987265546e+02 6.383225471883422486e-01
1.591894877903588167e+03 5.337092969546431505e+02 1.987743171118182550e-01
1.794053679633602542e+03 3.222242294715663888e+02 1.627893595035625252e+00
1.679542762893101326e+03 3.968317106836639141e+02 2.789833180882700603e+00
1.572150631593223579e+03 4.321523783391529605e+02 1.488268283450840057e+00
1.606674571963981862e+03 4.587458938824147481e+02 6.705489167715759091e-01
1.781906962492935691e+03 5.003215858064721715e+02 7.546541041141257011e-01
1.682570920372602131e+03 4.969833407167822088e+02 8.433733273365710825e-02
1.596150757197538269e+03 5.338466503812733208e+02 1.373148073302332961e-01
1.793086475029215535e+03 3.227247628345480734e+02 1.615920219796203261e+00
1.883793267442063097e+03 3.652943615297161841e+02 2.703248230416625653e+00
1.677994777946456452e+03 3.969726589676173489e+02 2.831212769815967700e+00
1.826528470184493472e+03 4.199091060186626692e+02 6.600352475489273257e-03
1.957660561193166359e+03 4.478654353866000974e+02 2.772188467319155247e+00
1.781674050406169499e+03 4.984551517249624339e+02 7.663045376681982823e-01
1.681694693963177087e+03 4.978857095759974527e+02 1.808780951280154203e-01
1.880084041770953718e+03 5.004255471369313000e+02 5.903321278641406877e-01
1.883440760911781808e+03 3.651531747537077308e+02 2.719186200774117879e+00
1.998274712591648040e+03 3.864035642922647185e+02 2.487625458683246471e+00
2.103303019141877030e+03 4.045304425471842933e+02 3.104306095490585449e+00
1.827323169384825178e+03 4.203275068240384371e+02 1.020850106774642552e-01
1.956293818090095556e+03 4.476834826624237849e+02 2.846265934575548773e+00
2.093063711839055941e+03 4.552030501930591981e+02 5.345464743608075997e-01
1.880532562744028837e+03 4.988788992399469180e+02 5.883028808915113927e-01
2.089235292987194043e+03 5.056825029245649148e+02 2.915197344325623607e+00
1.997262786121091267e+03 3.871148889632153214e+02 2.561760360378773527e+00
2.101489951912350080e+03 4.048273980604110420e+02 1.334265738658950906e-03
2.091354045880269041e+03 4.548588373749205402e+02 3.816732329821982406e-01
2.086978247165013727e+03 5.098865501899527999e+02 2.889119395887599584e+00
1.386343040627883738e+02 5.796433044314991321e+02 3.128661724884367779e+00
5.227026597052171155e+02 5.141956397601474009e+02 2.515723668471366192e+00
5.227083522767353543e+02 5.143751157843114470e+02 1.809123052425296030e-01
1.106994065000843420e+03 6.919364127546194823e+02 1.160587176543659504e+00
1.313751365542249232e+03 5.044677631238838558e+02 1.092540815749780236e+00
1.235535886240511900e+03 5.309579725413212827e+02 1.351038731266775095e+00
1.206235954699766353e+03 6.433639809230003266e+02 1.037566995157037208e+00
1.104708177927343058e+03 6.949001309741621526e+02 1.145074234862315077e+00
1.421678527705120132e+03 4.828563338583464883e+02 5.326558763198593338e-01
1.312390891397019232e+03 5.055648289702676266e+02 1.066503225967482704e+00
1.234923861798146390e+03 5.312051246200385322e+02 1.325732474229330826e+00
1.493647791459339032e+03 5.155553614970110630e+02 5.161081481302357554e-01
1.353143944797902805e+03 5.903531092428120246e+02 1.204951764274992509e+00
1.434622949156076857e+03 5.901548908289464634e+02 2.282066312863325397e+00
1.204772883610502276e+03 6.436250227603601388e+02 1.035538413566266414e+00
1.575412287462112317e+03 4.316619586340850674e+02 1.602622230544050730e+00
1.604680287561440309e+03 4.583830917789242676e+02 6.183439892422567530e-01
1.420407820190527445e+03 4.827674080358516449e+02 6.056610585739927721e-01
1.490337324362503523e+03 5.148153684557411225e+02 5.983409055810623434e-01
1.596125279680830090e+03 5.299417338354560343e+02 1.357732955574724454e-01
1.524097641942084238e+03 5.641870968874259233e+02 7.732461785118961706e-02
1.351658708919109813e+03 5.901371114890503122e+02 1.231882351546077059e+00
1.660407126485433764e+03 5.667152763917152924e+02 3.758003558083577444e-01
1.432913069602552468e+03 5.885695696657084000e+02 2.217233928745208527e+00
1.564919755361396255e+03 6.321453202713954624e+02 1.221896278064114744e-01
1.564961957300356289e+03 6.859188128997799367e+02 2.075033560648904263e-01
1.679201642945123012e+03 3.945442761973821462e+02 2.730428996330400704e+00
1.574559370412502176e+03 4.295647088170051120e+02 1.623470796104133251e+00
1.604928823911367999e+03 4.591163310395359076e+02 6.785378081684300122e-01
1.782616776215254731e+03 4.977361293736674952e+02 7.641990706771274455e-01
1.681998887544193622e+03 4.965583093770721916e+02 4.858448721624787636e-02
1.595328275046208319e+03 5.298898312810301832e+02 1.377292951372337815e-01
1.660845674828014580e+03 5.672347200527138966e+02 3.170949829098067552e-01
1.526155680988219046e+03 5.638456597779224921e+02 9.189941360799600001e-02
1.812989612983551751e+03 5.892181180279415003e+02 2.882074962416081743e+00
1.732367412864520475e+03 6.179250272107918818e+02 3.021718209760002161e+00
1.563849898376731744e+03 6.336069582736782877e+02 4.177300972307650302e-03
1.684068307680551015e+03 7.017565859602999581e+02 1.445225112374793897e+00
1.752155316810826434e+03 6.910839836481717384e+02 2.241739461520980914e+00
1.566939118471506390e+03 6.848704190461091912e+02 1.931365482351366181e+00
1.682367558239993514e+03 3.953133463240392302e+02 2.619138063901420121e+00
1.827573855344218373e+03 4.194283134101912083e+02 3.128289987069752698e+00
1.958474133609103319e+03 4.465001400677801939e+02 2.771003608084698033e+00
1.781638110677078203e+03 4.980261330872191365e+02 7.941671355034723989e-01
1.879999258901843177e+03 5.012331769954173524e+02 6.436726754811499251e-01
1.680999893075785849e+03 4.964420833566823603e+02 8.283914833591365934e-02
1.857270469214720833e+03 5.531419958229448639e+02 2.882385519506218685e+00
1.965072260279274815e+03 5.485666158677223621e+02 2.871002402299151601e+00
1.812310684930234174e+03 5.882562082557576559e+02 2.890804662786246926e+00
1.967019971667601567e+03 6.086112159510008723e+02 3.028784757378612191e+00
1.731664779721278819e+03 6.177891307939617036e+02 3.071602276403885501e+00
1.889107271914685953e+03 6.632985552055118887e+02 2.796820852619151587e+00
1.685928819463488708e+03 6.921302653362363344e+02 1.431728200947051555e+00
1.754419393903311175e+03 6.980056681788327069e+02 2.210048015577593450e+00
1.829015723471371984e+03 6.850375677417750921e+02 2.135526053646034761e+00
2.000706351998405808e+03 3.867682641899191367e+02 2.462183229103625859e+00
2.104624018319259903e+03 4.019767403605144409e+02 2.828427399616106452e+00
1.833557225129724884e+03 4.191138832826279668e+02 2.193069278032499236e-01
1.957037378587968306e+03 4.476792705571817805e+02 2.826269072399826054e+00
2.094798731327834503e+03 4.538854484876640072e+02 6.255669090447248948e-01
1.878922205855747734e+03 5.001286653351522773e+02 6.132359828379354560e-01
2.089136688915957620e+03 5.084988262385054441e+02 2.747254001994050121e+00
1.962859844262234674e+03 5.480682593013683572e+02 2.994213384061278571e+00
1.857301690922967282e+03 5.546363478885944005e+02 2.888838279978214185e+00
1.965335473479921802e+03 6.103513748901497138e+02 3.043366691087665110e+00
1.884490297608915398e+03 6.644108009424124930e+02 3.011617828251956563e+00
2.005695654990547609e+03 3.915823909989968570e+02 2.466908550445352066e+00
2.102126090333243610e+03 4.043642524954331066e+02 6.513898812102768884e-04
2.092249911314439942e+03 4.540750977468104566e+02 3.784319187754345282e-01
2.087461835664258615e+03 5.093253878716570853e+02 2.850078166772322064e+00
1.391786621877600965e+02 5.777859459473773995e+02 3.432159958962226892e-02
8.757186184660324670e+02 8.400456678263544745e+02 2.581429219539773001e+00
1.106271146601422288e+03 6.932848411496546532e+02 1.076419097586082563e+00
1.029621081527139495e+03 7.632220825377828533e+02 1.518231791188041635e+00
1.100308160254207678e+03 8.091788326233462385e+02 1.347528705126713300e+00
8.710788535801032140e+02 8.432554234281794834e+02 2.511888062214865602e+00
1.206815930375311837e+03 6.417592206417393754e+02 1.017601387729365925e+00
1.105377721958318034e+03 6.932952153122764685e+02 1.110268612090581364e+00
1.027988514163121181e+03 7.620155943190391099e+02 1.628249416867820099e+00
1.100010633913018182e+03 8.089936897207815036e+02 1.372424205974432043e+00
1.211685420248672017e+03 8.164127470368500781e+02 6.503758803576216163e-01
1.353849211871411399e+03 5.889384718034630168e+02 1.200847170379531148e+00
1.434746871988280645e+03 5.873098617793053791e+02 2.229080848913084001e+00
1.203486277360860413e+03 6.431362805958873423e+02 1.004104014216399721e+00
1.479761134415759898e+03 7.155176599730659746e+02 2.718934803422554669e+00
1.345413350258521405e+03 7.409574572555484337e+02 1.221020651861088657e+00
1.212129941803726524e+03 8.174935177117262128e+02 7.403495475135228876e-01
1.354679035362144987e+03 8.115899913386363096e+02 1.709970058111569824e-01
1.350520079115322687e+03 5.900991173237584917e+02 1.184896537912043524e+00
1.525420713693952621e+03 5.637420076711786123e+02 1.234470014007751776e-01
1.655055106320738560e+03 5.652372135706119707e+02 5.805435143252679620e-01
1.433419284137834211e+03 5.883332606719864089e+02 2.209335184944055452e+00
1.564690382991831257e+03 6.306980711489197802e+02 2.048893363017001978e-01
1.564638753958867255e+03 6.829530945192573199e+02 3.501136593378427753e-01
1.476704616115494673e+03 7.152458671112832462e+02 2.698988399603086563e+00
1.631162074351881529e+03 7.514114132220556712e+02 1.573628563340883968e+00
1.576603382434798050e+03 7.350691862125820535e+02 1.044206463911201643e+00
1.351621465601140244e+03 8.137450758521179068e+02 2.161455532059585183e-01
1.533764525095516092e+03 8.223145655399700900e+02 2.217255432855768926e-01
1.530816016732850358e+03 5.626530681265583098e+02 2.692468128400020144e-01
1.660631750282185294e+03 5.668591469679388410e+02 3.059716234157853765e-01
1.811701201148633345e+03 5.866500353905082648e+02 2.830593697192094194e+00
1.731848985789558583e+03 6.167431735205681207e+02 3.061755912885066877e+00
1.563043134223558354e+03 6.322873728390178485e+02 3.140159954470832293e+00
1.680926907401151539e+03 7.056571985275475072e+02 1.397901737199309657e+00
1.564301809785104524e+03 6.805199770917550950e+02 3.700062958373684929e-01
1.756762204049286311e+03 6.983691526143165902e+02 2.305023022110078035e+00
1.628403952523869293e+03 7.503826616359252739e+02 2.351623841904342704e+00
1.575207078656827434e+03 7.347651906993273769e+02 9.654568605779445534e-01
1.766091445389757382e+03 7.583389815330085639e+02 2.605968679684764755e+00
1.706159801401141976e+03 7.991985061784905611e+02 3.134688958853651286e+00
1.531679452013069294e+03 8.250259281491541969e+02 2.713786598796600891e-01
1.676731239872552123e+03 8.515661842522157485e+02 1.881361334181249401e+00
1.860370566306788078e+03 5.513591507705622234e+02 2.965921761534380252e+00
1.811607577404307676e+03 5.872867886964202171e+02 2.865002083834901292e+00
1.966318470950664505e+03 6.072713785093286560e+02 3.054118565651112505e+00
1.732312425368976392e+03 6.154947683482668026e+02 6.063304130561711879e-03
1.889200872654025261e+03 6.618339673920163477e+02 2.916654927936273012e+00
1.679438101998513503e+03 7.065689882047612400e+02 1.390524268325334489e+00
1.754163701279630914e+03 6.968460507242322137e+02 2.205408465945487340e+00
1.828471255058701672e+03 6.835540245529963386e+02 2.431426234673724984e+00
1.952310850726716126e+03 7.375680083705287871e+02 1.002504316364146303e-01
1.766022470371604186e+03 7.607060063775361414e+02 2.629231419652588553e+00
1.705428378044122610e+03 7.982434537778958656e+02 3.061950715064262862e+00
1.869228623677769519e+03 5.562245147595474464e+02 2.972136473981292770e+00
1.965304019407471515e+03 6.104014943056506581e+02 3.076446740864927865e+00
1.889197057415212385e+03 6.620227679778888614e+02 2.926410390470191913e+00
1.829986390592179987e+03 6.840144196931978513e+02 2.143190119986178921e+00
1.951555319181533378e+03 7.380584005846351374e+02 1.673909479538799316e-01
1.965939027202422835e+02 9.009608205836746038e+02 2.177880928002325689e+00
7.869202954678009974e+02 9.907455781967289568e+02 1.175945634489146796e+00
8.773882616000892085e+02 8.402370246190735088e+02 2.562099857903847866e+00
7.865650307306020750e+02 9.909832550405074016e+02 1.066787319886495000e+00
8.652161301868670762e+02 9.983169517789426664e+02 1.809496946955441832e+00
1.029771061284587404e+03 7.620031832833903991e+02 1.490542955416655602e+00
1.100581283417757049e+03 8.069049568056897215e+02 1.275328546255814155e+00
8.739948286091098453e+02 8.399044892335155055e+02 2.547951213052233488e+00
1.119448853037945128e+03 8.778814239976868521e+02 1.084380412755820089e+00
1.174373199650115112e+03 9.515193287692879949e+02 1.344732953417942634e+00
1.027185490536000998e+03 7.628869162501686105e+02 1.502531790295819070e+00
1.100159538712975973e+03 8.083740208751999035e+02 1.371215623589835397e+00
1.211658217063948086e+03 8.162626473709373158e+02 6.552937925462909430e-01
1.118289024119457736e+03 8.780161642371408561e+02 1.161933193408593246e+00
1.268123624885920435e+03 8.822252590291757315e+02 1.108914369377833387e+00
1.330007108561152108e+03 9.064280884271338437e+02 9.009870489263895887e-01
1.172114983863290036e+03 9.519179849127131092e+02 1.427757306449954910e+00
1.234623585170054184e+03 9.804099399301571793e+02 2.042681917741996644e-01
1.478646817595975563e+03 7.097926359283470674e+02 2.665367030540927828e+00
1.345880799068120496e+03 7.374626209293102193e+02 1.254065614596481026e+00
1.211084808098476060e+03 8.152056555730217724e+02 7.120865084714324000e-01
1.354723881027920243e+03 8.097808823271635674e+02 1.152081792019306328e-01
1.267240856940222557e+03 8.804477248455382323e+02 1.154345429504760601e+00
1.327352244196411903e+03 9.050434970639348649e+02 9.912912859002248611e-01
1.233884540095407829e+03 9.804486233420270764e+02 2.556068355840757089e-01
1.468503249734987548e+03 1.013293190729298658e+03 2.459399979848875706e+00
1.475780770362466001e+03 7.136141494019444735e+02 2.722336980417764618e+00
1.578153911607472310e+03 7.348026158566486856e+02 9.850025658322913991e-01
1.629759651425245011e+03 7.558359165414213976e+02 1.523987020747919807e+00
1.351532004022906449e+03 8.108736772984498202e+02 1.868734511756212635e-01
1.534951973895801757e+03 8.215000479088232623e+02 2.186018678302959206e-01
1.624607935652652941e+03 8.834133552154989957e+02 2.268705850718802264e+00
1.580584890824127797e+03 9.087832518047928261e+02 2.039661474882552561e+00
1.521624033503235296e+03 9.489406082202913240e+02 1.565210224764742808e+00
1.472743601063416918e+03 1.018608116495012382e+03 2.584870961537944378e+00
1.679440425665776502e+03 7.073130471378602806e+02 1.341200033113853385e+00
1.575420436960677307e+03 7.332488383650127162e+02 9.643451432800258516e-01
1.629707196320892081e+03 7.508868588588875355e+02 1.534854606955006417e+00
1.770062327824582098e+03 7.584661312690660679e+02 2.785147507641730247e+00
1.706319228681413733e+03 7.982032878039527759e+02 3.088007142928719251e+00
1.533506048261883961e+03 8.218517679759769408e+02 1.962106999198547086e-01
1.679286789670478584e+03 8.528641487820525526e+02 2.089800801187312818e+00
1.623061663707874231e+03 8.847809811915053615e+02 2.392409792542958602e+00
1.743005816227160267e+03 8.969335890676277359e+02 1.642139658299305305e+00
1.579693133148013885e+03 9.087651523905653903e+02 2.125135810126257407e+00
1.518797505481777080e+03 9.487553380587019092e+02 1.579943349231425875e+00
1.686496206062725832e+03 9.914312284930620081e+02 1.521360128294635183e+00
1.675644291058324143e+03 7.096385233570988476e+02 1.279824271086304810e+00
1.951458716483967237e+03 7.361529369052072980e+02 1.557155729750706215e-02
1.767725962625610464e+03 7.609378627798897696e+02 2.735782174270625866e+00
1.707424296535861458e+03 7.970049884516306520e+02 2.930904417805535012e+00
1.676817524015658591e+03 8.527643902694901499e+02 2.094592897733603465e+00
1.743590774059397518e+03 8.972266763580837505e+02 1.629190333909968258e+00
1.686788406954599395e+03 9.896004459764963030e+02 1.562984588643524742e+00
1.852262578901839106e+03 9.957215050247814361e+02 5.363411697596244254e-01
1.951116365454641709e+03 7.363154439948049230e+02 1.624061403580707996e-01
1.856200385534195448e+03 9.947600745644049312e+02 6.387431546677501126e-01
1.957984861477466438e+02 8.993266578747150106e+02 2.212512123076949777e+00
1.390392092366832344e+02 1.045211404888261086e+03 1.293689176796620544e+00
3.624295857325473662e+02 1.042042946754606419e+03 8.645241481188931099e-01
3.613974438338580057e+02 1.042993819472055293e+03 9.456296849055011444e-01
4.759542197242326438e+02 1.043167439739819883e+03 2.743817011924728710e+00
4.751865882435558888e+02 1.043195563423207659e+03 2.770347340011767301e+00
7.865736807611945096e+02 9.908456586729889750e+02 1.130468399640672361e+00
8.412321636404559513e+02 1.104197202784390129e+03 4.405939576665842683e-01
7.860526804103897121e+02 9.916351284129204942e+02 1.117579289758936945e+00
8.650657759598711891e+02 9.976816223351231656e+02 1.846873678790341922e+00
8.420837751323928160e+02 1.102155005028813548e+03 4.153071926734307473e-01
9.635616188898607106e+02 1.102945801012872153e+03 5.859380388600822220e-01
1.118044770679462317e+03 8.780410925042269810e+02 1.136435150801707206e+00
1.174677074977346820e+03 9.527785943340811627e+02 1.465767589257751968e+00
1.057951987456637426e+03 1.053200149174643457e+03 1.367021211490310195e+00
1.116586424824502046e+03 1.068450715866793644e+03 1.483923604143066788e+00
9.629847728598128924e+02 1.103470972658035407e+03 5.317579519665793786e-01
1.180952183188131130e+03 1.149221332822223758e+03 1.872922337283714711e+00
1.117190787494028655e+03 8.752952571912358053e+02 1.112058991736707858e+00
1.268483918487610936e+03 8.812338456781483274e+02 9.769028068858304215e-01
1.325930292714430152e+03 9.070069857052483258e+02 7.751278762148945400e-01
1.172231355515900987e+03 9.506025640937086791e+02 1.329454747549127847e+00
1.234387744299626320e+03 9.799795078271552029e+02 2.350159052024609618e-01
1.057210815514786873e+03 1.053880913823289802e+03 1.320440523898972929e+00
1.290460891335751967e+03 1.066793128121371183e+03 1.740271456092523428e+00
1.113885704851480341e+03 1.067918875880218820e+03 1.480963528975651977e+00
1.236768948350078972e+03 1.128895788918666085e+03 1.923194878666698138e+00
1.176539075342383740e+03 1.151878095838544141e+03 1.717266664730117132e+00
1.329593857727908926e+03 1.175415763971659317e+03 2.302250538481890541e+00
1.266823459343842160e+03 8.787914537397225558e+02 1.058461780788944040e+00
1.326849715347320853e+03 9.044468617767984142e+02 8.837718476919553812e-01
1.234234544340891716e+03 9.792333834275025310e+02 3.134217735302678443e-01
1.475257729853434739e+03 1.015833398141583530e+03 2.655197516194403029e+00
1.356495758156443571e+03 1.040736104606041636e+03 1.321934898251476920e+00
1.289478852390562224e+03 1.065588687529970684e+03 1.637959657723085716e+00
1.439859683328808842e+03 1.094230369491499005e+03 2.353469732650270263e+00
1.233225171291353490e+03 1.130146067906821372e+03 1.767468036361695249e+00
1.399602452021329327e+03 1.146474475846463520e+03 2.614656117418956427e+00
1.332760159553399717e+03 1.181704809928522536e+03 2.261558990682480452e+00
1.629158101414348039e+03 8.825992632576778760e+02 2.406450649342307013e+00
1.582216158819571319e+03 9.055422549063105180e+02 2.055617900318170044e+00
1.521798700091979072e+03 9.453012059842019426e+02 1.574465543479062868e+00
1.473412592184883579e+03 1.015972884312010365e+03 2.642202045264372856e+00
1.353976572547528122e+03 1.042166017956061069e+03 1.305965432896688094e+00
1.596666508728938197e+03 1.053942535963774162e+03 9.639451096494685567e-01
1.438691207597066523e+03 1.093956345900501219e+03 2.364523725615975458e+00
1.395294264751868013e+03 1.147842511197216027e+03 2.654643123041548147e+00
1.743919476843076154e+03 8.957465365222433320e+02 1.645309866611387672e+00
1.623924750753006720e+03 8.835237793534784032e+02 2.432637101840832372e+00
1.579940020291169276e+03 9.079639645613044650e+02 2.078988800102099965e+00
1.519227661625577412e+03 9.480670614785049111e+02 1.606329956773755896e+00
1.687030846969477807e+03 9.900077812933334371e+02 1.523638223826618621e+00
1.595204426191885659e+03 1.056439299812549280e+03 9.503492254916283688e-01
1.741224863902439438e+03 8.932595708217349966e+02 1.704448332011772260e+00
1.685548914966413122e+03 9.884834492419117851e+02 1.583535289145696412e+00
1.852225233662102710e+03 9.953955947009226293e+02 5.343048314571383628e-01
1.850471880466284119e+03 9.949438847103554053e+02 6.497389837114690980e-01
1.376291076252733205e+02 1.045079917518768298e+03 1.248226814398545770e+00
3.598665224006024346e+02 1.044735929105238256e+03 8.140087001372473541e-01
2.973766340804270385e+02 1.210937749728189829e+03 1.863446792020406750e+00
1.586828772006842883e+02 1.218641646529134960e+03 2.575279160205679485e+00
2.289210280096345969e+02 1.228932272829626754e+03 2.224255780530595583e+00
1.583052735215950406e+02 1.273648569491031367e+03 2.850209784974923277e+00
3.618587798277886804e+02 1.042044485833638646e+03 8.812215687789171081e-01
4.778747646987947064e+02 1.041361447602504086e+03 2.814435456600959728e+00
2.969115610414950766e+02 1.210655430724569896e+03 1.903864107371646242e+00
4.752353783737112281e+02 1.042116117856670598e+03 2.831727088818157156e+00
8.406177749201580127e+02 1.101719099063867134e+03 4.808999469576083485e-01
8.420946794600598651e+02 1.101265730964192926e+03 4.331632372707636680e-01
9.640682725761200800e+02 1.102247848796941526e+03 6.158508789181152965e-01
9.463554039293594542e+02 1.200693913081841856e+03 1.115464009106374332e+00
9.896441403129770151e+02 1.240156427124516540e+03 5.350502913757411161e-01
9.218287348131218550e+02 1.315798863171371067e+03 7.796065853036551752e-02
7.134856345229189856e+02 1.339342245571451258e+03 2.216759930009487345e+00
1.058085001325160874e+03 1.051703115370276237e+03 1.416701907686767514e+00
1.116052925193606370e+03 1.066036600228602538e+03 1.505729597010639687e+00
9.635851571994464848e+02 1.102489563455410917e+03 5.499148893699561391e-01
1.179036209256127904e+03 1.149755574620238349e+03 1.720689268829304730e+00
9.453260212112675163e+02 1.200670309782376080e+03 1.045744773509169612e+00
9.882953391145199475e+02 1.239995547611852771e+03 4.049921919515361290e-01
9.186314724080120868e+02 1.315725857284167205e+03 8.353816205198988376e-02
1.055043937766009094e+03 1.051441065056542357e+03 1.205319076321939020e+00
1.114205682044530022e+03 1.066493707548519296e+03 1.379268094318935711e+00
1.290942721959788742e+03 1.064078052629023887e+03 1.699382388386718956e+00
1.236650736605436350e+03 1.127189843879081991e+03 1.846952901449558260e+00
1.175871958291523697e+03 1.149486401799430041e+03 1.628515681646574453e+00
1.334457679662183864e+03 1.180953294789405845e+03 2.342417144762330317e+00
1.282795608984412866e+03 1.251939291560046058e+03 1.471173868964753551e+00
1.330336402576814862e+03 1.334409542333278068e+03 1.052939426366551245e+00
1.194218323760512931e+03 1.337662119512689515e+03 2.567853307930976214e-01
1.356735426923700743e+03 1.038923279493423479e+03 1.280028240841435627e+00
1.289834615013760185e+03 1.063460159721065111e+03 1.618502812656200884e+00
1.439408621378073349e+03 1.093589533538547130e+03 2.433618441198952542e+00
1.234601467471499291e+03 1.125812576302899743e+03 1.800612112060154590e+00
1.398258052834883983e+03 1.144284582537154165e+03 2.686218957498730742e+00
1.331626402114608936e+03 1.178870706687798702e+03 2.322317872219383350e+00
1.281918731481238410e+03 1.250878844302098969e+03 1.417711927865502597e+00
1.386399064230318572e+03 1.270078262407958846e+03 1.354779047903569733e+00
1.450226870627108383e+03 1.298343398585534032e+03 1.602386206385494560e+00
1.323930765922239516e+03 1.341598106460432746e+03 1.268511913600255170e+00
1.194029186007048111e+03 1.339621694667080646e+03 4.629676818518919101e-01
1.352230466620151901e+03 1.042621969766565599e+03 1.140194567790741242e+00
1.596465408444271361e+03 1.053502606512054854e+03 9.259892092535244590e-01
1.439077752984513381e+03 1.093156476106433047e+03 2.346613486099843104e+00
1.397780008093728611e+03 1.145598331855269180e+03 2.633662385987460830e+00
1.506059311049172493e+03 1.201300053295694624e+03 2.261158885379010108e+00
1.383932213118185018e+03 1.270892375625963041e+03 1.333390723568580905e+00
1.482836629743513868e+03 1.286548512254991920e+03 2.270099575816112214e+00
1.627095332708958267e+03 1.293666965471099502e+03 2.462735407434203161e+00
1.439214922388763853e+03 1.303620753611894770e+03 1.563964977987504890e+00
1.596442013164069522e+03 1.051973378173680885e+03 1.036617926732714468e+00
1.627075266607830827e+03 1.295309268085821941e+03 2.492187471057185633e+00
2.974479278388415651e+02 1.208225371288016049e+03 1.863086722249704952e+00
1.565896414380006263e+02 1.215542180747383782e+03 2.627857860031157067e+00
2.290344619008005793e+02 1.227790639457079578e+03 2.205865038128191458e+00
1.582559080328936716e+02 1.273591725567584490e+03 2.857960662192036594e+00
2.969403901614220445e+02 1.209785338115706281e+03 1.893138413330967884e+00
2.265398499151518763e+02 1.228809608805771177e+03 2.307344999313261091e+00
5.314625862321368004e+02 1.501296812558703550e+03 9.070912120264611467e-01
6.512438678700456194e+02 1.394557067571081006e+03 1.834150391152298942e+00
5.818214853701856555e+02 1.433365368097282499e+03 1.510378030355496559e+00
7.217386907413178960e+02 1.341914523473022200e+03 2.072196704994001326e+00
6.508461073455746373e+02 1.394473042882777690e+03 1.816634586667146944e+00
5.805550375217998180e+02 1.433958241255401617e+03 1.500216729027335161e+00
9.471507359167958384e+02 1.199925027960920261e+03 9.581936949742272391e-01
9.862708031872591619e+02 1.237697446175798859e+03 5.038351838299268692e-01
9.203834799383480458e+02 1.314008485513060123e+03 1.507668010656096624e-01
7.195986403006080536e+02 1.342359707359581307e+03 2.065175184098460903e+00
9.009499998777953351e+02 1.434736010852420804e+03 1.409838269938004318e+00
9.436304393520406393e+02 1.196597189232544224e+03 9.996361151479817853e-01
9.880294886150843467e+02 1.238419117154776131e+03 4.596150907465888502e-01
9.191426973226480186e+02 1.313340389754028593e+03 1.638901809453007230e-01
1.117026933338030858e+03 1.386432590222111003e+03 1.824352103634402589e+00
8.999980201393925654e+02 1.433719289242922287e+03 1.381810372194506753e+00
1.068041407540514911e+03 1.444977753770473328e+03 2.196822999930516662e+00
1.160074980565655778e+03 1.499454398252897363e+03 2.691307496583545955e+00
1.283047089201391373e+03 1.249029100054919809e+03 1.468344736481586699e+00
1.325810761699422528e+03 1.338440711310284541e+03 1.326230892964944896e+00
1.194560279670279442e+03 1.333475395991506957e+03 2.228722583231697585e-01
1.115601533076110627e+03 1.386987998656298259e+03 1.815982007668322407e+00
1.204159733828046683e+03 1.423966419986473284e+03 2.216500023448979562e+00
1.064895245668522193e+03 1.446608785051053928e+03 2.224591459883025646e+00
1.282435612037335432e+03 1.248385775518886248e+03 1.496059175818857723e+00
1.386326289612878782e+03 1.268052708429777795e+03 1.437655241414356411e+00
1.484928435188423919e+03 1.284896173865268793e+03 2.413894689408229155e+00
1.440617702746871373e+03 1.301450683399853460e+03 1.696503101907584465e+00
1.324437414867218649e+03 1.339458021854174376e+03 1.353244178763596484e+00
1.193192110190158246e+03 1.333860073617747275e+03 1.881834454275505830e-01
1.373092888194854140e+03 1.401694209105069604e+03 1.371669225036487916e+00
1.201129236273876586e+03 1.423797422247331269e+03 2.257329131363844610e+00
1.469730064989647417e+03 1.460013958916525780e+03 2.307928465180725475e+00
1.420388729804346895e+03 1.499370641186291550e+03 1.721755571363111192e+00
1.505153574721979112e+03 1.199334632388296541e+03 2.308273018636682661e+00
1.384422584656880417e+03 1.267863157773163721e+03 1.351016935287928655e+00
1.480809607420570046e+03 1.284640683031271692e+03 2.322706098261953844e+00
1.627027204554646914e+03 1.292972088526428706e+03 2.529714417852277908e+00
1.439386498062955980e+03 1.300887980038186697e+03 1.539169903599840294e+00
1.370745671059005190e+03 1.403498513115245260e+03 1.289632378044157868e+00
1.581246495755381602e+03 1.413723706720914379e+03 2.517503913542178839e+00
1.653021984957841823e+03 1.418384386564372335e+03 1.999799233712374003e+00
1.467146393779548134e+03 1.459412663110595759e+03 2.246101268302763021e+00
1.540240001581564002e+03 1.461586080458275774e+03 2.522456460949576318e+00
1.417865311908415606e+03 1.499078696812449607e+03 1.594454241619648549e+00
1.506461230554904432e+03 1.204796318011293579e+03 2.455366822054930065e+00
1.626258099611189664e+03 1.292692562077405910e+03 2.472752634916577374e+00
1.580230686202214883e+03 1.413220765744511709e+03 2.454101747987091464e+00
1.653017662520790509e+03 1.419118657429831273e+03 1.992440043754772905e+00
1.536786396285888259e+03 1.463084898550631124e+03 2.509767894574277403e+00
6.761243320307534077e+01 1.518508824377106293e+03 1.867969625741947359e+00
1.409458112988641005e+02 1.546224952664580996e+03 7.945496367839950391e-01
3.312586239981805534e+02 1.560395795356221470e+03 3.110439874123583692e+00
2.249836351919991557e+02 1.579109229255730952e+03 5.710182900982378046e-02
5.296485336885707511e+02 1.508366275646568056e+03 1.792802123161736594e+00
4.775727387705233014e+02 1.574791609372699213e+03 2.234945520062379121e+00
3.277383875886201849e+02 1.559594612893611611e+03 5.660941789473428187e-02
4.713857457409799281e+02 1.660917454716724023e+03 3.122634258670485163e+00
6.513386450046326672e+02 1.392725841743997762e+03 1.737493860019126757e+00
5.825362945818187654e+02 1.432090996570745119e+03 1.450949544264583668e+00
5.281634616723138151e+02 1.508200980421931263e+03 1.767266671858500171e+00
6.606504752746021722e+02 1.518235315765513405e+03 2.179488173677420093e+00
4.768810011613602455e+02 1.575043033330426169e+03 2.306240933310801822e+00
6.479428574745835476e+02 1.587733039584568814e+03 2.015351675034735557e+00
5.752796392230346783e+02 1.609806773539400183e+03 2.922733883248311848e+00
6.502985073728350471e+02 1.392987281142623715e+03 1.762762031407185459e+00
5.813143507218470631e+02 1.430323490620975917e+03 1.486806093818153984e+00
6.594281734222065552e+02 1.516981278494065009e+03 2.259737725155524846e+00
8.232317149911077649e+02 1.573527741393219230e+03 2.236593506829366529e+00
6.464530747165595130e+02 1.588305476968615721e+03 2.076507863848769730e+00
7.145585456555041901e+02 1.624331348930486229e+03 1.560686468181359032e+00
5.739182764581208858e+02 1.611873511676310727e+03 2.957025762271042080e+00
8.053838605769809647e+02 1.638533585105183192e+03 2.938145365567748968e+00
9.015426686658215658e+02 1.430211448911426942e+03 1.380651786081606769e+00
8.211425723920672226e+02 1.573738681326797860e+03 2.161237044712708055e+00
9.201261681041889915e+02 1.555025905306251161e+03 2.249551305660596745e-01
9.635076453200892956e+02 1.618802568616192048e+03 1.106803995709906729e+00
7.108422675716628873e+02 1.619748959451967721e+03 1.750590711501081698e+00
8.024685204567359733e+02 1.643103593111135524e+03 2.749492641232825996e+00
1.116558992923522965e+03 1.384173114289629211e+03 1.770936571989970343e+00
9.001098632893138074e+02 1.430911994163402596e+03 1.396009504947440805e+00
1.067767437214193933e+03 1.442897988354146946e+03 2.147102275174090469e+00
1.165814922309861231e+03 1.500401030539989051e+03 2.723412397899554804e+00
1.029652220134105846e+03 1.529343444047250614e+03 2.912109740061533003e+00
9.179178671427414429e+02 1.556388481125196449e+03 2.461199365071845557e-01
1.154051472005467531e+03 1.562930654525421460e+03 2.814200391529989798e+00
1.087328522756917664e+03 1.598116229104929516e+03 1.934268636085899069e-03
9.618399783515692434e+02 1.618657455084323374e+03 1.112659470841126819e+00
1.037428906081017885e+03 1.648381206933862586e+03 4.176234868723550653e-01
1.115327004409463598e+03 1.384380000042542406e+03 1.768116711009032560e+00
1.203840126435586399e+03 1.421613519256244672e+03 2.141535481754183401e+00
1.067311168604221166e+03 1.442481194287172912e+03 2.168049457006132830e+00
1.164223437674907473e+03 1.501063920567044079e+03 2.739727546458337937e+00
1.254507463861463748e+03 1.518909234558298976e+03 1.036237684687953520e+00
1.336452143839774635e+03 1.523250878460613194e+03 8.917945205811926845e-01
1.029232235531627566e+03 1.530073711757261663e+03 2.959716819262025567e+00
1.154009314255982190e+03 1.563326572151912615e+03 2.867594963821459952e+00
1.322445054009175465e+03 1.577446739576925211e+03 6.876852856136176362e-01
1.085004087321155339e+03 1.599383814146567374e+03 5.144662168190114460e-02
1.204863708535156547e+03 1.624186601549095030e+03 1.539344733054282544e-01
1.372972733007063425e+03 1.401003508213425903e+03 1.422384959953125527e+00
1.202241230546609813e+03 1.423113568218909450e+03 2.233792683606160345e+00
1.468456160108565882e+03 1.459043917933098555e+03 2.332977098652148751e+00
1.418917989997139784e+03 1.501510311732844457e+03 1.650149336752158247e+00
1.253211245354071252e+03 1.519364275829866529e+03 9.963010400681077128e-01
1.333911110038221295e+03 1.521198417303255610e+03 7.284334119666265872e-01
1.459124518664483503e+03 1.583621713913027179e+03 1.045679264170264577e+00
1.324428344537927160e+03 1.582564982059943304e+03 4.152339264020024068e-01
1.208640089039395889e+03 1.626385752508532732e+03 3.141500994958664972e+00
1.348858030939775745e+03 1.634641176628483208e+03 4.722734294024673596e-01
1.370096296028229744e+03 1.401376887861184969e+03 1.362516819530501744e+00
1.581162094617996900e+03 1.412582742325513436e+03 2.522838572011574243e+00
1.655098810238189799e+03 1.419347345244346343e+03 2.144600013462308219e+00
1.466828215203215905e+03 1.457697230129601394e+03 2.289519987749076613e+00
1.540004692026026532e+03 1.460366049791489331e+03 2.498770407844601138e+00
1.417906292367634023e+03 1.501067242542830627e+03 1.621731995693006967e+00
1.531805239918164716e+03 1.570580292093651451e+03 1.496826120612882560e+00
1.457158841320125930e+03 1.582001031354849147e+03 1.005635321477377886e+00
1.353064746533206971e+03 1.634290042803252618e+03 5.103785012768214946e-01
1.576375495112895806e+03 1.658622272165585400e+03 1.736860844436120210e+00
1.580215237020928043e+03 1.411526644785024246e+03 2.540358477666440518e+00
1.652216297858548160e+03 1.416382983358010506e+03 2.077965489429205448e+00
1.538458982099035211e+03 1.460311588357255459e+03 2.536044653104965185e+00
1.726595085691059239e+03 1.556177072653577397e+03 1.844683085756073870e+00
1.529754335555882108e+03 1.570133899892700128e+03 1.422842524771702255e+00
1.789368723376566095e+03 1.631581904677861985e+03 1.778628290053141159e+00
1.573969020293658104e+03 1.654699196327203026e+03 1.590799520148817425e+00
1.725211693073751576e+03 1.557200156783940201e+03 1.904784943269162589e+00
1.788040290729780281e+03 1.637871503947535530e+03 1.861784405594436365e+00
1.675683473124512375e+03 1.659353046111563344e+03 1.880382414117635070e+00
7.051996431064355875e+01 1.518338069164585932e+03 1.949817913379148226e+00
1.414804390957439182e+02 1.546205569998116516e+03 7.981999736663261125e-01
3.341541141193687281e+02 1.560126617191542664e+03 1.687495990773416055e-02
2.254770673979242588e+02 1.579232098402777183e+03 7.676571995308367757e-02
5.328516422088480340e+02 1.514113710876143159e+03 2.769003758020358141e+00
4.779989384998814330e+02 1.575639980436165615e+03 2.202134564748756240e+00
3.284032387104784334e+02 1.560399810531478806e+03 3.584944311183285021e-02
4.747230288115433723e+02 1.661108963212239587e+03 2.999818460512257534e+00
5.275056710593154321e+02 1.507399696821612451e+03 1.746726455031651470e+00
6.611304088733784283e+02 1.520814023370976429e+03 2.393145445737460353e+00
4.770834121232630878e+02 1.574341478410288573e+03 2.250342510845728228e+00
6.478245387160047812e+02 1.587574589573257981e+03 1.985323826149280491e+00
5.749956014203872883e+02 1.609205144207408011e+03 2.897703474191678730e+00
4.722162251149247822e+02 1.660274507901980996e+03 3.018490916945640201e+00
5.817517808319570349e+02 1.685669226292800431e+03 6.222627756273335642e-01
6.743988798329860401e+02 1.720385442884461099e+03 2.053728664198204434e+00
6.587485769460931806e+02 1.518967801220204365e+03 2.189845688255851908e+00
8.239523231394382492e+02 1.572061159964046965e+03 2.146799904200702436e+00
6.465398862043002737e+02 1.587721131833231993e+03 1.995197414423243165e+00
7.135750154534067633e+02 1.623538539070947081e+03 1.567570598458566167e+00
5.733218228499940778e+02 1.609006526032022066e+03 2.899125389972563749e+00
8.066080983212694946e+02 1.641235325627203565e+03 2.792262320033028988e+00
5.814128011082341345e+02 1.684678926605261950e+03 6.196357489124906248e-01
6.728270756338895353e+02 1.718873135966377276e+03 2.050924910929404099e+00
7.890290035407842879e+02 1.698645572657741013e+03 3.071764438233242966e+00
7.535659488095288907e+02 1.754074556563579108e+03 2.338274920757514419e+00
8.520937656159346716e+02 1.801443780899790909e+03 2.830184343142683190e+00
8.213218037288920641e+02 1.573745622142759885e+03 2.110463293327429213e+00
9.203734030511068340e+02 1.555201051054834579e+03 2.370876111188920110e-01
9.633984075500306972e+02 1.616375240850235969e+03 1.106448536541040806e+00
7.090336371905393662e+02 1.622236444316499274e+03 1.630549353583207184e+00
8.050025801939157191e+02 1.641927492255070092e+03 2.644326092051876298e+00
7.873570356660197831e+02 1.698586596390624209e+03 2.973537562939791989e+00
8.856368338769939328e+02 1.723804904719909700e+03 1.884293928010784436e+00
7.512506163318694234e+02 1.755157860386810171e+03 2.324957089286476375e+00
9.653114048217626078e+02 1.764989050489895362e+03 5.208398110792809010e-01
8.584327259132780910e+02 1.802648152657879564e+03 2.859438082174930784e+00
1.030587234554431916e+03 1.528147193103425252e+03 2.814017066833691683e+00
9.168864796593477422e+02 1.554312389801447125e+03 1.642689539050228853e-01
1.155121456450855248e+03 1.558953457637816882e+03 2.761905484856754800e+00
1.087229536098512199e+03 1.597385684317685673e+03 3.026247065047409368e+00
9.617942805892762408e+02 1.617129265908903790e+03 1.178167650232752717e+00
1.038292351523542493e+03 1.643911657568876763e+03 4.143739880392636188e-01
1.120970058805970893e+03 1.673663220810046596e+03 3.659914994508388086e-01
8.821529517684562052e+02 1.725611162044646335e+03 1.843284751394736132e+00
1.089984648257605841e+03 1.715770303162459186e+03 5.875861057730061843e-01
1.170644092272053285e+03 1.760691621880344883e+03 1.792756967765736009e+00
9.624306185812879448e+02 1.764634410984421038e+03 5.666598929071930968e-01
1.251550306353943597e+03 1.518637231457862754e+03 1.111708867628923292e+00
1.033943743498815820e+03 1.529191427011526685e+03 2.721005031279884800e+00
1.152451476420888866e+03 1.561170417063962532e+03 2.774197652848561901e+00
1.323084978130636955e+03 1.576670777999059055e+03 6.395311552764854079e-01
1.083630564924272221e+03 1.598629205090339156e+03 3.066188671840360147e+00
1.203159366398417205e+03 1.622431203528066362e+03 6.235636825177977988e-02
1.032104841568126403e+03 1.644541499992231138e+03 4.952698554296190436e-01
1.117270014409419900e+03 1.674375177549786031e+03 4.105193041028557532e-01
1.317485654443159092e+03 1.700871694297095701e+03 2.819666834033367930e+00
1.235135143402152153e+03 1.719269509587644279e+03 2.968194827646415401e+00
1.087333800750488081e+03 1.715463368976598758e+03 6.267334128995700748e-01
1.168000130002232254e+03 1.765977934389884922e+03 1.742712737943929113e+00
1.328593217477841563e+03 1.771738006152425896e+03 6.283155293849137513e-01
1.333490590304313628e+03 1.517897039447543193e+03 8.335645413979000384e-01
1.249349389212829919e+03 1.517489906988464554e+03 1.062525578538273230e+00
1.416398245254141329e+03 1.506251775156708391e+03 1.662322520471614773e+00
1.456940267973719301e+03 1.581667342887904624e+03 1.102293609709358302e+00
1.323035639012254933e+03 1.580452894687414528e+03 3.768347459391612198e-01
1.200308620218679380e+03 1.622799868791826611e+03 3.129768243217062373e+00
1.347281573287812989e+03 1.632743146492882488e+03 5.072748082945471859e-01
1.432348487266514667e+03 1.680266483667609236e+03 6.787278583616558336e-01
1.318177842217438638e+03 1.702160448886229005e+03 2.754445998627224945e+00
1.234715259857782712e+03 1.719159616806494796e+03 2.971482034780331460e+00
1.332626354106652116e+03 1.768629525340385953e+03 5.442420972429788950e-01
1.431014383573584837e+03 1.791983253199168757e+03 1.891318850671202423e+00
1.531463225396286816e+03 1.569040345317200263e+03 1.528186403348938960e+00
1.457395542588463741e+03 1.580977553481403447e+03 9.936746436472265742e-01
1.575966594115718181e+03 1.659401195336778073e+03 1.766986202968443997e+00
1.432530610891330525e+03 1.679649379057608030e+03 5.943981546190015841e-01
1.505210887948363052e+03 1.701126854414255376e+03 1.293616009859455795e+00
1.554473876823164346e+03 1.782041927061633260e+03 1.735075635097745206e+00
1.429856612559020505e+03 1.792280701933425462e+03 1.957317124812077536e+00
1.613719922299578229e+03 1.812685522987582999e+03 2.116094841186912490e+00
1.726467764024612052e+03 1.555384182549995785e+03 2.004171741274363150e+00
1.528352393074765132e+03 1.568891419391594354e+03 1.389671056455358045e+00
1.788708475964212766e+03 1.635344917032359263e+03 2.065939275611961001e+00
1.574973664793066746e+03 1.658260002035354091e+03 1.732634859697602447e+00
1.679919108823141187e+03 1.664920028566946485e+03 1.782047916542059296e+00
1.752676518679206993e+03 1.689826519622615706e+03 1.784616241374529233e+00
1.809015732025135776e+03 1.755250273550765769e+03 1.222198804100840031e+00
1.694254476490702928e+03 1.775005602062832622e+03 1.223645141648063595e+00
1.552430861631789412e+03 1.780880054163999375e+03 1.672899250664734438e+00
1.611236486954943530e+03 1.813302587118138035e+03 2.093093722580740668e+00
1.725251557352813961e+03 1.555147030501755125e+03 1.960239307172753964e+00
1.788234446872874514e+03 1.635566903803508694e+03 1.934648978856858825e+00
1.678044356124001069e+03 1.664633404340924017e+03 1.765329658303113503e+00
1.751479470990133905e+03 1.690495116663004183e+03 1.762620160281086035e+00
1.868524884190622515e+03 1.724554085980081481e+03 2.435505850679407391e+00
1.805364049104074184e+03 1.757418680229401389e+03 1.345913936194903959e+00
1.693162446659582884e+03 1.773388361931374902e+03 1.249018672987376011e+00
1.867711569140883739e+03 1.725751666777171295e+03 2.399351045474164223e+00
5.805869412697870757e+02 1.685563989111900128e+03 6.421464752987604552e-01
6.748000688656040893e+02 1.720940880088194490e+03 2.115626761779268783e+00
6.542293074464037090e+02 1.867667527718886276e+03 2.287506039680357706e+00
5.788204806884410800e+02 1.683608053831114148e+03 6.841090288899310812e-01
7.901141906382708839e+02 1.696088406588914950e+03 3.110622793616838688e+00
6.718222990355659476e+02 1.717999923995733070e+03 1.982352576894632623e+00
7.530334640591332800e+02 1.753663607491151652e+03 2.320650329220554031e+00
8.578496308470330405e+02 1.800494237606481647e+03 2.961980336755105192e+00
7.539961364899568252e+02 1.837830578675941524e+03 2.672079766736854989e+00
6.527219757817576919e+02 1.865832346395953437e+03 2.216602448036511852e+00
8.543477474522212560e+02 1.868156470869779014e+03 2.934022637581311876e+00
8.443126664125845764e+02 1.929085378792281062e+03 2.978918238031873500e+00
7.879042678672959710e+02 1.693748716003671916e+03 2.946157067024006260e+00
8.859178726710367755e+02 1.724108675438538057e+03 1.814305875942693103e+00
7.524895573702375486e+02 1.753628507965644530e+03 2.244171714314522781e+00
9.643944028630828598e+02 1.763223610110338086e+03 6.246832723873216864e-01
8.592645517631256098e+02 1.801104317900551905e+03 2.877385217613000812e+00
7.541840786033201312e+02 1.837354187763057553e+03 2.587912626792047366e+00
9.933510266003950164e+02 1.841034884884091753e+03 3.032970017204475455e-01
8.551233827936321177e+02 1.867741468484448205e+03 2.896963056336483877e+00
8.483643908479193669e+02 1.929559451897810959e+03 2.865459463508472027e+00
1.117740209165011720e+03 1.674775039725401030e+03 6.409846085722918918e-01
8.841988651070446394e+02 1.726401559743180314e+03 1.916121832694316574e+00
1.088669300844772579e+03 1.715386353468697280e+03 6.192548779469896347e-01
1.171316666482199707e+03 1.765867210863162882e+03 1.764229352851336197e+00
9.619144939519326272e+02 1.764046200390529066e+03 6.063388560425685414e-01
1.139795823986499499e+03 1.829332495875773702e+03 2.628612781625160100e+00
9.914648711349457244e+02 1.841353453096842031e+03 2.256434473483940606e-01
1.145274464770157465e+03 1.892094020692308277e+03 2.972450425953850672e+00
1.027079534272116689e+03 1.914904584122504275e+03 2.486218621219724867e-01
1.144375954773537615e+03 1.951005895473792407e+03 2.749038911271848296e-01
1.122781257459131439e+03 1.668048738329960770e+03 4.166219697326309368e-01
1.314272288986188869e+03 1.697611363810241755e+03 2.794239514464093688e+00
1.085463601425037268e+03 1.712859560317416936e+03 6.288800486358558928e-01
1.234602728752657868e+03 1.717942864934799900e+03 2.943172157346307660e+00
1.168320415442215335e+03 1.764669282148192679e+03 1.789055656598034005e+00
1.330948679387920947e+03 1.768513279639974826e+03 5.725449718935826660e-01
1.222194652933785164e+03 1.828273029773835106e+03 1.491360485998239227e+00
1.138769235531796539e+03 1.829061270224385680e+03 2.644476448603490404e+00
1.144173607845610604e+03 1.892958682586599934e+03 2.965933301683823409e+00
1.258354499815355894e+03 1.953670595582411352e+03 6.759370165590806723e-01
1.341200662267033294e+03 1.944023853626144501e+03 1.236903794631806219e+00
1.142914879899751440e+03 1.949308326779280378e+03 2.165347020835684810e-01
1.433183458124114850e+03 1.678043568260021402e+03 6.262725568320247627e-01
1.319039700664880002e+03 1.700385424214213117e+03 2.867688690424522679e+00
1.234896538637715821e+03 1.717358294357301475e+03 3.032874562371029814e+00
1.332873440663503061e+03 1.765912411650159356e+03 5.445781352191250146e-01
1.430576165170747799e+03 1.790691774705816215e+03 1.931065839085679414e+00
1.221625397542027940e+03 1.828295920176623213e+03 1.459227979319878354e+00
1.356031225941354251e+03 1.832554096686719276e+03 1.263390110796671184e+00
1.497514959777609420e+03 1.906279302211328741e+03 2.304766763593547818e+00
1.337708724257528047e+03 1.942406962431258762e+03 1.285951930886744421e+00
1.255109014819678805e+03 1.952204858648005029e+03 5.825882995403549591e-01
1.430316618025131675e+03 1.677337932253765757e+03 6.496409795084748806e-01
1.504860416555907932e+03 1.700798438819573903e+03 1.257410681063530822e+00
1.553643041636312091e+03 1.780339312226436050e+03 1.643184827286234162e+00
1.429654619417567346e+03 1.790734783017294149e+03 1.894751437147615514e+00
1.613177253789228644e+03 1.813739332580371865e+03 1.978271401322558409e+00
1.353159519832816841e+03 1.832811191792553927e+03 1.223915330231094334e+00
1.562647280250112317e+03 1.877536739251667768e+03 3.096901658880676589e+00
1.494541666015481269e+03 1.907170072369890931e+03 2.332123959722678830e+00
1.641719009564377302e+03 1.919358617057006995e+03 6.866130092962616782e-01
1.751826391335568360e+03 1.691548872845090500e+03 1.820429206284570611e+00
1.806773633852837975e+03 1.757850128180310548e+03 1.404218104956362678e+00
1.693399495062912365e+03 1.776013973963374156e+03 1.312673066886782758e+00
1.552222295823429477e+03 1.780720906129655077e+03 1.703822521676273238e+00
1.612139348953762237e+03 1.813809396662967856e+03 2.019679616360080310e+00
1.736250000144063961e+03 1.829488640466181096e+03 1.117268093941164553e+00
1.560964654274841678e+03 1.877968716176605767e+03 3.067416167797385462e+00
1.639284277562799389e+03 1.916382136256428566e+03 6.626903200182000520e-01
1.656979819469293943e+03 1.965958228488400891e+03 1.001411667994727805e+00
1.676321560303411616e+03 1.669131906323543490e+03 2.088145163533240201e+00
1.751240984657301851e+03 1.691238081500525823e+03 1.809968771886661498e+00
1.868987195853838102e+03 1.725409197295288095e+03 2.411639475570003466e+00
1.805804522425270989e+03 1.757327275590794216e+03 1.412875193479348201e+00
1.693097737796590309e+03 1.775338575682219926e+03 1.324841879093279218e+00
1.736797578467599806e+03 1.829790752297674317e+03 1.126830267541437003e+00
1.868893203227788263e+03 1.727648261913093393e+03 2.371719476208122845e+00
6.545600220861974776e+02 1.866378747479679532e+03 2.372011188421887073e+00
7.536996596286488739e+02 1.836336062511243654e+03 2.703553784120813486e+00
6.526777655549470865e+02 1.866094639663950602e+03 2.274947723855258008e+00
8.538503896062886724e+02 1.865023264634642146e+03 2.817152629496662009e+00
8.471408824726767079e+02 1.929996617292606516e+03 2.955714831322950431e+00
7.544656004507552325e+02 1.839559468676847018e+03 2.601220119936875186e+00
9.904107053718780662e+02 1.840809056036569700e+03 4.702114262244897480e-01
8.546210775207759980e+02 1.868092308328916033e+03 2.910248049384088986e+00
8.471578067768820119e+02 1.930486171656927581e+03 2.875116394913906692e+00
1.138072958911632668e+03 1.828358710950697741e+03 2.648430689463501686e+00
9.927536671003790616e+02 1.840213661349287804e+03 3.044226503439024234e-01
1.145469561778671505e+03 1.890584177023697976e+03 3.070865470533983288e+00
1.028663687881824899e+03 1.914198683614277797e+03 3.139975487615342953e-01
1.146230875659912272e+03 1.948315653335495426e+03 2.871315039438838701e-01
1.041630834711428179e+03 2.114435466430934412e+03 2.760412294861300353e+00
1.141126922673102854e+03 1.830626526865887172e+03 2.590183559965769877e+00
1.223192036855552715e+03 1.828709244018732988e+03 1.493865765272929913e+00
1.144579158442001699e+03 1.892745288739018633e+03 3.025641062118525237e+00
1.029598867219714975e+03 1.914933683515570010e+03 2.218359542724835931e-01
1.341272924635847403e+03 1.943178759640127737e+03 1.332955738825099656e+00
1.258830456094585770e+03 1.949999832149723716e+03 6.605544538074207273e-01
1.144103874280648142e+03 1.949878857320487441e+03 1.578350235302507787e-01
1.041165934111266779e+03 2.118226420408353533e+03 2.702453068717442175e+00
1.219494533637884615e+03 1.830140151373277604e+03 1.465922590081658150e+00
1.355977429135254624e+03 1.835335825790645458e+03 1.246592276147513001e+00
1.497198640265855147e+03 1.906368310511213622e+03 2.331485339339810725e+00
1.339167485659115300e+03 1.942693474051566682e+03 1.308885325943382139e+00
1.257061330908260061e+03 1.950896814491395617e+03 6.047974818619626936e-01
1.347447014542631223e+03 1.842140943013612741e+03 1.098810649951973639e+00
1.561841922369595750e+03 1.878202415145608938e+03 3.078755326408632254e+00
1.493064107219622656e+03 1.906912256236157646e+03 2.267947929992351952e+00
1.642395164166478708e+03 1.917643061629185468e+03 7.614109032287211809e-01
1.661817607817877615e+03 1.963837216621865082e+03 1.044285632712879996e+00
1.735707430819483307e+03 1.831733548963635030e+03 1.198287774878838530e+00
1.561825432129556020e+03 1.878106412510250266e+03 3.094197708942348246e+00
1.639160598022701606e+03 1.916145288534888095e+03 7.658390548012311561e-01
1.659625775146743081e+03 1.963584831534453315e+03 1.082282954423412713e+00
1.735528680180117135e+03 1.830772019111176860e+03 1.236660109156902720e+00
1.041025331112444292e+03 2.112551519163772355e+03 2.889941819535365664e+00
1.041327170880190806e+03 2.114221454744536004e+03 2.868961189614715579e+00
