1.438151582224892991e+03 1.172101140608310743e+02 3.018043702470218026e+00
1.449844585353661159e+03 3.648650834456136636e+02 2.974428721495948391e+00
1.438686160652240233e+03 1.180153239874106816e+02 2.974639938935106365e+00
1.591080006363712073e+03 2.205936575306537861e+02 2.724358768351076154e-01
1.532324711521345534e+03 2.642472827334050862e+02 3.009726671263012410e+00
1.453590935605634741e+03 3.684058614530599698e+02 2.943220988935420834e+00
1.590250699784982544e+03 2.200925178907192503e+02 2.583617725286989630e-01
1.530045038124069151e+03 2.638648170150594297e+02 3.011508407796434028e+00
1.785470860910023930e+03 3.330382627615312572e+02 2.315155161555865426e+00
1.784516111969570602e+03 3.333849177779895285e+02 2.418444006957255699e+00
1.298440579681553800e+03 4.576118302736141459e+02 1.290137973337890820e+00
1.455118351426888239e+03 3.641235142277565728e+02 2.878382348920607736e+00
1.297313477044996944e+03 4.590045997166964753e+02 1.270601274359913768e+00
1.385214691151927582e+03 4.750261474530896066e+02 8.340649440080543098e-01
1.486275231273752752e+03 4.996682867946342412e+02 5.182845069261637905e-01
1.530835164900624250e+03 2.625238593202936954e+02 2.952680629049661665e+00
1.453506560538821986e+03 3.636234048939696777e+02 2.869501977482120214e+00
1.618508942599220973e+03 4.602280058822786941e+02 1.646619946076730123e+00
1.384588822949217274e+03 4.748536023335705067e+02 8.736537765511108722e-01
1.487042163347424321e+03 4.969788425727770118e+02 4.905276441368586759e-01
1.531552705819046196e+03 2.607205567758864504e+02 2.856439142252080288e+00
1.786077684653326287e+03 3.327240287784412658e+02 2.340786827095080902e+00
1.617298692128110815e+03 4.591230713844252023e+02 1.541941550716373843e+00
1.756129393502485755e+03 4.336610924944716317e+02 2.923029467463471587e+00
1.661877635502840576e+03 4.876600351030031106e+02 8.755344030462376415e-01
1.744440922233490028e+03 5.140607101424407119e+02 3.031884749271572255e-01
1.784463270659174668e+03 3.313749745656327832e+02 2.289990323415868723e+00
1.921458766819896937e+03 3.969367203162177020e+02 2.774985561054925665e+00
1.753964728826042574e+03 4.328063164802895244e+02 2.926862418882488548e+00
1.905534282791174519e+03 4.612887551591906004e+02 2.855277718441779022e+00
1.825970605575824720e+03 5.218797722431095281e+02 8.626173605209150885e-01
1.737370397978928850e+03 5.136777879423088962e+02 4.666931859537345462e-01
1.916725224777380390e+03 5.419532539642634674e+02 4.763849762955917888e-01
1.920129914360344173e+03 3.964177357090059104e+02 2.803238976207545807e+00
2.062690901492715057e+03 4.604771332189588975e+02 2.816122916157667078e+00
1.904216669617374919e+03 4.615694049201325697e+02 2.879411737624296919e+00
2.019836342406659696e+03 4.965074813943015215e+02 2.559819256535722509e+00
1.831720481932167786e+03 5.162110945836865312e+02 8.678357031618816331e-01
2.131407235132154256e+03 5.254075987838023138e+02 2.686030919981944987e+00
1.920021582927248346e+03 5.406093612367667447e+02 4.460506811892461232e-01
2.060628309150611585e+03 4.606690488226287243e+02 2.937712771254436195e+00
2.153695459917282278e+03 4.639958901397802720e+02 2.737993768991918486e+00
2.018209771182835539e+03 4.972828568899724360e+02 2.633621485686268304e+00
2.138429636018403471e+03 5.292519975280250719e+02 2.754106348948468952e+00
2.639677474801065387e+02 6.280631852076587620e+02 5.842007185534664471e-01
2.639654443862615949e+02 6.278012740154194944e+02 5.944179685758372855e-01
1.180720355058137557e+03 6.001332535127282881e+02 1.118046497306443232e+00
1.033878655461697235e+03 6.894552366257860285e+02 2.072541416361110223e+00
1.298592603039629921e+03 4.581484967051676449e+02 1.271685066771226280e+00
1.284648228597106936e+03 5.524772548236214789e+02 9.805719262811265491e-01
1.180278973616621897e+03 5.999523834788061549e+02 1.121781505868760354e+00
1.027662431512673038e+03 6.865403522499866540e+02 2.257314340778358908e+00
1.297785143791995324e+03 4.578740080996816459e+02 1.259256042927380248e+00
1.385287685046559545e+03 4.743167548047821356e+02 7.618969959413319781e-01
1.488141296025873089e+03 4.970969572191120278e+02 3.536541181237742304e-01
1.283645046128296372e+03 5.523711347923208450e+02 9.951349604775683311e-01
1.399145627634767379e+03 5.828865917906744016e+02 8.596526701680848870e-01
1.476291238210440497e+03 6.106213731120101329e+02 1.970839702242421332e+00
1.621387970031290024e+03 4.595887849550919100e+02 1.712555112116228129e+00
1.383737772055986852e+03 4.747437898991585143e+02 8.143062481603783320e-01
1.487487995642782835e+03 4.972224245849909039e+02 4.036443642836190504e-01
1.540801404179845576e+03 5.398155942542927050e+02 4.626553192298517581e-01
1.649483100594802863e+03 5.513343660816211695e+02 3.132261361444445669e+00
1.397969013390263626e+03 5.832821806941632303e+02 8.923688506034419543e-01
1.474513034215988682e+03 6.088192136333925646e+02 1.922055164916253833e+00
1.567969141554669022e+03 5.934255051605189237e+02 7.913513483704989748e-02
1.580710527810426129e+03 6.527515081712531355e+02 1.066223363179846090e-01
1.658678860559964505e+03 4.864431292294782452e+02 7.010346941590633874e-01
1.755589869782489814e+03 4.326662778801209015e+02 2.878784707618767147e+00
1.618309136391967513e+03 4.593935862415364682e+02 1.659544458287214752e+00
1.659167325683209583e+03 4.890277428643496478e+02 8.749551165644980921e-01
1.741450070103762300e+03 5.119894769915077859e+02 2.528845978412347373e-01
1.539917392096059302e+03 5.401670173661850640e+02 4.972768782764420692e-01
1.655352764735637038e+03 5.532360688948738243e+02 3.150042675804328729e-01
1.567694892934201562e+03 5.934578117564088870e+02 6.309073759488655064e-02
1.699072927648745463e+03 6.035145555174258334e+02 3.790208918956985418e-01
1.806388744649294949e+03 6.138507257744925028e+02 2.387143907868150894e+00
1.577407035164706258e+03 6.515783181297673536e+02 2.200245188762696702e-01
1.726637449355320086e+03 6.545589370732651560e+02 1.413008997378732423e-01
1.923156943525014412e+03 3.953293658346441362e+02 2.694460463587836863e+00
1.753514761920866704e+03 4.328945478327985938e+02 2.883663821752720402e+00
1.904777119052240323e+03 4.595072086554806674e+02 2.808602396712180482e+00
1.826342821790347443e+03 5.217674983828957238e+02 8.589787602808934830e-01
1.740514752521546598e+03 5.119956931894773788e+02 3.461889714465826162e-01
1.919005311050788350e+03 5.398535993900175072e+02 3.388222274086133412e-01
1.875126031516291732e+03 5.861287456388336068e+02 2.808465117207466832e+00
1.698989993845668778e+03 6.071448283390386678e+02 5.131648006684835783e-01
1.805067673142832746e+03 6.139409351059148321e+02 2.360094300920977606e+00
1.961067896759465384e+03 6.519522916436726518e+02 2.880771730817308640e+00
1.726935231082680275e+03 6.551696298145460560e+02 2.421405257525416355e-01
1.876766704144339656e+03 6.927443980962279966e+02 3.088903903342225643e+00
1.920406468349923216e+03 3.960896068325573651e+02 2.765225383534821724e+00
2.063073414061711446e+03 4.622006776282227065e+02 2.901560811685638619e+00
1.903762454131666800e+03 4.598329365472092150e+02 2.862564263204762316e+00
2.020178063654441303e+03 4.945657043695561015e+02 2.545348033541845911e+00
2.140587368128487014e+03 5.275555010202289168e+02 2.681887448649026506e+00
1.918930538745542435e+03 5.389715239753446667e+02 3.784677616206421069e-01
2.118967065494166036e+03 6.032660278623108070e+02 2.146962749553580352e+00
1.874147935658444112e+03 5.873726966066927844e+02 2.852276301924292934e+00
1.980267680250666217e+03 6.052991289102681094e+02 2.746907103843690301e+00
1.960052189870463280e+03 6.529379239505187797e+02 2.888959839526385132e+00
1.877032607107818421e+03 6.926529657264377420e+02 1.449615404718880909e-02
2.061600468570383327e+03 4.602470853871960799e+02 2.958582803554528518e+00
2.154113406686810777e+03 4.639778897285493713e+02 2.736647025131601296e+00
2.019126551742630454e+03 4.951459269060047745e+02 2.622565815935165023e+00
2.138591357486746347e+03 5.279083769782530453e+02 2.751562701053838378e+00
2.117032580814918674e+03 6.019382563291118231e+02 2.209807890206190617e+00
2.643588246432722144e+02 6.265173062040321383e+02 5.513993642539701812e-01
1.405763847024769575e+02 8.216103147558985711e+02 2.132404977266031842e+00
2.627143845585866302e+02 6.270500185099157306e+02 6.178724957713243038e-01
8.546867505480774980e+02 7.770643957531857495e+02 2.388012424389029498e+00
8.549507869759843288e+02 7.801797772774898476e+02 2.347892080501727818e+00
1.178630770752432682e+03 6.026995605781194172e+02 1.103958026227116695e+00
1.034781765202649694e+03 6.912773249349889966e+02 2.014379720269243279e+00
1.157405378678294255e+03 7.562217199612216518e+02 9.651059458512046829e-01
1.160792698946316705e+03 8.349953382364644767e+02 6.925072284523734467e-01
1.283460024683135998e+03 5.516393224598446068e+02 1.011516714447708631e+00
1.181071166735179077e+03 5.983148001567909660e+02 1.103526811265866270e+00
1.032091955211628601e+03 6.899058278754690718e+02 2.097964113507565731e+00
1.155217117112982578e+03 7.571558787887877315e+02 9.608303910139718296e-01
1.265214406234988928e+03 7.907927311989649297e+02 8.394052593162211195e-01
1.160807613971734781e+03 8.326814233377170922e+02 6.034832123275301052e-01
1.283386738702189632e+03 5.496379883278452780e+02 1.033170459505273753e+00
1.400228088705544906e+03 5.813398911977882335e+02 8.852883867735185097e-01
1.477288790533680412e+03 6.086532056886950386e+02 1.954670143479560362e+00
1.343391395924125391e+03 7.076258360572867332e+02 1.767075435872349942e+00
1.465020257045936432e+03 7.120791888378299745e+02 2.742426293674051774e+00
1.264731701795167055e+03 7.911815423656033772e+02 8.466017860167606157e-01
1.388878410079512378e+03 8.049012952028269865e+02 3.135945884873965195e+00
1.397041072297772644e+03 5.791845898640181076e+02 9.386151606977760631e-01
1.475048758319197532e+03 6.079035557394992111e+02 1.884807384265054564e+00
1.568885776786532006e+03 5.922437346533956770e+02 1.402592963739150433e-01
1.580535220125752403e+03 6.500653774144484487e+02 1.627165719513394837e-01
1.463022928050412702e+03 7.121585737019546514e+02 2.750418299720290616e+00
1.567216629892737501e+03 7.109221750813094332e+02 3.121323483127063092e+00
1.562349580386161506e+03 7.711343449784026234e+02 8.425894057830968231e-01
1.622219309137503160e+03 7.893987585533554920e+02 1.601468489654016558e+00
1.383757367648756144e+03 8.064589471735489496e+02 8.046259676732610278e-02
1.537537548106745589e+03 8.587837576062789822e+02 2.932574549257324747e+00
1.654353724204594528e+03 5.492933056292482661e+02 2.551740895577282675e+00
1.565231151353286805e+03 5.895706503045586260e+02 7.663821610425054776e-02
1.698508382692343957e+03 6.015076790933395614e+02 3.748255205281283975e-01
1.806372615068196183e+03 6.115193212911133287e+02 2.432123276386381150e+00
1.577619213532457707e+03 6.498979735951988914e+02 1.793612880455055514e-01
1.726652821690116070e+03 6.533832438576371260e+02 1.243512052182554756e-01
1.564219398891735864e+03 7.056669473198004425e+02 6.250744017050628709e-02
1.814696434120394997e+03 7.298308381677597936e+02 2.194287437582175482e+00
1.678577181137506386e+03 7.510365910305861235e+02 1.302482130044926301e+00
1.757108905051169586e+03 7.398786733601338028e+02 2.295908126082996326e+00
1.561712826272840175e+03 7.706155633414618933e+02 8.218165418656222521e-01
1.618505112027052292e+03 7.860554479710567648e+02 1.538897252258887516e+00
1.764114406344732970e+03 7.975486009470038198e+02 1.863272713812335057e+00
1.708343235559812229e+03 8.441383257618490461e+02 2.939282956830421956e+00
1.536680052578357163e+03 8.603155342414164579e+02 2.995352419854944159e+00
1.875188251548783001e+03 5.860842588366888322e+02 2.850153633548732746e+00
1.981671259256559551e+03 6.053426793487055875e+02 2.649896743527178078e+00
1.697661750958484390e+03 6.056815010581506158e+02 6.152207992209509646e-01
1.804768409615100609e+03 6.130404052282725615e+02 2.439112107767276161e+00
1.964996572607838971e+03 6.512313320736869855e+02 2.955484835888460005e+00
1.726609266646051537e+03 6.550822020620234980e+02 2.480156928136902084e-01
1.877682351463251280e+03 6.899309430529527845e+02 3.131088994946289450e+00
1.813335861781244375e+03 7.309678370837237935e+02 2.150589914786114942e+00
1.677148261971351758e+03 7.520849106915813991e+02 1.286693299905317334e+00
1.756013046938272282e+03 7.412101901564207083e+02 2.218683437610649456e+00
1.910673009638391704e+03 7.686696137586654913e+02 2.603624913824660325e+00
1.765928061579432097e+03 8.093145725401611799e+02 2.329687886188143597e+00
1.705245648870228933e+03 8.448346071114833649e+02 3.053952645214582873e+00
2.121276629350662461e+03 6.023695295213767622e+02 2.175727467528690617e+00
1.875445091458159823e+03 5.866012596608736658e+02 2.807327044312020181e+00
1.981870469042272816e+03 6.026165696750762208e+02 2.877895216733956207e+00
1.960986289471369219e+03 6.532092125734055799e+02 2.895356737016130388e+00
1.878497015193353946e+03 6.900349585121787186e+02 4.083307003946937130e-02
1.910158573574688944e+03 7.686502027687070040e+02 2.612011886946847827e+00
2.117938685486476516e+03 6.032975701754257898e+02 2.326268741959689024e+00
1.400858368202638076e+02 8.194137302153588962e+02 2.125405540800107573e+00
3.349194693278811314e+02 9.055645790966063942e+02 5.157957172466670626e-01
3.334624675639329894e+02 9.053879875782840827e+02 5.506803712453897104e-01
8.559619784149998623e+02 7.787181847009787816e+02 2.371802119193442415e+00
8.269898836998088427e+02 9.025185681157149702e+02 1.136912545752552406e+00
8.556476332266238387e+02 7.797543262532324206e+02 2.342389074929476678e+00
8.263445168005758887e+02 9.017802967577663367e+02 1.104546237282639343e+00
8.788384333619535482e+02 9.312584916069733936e+02 1.221995546856805115e+00
1.156872289077327423e+03 7.548177166782597851e+02 9.696240658489453379e-01
1.163369755281269136e+03 8.303780321377116707e+02 6.461593790327506692e-01
8.751588400732516675e+02 9.316292065997226928e+02 1.189948070207306641e+00
1.080570271098283911e+03 9.726692853257029583e+02 1.874711793451263375e+00
1.139702875709453565e+03 9.696439936488500280e+02 1.673496136524007305e+00
1.155895003391924092e+03 7.554852333102135162e+02 9.702935497631576256e-01
1.265750158238369067e+03 7.895432912329799819e+02 8.365403637571615647e-01
1.161433389903721491e+03 8.307880724054294888e+02 6.124164097930587802e-01
1.302283236374746593e+03 8.621530696368317876e+02 1.439929749542716353e+00
1.192460310069274556e+03 9.222226356532075897e+02 1.707798804818933647e+00
1.079626673141176070e+03 9.737221691891957107e+02 1.938674978906043567e+00
1.268096969734031745e+03 9.524426454909460062e+02 1.599142822798826913e-01
1.132947309907052386e+03 9.712909770332275912e+02 1.584932203226832037e+00
1.465854354569122279e+03 7.090908798076543462e+02 2.741096289070996672e+00
1.265311924956760777e+03 7.897770339585803185e+02 8.738524964937854911e-01
1.389663956481834248e+03 8.041432742822288446e+02 3.127750231194557529e+00
1.301591689880957802e+03 8.626443139030516249e+02 1.423781491847081249e+00
1.354621716021383918e+03 8.891642507158949229e+02 8.166796250103910415e-01
1.190350492287565203e+03 9.216290539592423556e+02 1.634168804402024833e+00
1.484291828592025695e+03 9.282513753678078956e+02 2.385071876054989382e+00
1.267642128118971186e+03 9.525948686005197033e+02 2.143481023762149884e-01
1.462432035643815652e+03 7.103997984300958706e+02 2.793768380166226084e+00
1.561817359248801267e+03 7.709091319429853684e+02 8.351566982884923718e-01
1.620932740876681237e+03 7.854784075888138659e+02 1.463170632795070203e+00
1.386230728592887317e+03 8.050378593427661826e+02 6.535145523133237266e-02
1.537353006797526632e+03 8.553660072276386472e+02 3.027152569569678597e+00
1.653230408140119380e+03 8.946303960544132678e+02 1.825177674805036121e+00
1.350369689175308849e+03 8.909980301831544693e+02 7.842354899592741679e-01
1.482696904203079839e+03 9.289066513515128918e+02 2.380196746270886621e+00
1.564426156072386902e+03 9.482990887657701933e+02 1.649369354550109579e+00
1.623076941847727312e+03 9.472334673005011609e+02 1.972749161857952460e+00
1.564610501924366872e+03 7.107352721835228522e+02 2.386325386660799630e+00
1.678392355011061454e+03 7.502979991267405921e+02 1.269407757181717944e+00
1.817883279311020942e+03 7.281012495389462629e+02 2.266720456213853652e+00
1.759384835962006946e+03 7.377164711163694619e+02 2.369374707140162073e+00
1.562141599676740952e+03 7.695911099811758049e+02 7.838007298202387396e-01
1.618918336687683677e+03 7.857778878702208658e+02 1.510618075938192195e+00
1.767409288320156520e+03 8.087713811274651334e+02 2.465923158136904103e+00
1.707448127520731305e+03 8.408938628100004280e+02 3.024711127340092176e+00
1.536711548161758401e+03 8.551993815015864584e+02 3.045799814416823903e+00
1.650675630062447453e+03 8.974158336527386837e+02 1.812177654694137940e+00
1.713071811991702361e+03 9.332461476675441645e+02 1.959317737250779956e+00
1.563613861438161393e+03 9.485293186705905555e+02 1.690204746218979759e+00
1.619973352141622854e+03 9.459959014879068491e+02 1.930329028743127839e+00
1.814973338372408989e+03 7.293805890196957762e+02 2.172016260583078395e+00
1.677360655398514837e+03 7.503436297373164052e+02 1.201408601329469583e+00
1.755420400623241449e+03 7.377243512347909018e+02 2.251039704444298906e+00
1.911475000017789171e+03 7.677251559339761116e+02 2.675391208298588008e+00
1.768529636410690273e+03 8.098108777554148219e+02 2.462953754555890384e+00
1.707836845406571456e+03 8.407363114257569805e+02 3.015952857515650454e+00
1.714315850161746312e+03 9.339725777671399101e+02 1.100646324958423072e+00
1.910583140340846512e+03 7.683029962359572664e+02 2.723883370293908701e+00
3.365655131478861790e+02 9.029272264496298703e+02 4.603730221069674000e-01
2.605479537869580327e+02 1.103662541020442859e+03 1.626318953085352126e+00
2.117054795409000008e+02 1.151649244982129630e+03 2.161671600246162228e+00
1.196565371067665069e+02 1.164914384323690228e+03 3.056314115802352127e+00
3.344298062253112676e+02 9.042281823865898787e+02 4.936335877015765594e-01
5.015910907815291466e+02 1.046821687186293275e+03 3.377388092451832913e-01
2.590783306247404312e+02 1.105368421105380548e+03 1.633971137161339016e+00
4.996587715240885927e+02 1.047223245526923620e+03 4.249647150771816984e-01
6.101139643968606379e+02 1.086771527287659637e+03 2.753982396705803914e+00
8.237104483233329120e+02 9.052582164985515192e+02 1.154853682196445686e+00
6.064777639898172765e+02 1.086580667229406799e+03 2.764315982624182766e+00
8.254488550307431751e+02 9.008573806887220599e+02 1.145412815643342741e+00
8.784194368217508782e+02 9.298729183295740768e+02 1.299684560938584754e+00
8.768025825482397977e+02 1.031286434775126054e+03 5.199755975046572720e-01
1.013495825791950665e+03 1.048584190658842090e+03 6.011420412917501954e-01
9.828994799805873299e+02 1.144724344724468210e+03 1.221894162949978435e+00
8.751202026689982176e+02 9.285783728985713879e+02 1.292976624177077927e+00
1.080493827126715587e+03 9.708633998617153793e+02 1.897263129932256431e+00
1.135598077775012825e+03 9.696302305559397610e+02 1.560921343789390736e+00
8.759240638702065098e+02 1.030401406652817059e+03 5.022886941482049838e-01
1.012513567946501780e+03 1.048439022658734984e+03 6.239140118902614107e-01
9.816298478094881830e+02 1.142430191641714600e+03 1.143755145636069059e+00
1.029861300039081243e+03 1.170856151124005009e+03 6.408295275718416395e-01
1.192691344468639954e+03 9.208403322705787559e+02 1.646730669918970102e+00
1.079654804900391355e+03 9.705243066423374785e+02 1.887345856111265041e+00
1.132894342478590488e+03 9.704180213190445556e+02 1.489066526716956274e+00
1.268696067118240990e+03 9.515960912417458530e+02 2.154253140004312728e-01
1.186748395922888676e+03 1.076076390529912942e+03 1.855425507475444435e+00
1.311964124781713963e+03 1.079322555667541565e+03 1.105633830400226891e+00
1.241442095846680786e+03 1.088701629654514591e+03 1.338833014024807255e+00
1.034705272512874217e+03 1.168479825228503387e+03 6.202814111353155413e-01
1.318375843195691687e+03 1.181205405812359913e+03 2.261515480628688568e+00
1.355365807984483808e+03 8.868086496451448966e+02 7.630895690968639844e-01
1.187374352459870352e+03 9.230173989892684858e+02 1.515975521697782602e+00
1.485267698081192066e+03 9.257752099336325955e+02 2.481469983784521549e+00
1.267356089844807002e+03 9.512120195792522281e+02 2.402774290126435675e-01
1.308611509741518830e+03 1.079249319575203799e+03 1.134014578767099213e+00
1.489833617919794733e+03 1.083237940544033336e+03 2.415264013693186218e+00
1.239661540349055940e+03 1.088484097939681305e+03 1.325248188148405060e+00
1.365899144779020844e+03 1.093274299926545837e+03 1.597198189669719826e+00
1.454360759841304798e+03 1.154932306511419483e+03 2.405380790060993146e+00
1.352479751553639517e+03 8.853261243595629821e+02 7.193523116719469090e-01
1.653002633349189864e+03 8.990460146632512988e+02 1.955247775541414379e+00
1.482722741357157702e+03 9.271295540968278601e+02 2.470564078106179728e+00
1.564577407715928530e+03 9.453179799742497380e+02 1.616770451792919561e+00
1.622191448689959088e+03 9.446484429123149766e+02 1.840380600835868297e+00
1.640245555982557789e+03 1.068347451753475070e+03 1.266860249866230248e+00
1.361901862667672049e+03 1.093349127593034154e+03 1.551985230605311461e+00
1.488581669102215983e+03 1.082878401064251648e+03 2.478942087887862744e+00
1.455358524684802887e+03 1.160816745706399161e+03 2.428610832536618691e+00
1.650923283067765396e+03 8.951022169554992161e+02 1.828601114084798862e+00
1.714615460238879905e+03 9.321670279182562808e+02 1.941423347932872634e+00
1.563776189101135515e+03 9.462325405921333186e+02 1.670260024425077372e+00
1.620819907109553469e+03 9.456730877168938605e+02 1.927417832605251125e+00
1.754757361441265175e+03 1.030489049220270545e+03 6.704153517770085335e-02
1.638278448299262664e+03 1.068953663554480272e+03 1.300798806000099228e+00
1.713829644856765071e+03 9.336733677667753000e+02 1.936285661346212050e+00
1.753709702496537830e+03 1.031052373905334662e+03 1.168132282371519004e-01
2.609721327076752004e+02 1.102512631623957077e+03 1.574430253204520014e+00
2.118853477677001820e+02 1.150541848633068639e+03 2.065138067746035588e+00
1.205337165743716241e+02 1.162388947096119182e+03 3.098209317801722040e+00
2.383373001926869961e+02 1.247388312352213461e+03 2.945974943033105031e+00
5.030868459164400974e+02 1.045251775092319804e+03 3.928929090687595660e-01
2.598230508612801941e+02 1.102620402938547613e+03 1.661128605007508696e+00
2.373194093394614015e+02 1.249041499987849647e+03 2.998547735793990476e+00
4.995735780805908917e+02 1.045720336204315117e+03 4.227378976527466081e-01
6.097238520068376602e+02 1.085794215399697805e+03 2.783647448492425625e+00
6.085060768834297278e+02 1.084522674813601498e+03 2.861729716064263407e+00
8.762432407346720993e+02 1.030039658254501546e+03 5.719768626600061356e-01
1.006478725053625794e+03 1.050553094695833352e+03 6.789628588809314413e-01
9.802222143867652449e+02 1.142311594516953164e+03 1.176430272981241698e+00
9.879747335605550234e+02 1.238030136004758788e+03 3.116951372790794483e+00
8.949678791301889760e+02 1.310607272825717018e+03 1.733223857917105093e+00
1.012486899591569909e+03 1.047446506992857394e+03 6.588573021839430055e-01
9.805058885123266919e+02 1.140863145325585492e+03 1.163856125505711603e+00
1.030298425954088088e+03 1.168818488932286073e+03 6.128255464730028024e-01
9.885147319767452245e+02 1.237545695545899434e+03 3.097234687587485880e+00
8.940828531568868129e+02 1.306441493066584826e+03 1.790753230155458953e+00
1.185750496793406910e+03 1.073955390440104338e+03 1.818798926014622674e+00
1.306687078736147669e+03 1.080085541758451882e+03 1.072543406016675194e+00
1.240808724331742042e+03 1.086770430269034932e+03 1.349170629721341497e+00
1.027830357029602283e+03 1.168592163431939071e+03 5.430454539387690183e-01
1.323454603725654806e+03 1.183502733537430004e+03 2.253172085508596378e+00
1.272859788959402067e+03 1.225854253676043527e+03 1.679678702020864334e+00
1.237589384796538980e+03 1.318667523354784180e+03 2.533928977804344451e-01
1.318783427163197075e+03 1.336909772657450958e+03 8.064247812461178277e-01
1.308738115219666724e+03 1.078116569249209761e+03 1.017862401480792212e+00
1.236135150399250506e+03 1.085704277978885330e+03 1.160372363191913170e+00
1.365735830723454001e+03 1.090981550676374582e+03 1.591116950302766675e+00
1.490393295935632750e+03 1.081133258416076615e+03 2.452485767195916821e+00
1.188006639967971523e+03 1.076515273273880894e+03 1.706794672874792251e+00
1.455808038049431161e+03 1.156940921958033641e+03 2.447973047428965820e+00
1.320284581661265747e+03 1.182513873793599487e+03 2.253833646610317931e+00
1.417755638525417453e+03 1.200930893538048622e+03 2.278735752769978529e+00
1.272774588065778062e+03 1.225297014761627679e+03 1.631501473669252356e+00
1.391379408384471844e+03 1.291843877135629782e+03 1.668997482843342040e+00
1.485453027538241486e+03 1.319221696557488031e+03 2.253165226356272033e+00
1.234289667666033438e+03 1.319446805895203170e+03 3.218923393618615125e-01
1.314011538780827550e+03 1.334810290608658761e+03 7.935009131068323507e-01
1.640381869612236869e+03 1.067754480913927864e+03 1.207921650256145174e+00
1.364315602165801693e+03 1.092816639086648820e+03 1.530242136814979670e+00
1.488982390766811250e+03 1.081667315315341057e+03 2.522155812907025840e+00
1.455888651057095331e+03 1.156678130512269490e+03 2.477786466635950369e+00
1.570203483091005864e+03 1.182384800296521917e+03 1.569943357562110009e+00
1.416379065492215659e+03 1.201557458204456680e+03 2.304527704575473290e+00
1.521483125084020685e+03 1.278937346833605943e+03 2.099448705337831900e+00
1.388969882503777626e+03 1.290717165527114503e+03 1.583346450596330834e+00
1.479488588856411297e+03 1.323028108675553085e+03 2.030016035185000511e+00
1.754175274330097636e+03 1.027678284460421764e+03 4.281149233319119646e-02
1.638680942012610785e+03 1.067531495765398859e+03 1.332464598026732894e+00
1.569506089333361842e+03 1.184148030278577835e+03 1.675372354847064926e+00
1.518825167091688172e+03 1.280091857697358591e+03 2.196971030001060310e+00
1.755933773768520041e+03 1.030103398211038439e+03 2.355168752975814184e-01
2.389431770618294877e+02 1.246746326581270750e+03 2.951244869022050299e+00
9.481985779681158988e+01 1.448848294189403305e+03 1.582266077981095975e+00
2.394235654504915374e+02 1.245839645892855970e+03 3.061495874839084586e+00
5.335995217218226117e+02 1.484650011371041273e+03 2.163313757687686412e+00
6.655189745450147711e+02 1.357247207348038728e+03 1.912984121231660950e+00
5.972686193687366085e+02 1.436401387132213358e+03 1.075883558268251328e+00
6.627433779682710338e+02 1.471794817384283306e+03 1.928328568557942768e+00
5.313547105434620335e+02 1.491596784817539174e+03 2.119194877389135812e+00
6.649428545118029206e+02 1.357799682020308410e+03 1.885773136262021143e+00
7.507378045327877771e+02 1.386775711123485735e+03 2.674090766254757057e+00
5.960106186536936548e+02 1.437486626783948850e+03 1.069654157891468005e+00
6.619229360357725227e+02 1.473584284374498566e+03 1.887052059891478839e+00
9.899288002233329280e+02 1.233752953576974733e+03 9.768595208117485107e-02
8.959627627430229495e+02 1.307131551465499570e+03 1.655768582331223593e+00
7.492606289352963813e+02 1.387044592436664971e+03 2.650231449425620500e+00
9.880803663944475375e+02 1.236177587713951652e+03 5.788992602087483091e-02
8.946581683024483027e+02 1.307342370450752014e+03 1.643649690718944179e+00
1.108110585257054481e+03 1.373325293794872550e+03 1.873614011617114494e+00
1.073286236305929833e+03 1.426583592150805998e+03 2.396354750046495230e+00
1.163507287385823474e+03 1.472074573621678383e+03 2.798007072959557640e+00
1.273284056502080148e+03 1.222214266250548917e+03 1.657405438412977494e+00
1.235999981714351861e+03 1.316594829504813788e+03 2.746756084598096503e-01
1.316246996179182815e+03 1.331889786609440989e+03 8.520363464190372493e-01
1.106933652641539538e+03 1.373052585322875757e+03 1.885987499961534253e+00
1.202122212276006849e+03 1.400122608450084726e+03 2.034455233621646819e+00
1.072650390168345666e+03 1.426688660044147582e+03 2.406989887090563496e+00
1.164445929033691527e+03 1.471416755845210901e+03 2.865122696772162136e+00
1.264956939785267650e+03 1.492782931397966195e+03 9.201178464665606960e-01
1.419886836582004207e+03 1.198901485178529128e+03 2.328100098295544207e+00
1.272503586239464994e+03 1.222359283217470420e+03 1.677423293242058078e+00
1.391578564223347030e+03 1.290498332123573846e+03 1.727778932308980719e+00
1.483438028262388343e+03 1.318513071739206453e+03 2.140085481606337936e+00
1.236241289098888501e+03 1.316517304814764657e+03 2.343798975415466446e-01
1.315580714363142306e+03 1.331823422730705488e+03 8.036956686758124357e-01
1.436707412115093121e+03 1.352785086013686168e+03 1.687709189286687561e+00
1.199095783582102968e+03 1.401678886944203441e+03 2.075982890440274620e+00
1.368460916219968340e+03 1.422741524858086677e+03 1.228476386099381701e+00
1.264897150830398232e+03 1.494078742311786755e+03 1.014816432387322331e+00
1.450055842486352049e+03 1.498125886168449597e+03 1.724611933453941814e+00
1.415383214913653319e+03 1.199636451503828312e+03 2.449015904592380721e+00
1.520687032422091079e+03 1.276076552160174742e+03 2.149344867549512816e+00
1.389774485900143873e+03 1.289111475695437548e+03 1.634263588626738928e+00
1.480181766789614812e+03 1.318606649832985795e+03 2.144311305145260249e+00
1.434981139794741466e+03 1.352725193142777016e+03 8.278357054486463751e-01
1.659841560490556958e+03 1.407793516481498045e+03 2.286141023830440933e+00
1.366316599957622657e+03 1.422739550336048296e+03 1.180234494871225115e+00
1.573971549593451300e+03 1.472865310681897427e+03 2.089777823031506720e+00
1.446228100103837278e+03 1.499174715251514499e+03 1.631035628957054229e+00
1.639006254121333086e+03 1.490631260035838750e+03 2.155030627947942978e+00
1.518543755322584275e+03 1.277359319062783470e+03 2.231074904660500735e+00
1.660284482776165532e+03 1.409686043134122883e+03 2.267033214608423108e+00
1.572329893537854332e+03 1.471202845269197951e+03 1.991957382392901987e+00
1.639898668398029486e+03 1.495975249317801172e+03 2.102888910021947666e+00
9.635154223049948996e+01 1.446620271828996465e+03 1.618992250009566147e+00
2.158452194960099177e+02 1.548295367403246246e+03 5.129106216808487773e-01
2.957081206540130438e+02 1.592656284949197925e+03 3.055429600839954407e+00
5.348521584062757483e+02 1.490540435372588945e+03 2.016730901115485253e+00
3.886804525123111489e+02 1.528405664896107055e+03 6.871186673604557926e-01
4.666098278883607691e+02 1.560501958784428325e+03 1.774878634197808891e+00
2.931711388901453574e+02 1.591704934418023413e+03 3.039329664867718162e+00
4.109982614759481976e+02 1.650544977700425079e+03 1.682785134581049058e-01
5.182266988457251955e+02 1.661958723847764531e+03 4.649851200865095513e-01
6.671302231484819458e+02 1.359222280079591201e+03 1.986521503648508880e+00
5.986271788423109683e+02 1.436345214509706693e+03 1.053346546836406050e+00
6.623411035621468272e+02 1.472547441935907045e+03 1.887061526310680692e+00
5.320237465592340413e+02 1.489580278096765824e+03 2.022770170412926394e+00
3.876864814600712634e+02 1.528507973046603411e+03 6.061893150443899980e-01
4.658248240672922975e+02 1.560641563052967058e+03 1.769884878919513405e+00
6.497409261666145994e+02 1.560776605646222379e+03 2.015241220020979718e+00
5.733670073640848841e+02 1.588863627665852391e+03 2.834978351906142446e+00
4.143720571643125368e+02 1.649452048766483813e+03 2.140655912849038500e-01
5.220013271300540509e+02 1.659146373749227678e+03 2.624924260397443754e-01
6.645618187372915600e+02 1.355688007496282125e+03 1.835043609961442002e+00
7.501519463376696422e+02 1.386140631582837841e+03 2.714325692671472723e+00
5.979822958779271858e+02 1.436191070604189690e+03 1.019080257131611544e+00
6.611548458214898574e+02 1.471713679482964153e+03 1.889943266934509314e+00
8.416437963613448119e+02 1.545217814970370682e+03 1.700399021439026104e+00
7.188753809323561654e+02 1.553267614458714661e+03 1.623281286598225792e+00
6.481273956640844744e+02 1.560516747615442455e+03 2.027212913279128337e+00
5.715228864292884055e+02 1.589992891087627868e+03 2.909909738329119921e+00
7.887692358458619992e+02 1.605151797567122003e+03 2.149600836155457717e+00
7.512525783456496811e+02 1.656141335924103487e+03 9.624442700752397495e-02
7.495124835429992345e+02 1.386367584247569312e+03 2.694358571403442593e+00
8.390262546851047318e+02 1.543250603622876042e+03 1.708337674394572847e+00
7.158480740185015065e+02 1.553543447226636772e+03 8.577930708443910479e-01
9.369824134427024092e+02 1.539621040780017893e+03 2.335302816148509819e-01
7.813333533060874743e+02 1.612924673021628678e+03 2.133387070823234755e+00
9.492344179241890743e+02 1.611366053667469942e+03 9.379764106931628431e-01
8.742468647362095453e+02 1.651534096489587682e+03 1.486849513778138565e+00
9.949045762277401082e+02 1.654400583191994201e+03 7.036069348873892348e-01
1.107184939711767356e+03 1.370865162315729549e+03 1.857731903294210341e+00
1.073626423022986046e+03 1.424080401612361356e+03 2.268276366906331276e+00
1.166584354014699329e+03 1.470095885844848226e+03 2.796792070104295203e+00
1.066597754630415920e+03 1.512298250753391585e+03 1.008111443408414576e-01
9.341112881943815864e+02 1.540196679353704440e+03 2.827013364329120093e-01
1.160475807540686901e+03 1.564726517198220790e+03 3.035536490204282956e+00
1.070651104282497272e+03 1.577254853727219825e+03 2.963620770049284037e+00
9.473245425331174374e+02 1.610800966006147974e+03 1.052214031258725147e+00
1.174049822194857597e+03 1.616077347417529836e+03 8.289517633342166070e-01
8.728749948910658532e+02 1.646912163554188737e+03 1.580212114511736710e+00
9.906895649575951666e+02 1.653285377449022235e+03 7.684688146869319558e-01
1.104918222008247767e+03 1.373507240931325668e+03 1.758883812257877821e+00
1.201849284241137866e+03 1.398971872449911643e+03 1.983523989421100309e+00
1.073170099657864512e+03 1.422373466296685137e+03 2.289643038987286161e+00
1.165187064048052207e+03 1.470237987303301225e+03 2.835276183363456770e+00
1.264039287067216264e+03 1.492403280031335044e+03 1.015423727716422864e+00
1.064292655811980694e+03 1.514049749065787637e+03 1.538641131071470103e-01
1.328317275243639415e+03 1.516852603191221306e+03 4.706827171045278035e-01
1.157681782659911050e+03 1.566659038553111259e+03 3.116898273883804471e+00
1.068673025191066927e+03 1.576788221849140882e+03 2.995709405405133197e+00
1.294454294195312514e+03 1.574897603298575405e+03 1.763739634509397802e-01
1.179734284312745785e+03 1.618218916180195947e+03 1.815252727242028241e-01
1.303445758349843800e+03 1.633425495579586368e+03 8.021931942104673086e-01
1.436686575347048802e+03 1.356778778905495074e+03 1.688557094185568319e+00
1.200484644157264029e+03 1.403486344238432821e+03 2.081771586643721861e+00
1.368143308547756305e+03 1.421630869875466033e+03 1.267368182931824183e+00
1.447524389096852701e+03 1.497584724363347505e+03 1.788924713713303527e+00
1.263515637121481177e+03 1.492814910722206378e+03 9.224510648073954711e-01
1.326432135557154425e+03 1.516591229292460412e+03 3.306545618896096217e-01
1.396216963875140891e+03 1.534587750322843249e+03 1.334813228656898332e+00
1.294814794458391816e+03 1.579426738782477742e+03 1.890485328405878268e-02
1.493011166395237524e+03 1.611037971136237957e+03 1.244751728427677451e+00
1.405699002222739864e+03 1.617738022288376214e+03 1.091865027814919564e+00
1.303923206111263426e+03 1.631146954028463369e+03 4.998734387144749824e-01
1.435354468066763047e+03 1.354970091449633628e+03 1.661612066337227134e+00
1.365318319486922974e+03 1.420144916864537208e+03 1.229693535526220183e+00
1.573375348330189809e+03 1.471231199726782279e+03 2.139773044017157844e+00
1.447037579213994832e+03 1.497354254583394095e+03 1.760051867898024591e+00
1.641462808455128879e+03 1.496372656701156302e+03 2.123803846169392884e+00
1.526242506216646916e+03 1.507335244419135051e+03 2.363508307251050766e+00
1.395383846100713754e+03 1.534049550805851595e+03 1.227743726504983757e+00
1.490898185617150830e+03 1.608974365690561854e+03 1.178876824078951335e+00
1.405293167052817125e+03 1.615747277764180581e+03 9.105454626435601773e-01
1.659318765798960612e+03 1.407966175797326514e+03 2.268971588023151575e+00
1.572060261110681950e+03 1.470430320401086647e+03 2.049806253963748937e+00
1.640048604286426780e+03 1.494825869520750757e+03 2.040102898015750288e+00
1.523648121952536940e+03 1.505716194238208118e+03 2.360902275877915901e+00
1.717802236077218822e+03 1.618971764874310111e+03 1.426234645725791728e+00
1.717894069318662332e+03 1.617917007184404611e+03 1.614407908840480577e+00
2.150267075020809102e+02 1.548094119164334643e+03 5.723381731086817359e-01
2.947126170090340338e+02 1.592208231208583356e+03 3.060261796200340889e+00
3.885793136961494838e+02 1.528878264964031132e+03 7.080377893106319931e-01
4.666401208109925847e+02 1.561531815728832271e+03 1.794737747472324729e+00
2.931854092163839027e+02 1.592281988462274512e+03 3.007780836777905087e+00
4.102050519872329915e+02 1.648550931418466234e+03 1.837170400341378296e-01
5.233773719664267219e+02 1.656404959124361312e+03 2.740720508198774552e-01
3.868418143576831199e+02 1.526202649221776710e+03 7.260702376047647455e-01
4.656841694336445698e+02 1.560753297024508129e+03 1.710425951558134150e+00
6.488826252572987414e+02 1.560685506598579877e+03 1.942667450151315700e+00
5.723686711326413388e+02 1.587335381573714358e+03 2.815284092386779680e+00
4.075673306447984032e+02 1.648534598217112944e+03 2.554257492034024968e-01
5.214309917350567503e+02 1.656085709088386238e+03 3.086714137331728613e-01
6.354775958631868207e+02 1.684885903589736927e+03 2.390807029022309127e+00
6.748596340201952444e+02 1.771744959908733563e+03 3.001409051261548111e+00
6.173085475205250532e+02 1.808035402458086537e+03 2.510708519835637809e+00
8.406542526821438059e+02 1.546340758646487302e+03 1.641648368643830125e+00
7.185518867270178589e+02 1.553128706185336341e+03 1.604795045334808989e+00
6.474483615825844254e+02 1.559567167403603207e+03 1.924449065925669444e+00
5.709721084622772196e+02 1.587845127061681978e+03 2.921483742712760456e+00
7.881392903433271613e+02 1.605555254293090911e+03 2.001259651686258856e+00
7.561139671311269694e+02 1.648794094938286662e+03 2.697479857344466381e-01
6.353628126577328885e+02 1.685013219447284200e+03 2.479091182380286362e+00
7.131535264884141725e+02 1.698291032219420458e+03 2.634926769099087185e+00
8.281927485135820461e+02 1.740361372492430974e+03 2.963990684948907717e+00
6.739175148490976426e+02 1.769995291929599261e+03 3.067921324048517029e+00
6.136473447618059254e+02 1.808520379301348157e+03 2.545243929809621442e+00
7.868488673094065007e+02 1.809166431805108232e+03 2.433195375913383085e+00
8.387556616131168994e+02 1.542897450700953414e+03 1.689032103222990466e+00
7.153102557355774707e+02 1.553483800050310037e+03 1.636951919295774660e+00
9.381137237606687904e+02 1.539423543157507083e+03 2.714857998218588864e-01
7.870406024544716956e+02 1.604895249593605968e+03 2.055977249323410749e+00
9.489517708511089040e+02 1.609428626532444696e+03 1.041903182681513274e+00
8.745463617392390461e+02 1.650123414676711263e+03 1.488553266529620833e+00
9.923945531028934965e+02 1.650547086632811670e+03 7.121113369197566989e-01
7.549758141620213792e+02 1.648965408870266401e+03 9.984638730256495398e-02
7.119625573427034624e+02 1.697382046511249200e+03 2.523906867708645585e+00
8.297101293324822109e+02 1.741488012939647433e+03 2.898774224635209507e+00
9.157997745227578434e+02 1.735192947711899478e+03 3.129001240171569442e+00
7.843951854909927306e+02 1.809981716817116421e+03 2.430080020251799588e+00
9.024248123403872341e+02 1.816032635630222103e+03 2.893263546817367082e+00
1.067230413881393815e+03 1.510187298687199245e+03 1.333596537176157115e-01
9.328238251494406086e+02 1.537967883179965611e+03 2.205662293135329799e-01
1.158439327487277978e+03 1.563981827782153232e+03 2.981403166411477734e+00
1.071077350383065550e+03 1.575437816218886155e+03 2.913997307629672129e+00
9.471762821814591007e+02 1.609646561421905972e+03 1.115240121205161028e+00
1.178962332472947310e+03 1.615225439531528082e+03 2.577356636369905751e-01
8.703716158725417245e+02 1.650433414184141384e+03 1.521387928022982505e+00
9.902484688087442919e+02 1.650897331417899977e+03 7.510704685114889534e-01
1.089877019547192958e+03 1.662211281704881003e+03 2.981433414553246730e-01
1.044680397564481154e+03 1.716533055869170312e+03 4.509628416820448682e-01
9.137626978034879812e+02 1.734726316848898705e+03 3.105081018157279438e+00
1.115126562246651929e+03 1.771341048589189768e+03 1.688649590692666846e+00
1.054219984464336903e+03 1.806273447030752777e+03 2.591650880428554959e+00
9.005281272286877083e+02 1.816226377336322003e+03 2.825827318450765180e+00
1.065241576000634041e+03 1.511473985223280806e+03 2.715658098383793018e-01
1.157834148598179354e+03 1.565361471612675132e+03 3.006962490982799441e+00
1.294468424375239010e+03 1.573717334068613809e+03 5.050012578675724256e-02
1.068072648037704084e+03 1.574399844813639447e+03 2.911271348984224350e+00
1.178626094568505778e+03 1.616443830487676678e+03 7.542377946029082958e-02
1.304359512865608849e+03 1.627588994148411302e+03 6.872916388467065207e-01
1.087837922707580674e+03 1.661980389307269888e+03 3.010654034524452571e-01
1.262412539978229688e+03 1.699927841093021470e+03 2.234954387440161838e+00
1.041070117497805313e+03 1.717620564924809059e+03 5.048669039923682211e-01
1.204920184805430608e+03 1.723314183224421868e+03 2.948946305143003155e+00
1.113462799385181370e+03 1.771349355496941598e+03 1.648032222770050126e+00
1.273511812778368949e+03 1.786587967949034464e+03 3.026915506614817897e-01
1.054370268719917703e+03 1.814220549641704110e+03 2.483623454869970715e+00
1.162297339687951307e+03 1.812941670015404043e+03 1.201413518833137628e+00
1.324383236681217568e+03 1.512880129304282718e+03 3.480295065039026303e-01
1.395324162007459336e+03 1.532490834512409720e+03 1.382058385938725875e+00
1.294325935522582995e+03 1.575225506837003195e+03 9.275751059592567474e-03
1.491825745777275642e+03 1.608368293429672804e+03 1.229987502582006620e+00
1.404966109892700388e+03 1.615277113542824964e+03 1.139817146123844882e+00
1.303266575271636839e+03 1.628438369517056572e+03 5.590853598490932441e-01
1.261518323642987298e+03 1.700462894785830940e+03 2.483014701184020456e+00
1.378198632706746139e+03 1.700407562408555805e+03 1.666994929493142985e-01
1.454282953699808786e+03 1.738657659096947555e+03 1.295638463318231182e+00
1.200723955015586171e+03 1.723815699919745157e+03 3.062532176253059735e+00
1.275201988250863906e+03 1.789059457521776721e+03 8.971201369262112035e-02
1.375269839204637037e+03 1.804352151728081253e+03 1.820829628604007322e+00
1.392676945547490732e+03 1.534568586309422244e+03 1.232133020425262737e+00
1.490541873561893226e+03 1.607870499921280498e+03 1.213333961832981700e+00
1.404419388434571374e+03 1.615153895216324372e+03 9.995887210012401880e-01
1.530197982862657909e+03 1.678512754843253788e+03 1.622318463711807990e+00
1.376353268922457346e+03 1.701906295725959808e+03 1.500126355559563696e-01
1.453840733345160743e+03 1.737349795368614195e+03 1.215856621769375812e+00
1.621675048325175339e+03 1.748203148288129114e+03 2.755598840395693805e-01
1.495956707363959367e+03 1.799269649432051665e+03 1.566459691545589283e+00
1.372934818892629892e+03 1.801264775530020415e+03 2.012809693275600775e+00
1.634887169395736009e+03 1.817046235852151085e+03 9.184638161123986899e-01
1.525632094246532461e+03 1.507282545298616014e+03 2.441011671360450386e+00
1.718033317507613447e+03 1.616361063064676955e+03 1.548937074663993663e+00
1.529999666321403765e+03 1.677047064541967984e+03 1.585611393138631975e+00
1.748806573525017939e+03 1.717378457366383827e+03 1.734791110478435705e+00
1.618362857203954718e+03 1.745957506972925557e+03 3.437866766826778164e-01
1.695156766613927175e+03 1.781246543411540188e+03 1.361579427179650859e+00
1.810137453183665457e+03 1.775594264628106430e+03 2.075834512600983395e+00
1.628383591154927672e+03 1.817567174333411003e+03 1.155906789902783283e+00
1.716839007196231705e+03 1.616775289663862850e+03 1.527323915198788518e+00
1.747639358853125486e+03 1.717053634237596498e+03 1.684763697243087499e+00
1.808003988875375171e+03 1.775144172387799244e+03 2.033902109027827088e+00
1.693831634841538744e+03 1.779364131095296443e+03 1.323674172316186670e+00
6.387682989956639403e+02 1.686838508492299070e+03 2.527575552295773242e+00
6.760041397690747544e+02 1.771208258897581572e+03 3.019786684045056901e+00
6.161751413689748915e+02 1.808588825979462399e+03 2.456307805708531244e+00
6.354848312018158367e+02 1.684697481452353713e+03 2.371913918809529509e+00
7.139262648893784444e+02 1.699608371790863885e+03 2.507574089163783881e+00
8.299539141511318121e+02 1.741370510369082467e+03 2.953145471428038071e+00
6.753636060817916587e+02 1.770250243905534262e+03 3.022393433641063609e+00
6.158936731276463661e+02 1.807713364161315894e+03 2.396385970872132454e+00
7.884408374998646423e+02 1.808417809150699441e+03 2.464460849423405708e+00
7.752021760136232160e+02 1.869434448449041156e+03 2.900809659803406326e+00
7.188767365820436908e+02 1.704584628358598593e+03 2.385336591362213987e+00
8.304675149607959384e+02 1.740534963255721550e+03 2.889361159927830158e+00
9.164766866349880274e+02 1.735706398951348774e+03 8.680929003197931926e-02
7.874831885171078056e+02 1.808970543683349888e+03 2.400515858117344248e+00
9.032314734992028207e+02 1.813126454774666399e+03 2.984127804915884141e+00
7.736518907353871555e+02 1.868513608390853506e+03 2.838025837100714988e+00
9.572615460293873184e+02 1.882224488659459666e+03 6.030179567686691500e-02
1.044033491214222067e+03 1.715997346498188790e+03 4.600581904517835330e-01
9.143051683779754057e+02 1.734726503343212698e+03 3.109296145426234226e+00
1.114982327904798694e+03 1.769828249084072013e+03 1.666676972017618663e+00
1.055255978015662777e+03 1.805448429667075288e+03 2.584616186458946974e+00
1.165421934991683884e+03 1.811371037999410191e+03 1.217224088469530230e+00
9.009867481555961604e+02 1.812815785654524234e+03 2.891473257475919656e+00
1.072681919328924096e+03 1.870556343097380250e+03 3.530150968947853157e-02
9.552040923109227606e+02 1.882271512042029826e+03 3.091086672625183329e+00
1.043557992876672643e+03 1.926931933981546081e+03 3.464657776170350090e-01
1.172046210070544930e+03 1.937724722145896521e+03 2.929559669631885410e-01
1.265357489789045303e+03 1.697759555328739452e+03 2.497388588082201988e+00
1.044230335593762675e+03 1.711974374152648807e+03 5.501248927393288524e-01
1.204136239476354831e+03 1.722574725542460556e+03 2.946607571027358929e+00
1.113722358356864788e+03 1.769483641707978222e+03 1.694155572217032280e+00
1.276713629344414130e+03 1.784491532192860404e+03 2.646573126818588806e-01
1.053275615775658252e+03 1.805858188378218074e+03 2.631542419932502597e+00
1.162713417005400970e+03 1.811183460231553454e+03 1.187188990879654016e+00
1.289501440229931177e+03 1.841534877102857308e+03 1.122609119111573239e+00
1.070900072992746573e+03 1.870793968276914939e+03 3.131676091246201832e+00
1.041862909671519901e+03 1.927374432202337630e+03 3.560558372124452697e-01
1.172091667698021411e+03 1.934279776215754282e+03 1.790901984066603780e-01
1.257312538686531298e+03 1.963068956184788931e+03 1.296300259858394588e+00
1.263407648517830467e+03 1.699326593163602638e+03 2.533838609560542743e+00
1.377730615719578509e+03 1.700080871597564510e+03 1.978746024667205339e-01
1.454467862361142579e+03 1.736054047967227916e+03 1.260726316664825486e+00
1.208495808528963380e+03 1.717115154268439028e+03 5.835869171381266596e-02
1.274578096098156038e+03 1.783726691892452209e+03 2.507377232813754464e-01
1.374907735522619078e+03 1.803130335690135553e+03 1.836713926760410676e+00
1.499171361568173324e+03 1.798112615528396191e+03 1.571588316679202180e+00
1.288158265286045889e+03 1.843050291948450194e+03 1.029065655201920393e+00
1.255433333046257985e+03 1.962156221482260662e+03 1.206785299768015296e+00
1.457794421872967632e+03 1.962307622374336461e+03 1.695722603231914372e+00
1.529775351866628853e+03 1.677242649001828795e+03 1.609473377541558614e+00
1.376412459888279045e+03 1.698677290590178700e+03 2.038234193805971983e-01
1.453825791122007104e+03 1.735833383071019171e+03 1.206565352366460342e+00
1.619094191556791429e+03 1.746007381451439414e+03 3.526439643577176652e-01
1.495812439102702911e+03 1.795476707631096360e+03 1.550835362601113099e+00
1.373557838425995442e+03 1.802275267525015806e+03 1.862837752582114037e+00
1.629430924845764821e+03 1.816037242484009539e+03 1.186435472097914889e+00
1.558767457674038724e+03 1.824685821723986237e+03 1.972237649052286379e+00
1.508156984426337203e+03 1.888538793689570412e+03 2.992402897636345926e+00
1.455721928730750278e+03 1.963972592845886538e+03 1.695671028695574289e+00
1.575181837195632625e+03 1.946530944326407280e+03 3.660019532710953039e-01
1.526801317783531658e+03 1.681374223076071758e+03 1.364084350890798936e+00
1.748642745341544696e+03 1.716510769622682346e+03 1.761818945431385286e+00
1.618340007513701266e+03 1.745636070906480427e+03 3.665008111553979542e-01
1.694625780717770112e+03 1.780407440071626525e+03 1.394263047132675792e+00
1.811210446048077301e+03 1.775690744012737014e+03 2.072023391621435451e+00
1.628346482846661957e+03 1.815818564214252547e+03 1.230229230603494539e+00
1.558360748502018851e+03 1.824862109499220878e+03 1.986200018720136962e+00
1.743287620593554493e+03 1.842431988173472519e+03 1.398409798865861919e+00
1.666083325703617220e+03 1.898656608841283287e+03 1.237892881678460233e+00
1.509671434435912488e+03 1.890016944803940078e+03 3.003758253260725652e+00
1.573088935074576966e+03 1.947195625049722821e+03 3.926445829411208122e-01
1.748044350773579254e+03 1.716155566626709515e+03 1.731036505753654975e+00
1.808108560613473173e+03 1.775597942754001906e+03 2.039276074570171016e+00
1.693702512803132549e+03 1.781224420677684748e+03 1.391648924266280840e+00
1.742900942102126010e+03 1.842367363723247536e+03 1.373932467787791323e+00
7.756565124461400274e+02 1.868894833881727891e+03 2.926224674188468100e+00
7.733236961791493513e+02 1.868027443720822021e+03 2.835535734056471746e+00
9.566657228389376542e+02 1.883384235267790928e+03 7.707647287186174256e-02
1.071718345970906739e+03 1.869772786761154975e+03 1.360504285356031913e-02
9.544834319849510393e+02 1.881932476824694049e+03 3.107664804691644189e+00
1.042458862450116158e+03 1.927699521799678678e+03 3.381120342106398446e-01
1.172358206975913617e+03 1.934274611992880637e+03 2.752462467776772836e-01
1.115669929979696690e+03 2.100212776336728439e+03 3.118415927134705612e-01
1.287546702562914561e+03 1.846270219360079864e+03 1.119526519202371118e+00
1.071823502365703234e+03 1.871142084010838971e+03 3.062327215692919768e+00
1.042245760568244577e+03 1.926138181571360292e+03 2.798705108253817797e-01
1.173697685977197125e+03 1.934003784268076743e+03 1.588262351783577275e-01
1.258591481448142531e+03 1.959852294923062345e+03 1.291375279401834941e+00
1.113342709632293236e+03 2.099275135401532225e+03 2.490693874725452561e-01
1.068546065625841038e+03 1.826647883589580488e+03 1.793783239753487413e+00
1.288837992661293129e+03 1.842333902331384479e+03 1.007316597720782525e+00
1.257118780057787035e+03 1.960603078345731319e+03 1.198304739958075293e+00
1.457003709208267765e+03 1.963312414491609161e+03 1.693545031723599381e+00
1.558983710748885414e+03 1.827735882441268359e+03 2.001574196980069331e+00
1.508621513485377363e+03 1.889092855742590928e+03 3.000983961661955579e+00
1.455658543130946555e+03 1.962598289687966826e+03 1.680229045562029455e+00
1.573197897885801240e+03 1.944775383440559381e+03 4.280913093157892590e-01
1.581780678176308811e+03 2.017020734516500852e+03 1.199019772062020817e+00
1.557368703147486031e+03 1.831861753364700462e+03 2.014111455072482126e+00
1.743160340539329809e+03 1.844103380159408289e+03 1.457956018699822609e+00
1.666028088391716892e+03 1.899222181026061662e+03 1.285152635860309367e+00
1.512283276313003171e+03 1.890766453278086374e+03 3.025382865474382399e+00
1.572757981284238667e+03 1.944746411786226872e+03 3.967192800358829707e-01
1.581384572015966114e+03 2.017601790962945415e+03 1.230815797918401566e+00
1.742582701275243153e+03 1.843990184475370825e+03 1.432946747996500569e+00
1.114875071790037964e+03 2.097169896583032369e+03 3.821128124481882327e-01
1.112969753578792506e+03 2.097813216154274414e+03 3.544895101365997947e-01
1.580966360728362815e+03 2.017572473975783396e+03 1.245811731515275467e+00
1.580276158894030914e+03 2.015197880080410869e+03 1.286055253274635213e+00
