4.367415484716758556e+02 4.682334488001586124e+02 1.554101567903016123e+00
4.360275857359024485e+02 4.672687969759327871e+02 1.605907560025201963e+00
1.261454208883552155e+03 4.564524715672246202e+02 9.204919254084853453e-01
1.260938262580951914e+03 4.574139157934069999e+02 9.732094107151451068e-01
1.347673214478947330e+03 4.927855139323535241e+02 3.138067663970294685e+00
1.348431779135016541e+03 4.933872943634569310e+02 7.323663595852772379e-02
1.650449164358491089e+03 5.151601593259238143e+02 7.305101283511081234e-02
1.652680014524716853e+03 5.162559230047779693e+02 1.193992005521989919e-01
4.366831635792306088e+02 4.657432967508285628e+02 1.551021717352105700e+00
5.250971613175273660e+02 6.839641236847684240e+02 2.624956147558102693e+00
4.358352547645396271e+02 4.657087619426996525e+02 1.477445694115788966e+00
5.282215131739002345e+02 6.876770512022885669e+02 2.592653946746509952e+00
8.018872353787999145e+02 6.611553627699000799e+02 1.208804456048292453e+00
7.137013749457084941e+02 6.818772915127685792e+02 1.467730915771557676e+00
8.015364179863560139e+02 6.590751632467844274e+02 1.196380297935680570e+00
7.140302267858743335e+02 6.763598591467248298e+02 1.588143611245087294e+00
1.180158971917169083e+03 5.491066458973417639e+02 1.458749342377684277e+00
1.084107052550112257e+03 6.142678810770548807e+02 4.682713850294713542e-01
1.089297418379880583e+03 6.875315810275669719e+02 6.148400900878823183e-01
1.260913155725742172e+03 4.568845953380409810e+02 9.417833695937177785e-01
1.178406655793958635e+03 5.480755298590852362e+02 1.435965183457205141e+00
1.306464991975886505e+03 5.539876281302125562e+02 3.432561941428232677e-01
1.083514988782579167e+03 6.146974501201686962e+02 4.381523669777368513e-01
1.284374655081709534e+03 6.145561447404514865e+02 2.512991181255357809e+00
1.088544648197245579e+03 6.856824795995626118e+02 5.363952992860250291e-01
1.276436031728054331e+03 7.015226809948833306e+02 9.816173485376677998e-02
1.260851649072318196e+03 4.570725409552881047e+02 9.547098067858089676e-01
1.346125915043719488e+03 4.916647658510943302e+02 1.038719821399487937e-03
1.305478988097698902e+03 5.545037415582405629e+02 4.116862478007541903e-01
1.283937359980022393e+03 6.147735791927129867e+02 2.509912960753382993e+00
1.393782089824946752e+03 6.831121400119426426e+02 2.995786931516410512e+00
1.281366521874403816e+03 7.016232194169515424e+02 1.147337953912406228e-01
1.347082943348140589e+03 4.924144498100939700e+02 2.547104611221768372e-02
1.656500507096901856e+03 5.157051498028204151e+02 3.751991479272960561e-02
1.517437537168466633e+03 5.688579263413665785e+02 2.066225661846645134e-01
1.392891483839600141e+03 6.836610942815175349e+02 3.057947856049642699e+00
1.652863654421619458e+03 5.157464367282522062e+02 8.276104208185455779e-02
1.515249999752458507e+03 5.691644565375597722e+02 2.216871668997717204e-01
1.713045347054858894e+03 5.843278525965290555e+02 3.042202341136359678e+00
1.712747088279699710e+03 5.846784195466411802e+02 3.083435567370584884e+00
3.389362893583929122e+02 8.602024884256238693e+02 5.577821061961996119e-01
5.271205872841392193e+02 6.839970200504952800e+02 2.545343717970318664e+00
5.150157524122697623e+02 8.061224845495614773e+02 2.084907776792799261e+00
3.456974817816320069e+02 8.593713397652522872e+02 3.733158966968945225e-01
5.275029144942911898e+02 6.852410876095038930e+02 2.568742952714285099e+00
5.176927585725061363e+02 8.108918487948901657e+02 2.176600085957100639e+00
5.646506281254494297e+02 8.174748157800365789e+02 1.388689874305826910e+00
8.020738359148082282e+02 6.585300251145649781e+02 1.084229996845583965e+00
7.143886051383477707e+02 6.817979533489863115e+02 1.384350378934250614e+00
8.334776827150551526e+02 7.362317142116581863e+02 1.383079252137498605e+00
7.724841646837201097e+02 8.081839450493487220e+02 2.019143385947896441e+00
5.649998445774775746e+02 8.133239007270253751e+02 1.360079218058746209e+00
8.007044786559705472e+02 6.593083552684100823e+02 1.126227967628123050e+00
7.102540320861063492e+02 6.822304087711763714e+02 1.418535556962350785e+00
8.330465794699973685e+02 7.364368181836994154e+02 1.397266994537456952e+00
7.712050979884911612e+02 8.092567863569830706e+02 2.016620463015895481e+00
8.662097543895581566e+02 8.012350200378584759e+02 6.400222862566293802e-01
8.890413921411554838e+02 8.608504359314563317e+02 5.089516259404887055e-01
1.178487615345813765e+03 5.521172083884732729e+02 1.566607147467120154e+00
1.086040513650396406e+03 6.122159303958079590e+02 4.586062855000949678e-01
1.091170575871762594e+03 6.823654374242628364e+02 5.631673461792467972e-01
1.166426664619793428e+03 7.589894875279491089e+02 1.081349777417987656e+00
8.682430066135020752e+02 7.986153074232433937e+02 8.164893251621367920e-01
8.903697246471112976e+02 8.576244270402160055e+02 8.013596985144519902e-01
1.080549620261063410e+03 8.619863303989718588e+02 1.374204518432654322e-02
1.303863595879774493e+03 5.537204083210945100e+02 5.249517050834852094e-01
1.084137441318216588e+03 6.143627531828349220e+02 4.316192378432149312e-01
1.283511474751295736e+03 6.114594660375985313e+02 2.471734180261061731e+00
1.088690385868136900e+03 6.845265326089370319e+02 5.345681600009006829e-01
1.280777471242974116e+03 6.990477903171037042e+02 4.082046492325761000e-02
1.162515361683326773e+03 7.605668616422146897e+02 1.030048668345961982e+00
1.198274852521221192e+03 8.118488814418763013e+02 9.032575983063505509e-01
1.338079030128624481e+03 8.230372682254876509e+02 2.384848737831150700e+00
1.306772959380348993e+03 5.496875204817517897e+02 4.769369768784359476e-01
1.284049226004333377e+03 6.139461786703348025e+02 2.504016116782274537e+00
1.392596485093486081e+03 6.805693616118228420e+02 3.036800513159597870e+00
1.280577965440777916e+03 6.990249819934100515e+02 1.284458271270484953e-01
1.466294376268635915e+03 7.753522843209618713e+02 3.425748027794111028e-01
1.197745437379112218e+03 8.105116594460361057e+02 9.351616111377434315e-01
1.373647672790886645e+03 8.085182203749267273e+02 2.566481861973020528e+00
1.334545064297130693e+03 8.263063087289298210e+02 1.911634065634415736e+00
1.516743151676140542e+03 5.681702972562214882e+02 1.799883713694157006e-01
1.391119493515897148e+03 6.802105090178414457e+02 3.022529211822934769e+00
1.463459248130414380e+03 7.752238173885217520e+02 3.621488262232521183e-01
1.372407465377831159e+03 8.096525913475632024e+02 2.543814132514129689e+00
1.605354956831420850e+03 8.209769933706663778e+02 8.877448403557092194e-01
1.516787828662375205e+03 5.663328031213682152e+02 2.507976466371526492e-01
1.711567028209652108e+03 5.832937237267125283e+02 3.069270755761376979e+00
1.770493312590317601e+03 7.670007309091847674e+02 2.393071493723355037e+00
1.698184528840491566e+03 7.673150680672072212e+02 2.460377591122558716e+00
1.602380706471365784e+03 8.191560729654322586e+02 7.699388653707658348e-01
1.717369494316561713e+03 8.380265234894824289e+02 2.166746914317457140e+00
1.786161082479375636e+03 8.277356017148326828e+02 2.133292264558163787e+00
1.712938436172270485e+03 5.823286753557871407e+02 3.125282208046767263e+00
1.770086606936802127e+03 7.663519040351804961e+02 2.386358023588488475e+00
1.696443418353549987e+03 7.674701202978175161e+02 2.410793884314478053e+00
1.874526799450314684e+03 7.805110196201367216e+02 5.561583852649766915e-03
1.793871940242612482e+03 8.419423496994722882e+02 2.379412848843111661e+00
1.717048027406560550e+03 8.408691977674952795e+02 2.530128010984089570e+00
1.867719247732805343e+03 8.452933134265824719e+02 2.619570901081545333e+00
1.873032566762839451e+03 7.820790628235549775e+02 3.131819134419036033e+00
1.865488817757136303e+03 8.452341517614429449e+02 2.673908447087185891e+00
3.484826226026754057e+02 8.578816160905528250e+02 2.913755529182948667e-01
3.266234466763518185e+02 9.496695650877595654e+02 2.017749252730564713e+00
5.217095210375266561e+02 8.122371766715215244e+02 2.247320329279857365e+00
3.465220292217870224e+02 8.578964981191874131e+02 2.163506150492636726e-01
4.423068198299469032e+02 8.775897649782548342e+02 5.884175827263155023e-01
3.251210905644592231e+02 9.480465484416520212e+02 2.021058072464135158e+00
4.972437152960310414e+02 9.549184698323365410e+02 1.721464285888559820e+00
5.189250284564647018e+02 8.102679943468036754e+02 2.263985587134493827e+00
5.640848653730803335e+02 8.164795310644486790e+02 1.355160561562901655e+00
6.244943902150865824e+02 8.685286223307109594e+02 1.116709338255872375e+00
6.899327778562706044e+02 8.768139188104507866e+02 1.702024119781074152e+00
4.418410069095797326e+02 8.774238200407701243e+02 4.886524980667034668e-01
4.961250126277224126e+02 9.534905209001105959e+02 1.721258393824821153e+00
5.602501111473206947e+02 9.596332051084907562e+02 1.619589215461356924e+00
6.173384213912967198e+02 9.710870172968261613e+02 1.472270044708529735e+00
6.746426984852604392e+02 1.016078340814055764e+03 1.820248695117211213e+00
8.337363981167804923e+02 7.380769333085509061e+02 1.366197180003839273e+00
7.717575021017203198e+02 8.068697648596172485e+02 1.995921369877199814e+00
5.577617906489633697e+02 8.158434319988454035e+02 1.193724132315471476e+00
6.232136876053111791e+02 8.692025518577861476e+02 1.083816220399601793e+00
6.866881989358482770e+02 8.747941834686698712e+02 1.649661910766695216e+00
5.562093004971062555e+02 9.585573531286788693e+02 1.661797753259590005e+00
8.485220930792743275e+02 9.596011851814919282e+02 2.065302150978743700e+00
6.149699780727582947e+02 9.709154041309077456e+02 1.439812252555731975e+00
7.959732859562807334e+02 9.709317639692233115e+02 2.542449104666712145e+00
7.336522909293411203e+02 1.009930767483338286e+03 1.900336653267075571e+00
6.699905945474797591e+02 1.016326037276371153e+03 1.666830257996969156e+00
8.327329883780636237e+02 7.353985585916835817e+02 1.359160373861265425e+00
7.707144274942388620e+02 8.070655882186007375e+02 1.970746888407193920e+00
8.654793752348734870e+02 8.000910679215533037e+02 6.621465667638501973e-01
8.882896790884447000e+02 8.578538032290676938e+02 5.495631577960667924e-01
1.001008053833943450e+03 8.880988690184108236e+02 2.915636005713881929e+00
9.152759559585949773e+02 9.345464453427939588e+02 1.441876605377573561e+00
8.491552716633740374e+02 9.624063591588155759e+02 2.118972211450243393e+00
7.945558445346749750e+02 9.710544738615835740e+02 2.505944312211322966e+00
9.969738760545917557e+02 9.823048357999505242e+02 1.820949767572223932e+00
7.290149326307636102e+02 1.007208722095494750e+03 2.114348930198530319e+00
1.165142550877822487e+03 7.569864578510158708e+02 1.015645226362828168e+00
8.660578922274985416e+02 7.990080328383658070e+02 7.061871657028218063e-01
8.857050723678078157e+02 8.582392111791563138e+02 5.523634727733925942e-01
1.081571441478805355e+03 8.599832271503544234e+02 3.124466184332028273e+00
9.980163918081682368e+02 8.876541003925576661e+02 2.824584109800785559e+00
9.146636290716119220e+02 9.340896468363439453e+02 1.495211039623353111e+00
1.134417804062450386e+03 9.313424485605166865e+02 1.154891515349045994e+00
9.961126202162001846e+02 9.869819337744029326e+02 1.833725182821257960e+00
1.052780637749453263e+03 1.012723815955861483e+03 1.099596552659661608e+00
1.159927621297798851e+03 1.000507006598487351e+03 8.422182742681034728e-01
1.163723539352653916e+03 7.578053341398285738e+02 1.021520841454104822e+00
1.199180843581963245e+03 8.082565494004090851e+02 8.729232683168596241e-01
1.336815027014134557e+03 8.281159960228953878e+02 2.168312873692875620e+00
1.078791332884128678e+03 8.594812045487022942e+02 3.082915131632429695e+00
1.240581052106805146e+03 8.907009037307766448e+02 6.687479551412560674e-01
1.133357375799072997e+03 9.321489144454649249e+02 1.201445679310730208e+00
1.267887429506697345e+03 9.578215120253944406e+02 5.837050170804489735e-01
1.058538553142320779e+03 1.003043741358888383e+03 1.181346336909785411e+00
1.155944468646190671e+03 1.001200670866634482e+03 8.451386702654590799e-01
1.256129615289527919e+03 1.003106985815256394e+03 1.860260327553177939e+00
1.466475685293827155e+03 7.735928527403129920e+02 2.591724204664763720e-01
1.194639163468298875e+03 8.081008788842526656e+02 8.465446702667146495e-01
1.374193903697576161e+03 8.069912905430130650e+02 2.590802439925044887e+00
1.333901975614432104e+03 8.259979691488634899e+02 1.982903945856441474e+00
1.239300690320826106e+03 8.907929626397365155e+02 7.099755001614287409e-01
1.428663613676007344e+03 8.976363620608683505e+02 2.714060716751765856e+00
1.266308478124411295e+03 9.578776611794551172e+02 6.157208938799882958e-01
1.365487504412117232e+03 9.583020054089770383e+02 9.528142757104992588e-01
1.455038817259473944e+03 9.793911914099226124e+02 2.333791313905884124e+00
1.266736121159457298e+03 1.014452816939428885e+03 6.984774097106536371e-03
1.464211182923187380e+03 7.737091461570229285e+02 3.306384880734120069e-01
1.355670280265538850e+03 8.156420673466025164e+02 2.388382522915727169e+00
1.605074029403486065e+03 8.169336592207652075e+02 7.913335499740318246e-01
1.427114881811767646e+03 8.958144216025534661e+02 2.753005265779675081e+00
1.630310004460854316e+03 9.348823505888053660e+02 2.605430319962037000e+00
1.365592000759760822e+03 9.567841615414793068e+02 9.994091813848308137e-01
1.453917584791279523e+03 9.785226197540621342e+02 2.340464617982976225e+00
1.576602201255277578e+03 9.785535486374365064e+02 2.963273425547740203e+00
1.549279523825779961e+03 1.020313448831094775e+03 2.138301663886305271e+00
1.768717619474080493e+03 7.652984578629153702e+02 2.365070154828316173e+00
1.697465887101013323e+03 7.649431138244871136e+02 2.467080962258208388e+00
1.602423028101665068e+03 8.177590383017447948e+02 7.584615071501144001e-01
1.795915371401288894e+03 8.396132826030859633e+02 2.383677261290306770e+00
1.718749215532428025e+03 8.402020641111104169e+02 2.400476098551111992e+00
1.626834698414168088e+03 9.334990906780994919e+02 2.713154725162912229e+00
1.771239459783122584e+03 9.460296045479187796e+02 2.044758367025727885e+00
1.572332738459526126e+03 9.774017628379547205e+02 3.123390879090705674e+00
1.727106488031110075e+03 1.003971145523002178e+03 3.056277635959407046e+00
1.768422650444967530e+03 7.656942046744877644e+02 2.441330771623666518e+00
1.696563702982851510e+03 7.656627399118179937e+02 2.342607499458392972e+00
1.873884973859682759e+03 7.797624014740437133e+02 4.898088177102684349e-02
1.794895658628855472e+03 8.397638832104454423e+02 2.393021072589055720e+00
1.718289946325852497e+03 8.404172897613246960e+02 2.448459702910582791e+00
1.867110437701253431e+03 8.424114423936230196e+02 2.615719535366781923e+00
1.770902511093741168e+03 9.476816868757903194e+02 2.011031114665716935e+00
1.848857206876327837e+03 1.002472674055451535e+03 2.418896136721076839e+00
1.729849534828470041e+03 1.004133438413512977e+03 3.057489689184663018e+00
1.925547340155301754e+03 1.012181801562352121e+03 2.602711597334259164e+00
1.873054963385610563e+03 7.798115375240378171e+02 4.539987854503383519e-02
1.867362477055732825e+03 8.434329277233611037e+02 2.623181331494320645e+00
2.040224448429397398e+03 9.251812821619289480e+02 2.214135763292979675e+00
1.988876582173019415e+03 9.761663399998546993e+02 2.071587181555823332e+00
1.845198243886655519e+03 1.001518741051002280e+03 2.433375547371596337e+00
1.927227338338304889e+03 1.014303504909026742e+03 2.695891987537090362e+00
2.038977361619441581e+03 9.250632838263472877e+02 2.326731616784598611e+00
3.261942588612451459e+02 9.491082157876996916e+02 2.101193594823676847e+00
4.433259206630663130e+02 8.765956741285876888e+02 5.562314983344845976e-01
3.252260012257723929e+02 9.486774303466697802e+02 2.103810130714626858e+00
4.966643933362150847e+02 9.539274735459973726e+02 1.731067353345455695e+00
5.075154802310914874e+02 1.075793483950458267e+03 1.428992276797566463e+00
3.914546127220932021e+02 1.106387750375555470e+03 1.651434089449444365e+00
5.385375627847635087e+02 1.170914293087679425e+03 2.848262761813503907e+00
4.400375265828623697e+02 8.748171921140212817e+02 4.554782652060661019e-01
6.243542919758667722e+02 8.687797238734933671e+02 1.840784334971208747e+00
6.869312137441841060e+02 8.813737569407844603e+02 1.832547829006487827e+00
4.962695734492997417e+02 9.527063755371218576e+02 1.753974139865447146e+00
5.598438569826430466e+02 9.587140723952747976e+02 1.651742680588903278e+00
6.170216216233176283e+02 9.696725433283659186e+02 1.468578097704191121e+00
6.700640297533993817e+02 1.016248518409619010e+03 1.623512162807238424e+00
5.707414317665918588e+02 1.074634148101363508e+03 1.717207779306251458e+00
5.070776916705633539e+02 1.075529258998638170e+03 1.447300423362787747e+00
6.199012822887980292e+02 1.104372945514552157e+03 1.279349440658905213e+00
3.878730795810187146e+02 1.103678162609916853e+03 1.730653188545389298e+00
6.835822899153928347e+02 1.133151580711949691e+03 7.623419931683494966e-01
5.460425848493124477e+02 1.171202498248572738e+03 2.910032597527940190e+00
6.231642645906702001e+02 8.668739439210062301e+02 1.008536575393856216e+00
6.856471378813811270e+02 8.734361110908532737e+02 1.697916229009122535e+00
6.157465534103620257e+02 9.694547008614606511e+02 1.453269049283147929e+00
8.516202072040503026e+02 9.633190931718886532e+02 2.258367664302580291e+00
5.554231523607642202e+02 9.571636410884984798e+02 1.668798539302676742e+00
7.984310743807448034e+02 9.707648076316836523e+02 2.639666244014492680e+00
7.333879517721044294e+02 1.009869946016787935e+03 1.834046397030014486e+00
6.692806705996490564e+02 1.016116329300722782e+03 1.574566696827773393e+00
5.685453178886965588e+02 1.075877767770363334e+03 1.705586261588025732e+00
8.026299865333662638e+02 1.078341215757216105e+03 1.726626421131564726e+00
6.187679792399518419e+02 1.104363060578725936e+03 1.180983378653337912e+00
6.818911667480639380e+02 1.132090968033967783e+03 7.600236481942821420e-01
7.562164096197822118e+02 1.168562624393971419e+03 1.899313567202888464e+00
9.990107533809916731e+02 8.848706532525375223e+02 2.905539351978313256e+00
9.150088125090760514e+02 9.337814469334166461e+02 1.454460101067097000e+00
8.479723911881842469e+02 9.603671234316086611e+02 2.201446206295284647e+00
7.963897896348157701e+02 9.698573861201693944e+02 2.647550706101961637e+00
9.998356860536925979e+02 9.875360511446517648e+02 1.932853767638055942e+00
7.319752263211074705e+02 1.008126553488364380e+03 1.830191048565935841e+00
9.230038545960362626e+02 1.035603139800090730e+03 1.346093357437462945e+00
8.011877786480695249e+02 1.077225772813298590e+03 1.731459361451393564e+00
8.601613168492840487e+02 1.090730972272302324e+03 1.188137966209304786e+00
9.658235725320778329e+02 1.092762977274150671e+03 1.487636985351297847e+00
7.530169776331138110e+02 1.159767482675042629e+03 1.948297745590331642e+00
9.099901130016289699e+02 1.171295622095940871e+03 1.690073642681741539e+00
9.931434369203200276e+02 1.170552420017157147e+03 1.086159820845935764e+00
9.984925648853729854e+02 8.854341607664086951e+02 2.907599437544876153e+00
9.134826561041390960e+02 9.316437378233008531e+02 1.566120637349526001e+00
1.134973238231842060e+03 9.291834967264483112e+02 1.159540111812887853e+00
9.977925231988622272e+02 9.860737158692695630e+02 1.920921416359498535e+00
1.053176262799723418e+03 1.009977369780035360e+03 1.017014876816221935e+00
1.158970708897219765e+03 9.971611634423427404e+02 7.484467127606193593e-01
9.220222895808924477e+02 1.035234739000245554e+03 1.418213597074286847e+00
9.644698936516431331e+02 1.092173054197930242e+03 1.546556192037642496e+00
1.062064659664021974e+03 1.073642112297926587e+03 3.754536644610562690e-01
1.179505982402910604e+03 1.089426435995660540e+03 2.435572462522774373e+00
1.139281094716788175e+03 1.136530559878110125e+03 3.035329655787262215e+00
9.087158300143839824e+02 1.167036215338664988e+03 1.766010025966706865e+00
9.911980074720415814e+02 1.171990138305684013e+03 1.436887967959828982e+00
1.241554291683832616e+03 8.885030149362053180e+02 6.844323261967671934e-01
1.133423375219466834e+03 9.305633211402700908e+02 1.207853800449740556e+00
1.267307416164559072e+03 9.573149761887252680e+02 6.511733347592616461e-01
1.053682342397307139e+03 1.008430202904477028e+03 1.110965161714017491e+00
1.156129359438924212e+03 9.986731819967860702e+02 7.882999822889225072e-01
1.265430050572564596e+03 1.014068949367038158e+03 3.110475552536054789e+00
1.226601237106737699e+03 1.045388015102823147e+03 2.859851264751840816e+00
1.060056344783489976e+03 1.074846309618021451e+03 3.367903508203357599e-01
1.175644400776477823e+03 1.095286002059014891e+03 2.159139272495515627e+00
1.247770144971934315e+03 1.138557796790074917e+03 1.276415968121284550e+00
1.142041292691539184e+03 1.137469372877465503e+03 2.982197886949116139e+00
1.155452491875982105e+03 1.172302828405329137e+03 1.516185609321136774e+00
1.237952658554459276e+03 8.871368776345304923e+02 6.945533204219277446e-01
1.430573397741729877e+03 8.950102936308605877e+02 2.734782898100062809e+00
1.365512277593030149e+03 9.569756609159051095e+02 9.464099770780451948e-01
1.265628344138287275e+03 9.575335057439203865e+02 6.333457374907941473e-01
1.455472777284837775e+03 9.790833319167509217e+02 2.395538290295123662e+00
1.264052537612397373e+03 1.015126248272526709e+03 3.129930993739904466e+00
1.353746965597287954e+03 1.046571768848127022e+03 8.866390707772431323e-01
1.225346613223399345e+03 1.046687722800675147e+03 3.019038397234681259e+00
1.347471648256887420e+03 1.103441051974219363e+03 1.207624394223997949e-01
1.246153700767160899e+03 1.139985959522259691e+03 1.337858695891844141e+00
1.419803032974122061e+03 1.152424893466522235e+03 1.650055778479820878e-01
1.425857627167014243e+03 8.959284890232343059e+02 2.758011265299605164e+00
1.630859337924873216e+03 9.324010295966484136e+02 2.672624330293903228e+00
1.361993838420821930e+03 9.559876914002684316e+02 8.738501590100714589e-01
1.453069098891170142e+03 9.772948108136743031e+02 2.389483848217189177e+00
1.576792393074563961e+03 9.764705202498491872e+02 2.993435511531828741e+00
1.550256384853632426e+03 1.023905215765250659e+03 2.490204277248682541e+00
1.353680017912159656e+03 1.042810208242899307e+03 7.896162400316756314e-01
1.629499139452584814e+03 1.089025310314062153e+03 1.593573257733030157e+00
1.507905301583888559e+03 1.072498989927648381e+03 1.389129013508001165e-01
1.352651317902277469e+03 1.107836115238543471e+03 2.524544451383867738e-01
1.543121946559883099e+03 1.124899005815376768e+03 1.094104816229936272e+00
1.416610972496234353e+03 1.151083658717568142e+03 2.749444858291760774e-01
1.561012592578244266e+03 1.181685338094343479e+03 9.620185170452142387e-01
1.626059319045487428e+03 9.322043906220465033e+02 2.699903522573034120e+00
1.771576168441752088e+03 9.479523228402656514e+02 2.108147323024567754e+00
1.573809953446852433e+03 9.762529178869078805e+02 3.067483411199456889e+00
1.730847891421558415e+03 1.004273757537800975e+03 2.931493869417094000e+00
1.548305698704915585e+03 1.023429148461673776e+03 2.344648868988041812e+00
1.706487941249425376e+03 1.051889126120178389e+03 2.888526173326040336e+00
1.627570780853729957e+03 1.087403163429970391e+03 1.522966508364600013e+00
1.793532230212055538e+03 1.069165359917786191e+03 3.028629833484242528e+00
1.539582521435009085e+03 1.121287709270946152e+03 1.052546941733219832e+00
1.758225777082438071e+03 1.135555626922938700e+03 1.131565664513612512e+00
1.670373133303714894e+03 1.148815709272711956e+03 1.431149011595153064e+00
1.556924532622790139e+03 1.181693930096314944e+03 1.033326366533777740e+00
1.770649960840105678e+03 9.477961036379881534e+02 2.034221726631045613e+00
1.849383238735533723e+03 1.001519710998605206e+03 2.426047954905699910e+00
1.727651806830631585e+03 1.003891406047104056e+03 3.001054184148135739e+00
1.930089826099610946e+03 1.012809960657324837e+03 2.677893631271207830e+00
1.706305382630801205e+03 1.051691925440214618e+03 2.946023713376070940e+00
1.790232712867059490e+03 1.068017868131882551e+03 3.104929048365517863e-02
1.920261377725362308e+03 1.084938416166790375e+03 3.079049926403554682e+00
1.759025314536783299e+03 1.135768623051105351e+03 9.523696798057024876e-03
1.667382343665449298e+03 1.144979653105674060e+03 1.451538955318752100e+00
1.897969082794065343e+03 1.143533861377787844e+03 6.076346290856390331e-01
2.039258202282683669e+03 9.238769564715560136e+02 2.228045259965402813e+00
1.988258367992227704e+03 9.747647962687140080e+02 2.047984709285250560e+00
1.848129192510910343e+03 1.001052195883804416e+03 2.456746059292912232e+00
1.928754505597211391e+03 1.012032866214962269e+03 2.732013083966161826e+00
2.053113250953066199e+03 1.070850765375021183e+03 2.153159881871332004e+00
1.919771436086427912e+03 1.083345844479144262e+03 5.189127259597185043e-02
2.011529136443110474e+03 1.121869741217465162e+03 1.907066734251154028e+00
1.899091981940184269e+03 1.142378822258597665e+03 5.419393374432559529e-01
1.940100362352762204e+03 1.178549970495564594e+03 1.319013601476283437e+00
2.039768289370810635e+03 9.247161586862289369e+02 2.314060707342377565e+00
1.986096192579741455e+03 9.740749784398576594e+02 2.217782786004855122e+00
2.053980098879965226e+03 1.071257839198307465e+03 2.264747664631909796e+00
2.009477760098888666e+03 1.121740754276950383e+03 2.077059227208234660e+00
5.066914492923872331e+02 1.074633908672158896e+03 1.464333189430431004e+00
3.908342717106645523e+02 1.104256941910818568e+03 1.676602461098211760e+00
4.333927451086055953e+02 1.311566662003805959e+03 4.114172681985200919e-01
5.706816367943192745e+02 1.073535335929587518e+03 1.653998883611141446e+00
5.071750526136621602e+02 1.073740882988184012e+03 1.446520020696608677e+00
6.210532456523742439e+02 1.103123323969584135e+03 1.298202831158563164e+00
3.880633077443212642e+02 1.105569421320280298e+03 1.693514696116250828e+00
6.847390609236540513e+02 1.129977953364822497e+03 8.104632911472321455e-01
5.442270021381316383e+02 1.168556382920416127e+03 2.930012167100413567e+00
6.650322547136256617e+02 1.241794817107514518e+03 2.163846573327714573e+00
6.057283693040305934e+02 1.253923786600690391e+03 1.484950453164568751e+00
4.328497638906287648e+02 1.312630882561471708e+03 3.475226667762814081e-01
5.702836269331397716e+02 1.076667097014224055e+03 1.730594769905798858e+00
8.028174917789514211e+02 1.076014133155621494e+03 1.698753608426721406e+00
6.174190183661785341e+02 1.101897913091352848e+03 1.210974559403588779e+00
8.611594849177399738e+02 1.089668922088462068e+03 1.314025408538332274e+00
6.814990486378784453e+02 1.130899689208968084e+03 7.865913701558723270e-01
7.566603063959954625e+02 1.167735037746534772e+03 1.888184926355424231e+00
8.112994667995417331e+02 1.202793337361734757e+03 1.472013025465946923e+00
7.269438208419529701e+02 1.238846290604239130e+03 2.188966768896328574e+00
6.048542651472171201e+02 1.253438065525094316e+03 1.418802212489801651e+00
6.619644129282387439e+02 1.239961948334174622e+03 2.247448567889803073e+00
8.319245772910746837e+02 1.320812489089831843e+03 2.555976390341098359e+00
9.225686636089558306e+02 1.033345078410459791e+03 1.321593784076613209e+00
8.009369880964202366e+02 1.076400450240513692e+03 1.743090914964383398e+00
8.599545123420132313e+02 1.089145835820285356e+03 1.187500056620922173e+00
9.660677651498115210e+02 1.091032197547243641e+03 1.478058940241212094e+00
7.559071274920886481e+02 1.167099481415426908e+03 1.909553879677049926e+00
9.090566639912835853e+02 1.172773278424986756e+03 1.719387159407460341e+00
9.919585771352869870e+02 1.168505601426521253e+03 1.241883572908995870e+00
8.104185680024983185e+02 1.202294556406572383e+03 1.428538551152840785e+00
8.666263389005484896e+02 1.211460728830932567e+03 1.722717315375691394e+00
7.225198849869781270e+02 1.238693375550455130e+03 2.203719530430765072e+00
9.238892867362867491e+02 1.283295391608403634e+03 1.160357104627863345e+00
9.807452541674588247e+02 1.297701243181420978e+03 1.684178903371634783e+00
8.331346037964334528e+02 1.323767602183801955e+03 2.565646303506696757e+00
9.181844775403008043e+02 1.033069750134017113e+03 1.345393011054796917e+00
9.641004936336285027e+02 1.092272544584513071e+03 1.536901186378350825e+00
1.062001643682338909e+03 1.071101599549924686e+03 4.199957739722970373e-01
1.179369869295723447e+03 1.090278845490179719e+03 2.418138742252153417e+00
1.143164025853862768e+03 1.137383328081825539e+03 3.016807190182395626e+00
9.072213519938791251e+02 1.173079040364048296e+03 1.755257171542785155e+00
9.899618164099645128e+02 1.169252607359693911e+03 1.303747698601186888e+00
1.038441531978718331e+03 1.190346768406584715e+03 6.791143489624824614e-01
1.154488388387890836e+03 1.175640704505705116e+03 2.068896779112460393e+00
1.065635015857632197e+03 1.250752150592355292e+03 7.767979778540795577e-01
9.236448766381090536e+02 1.282842808177714232e+03 1.206585397971136953e+00
1.167910346386238416e+03 1.268432142073923160e+03 1.387502548175577333e-01
9.800277499103829086e+02 1.302464561280885846e+03 1.681401914783049234e+00
1.043341994311946110e+03 1.313994250681471385e+03 9.244561535309592237e-01
1.143700495671034105e+03 1.323040689193388744e+03 3.771763810183670906e-01
1.169458428673780190e+03 1.220887068673069734e+03 1.514427089290019124e+00
1.229661682763763338e+03 1.042732113671981097e+03 2.700666371330127546e+00
1.058679364829506312e+03 1.074053061503229401e+03 3.400963992131545433e-01
1.174745387267840215e+03 1.095784084984094079e+03 2.221888213101326670e+00
1.247353518644835958e+03 1.136868400296224081e+03 4.767056008904048681e-01
1.140276168617985149e+03 1.137432743936788938e+03 2.969934168522795126e+00
1.285116453524609142e+03 1.181854695344164156e+03 1.081536260894109702e+00
1.037475172222818628e+03 1.190700078861848169e+03 7.240161936310172131e-01
1.153531301122801779e+03 1.176317123786392813e+03 2.060947074512744948e+00
1.168385949021021588e+03 1.217076915771411677e+03 1.759609171595586385e+00
1.338433589507851366e+03 1.219697268630508006e+03 4.825464255795171575e-01
1.064535827172606560e+03 1.248835749353520441e+03 8.095824599564882540e-01
1.167301238311634734e+03 1.263248855156976788e+03 2.928725741895432666e-01
1.303036390948562257e+03 1.311859122436494772e+03 1.173579495760706415e+00
1.046702401745076486e+03 1.295873681383634221e+03 1.365082233230703990e+00
1.230648509301432114e+03 1.335725947209030892e+03 1.084403215636035034e+00
1.139840341106006917e+03 1.320928689717300813e+03 4.097735838396964203e-01
1.355124244637817583e+03 1.043385946408938935e+03 8.324455977137729112e-01
1.233631564661232005e+03 1.043190313992620986e+03 2.787722315996959743e+00
1.348098889978190755e+03 1.102882638600457540e+03 1.036066046867618745e-01
1.245437298586040470e+03 1.138738399941679745e+03 1.230573396657358654e+00
1.418888638725134342e+03 1.149221418682138165e+03 1.631193196196889794e-01
1.283409023284307295e+03 1.182820091831533318e+03 1.067753752029939163e+00
1.464311390567307626e+03 1.215328252533763589e+03 1.469732688054833147e+00
1.365443989222178516e+03 1.233934233382368120e+03 1.587565988252821692e+00
1.300296923936030907e+03 1.312196658093337419e+03 1.160575856948578677e+00
1.230610373934392328e+03 1.333112120500632273e+03 1.084119726851686671e+00
1.630174952080470803e+03 1.088169601602728790e+03 1.642901959350727470e+00
1.506814373883267535e+03 1.072306569909397240e+03 9.182431354581477301e-02
1.348654156181605003e+03 1.103943391082896824e+03 2.315983028454401613e-02
1.541980072618713393e+03 1.124810026631783330e+03 1.122713519353274680e+00
1.414863719297365378e+03 1.149690961970636636e+03 1.641990469554625576e-01
1.559863138617284676e+03 1.179746802705758910e+03 1.035429105452293719e+00
1.462649654136311483e+03 1.215191531379725802e+03 1.442189025964036864e+00
1.611013746659670460e+03 1.215004723607874212e+03 1.450157743988995884e+00
1.373919862964663935e+03 1.235874217729966631e+03 1.882421089708968820e+00
1.517528688518798617e+03 1.268699996317911200e+03 6.217961687978201812e-01
1.641358964368743727e+03 1.287545851515283175e+03 5.883754985592754005e-01
1.538627565534877249e+03 1.326224656926811122e+03 9.510681582976244774e-01
1.705429038814143723e+03 1.052827083714263608e+03 2.859457838687275100e+00
1.627102192749809092e+03 1.087956477801301162e+03 1.607074876720967715e+00
1.538421069272503701e+03 1.125005676000095264e+03 1.168639569065963002e+00
1.772240118645327357e+03 1.112108375934570404e+03 3.025209415315072370e+00
1.668243621716307416e+03 1.149075968504289904e+03 1.462709237886853808e+00
1.558560289797899259e+03 1.181490076252312974e+03 9.206756581031922959e-01
1.738249310886937110e+03 1.166891060990897586e+03 2.309708818154704080e+00
1.609414628678946883e+03 1.214828892620145780e+03 1.425766893380915779e+00
1.725066665679665903e+03 1.233584949133960890e+03 2.080848175324939930e+00
1.516547457919924227e+03 1.266492089691803130e+03 9.482264850654613664e-01
1.640473484084589018e+03 1.284550294211007667e+03 5.303835032417186790e-01
1.796420677962905756e+03 1.290623378856133058e+03 2.008968881554505259e+00
1.706281406193559405e+03 1.051280676196345894e+03 2.865340710018186243e+00
1.790406684703446444e+03 1.065801871844962534e+03 3.132111876856040755e+00
1.919832033558619969e+03 1.084093897444584854e+03 3.041761563684132419e+00
1.753540808934088773e+03 1.142875226037506536e+03 2.900834730164589370e+00
1.895724935718953475e+03 1.141480668524878411e+03 5.554667065743960075e-01
1.942056209547400613e+03 1.179343906529547212e+03 1.134275135496112474e+00
1.724948831604862335e+03 1.234011503233867643e+03 1.987849121577612843e+00
1.793908368515939173e+03 1.291196637842972450e+03 1.969492853172004621e+00
1.743293204197193063e+03 1.340786923815956015e+03 2.424082997312871246e+00
2.052339087990812914e+03 1.071056745124592453e+03 2.253355398724056879e+00
1.919713437642600184e+03 1.083024358384664993e+03 3.082274669219178254e+00
2.011502631735229443e+03 1.121299486980909023e+03 2.006435079359250473e+00
1.893601591536151318e+03 1.141915275065197193e+03 5.621167019573937162e-01
1.940215215116667878e+03 1.178121600924349423e+03 1.190339729187010587e+00
1.991958049809741169e+03 1.217856005945271363e+03 1.823961541661304420e+00
2.077710650210604854e+03 1.233296226402467028e+03 9.378553103814273317e-01
2.140555296326399912e+03 1.276888432232986361e+03 1.982011935851522022e+00
2.015735788737500116e+03 1.328594294654779787e+03 7.266034134798007305e-01
2.053586496595949939e+03 1.070043300985655378e+03 2.309017917047279767e+00
2.010198266238345695e+03 1.118919001843007663e+03 2.091446352235093897e+00
1.988814124652716600e+03 1.216018706249663865e+03 1.929999014888408082e+00
2.077895494039908954e+03 1.231422058435142844e+03 9.286240522783367757e-01
2.140656337765638000e+03 1.276406428273383881e+03 1.993582039781517601e+00
2.022437478349916091e+03 1.320650830132424744e+03 6.818249812636431040e-01
4.349190821326200194e+02 1.309989526254357315e+03 5.000397523947062162e-01
6.664465614231962718e+02 1.242576038079236469e+03 1.981989762682364375e+00
6.041538240018112447e+02 1.252614098327171178e+03 1.487330841949465077e+00
4.315829783673618749e+02 1.311195256197798699e+03 4.619876783235953299e-01
5.515747123855809377e+02 1.340128809150774714e+03 3.008219333650340221e+00
6.756095370369660031e+02 1.409925603875550223e+03 2.766369355194564061e+00
6.715104051231882067e+02 1.480755183690954709e+03 2.154457428923433504e+00
8.112239897892261524e+02 1.206425031643448619e+03 1.314452434289500760e+00
7.272240325432013606e+02 1.237765936638505536e+03 2.054121515909049123e+00
6.627966733057623969e+02 1.239013129609718362e+03 2.078098108421498225e+00
6.046794548932549560e+02 1.252121639016922018e+03 1.414100722509612718e+00
8.368606044805644615e+02 1.322263829974388955e+03 2.445769743760242143e+00
7.654218712479953410e+02 1.359471192155234348e+03 1.397988874558976802e+00
5.498328030562572621e+02 1.339817711219013290e+03 3.082793447388627595e+00
7.122720913806601857e+02 1.363105793047043107e+03 2.196172951460890754e+00
6.759460967131549296e+02 1.409856650743232649e+03 2.817536779580330997e+00
8.084969496623505165e+02 1.458124436459727349e+03 2.766455882331235294e+00
6.727967509474259487e+02 1.477948184743792808e+03 3.105076777538064103e+00
8.108903187278153837e+02 1.199931051240555462e+03 1.390190472706966274e+00
7.235266326141953641e+02 1.239326407175171198e+03 2.122532127154751258e+00
8.672841417540666953e+02 1.212063640828954703e+03 1.660692544861693154e+00
9.227694791888707186e+02 1.281956688777905129e+03 1.227708705735574668e+00
9.821269068512756348e+02 1.302014970132405324e+03 1.634898049378761264e+00
8.342628497020298255e+02 1.322330251762513853e+03 2.467514735518035796e+00
7.622740986354506276e+02 1.358616189788409656e+03 1.376408094035833418e+00
7.106082321741832857e+02 1.364455209325923079e+03 2.204431219609872983e+00
9.383527022093717278e+02 1.380645558676377732e+03 2.764686080352866338e+00
8.845609047069417556e+02 1.421446767212678878e+03 1.661435232853802624e-01
8.053779855930098392e+02 1.457574982772480780e+03 2.810653489607111144e+00
1.006994001474356537e+03 1.469098795619988323e+03 2.941493486097114030e+00
9.228607316846928370e+02 1.491127050465308002e+03 2.623298726646037693e+00
1.064595763845305100e+03 1.250406840001282717e+03 9.985227921781409943e-01
9.218336162486573357e+02 1.282081393249336088e+03 1.288807420525754921e+00
1.168270693229040489e+03 1.267884529386405802e+03 3.759064214575862373e-01
9.805676122795271112e+02 1.301604654953321869e+03 1.696931714601952468e+00
1.042786836001571373e+03 1.314711622562956563e+03 1.018944701283468479e+00
1.143699815017457695e+03 1.318229479911652106e+03 3.686734889918649172e-01
9.365991241701597119e+02 1.380973881870602554e+03 2.686528804202002796e+00
1.052762657454109558e+03 1.391444625676654368e+03 6.907878350145540969e-01
1.126660919374974810e+03 1.405706145504250344e+03 8.094697019242830249e-01
8.798187621823917652e+02 1.423716170532506794e+03 1.662326645868968944e-01
1.178479510970438469e+03 1.424318493986318572e+03 4.941382914627425738e-01
1.010152114256966570e+03 1.470530208469188892e+03 2.842124705885416436e+00
9.221367628029190655e+02 1.489336664363982891e+03 2.866234567892563145e+00
1.122628156319616210e+03 1.498908985748348414e+03 2.132582046002696075e+00
8.668282002538728648e+02 1.220459640386848378e+03 8.335855210284472960e-01
1.168001527709088350e+03 1.220105516521223535e+03 1.625329581282544122e+00
1.331864886102701121e+03 1.219455270823448018e+03 6.971535914679479751e-01
1.061497787939822047e+03 1.249075566027456262e+03 1.000337827991138795e+00
1.165779245960489789e+03 1.259626968887661633e+03 3.172387982088437641e-01
1.300462706072176843e+03 1.310523195258643682e+03 1.192456539870056842e+00
1.038594234199899574e+03 1.315743431811927394e+03 1.043445559118072463e+00
1.229231077613286971e+03 1.332200126293918402e+03 1.062699450371552556e+00
1.141382944588762712e+03 1.318246672418519893e+03 3.210776464047771506e-01
1.049450282181340526e+03 1.392898643779597933e+03 7.018048006828420116e-01
1.125543014073056611e+03 1.406190350654536587e+03 8.801935998088953328e-01
1.179594366527914417e+03 1.422446983080061273e+03 3.692989754158463866e-01
1.253379553678908678e+03 1.443412372882212821e+03 1.142082600184007868e+00
1.121632214358756528e+03 1.501284380379133836e+03 2.205103447601707067e+00
1.463625707645396687e+03 1.215928683357694808e+03 1.462197119969846915e+00
1.333509191547894261e+03 1.217115090591855278e+03 6.468447361058867751e-01
1.384450152389189952e+03 1.242008826288698401e+03 1.669177924629975385e+00
1.299122390357619452e+03 1.310058861655642204e+03 1.111354401815502824e+00
1.227550242354112015e+03 1.332385227719924842e+03 1.016338156375657498e+00
1.424274611628111415e+03 1.358293154228843605e+03 1.811587191888426318e+00
1.343231928867620582e+03 1.350082115364405809e+03 6.216481543942287136e-01
1.475530837190752663e+03 1.431229324693595345e+03 1.975240076345565754e+00
1.252156255975718295e+03 1.443746636263832897e+03 1.071536316692352830e+00
1.360920710210591778e+03 1.434098016748630926e+03 2.748252643671149631e+00
1.353574454417096376e+03 1.494418922111723759e+03 2.442839620088757824e-01
1.461996979737255288e+03 1.214782678053575182e+03 1.437128239781491290e+00
1.609632617756376021e+03 1.213099908808667578e+03 1.520290287033986054e+00
1.382161414306143115e+03 1.242219987011500734e+03 1.692086275627278091e+00
1.517014802406336230e+03 1.267208233071351060e+03 6.058786142746257486e-01
1.642942606765351911e+03 1.282832407001217916e+03 5.073278514918275750e-01
1.538967235437283534e+03 1.322283255368791970e+03 8.724764783601368645e-01
1.422587328879277948e+03 1.359204312473854316e+03 1.827426819485077125e+00
1.572751085117207367e+03 1.373167301298391976e+03 8.549241234655553523e-01
1.645678708816139988e+03 1.391063619208347063e+03 1.647108704167830284e+00
1.473558222058573392e+03 1.430732933691688686e+03 2.033567348991292434e+00
1.356812606564483076e+03 1.437578296327053067e+03 2.850003617286146262e+00
1.603566381524043663e+03 1.462682936891261761e+03 1.588706477758484947e+00
1.547099507795817999e+03 1.479963392796758171e+03 1.494929695142380499e+00
1.608810841527737239e+03 1.212273906282075131e+03 1.460373790013553830e+00
1.725444816775727986e+03 1.230885435296836249e+03 2.080831584158762571e+00
1.514819029667528412e+03 1.264959307699513602e+03 7.802701900127423373e-01
1.795754783251977642e+03 1.289288773491100983e+03 2.034476831867203295e+00
1.641228052791786922e+03 1.283194548877439502e+03 5.162000232136281230e-01
1.537764872048469897e+03 1.322983171820182179e+03 8.323548129622354574e-01
1.752473405090512642e+03 1.340207183415020154e+03 2.346995669119953831e+00
1.699477329823887885e+03 1.354026263581056810e+03 1.711509804228007914e+00
1.571727554629630731e+03 1.373616935269110854e+03 8.348101234798690484e-01
1.642002361156866300e+03 1.390406945414164511e+03 1.574041344938409193e+00
1.544812752030531783e+03 1.478703400076645721e+03 1.521705213608336438e+00
1.599390309327959812e+03 1.470308031660499637e+03 1.645855682964352029e+00
1.721142056646710216e+03 1.498660091620948833e+03 1.967398383280198004e+00
1.725381342257629740e+03 1.233734436246098767e+03 2.034122462785332264e+00
1.794883840238465837e+03 1.288815889192612531e+03 2.015960163971307395e+00
1.751734823357676987e+03 1.340525188777203311e+03 2.331423130034255831e+00
1.699046495108502995e+03 1.355068744668339832e+03 1.726107290078793932e+00
1.719243839029776382e+03 1.496184031756690956e+03 1.954381422175229588e+00
1.992169607970167817e+03 1.219492151462710581e+03 1.872989842083254253e+00
2.077719294006288692e+03 1.232350840928203525e+03 9.154796879801097020e-01
2.015291310988665373e+03 1.325635882445169273e+03 6.406043477503009509e-01
2.091877485328428975e+03 1.348920080733417990e+03 1.668838930940371945e+00
2.033160725238121358e+03 1.396104690010052764e+03 1.307875676474055782e+00
1.990103933101478560e+03 1.221475658227009262e+03 1.992617371871804544e+00
2.077060317519726141e+03 1.231489693285024487e+03 9.437733512438052363e-01
2.140030736758337298e+03 1.275564895009016709e+03 2.039701608738049732e+00
2.014897596228625844e+03 1.324175244683769733e+03 6.673452813570507347e-01
2.091114854717532126e+03 1.347209767206143169e+03 1.657202760289973931e+00
2.033611340534495866e+03 1.394006774509985007e+03 1.324665931905099292e+00
6.759203771166503429e+02 1.409172180534800191e+03 2.762752236838712960e+00
6.735803992841644003e+02 1.479442021486255726e+03 3.035229192015863831e+00
6.073080906367581520e+02 1.545844439538957658e+03 8.045954233321092608e-02
7.610764284175063494e+02 1.360130607522188257e+03 1.367901889420216177e+00
7.120954382190773231e+02 1.361546031093086413e+03 2.127991918765049562e+00
6.750559093194572142e+02 1.408420555372833633e+03 2.769441560292556392e+00
8.066752542418614667e+02 1.456100444034203974e+03 2.712054009156958045e+00
6.726096877032894099e+02 1.477782622527673993e+03 3.088365695464533545e+00
7.636568986651759587e+02 1.531594357311815202e+03 2.915887665247902660e+00
6.051453441526160759e+02 1.544874531514463570e+03 1.126162075041620692e-01
7.833290177987551033e+02 1.611977153885816278e+03 2.299148351666302936e+00
8.558982578136350412e+02 1.617787068896196615e+03 2.025638464248770809e+00
7.557117621845770827e+02 1.360853654216540008e+03 1.203680557432177833e+00
9.387363412902930122e+02 1.378046314286490542e+03 2.794474193240209736e+00
8.845091252351267030e+02 1.419710544191050531e+03 2.245223855728104012e-01
8.059350860123560096e+02 1.456048748861321201e+03 2.775748861473444684e+00
1.010531268230092564e+03 1.467225554489362594e+03 3.014060893783360839e+00
9.243255443038328849e+02 1.488126920477319345e+03 2.953723686712622420e+00
7.614206705673525448e+02 1.531363950579859875e+03 2.970577183930065424e+00
8.939810041571313377e+02 1.527621776826965515e+03 6.468617218894701093e-02
9.761490807314880840e+02 1.596829692516411569e+03 1.399231611863825275e+00
7.832303949903806597e+02 1.613143851269199331e+03 2.374414523151725742e+00
8.567408225521666054e+02 1.619735256967985379e+03 2.060916367849065622e+00
9.228286576093112217e+02 1.619283537421344363e+03 2.276513771392975727e+00
9.362711880716149153e+02 1.381119331031521369e+03 2.681995691137236904e+00
1.053273787568709395e+03 1.389894409346648899e+03 7.568641349065942103e-01
1.127226791953286011e+03 1.403246694450463565e+03 8.349219176354369942e-01
8.808724677846896611e+02 1.420338916856436299e+03 1.860121820776349799e-01
1.173898826339916013e+03 1.420905757682779949e+03 4.855347838096692459e-01
1.011458932396482169e+03 1.470749941578284734e+03 2.850399695088951635e+00
9.230229070257266812e+02 1.490164700946269704e+03 2.839790196747504325e+00
1.123969355537839419e+03 1.501417623173432730e+03 2.138337320065406999e+00
1.047994985179065225e+03 1.524696442965697088e+03 2.828729578187262117e+00
8.917708439445775639e+02 1.526935618516103887e+03 3.135119891762674804e+00
9.750498383719364028e+02 1.595595684260703138e+03 1.462068427053686337e+00
1.080133984016754766e+03 1.589195593291254681e+03 7.103925467150922213e-01
1.140848292255739580e+03 1.612716553790561420e+03 1.028680690879451465e+00
9.181784520296571372e+02 1.622616302190954229e+03 2.386569243276021268e+00
1.048712526938785913e+03 1.389045749708059020e+03 7.991667525637896619e-01
1.124904376149453583e+03 1.404662404385893979e+03 9.868556960239928122e-01
1.180024448320070178e+03 1.421554759700715294e+03 4.397313085915502961e-01
1.255261186376450041e+03 1.441712446835346327e+03 1.114943119100092028e+00
1.035524285944293979e+03 1.507900056575574808e+03 2.824203671130298687e+00
1.124207469081513409e+03 1.501931481910279672e+03 2.205642374026045793e+00
1.077373369897027260e+03 1.590167828514925986e+03 6.739668395546395407e-01
1.139126099164602692e+03 1.612064061360519872e+03 1.007334203206017298e+00
1.343748917004372515e+03 1.347967803232042797e+03 6.971735720406257997e-01
1.424777537231684619e+03 1.360164801943558587e+03 1.777885687360831302e+00
1.476002997141550622e+03 1.430312900728854629e+03 1.920240430558690425e+00
1.254249907385900315e+03 1.443344345994355081e+03 1.083667831032083750e+00
1.361510578441878579e+03 1.432845827993831108e+03 2.779966877525847035e+00
1.353266394142615582e+03 1.491415709288379730e+03 2.759008820662893213e-01
1.433864086746982593e+03 1.517868522308814818e+03 4.190906460573292636e-01
1.466753022760655313e+03 1.559610312669613222e+03 1.263619626505193105e+00
1.480047024581620462e+03 1.652756796860039458e+03 1.201904361340740746e+00
1.422164184966193488e+03 1.359876052333092730e+03 1.798166776991909632e+00
1.572594064918852837e+03 1.371892818570996724e+03 8.607256456804686096e-01
1.641319149151097008e+03 1.399987930671195954e+03 1.122418985315467799e+00
1.473997632725933045e+03 1.430316965854865884e+03 1.978506104150693945e+00
1.360287949522234157e+03 1.434928211991774560e+03 2.892854400610313625e+00
1.545968462120573349e+03 1.476437798978397723e+03 1.412463321546948647e+00
1.603460069364910623e+03 1.468173228428377115e+03 1.682606171141448392e+00
1.350778876850134338e+03 1.490938558729350234e+03 2.422482749777478128e-01
1.431644153754450144e+03 1.518635639886243553e+03 2.915362217599436478e-01
1.465260348311812095e+03 1.558910210731675079e+03 1.222884444089665346e+00
1.475937241665865258e+03 1.653829741255216959e+03 1.306509400432749990e+00
1.699575171833749437e+03 1.354926250163285886e+03 1.729526920260011646e+00
1.571599941456696115e+03 1.371705105040682611e+03 8.240633573738654905e-01
1.642993860504991744e+03 1.392035489216890937e+03 1.472874843570569414e+00
1.545224074840729372e+03 1.476800532216366264e+03 1.406114471210220263e+00
1.602826951960797260e+03 1.468819922809989066e+03 1.679101897865006965e+00
1.722986555458050361e+03 1.495261606289286647e+03 2.026728356106064943e+00
1.666187418997871418e+03 1.518558541318671132e+03 1.749873060644661527e+00
1.698613787490380446e+03 1.358527463622992400e+03 1.669605714378413763e+00
1.722142052065674534e+03 1.495172866432702676e+03 1.997839456490986931e+00
2.090508547372695375e+03 1.348303468455207849e+03 1.788658495382218883e+00
2.032298203805148205e+03 1.394370943276059279e+03 1.402472058021540402e+00
2.056863345875539380e+03 1.578296936699367734e+03 6.338237975015730274e-01
2.089342904481987716e+03 1.346561003512282923e+03 1.775169761226280674e+00
2.031652779337539414e+03 1.392123182540732159e+03 1.499282809055030530e+00
2.057845274276620330e+03 1.578026507131428616e+03 6.430802206425380030e-01
6.075473380455443930e+02 1.543700461499226776e+03 9.621195146190457403e-02
7.653562083379258638e+02 1.530835729624453506e+03 3.042401428284061460e+00
6.044647923218400365e+02 1.544032910264925704e+03 1.310471730334403229e-01
7.830566282644832654e+02 1.611065389414963420e+03 2.370572425420314655e+00
8.596412183726376952e+02 1.617944211487894790e+03 2.050658493770555424e+00
7.492299136916795987e+02 1.706204735193693523e+03 2.286075281122122327e+00
8.251204802744416611e+02 1.698869598209932974e+03 2.774126313135968580e+00
8.022279287438582287e+02 1.816112717828701534e+03 1.654244361882378334e+00
8.943814855701482429e+02 1.526130136198699120e+03 9.328367836644167743e-02
7.601799158635326421e+02 1.529355256633843283e+03 2.960777301289291952e+00
9.767011580531029722e+02 1.592929855670451843e+03 1.366247719493764334e+00
7.829059046563741049e+02 1.610553122123235426e+03 2.423053152714048863e+00
8.568434414701755486e+02 1.617337298064479000e+03 2.118367676730028126e+00
9.226311940670918830e+02 1.615965943245655353e+03 2.329774348995627520e+00
1.013727884583621517e+03 1.667122556369973381e+03 5.672061419742028265e-01
7.485511549489158369e+02 1.704082133805314697e+03 2.343892787614645812e+00
8.218864686548776035e+02 1.697180880976309936e+03 2.744948705206739614e+00
9.626245874970124987e+02 1.755956547194353561e+03 2.363023403186120586e+00
8.584875000482168161e+02 1.794861520024756828e+03 1.103102076663058373e+00
8.006946480062927094e+02 1.816607056184907833e+03 1.639263965930853661e+00
9.562542819648597288e+02 1.819486833363978803e+03 2.334206930166641825e-01
1.047972349412901167e+03 1.523585005772371233e+03 2.870978541286517416e+00
8.947685929836029572e+02 1.525725045602039472e+03 2.165545782490518878e-02
9.747576512782527516e+02 1.594791440219211836e+03 1.456691994322294459e+00
1.080488695377260228e+03 1.587996708924959421e+03 7.087096963021888296e-01
1.139909645410557232e+03 1.609095385409456867e+03 1.015960017510831426e+00
9.211090912835836662e+02 1.619120733773510210e+03 2.334176880048194125e+00
1.014488291576028587e+03 1.666885516516776079e+03 5.922108605829422556e-01
1.179774551328794132e+03 1.672832305730949201e+03 1.227143793518342685e+00
1.071701882064198344e+03 1.700842799652420808e+03 4.728578039769677499e-01
9.621797024611762481e+02 1.760200668289768828e+03 2.350530260941042116e+00
1.059287844930744313e+03 1.791303157064779498e+03 2.655822843493633290e+00
9.547783483035193512e+02 1.819701446231577393e+03 7.869287385298256998e-02
1.050814280039726555e+03 1.526174386129627010e+03 2.926353333829978531e+00
1.080338788353761402e+03 1.588540337775447597e+03 6.543469042142137093e-01
1.142037622664890932e+03 1.609410575041934180e+03 1.006638853270706235e+00
1.178897838964768653e+03 1.671448823086408083e+03 1.247475751185181947e+00
1.074241389096718422e+03 1.700809714770911796e+03 4.656719753386522886e-01
1.060012188476077199e+03 1.792087085061407834e+03 2.590867169050730556e+00
1.423363314783735859e+03 1.516098139585213630e+03 5.935583127794876734e-01
1.466683268351353945e+03 1.561610063724678412e+03 1.199407423588372268e+00
1.477109261304803113e+03 1.651152067849970990e+03 1.393192030631140499e+00
1.428253351205074296e+03 1.517478445837623440e+03 4.196245492279992439e-01
1.465900503459322181e+03 1.558195655902994531e+03 1.189965831799616236e+00
1.476555023112588060e+03 1.652150517958250930e+03 1.349731683351390155e+00
1.667652853633456289e+03 1.519181484450367861e+03 1.714972236830001329e+00
2.058730043094423309e+03 1.575405874685606250e+03 7.271301596360093544e-01
2.057759303813729730e+03 1.575452142229827359e+03 7.296929659583437644e-01
8.231693931332270040e+02 1.695921365353836563e+03 2.717446125698580239e+00
7.476416715145677472e+02 1.704976129629976413e+03 2.356846161699464481e+00
8.608498730402088768e+02 1.793653476190494303e+03 1.162385185521593201e+00
7.987285377822615828e+02 1.814183452268955307e+03 1.599048656222526121e+00
7.484500911360856890e+02 1.875770021886879476e+03 2.521008771520087510e+00
8.328828444272767229e+02 1.961336303340026006e+03 3.331566140644046659e-01
1.002948234679796315e+03 1.668736912567108448e+03 6.965458367220164204e-01
7.483960566625657975e+02 1.704320488300567376e+03 2.270551368464436059e+00
8.223577073498897789e+02 1.696606295189705861e+03 2.696370286515733738e+00
9.626799168451889273e+02 1.755758076607788325e+03 2.343771767310113940e+00
8.589827069620058637e+02 1.794173303256095096e+03 1.134235573792238716e+00
7.993057187854543599e+02 1.814984781620463764e+03 1.579449323617213130e+00
9.603342871094694146e+02 1.814886093734954102e+03 2.258919399940358674e-01
7.487850019025867141e+02 1.874200009138333826e+03 2.494103228147165119e+00
8.676531178502368675e+02 1.868454599377014574e+03 4.319543184728441010e-01
9.926234665881445380e+02 1.900470029121699099e+03 3.004513864701685577e+00
9.654189476687570277e+02 1.957912487383975076e+03 2.947788387886729478e+00
8.340273958008287991e+02 1.959322610960239217e+03 2.782712485433876393e-01
1.177891379747329665e+03 1.674728204263753696e+03 1.158569949528576393e+00
1.072729680541429843e+03 1.698848141961086867e+03 5.664014544913819060e-01
9.608436536801377770e+02 1.756898243809145242e+03 2.288632015189129287e+00
1.058260241071862993e+03 1.788164046216563975e+03 2.614915405601870191e+00
9.591394636497532247e+02 1.815017840868383701e+03 1.979771720447176531e-01
8.666621090593571353e+02 1.868960525788273344e+03 4.243027977192391220e-01
1.163123431551841577e+03 1.877826835115837412e+03 2.406988148945927275e+00
1.058955551942391139e+03 1.873709816373336253e+03 3.050509454353508954e+00
9.912388377149011376e+02 1.900227681927400681e+03 2.973675897175136473e+00
1.139991742594566176e+03 1.953749485796500721e+03 2.621642461999187823e+00
9.641738070499618516e+02 1.959284840823994728e+03 2.911592390300382416e+00
1.177843397617328719e+03 1.668851835932072163e+03 1.225696597438345137e+00
1.073627212985612232e+03 1.697915111921617381e+03 5.718996407389855818e-01
1.058330241280033988e+03 1.788762712573855651e+03 2.666696819992214973e+00
1.337185258766671950e+03 1.855905939431202114e+03 1.277988055719278648e+00
1.164402903428094760e+03 1.878482696694869446e+03 2.451998618319992218e+00
1.058928374676300791e+03 1.873897761214334196e+03 3.060478245574618672e+00
1.140215057216617424e+03 1.950370710003518525e+03 2.836456337808506589e+00
1.333775243834738376e+03 1.855386876605820362e+03 1.329727482032746044e+00
7.488672045557465253e+02 1.875100468865629409e+03 2.492746793098668423e+00
8.355294694101869482e+02 1.958355162921383453e+03 2.866025402919137322e-01
7.494288603270953217e+02 1.876766316549325666e+03 2.415256530268979240e+00
8.688172583705813850e+02 1.869126696896192016e+03 4.456889633980722909e-01
9.931720130034509566e+02 1.899977334047452587e+03 2.952128403638466292e+00
9.663962528604831732e+02 1.958613441423966378e+03 2.866827201724396534e+00
8.360229231942118986e+02 1.958956394817551427e+03 2.480111319629822453e-01
8.695652757985290009e+02 1.868055339401720630e+03 5.863549505811819218e-01
1.164864664468535693e+03 1.877097681950244578e+03 2.387565325675484740e+00
1.059801846369449322e+03 1.873153196203888911e+03 3.021179965368498088e+00
9.915114260436796485e+02 1.898612627043419707e+03 2.940600462013408745e+00
1.141250945512135331e+03 1.950069262806006918e+03 2.777818418633804853e+00
9.656478566500361467e+02 1.957681494327749988e+03 2.858627118070368844e+00
1.103899064128057489e+03 2.017255713166384794e+03 1.004084528061213177e+00
1.335130773649428193e+03 1.856913504586087583e+03 1.232186918982962398e+00
1.163732483736466747e+03 1.877309758514539226e+03 2.456764175933471517e+00
1.059811990586134698e+03 1.873104199319850750e+03 3.075169985293475516e+00
1.139866707809796935e+03 1.949253589256368741e+03 2.824576644203782738e+00
1.102569377023241032e+03 2.017274311355262398e+03 9.341495147252926179e-01
1.334088537997648018e+03 1.854504421066450277e+03 1.319455162088271072e+00
1.083792066551402968e+03 1.997522452183753558e+03 2.978591940844975139e-01
1.113700631167102074e+03 2.039074274583945225e+03 1.161506244033148727e+00
1.110283861904681999e+03 2.030331392348269674e+03 1.189188452587466749e+00
