1.201575948255127514e+03 4.372599080647605660e+02 1.851860093065259560e-01
1.220507137060009200e+03 5.101625108937934101e+02 5.981358024215369662e-01
1.200777268963941196e+03 4.368535539343811251e+02 2.227083887076393709e-01
1.466647984124557524e+03 4.957060368675842028e+02 1.135366610468815596e+00
1.222317471309115490e+03 5.090080500162077897e+02 5.609146871432056924e-01
1.462097059649829589e+03 4.960194447054993816e+02 1.066607219969026632e+00
1.552335207410841576e+03 4.980501921829237517e+02 6.087791188950967269e-01
1.555163175035573431e+03 4.970988294506228158e+02 7.078594164589134818e-01
1.597134414463219855e+03 5.412499576894474558e+02 6.040742394661533510e-01
8.982609857343850308e+02 6.918569739520146413e+02 7.013441723572573228e-01
1.117136512814939806e+03 5.594850887800554347e+02 1.358726329266505495e+00
1.063762642175672681e+03 6.834211474009682661e+02 1.523993717767030187e+00
8.953548564789791726e+02 6.917157371238719179e+02 6.580179442576434834e-01
1.200905159537217514e+03 4.367798621283052398e+02 1.416640832068541134e-01
1.220712370679035075e+03 5.092340607242333590e+02 5.564646935293576790e-01
1.117293227883463942e+03 5.598966777653488407e+02 1.380860619527567446e+00
1.211704315818495161e+03 5.767983423620305530e+02 2.935685702608631598e+00
1.341599419781482993e+03 5.969194881338178220e+02 3.041380206226222405e-01
1.230359304856256131e+03 6.449474665995585383e+02 3.067717055416102845e+00
1.063068700612700695e+03 6.802907370109442127e+02 1.464004732556557054e+00
1.201237207198646956e+03 4.355675212338903748e+02 2.323682596512454401e-01
1.464346803602914861e+03 4.952112874873006376e+02 1.111456579423731217e+00
1.220955837962008218e+03 5.099218812044417746e+02 5.813875023835352041e-01
1.212168170043407144e+03 5.779071574686811346e+02 2.919229251465279340e+00
1.342166523901280698e+03 5.969064845357047489e+02 2.589095484462366481e-01
1.228459846909108137e+03 6.464402786173100139e+02 5.935463098733597884e-03
1.462101716814865313e+03 4.951667666578031231e+02 1.073879122506852468e+00
1.551959562954933972e+03 4.972107979632640991e+02 6.038745791282136288e-01
1.596308384417509842e+03 5.408042084576829893e+02 6.038501571437699944e-01
1.651852490030961235e+03 6.484744777084301859e+02 3.081197899870726786e+00
1.550427405761171030e+03 4.965950801601661624e+02 6.557622574892796319e-01
1.595374098855517104e+03 5.405098577161606954e+02 6.328184318824935373e-01
1.649859260121497528e+03 6.459997628608144851e+02 1.924133531692331645e-01
2.403740240686387324e+02 8.350881641046520372e+02 2.860401881900965018e-02
4.746929543197555859e+02 7.933887863431830283e+02 2.287613133860440850e+00
2.398325585223477674e+02 8.366236331267384685e+02 4.131410344242779364e-02
6.507556265724131208e+02 7.311775519368047753e+02 1.437239622322449284e+00
5.962974822704884446e+02 7.496771536850052371e+02 1.782745616843935066e+00
4.735193372976040109e+02 7.937324208257147120e+02 2.345355084109091326e+00
6.498041797846069585e+02 7.311576098125128738e+02 1.485055232786959278e+00
7.862220490061558849e+02 7.314894273655989991e+02 1.100691633223560562e+00
7.235755868202652437e+02 7.458103950788101884e+02 1.876839267589848870e+00
5.948488451344749137e+02 7.497483876315733369e+02 1.840318774211609387e+00
7.851607915041614660e+02 8.274548364098629918e+02 1.382979634036092698e+00
8.981587451990139925e+02 6.902935365558914782e+02 5.719508342064959505e-01
7.858542430619025936e+02 7.314878876738322333e+02 1.219056858826194301e+00
7.211333055006185759e+02 7.464974332508486441e+02 1.872497347660148082e+00
9.262602884264138083e+02 7.870412832403219454e+02 3.850124487141380891e-01
7.848092895306185710e+02 8.251014074739800890e+02 1.478920272475332309e+00
1.116638798682855622e+03 5.593225826305723558e+02 1.360716009262215254e+00
1.064442041546345081e+03 6.826396991998312842e+02 1.530129483502239873e+00
8.956938448169426010e+02 6.915718277087878505e+02 6.072144696076337000e-01
1.123968673979853293e+03 7.089099885503250107e+02 6.901973476242666550e-01
9.233353089485467535e+02 7.883174048035715487e+02 3.972888637752456931e-01
1.094885784483003818e+03 8.451168793529869845e+02 1.260861105171860563e+00
1.116836508206083863e+03 5.575384494563407998e+02 1.300493696733736160e+00
1.211954497813571379e+03 5.762671189487725769e+02 2.980611156595698752e+00
1.341018421856137593e+03 5.947167201435755715e+02 3.468000570133087934e-01
1.230457293435680413e+03 6.434873344350988873e+02 3.116958105442629634e+00
1.064158443412657334e+03 6.830706072832838345e+02 1.453719832816327662e+00
1.122624005678962021e+03 7.091498130056629634e+02 7.070454949967819314e-01
1.234710471960784616e+03 7.389482710144832254e+02 2.718944888093693280e+00
1.327404445452147002e+03 7.470352817525173350e+02 2.367815765664853966e+00
1.201126574727274146e+03 7.852864364015481442e+02 2.580401662000032292e+00
1.094524919269702878e+03 8.451501409945660725e+02 1.233765205043532820e+00
1.289018248265638249e+03 8.349349447253270000e+02 2.306836942837760418e+00
1.214501756275988555e+03 5.780013425301177676e+02 3.140106616024040065e+00
1.342472527747732101e+03 5.958688381108549947e+02 3.609641497185280823e-01
1.231105260411663266e+03 6.448019432638570834e+02 5.088165009561614743e-02
1.235539433528898144e+03 7.387376339855176184e+02 2.693101881546975829e+00
1.327277932777971955e+03 7.467549950684068563e+02 2.328855983440254462e+00
1.199256038834658284e+03 7.872860025990545410e+02 2.544885015314506393e+00
1.292541014840910066e+03 8.395426465292557623e+02 2.216444205106058440e+00
1.501765177438796854e+03 8.394149319261427991e+02 1.661670488950900193e+00
1.650059556837575428e+03 6.462520597227767212e+02 1.725331130644705557e-01
1.603722067957860645e+03 7.197229979011626710e+02 2.029257812220468971e+00
1.556483879396201473e+03 7.933977120725069199e+02 6.358302068449282751e-02
1.496466873204464491e+03 8.470170203155137187e+02 1.848103185425874262e+00
1.629750901640952179e+03 8.481794026652744378e+02 3.066472572099403049e+00
1.649986353908125011e+03 6.457050304292660030e+02 2.880820139727966467e-01
1.602764586765541708e+03 7.189393206819790976e+02 1.989051705672875148e+00
1.746643223244281671e+03 7.024537765624726262e+02 2.702200468332733863e+00
1.676292523105347300e+03 7.208618995574411201e+02 2.449490650519383195e+00
1.555808962097929907e+03 7.930346724530847951e+02 1.219167495722072309e-01
1.814421022627426282e+03 8.455933103873531991e+02 1.818391804194252837e+00
1.630236828970932947e+03 8.454199253055321606e+02 5.648844300205316249e-02
1.745984066812513674e+03 7.024683223250174251e+02 2.736118064827901986e+00
1.673524933816114526e+03 7.199859951947170202e+02 2.495602706487507927e+00
1.890352028799734853e+03 7.287789233633524191e+02 3.044096339696781062e+00
1.904775993446573011e+03 8.040597474274279648e+02 2.841380528219175083e+00
1.812696762898646284e+03 8.497334411010508575e+02 1.778906996517605199e+00
1.887587267821711293e+03 7.282292279227222025e+02 3.057391704876955441e+00
1.902708858192374919e+03 8.036334547179009178e+02 2.858856067741792462e+00
2.405296189874032962e+02 8.344252492152756986e+02 3.101499237274670140e+00
3.142116233703957278e+02 9.031761389223045171e+02 3.127299705046794998e+00
4.744961933623159211e+02 7.942391215669458688e+02 2.210551033809173394e+00
2.365658759023927473e+02 8.340403430483987677e+02 3.137042423735722618e+00
4.825016924760623169e+02 9.092981152303984800e+02 2.285686255783402565e+00
5.382338722351573779e+02 9.118007934967995425e+02 8.263476562013161164e-01
3.108344652215254200e+02 9.024978463793954688e+02 1.088703264498158858e-02
6.490446675396780165e+02 7.306607349459561647e+02 1.474062873826414100e+00
5.967909562320079431e+02 7.484235085304887889e+02 1.800535553968747760e+00
4.729975453817548896e+02 7.930852416285591744e+02 2.346826791726623451e+00
5.944784179513967501e+02 8.906943651311232770e+02 1.043976240816863355e+00
4.806131524381726194e+02 9.085146819150913871e+02 2.430377650981439874e+00
5.350351925651223155e+02 9.125435511918681186e+02 1.728176004849710345e+00
5.921352543873516652e+02 9.731711931795020973e+02 1.117470685915124218e+00
6.601826473711209928e+02 9.797448410931788203e+02 1.387974116497500798e+00
7.854120169979544244e+02 7.312841091219293048e+02 9.859751483229322044e-01
6.485903697895968207e+02 7.292804308339893851e+02 1.508847456963385403e+00
7.250404010931938501e+02 7.448311816671815677e+02 1.943534100389202601e+00
5.958721130684854188e+02 7.476962585548465086e+02 1.835819429720721097e+00
7.861113333988540717e+02 8.268194455917646337e+02 1.374863451680289783e+00
5.929154105829890113e+02 8.919548495007400106e+02 1.003465917371590077e+00
7.273388955230205966e+02 9.005569200774725687e+02 2.198660715072568550e+00
8.051961698966833865e+02 9.085788135315708587e+02 1.172570210501892696e+00
5.913802872948815548e+02 9.727066624760163904e+02 1.099381227323336763e+00
6.581774867045143083e+02 9.813720872974615759e+02 1.379426194694084673e+00
8.246413535925828455e+02 1.017715007958889828e+03 2.550042275722505636e+00
7.822734133844134021e+02 7.297771813662432123e+02 1.089861395482200512e+00
7.237372486109386500e+02 7.450389198135068227e+02 1.733641573093362753e+00
9.264024983765593788e+02 7.868108826077672120e+02 3.900430910241396432e-01
7.843327116471580212e+02 8.264546836950460147e+02 1.388457821004942971e+00
7.243934343939471319e+02 8.999777200213497963e+02 2.132315496665729171e+00
8.862426688601722162e+02 8.998880460055979711e+02 2.364702261423316632e+00
8.036192833990359077e+02 9.084396810484670368e+02 1.214032518550167250e+00
9.998739882800550731e+02 9.129584506796677488e+02 2.965639316213162374e-02
8.690390589660314618e+02 9.862188773233208394e+02 2.000930347329728853e+00
8.274540783653883409e+02 1.017709247972719368e+03 2.642544133968276920e+00
1.117122750403709688e+03 7.077308151768341986e+02 7.153554303380594837e-01
9.245696920861093986e+02 7.871878483260511530e+02 4.130653743662366928e-01
1.095511659769885000e+03 8.426632289134897746e+02 1.170874888872141417e+00
1.141401023304877981e+03 8.752768080194907725e+02 9.388515584958646576e-01
8.831818442336818862e+02 8.982121409391716043e+02 2.353517478970778232e+00
9.966223506897752031e+02 9.128062245905357486e+02 2.048785308245871031e-02
1.180944220488620203e+03 9.156985022272017432e+02 6.230451125208231744e-01
1.077441511373331878e+03 9.899741188712835083e+02 1.203799320117274974e+00
1.235103406199840947e+03 7.381214287289426466e+02 2.746183751094205316e+00
1.328304151437100245e+03 7.447520446317912501e+02 2.395329976020601936e+00
1.201234772545165015e+03 7.840444870524028147e+02 2.587351711526578502e+00
1.094487752818055924e+03 8.429881956764043025e+02 1.144367823466632128e+00
1.291751176975767294e+03 8.366562707013420095e+02 2.330132286085588422e+00
1.140497900784764397e+03 8.759227928916320707e+02 8.653637334739723297e-01
1.182181673984596273e+03 9.182785788915848570e+02 6.472034163879956115e-01
1.077746689846864456e+03 9.881014808322609042e+02 1.165537367756156684e+00
1.197452191444435812e+03 9.713191240157796074e+02 1.138607290097988667e+00
1.302049421109225023e+03 1.003693576941614083e+03 1.043088606395941698e+00
1.235215408635338690e+03 7.394818524873483057e+02 2.863138097951066552e+00
1.326707347106576890e+03 7.454143787473068414e+02 2.374987892756059260e+00
1.201083498161845682e+03 7.835728084578770449e+02 2.560126267116338283e+00
1.292567419027633605e+03 8.372604676742105312e+02 2.279215442405586600e+00
1.501373317065806532e+03 8.442379285570686989e+02 1.831483928607938072e+00
1.373960182442597443e+03 9.382252460365377829e+02 3.065125281349538433e+00
1.207047730008978533e+03 9.714278054160140528e+02 2.807291769034224505e+00
1.299666629528602243e+03 1.002110248917038916e+03 1.032641636939150231e+00
1.604334825415688101e+03 7.202694499032068052e+02 2.061557212852895837e+00
1.557362804845191022e+03 7.922218602695215850e+02 4.384116615157684915e-02
1.496602269094950543e+03 8.441879591908693783e+02 1.844607698035547028e+00
1.632278751102490560e+03 8.421135485476786471e+02 3.095986374806712682e+00
1.579333038263167737e+03 9.195871671468253226e+02 3.815409541943021177e-01
1.368178173841903345e+03 9.381152432744615908e+02 3.027379729151625121e+00
1.509070376126651581e+03 9.909992441325134678e+02 2.146664734334854108e-01
1.603350887240623479e+03 7.156380452702773027e+02 1.941220512072523885e+00
1.675998978575864385e+03 7.172250341186164633e+02 2.503680494968309134e+00
1.556335126004467611e+03 7.926242067937408819e+02 9.281644605672241533e-02
1.815501623630835638e+03 8.496620439705208128e+02 1.824094694455288934e+00
1.629976147302392746e+03 8.428223426273842733e+02 1.491912078115733772e-02
1.747995170864728152e+03 8.992428119395676731e+02 2.887884346951813619e+00
1.578421789774190984e+03 9.193470264390202829e+02 3.846968952994211932e-01
1.723290684756945438e+03 9.385904752264877970e+02 2.791449227099708885e+00
1.663884278877043926e+03 9.716440969974646578e+02 1.938823752928090283e+00
1.813396156931697988e+03 9.552540784897646517e+02 2.645448512504431360e+00
1.511243702412061793e+03 9.955673991082255725e+02 1.203578679660030210e-01
1.789451310460151490e+03 1.007754007585017007e+03 1.156651821097059024e-01
1.676167164578090251e+03 7.183128418885810333e+02 2.436751281237146571e+00
1.891519200850756988e+03 7.272407298569656859e+02 3.066929979115202265e+00
1.903671650975719785e+03 8.029001992110465835e+02 2.814604464129902617e+00
1.811827408032886524e+03 8.475336051857048005e+02 1.769295097386300197e+00
1.746149058496589078e+03 8.982193836616779663e+02 2.878539777120396881e+00
1.969666176106644798e+03 9.088635687158082419e+02 3.127773999591271448e+00
1.880830412257075750e+03 9.303376038071291987e+02 2.179658463963244142e+00
1.720851578423732008e+03 9.379958548551753665e+02 2.837656682459159807e+00
1.824915263830122740e+03 9.632442804020677158e+02 3.040943746033093031e+00
1.977279718926851729e+03 9.575052996127512870e+02 8.546273184567890757e-01
1.794028414310441576e+03 1.015484144307775750e+03 8.883155912499647588e-02
1.888139240231330859e+03 7.275539802341967288e+02 3.064356948006410342e+00
1.902642351552156470e+03 8.025301824352017093e+02 2.831017162671569665e+00
2.068456419412311334e+03 8.727143491192550755e+02 2.835781976390338688e+00
1.974791020604944606e+03 9.281706161948040972e+02 2.942164409317676199e+00
1.879599242919804965e+03 9.297191027771968947e+02 2.222698221237443317e+00
2.055761387992475193e+03 9.671378582729846585e+02 1.765624266096785577e+00
1.828102511713910644e+03 9.636330971719910394e+02 1.067727693172998427e-02
2.067924118081392407e+03 8.717988280747163117e+02 2.905469152318705284e+00
2.055279337918112560e+03 9.670306852512164824e+02 1.837264591050673523e+00
3.135255629271948123e+02 9.022182700892599314e+02 3.120992435248592489e+00
4.834319887519720851e+02 9.083294860034175144e+02 2.406948759812183702e+00
5.360955737256185785e+02 9.125501861400239250e+02 1.837826259852461064e+00
3.088331661945088626e+02 9.019568193037857782e+02 1.037004326995841740e-02
4.573902361649527393e+02 1.046405775004425095e+03 2.062282066340905828e+00
5.301745253779258746e+02 1.071165939900629155e+03 1.495489716966866389e+00
4.930639039813024738e+02 1.181606688502822408e+03 1.812017237282012916e+00
5.942597006676905949e+02 8.884958973154391515e+02 9.731120465734037772e-01
4.815173440367708508e+02 9.065996447332129264e+02 2.491849475729551955e+00
5.348108472960360587e+02 9.109343126573771769e+02 1.756702257162642500e+00
5.931027821947120628e+02 9.711401960808520926e+02 1.068945940679148165e+00
6.592533849228964300e+02 9.793238777439098612e+02 1.336839826098726425e+00
4.571751588611498391e+02 1.045159219881544232e+03 2.186539650878088548e+00
5.278323015953211552e+02 1.068799532116483533e+03 1.419075111034570957e+00
5.873810502796256969e+02 1.075486978045099477e+03 1.443673622799032552e+00
6.601680281328417550e+02 1.125431834797757347e+03 2.029773035455921359e+00
5.544356022670715447e+02 1.177760923808783446e+03 2.060703824850352195e+00
4.935815113274838950e+02 1.181461288123419308e+03 1.815748025909562635e+00
5.884448263589040380e+02 8.897266943280862961e+02 8.804638557614528072e-01
7.265664551958612947e+02 8.988098999397564057e+02 2.183371263328509837e+00
8.056907587552589121e+02 9.046492051912432544e+02 1.198316834497304750e+00
5.920683744821892560e+02 9.718426002988046548e+02 1.098437987427834051e+00
6.577796012283071150e+02 9.792539861497921265e+02 1.342866497654630509e+00
8.322581771656539331e+02 1.017351012781683039e+03 2.750443222128220455e+00
5.855763360355695113e+02 1.076096846598712773e+03 1.472824522461944063e+00
7.924813618617632756e+02 1.061612047568232811e+03 2.692902488801841354e+00
6.588440003125517705e+02 1.127323844623392233e+03 1.989964693607188195e+00
7.325717633907609070e+02 1.142883120506500973e+03 1.912611028201489427e+00
8.499149074194924651e+02 1.162177766430568454e+03 1.109200141727895828e+00
7.853620524640488156e+02 1.168670208183055593e+03 2.096009456719280184e+00
7.263122481638187082e+02 9.020899985956532419e+02 2.163427736569659920e+00
8.038890910884783807e+02 9.057713852878382568e+02 1.211955799838034809e+00
8.859676305662342202e+02 9.000831812260839797e+02 2.434452673798903177e+00
9.970537919207181403e+02 9.103681419389561142e+02 8.206392783012356196e-02
8.682161729111962813e+02 9.833625266904180080e+02 1.955974187793001473e+00
9.510061106404209568e+02 1.028304091258874678e+03 1.627045996377086690e+00
8.300793668988908394e+02 1.017056360904481380e+03 2.754988429124276550e+00
7.908846548824519687e+02 1.060991061192307825e+03 2.681667041025634912e+00
1.004895445774728614e+03 1.071581070598645283e+03 1.073197986334754050e+00
9.025851631167961386e+02 1.094868375417176821e+03 1.444361476505360731e+00
7.288379356258941471e+02 1.138452912836516361e+03 1.945786113348130453e+00
8.434213488808525199e+02 1.167408633723901403e+03 1.425520298438613942e+00
9.361747224833507062e+02 1.158955097885738724e+03 1.758928087349964864e+00
7.829670909294565035e+02 1.166033046218037043e+03 1.366879677167613494e+00
8.853520220535599492e+02 9.023200193053478415e+02 2.426606758569295419e+00
9.969332250453990127e+02 9.118575800165151577e+02 2.215450318123075163e-02
1.181601233609564133e+03 9.124738384325871721e+02 5.871413664340292549e-01
1.077168422395041716e+03 9.890718629749817410e+02 1.182357587432425694e+00
9.497600943211396043e+02 1.028546233609358978e+03 1.677947834098201918e+00
1.097664381577443010e+03 1.058183935768817491e+03 6.403668197913285898e-01
1.001692290367671831e+03 1.071735379397519637e+03 1.134364256457147446e+00
9.008436960825176811e+02 1.097016964456742699e+03 1.541165578332820196e+00
1.144915762836370277e+03 1.129852048126326963e+03 2.586585117531997380e+00
1.025630363702567365e+03 1.143045401057262097e+03 5.054144536227894724e-01
9.328226451893174271e+02 1.156877707977745558e+03 1.837305789325770267e+00
1.122172628211233132e+03 1.175236045809225288e+03 1.412248253124648301e-02
1.137849498762037456e+03 8.699037249801774578e+02 6.617209130905465919e-01
1.181870622216074935e+03 9.172551624747381993e+02 5.896614824185504311e-01
1.076632955129939774e+03 9.889342300964806327e+02 1.210004333468196247e+00
1.197309106439902507e+03 9.689191297843672146e+02 2.212568411269512370e-01
1.300338879661272358e+03 1.000266909105527020e+03 1.073417657811885029e+00
1.199915648247450463e+03 1.034221621084897606e+03 2.814988650325759956e+00
1.096496924842921544e+03 1.058079092780386645e+03 6.181872513409762959e-01
1.311738513731790817e+03 1.074335807433935997e+03 5.979652267035627800e-01
1.190805275315229665e+03 1.094790000954394145e+03 2.660915525450117780e+00
1.143925270135111987e+03 1.129402562874239266e+03 2.643232234463962271e+00
1.341636138417782149e+03 1.127686786352621311e+03 6.354098851041011242e-01
1.028737993652455998e+03 1.140962780146767273e+03 5.435777056432730125e-01
1.230350496155278506e+03 1.179595088679106993e+03 8.109138591370133042e-01
1.122728154827619619e+03 1.177696620334981390e+03 3.084265656213414086e+00
1.372396059073955485e+03 9.373887884064729406e+02 2.956683316816941964e+00
1.198216021968242330e+03 9.702833538239817699e+02 2.469891986132399242e-01
1.299337417629036281e+03 1.000262757935404125e+03 1.082718200114748841e+00
1.199844744556159185e+03 1.033426910413608539e+03 2.756562493984478834e+00
1.451606401732993163e+03 1.077733420159473781e+03 9.331782260039549470e-01
1.308785342596489045e+03 1.074930676727822629e+03 6.665022817123845700e-01
1.192015979837666464e+03 1.094610310105773806e+03 2.574966221183364379e+00
1.499479567329167139e+03 1.128374760824598070e+03 1.812505546699314296e+00
1.344542562964937133e+03 1.126915235858751657e+03 5.714962378158886525e-01
1.381864572908129730e+03 1.175184300989041276e+03 9.116860982478913744e-01
1.230897646386075166e+03 1.174971996139564681e+03 8.621721770188204292e-01
1.577201242477690812e+03 9.242728163685262643e+02 2.736951046644716445e+00
1.369120487871368368e+03 9.368450558752717825e+02 2.993652029302535489e+00
1.510066298797976515e+03 9.908767074609033898e+02 1.214690182758499937e-01
1.567105403854718588e+03 1.031716595773509425e+03 8.508479741888173020e-01
1.449694107460249143e+03 1.078516353191149392e+03 8.922374589157231473e-01
1.617849240873375948e+03 1.068896823434176895e+03 9.677607073468575960e-01
1.496842299113793160e+03 1.129022911972831935e+03 1.785620823163020621e+00
1.561828671158406451e+03 1.171459466868848267e+03 8.815057787075747386e-01
1.379929371702101434e+03 1.171544214521165486e+03 8.751982269982466756e-01
1.660624921884121704e+03 1.099251986539103427e+03 1.613028078007034072e+00
1.592999928296758299e+03 8.913666796330580837e+02 1.615503028472434210e-01
1.747653338164455818e+03 8.995722092579753735e+02 2.722275503780002825e+00
1.564740408816496483e+03 9.346664556776411246e+02 1.619078537225077552e+00
1.722070932312515879e+03 9.361099250751308318e+02 2.768205588685554552e+00
1.664026167976356874e+03 9.706736355632806408e+02 2.004521923769286396e+00
1.508082762457355784e+03 9.908816646965799464e+02 2.105391364309822100e-01
1.797492687627173837e+03 1.012065868928433247e+03 3.005460533238036192e+00
1.564526885175508596e+03 1.032636277787297104e+03 8.268082118368271782e-01
1.717230351507338582e+03 1.053356777720565333e+03 1.896338229028373235e+00
1.616641825626043783e+03 1.068322922909194176e+03 8.165376925137914910e-01
1.658320930496099891e+03 1.100326881005919631e+03 1.592977870367571880e+00
1.800974992325352105e+03 1.098016714072271043e+03 1.677211558427539551e+00
1.703801293179696358e+03 1.163257975514191457e+03 5.255112117561212548e-01
1.560192533946547655e+03 1.171583816032345339e+03 9.424954924405685164e-01
1.745910692478883220e+03 8.992831292255182234e+02 2.837399983663516423e+00
1.965297204570613758e+03 9.098034037275754145e+02 2.873797915248232915e+00
1.879861937574478816e+03 9.297718271898040712e+02 2.254763726882999642e+00
1.719846394633731961e+03 9.358692781292509153e+02 2.639466388405112607e+00
1.824494479972470799e+03 9.631968337873843211e+02 2.126214297606947301e-02
1.977427225772062229e+03 9.561474616301754850e+02 7.719409517669577614e-01
1.795418279179167484e+03 1.012958758777739149e+03 3.060070283177130701e+00
1.970853135542721247e+03 1.031303033046902556e+03 7.733086718162678341e-01
1.715720202633985764e+03 1.053803473855041830e+03 1.859615987039010765e+00
1.826893068572847369e+03 1.067384307250914162e+03 3.122018037017335157e+00
1.796591120056346199e+03 1.113623639622863493e+03 2.151186236325577816e+00
1.884784220774936102e+03 1.158732476620384887e+03 2.249477345125769467e+00
1.707182487791802032e+03 1.162355491095969455e+03 6.350650588521511430e-01
2.070480411374326195e+03 8.709627958837438655e+02 2.858599596685578614e+00
1.974566514758129415e+03 9.281934248990853575e+02 5.374461846929957654e-01
1.878645794313470105e+03 9.278903224075052094e+02 2.360045964196896939e+00
2.054983936613288733e+03 9.665080524005632014e+02 1.839571370601559064e+00
1.829912536830713634e+03 9.616870434996153563e+02 3.460124651352044969e-03
1.969592428205365650e+03 1.031054221233506041e+03 7.467913594638289076e-01
1.830067082651326245e+03 1.066990746062574544e+03 3.108949491071913318e+00
2.015476887387908846e+03 1.063081131726726653e+03 1.622298299388598375e+00
2.115112504742792225e+03 1.122689331956473097e+03 1.470261402557331731e+00
2.052467497070566878e+03 1.136725493440813807e+03 1.530983870622285803e+00
1.880937809412843990e+03 1.157226008015619527e+03 2.297809601517560640e+00
2.069090037410753212e+03 8.719598141321034745e+02 2.901840327555461840e+00
2.055462105374466773e+03 9.666454653486516690e+02 1.859034835894722404e+00
2.184808341752382148e+03 1.042159169753666447e+03 1.919964206374738858e+00
2.015426875090072372e+03 1.060298376946605231e+03 1.582591161947489722e+00
2.114217476238205563e+03 1.123017502505387029e+03 1.461306258810584957e+00
2.050882478951313715e+03 1.136163954065378675e+03 1.521443055469894556e+00
4.569341721677125179e+02 1.045961583123122182e+03 2.169439641087739457e+00
5.291877401033327715e+02 1.070770380344771411e+03 1.389148333321621687e+00
4.925652507176331483e+02 1.182287550945336761e+03 1.706672726301357024e+00
3.832821627908109576e+02 1.246574182899455536e+03 1.608015690666630970e+00
4.567428366314004506e+02 1.045332970741045756e+03 2.957471884550416874e+00
5.280468902141265062e+02 1.068202101888694870e+03 1.423357869496888251e+00
5.872728969670047263e+02 1.075064732045080973e+03 1.443556381624736984e+00
6.604093133388007573e+02 1.126660021334600515e+03 1.987759411686157440e+00
5.554505973815614652e+02 1.176897133717218594e+03 1.946006680012129175e+00
4.929903005440830839e+02 1.181647183013021731e+03 1.713685002175313832e+00
6.098227309886389094e+02 1.188246901339808119e+03 1.711700565813832897e+00
6.706587424458125497e+02 1.234102115849680558e+03 8.611945426012194149e-01
5.547147872148110537e+02 1.275459906864638924e+03 3.035444357333043186e+00
6.649572592624000436e+02 1.339753521799852706e+03 2.515417970661572689e+00
5.842957137847668037e+02 1.072539366565729779e+03 1.450503443750412957e+00
7.943375240932253973e+02 1.059121494656643563e+03 2.755028999476980101e+00
6.586687435348666213e+02 1.125853841260891613e+03 1.980029656347088940e+00
7.328376255655268778e+02 1.141206004176683564e+03 1.882594036065302179e+00
8.478887630795156838e+02 1.164250256810626070e+03 1.477989485612650755e+00
7.854225593752737495e+02 1.168260381596528759e+03 1.411528849738458602e+00
5.532333460864541621e+02 1.175777671968624418e+03 1.924813643049936962e+00
6.083351260454913927e+02 1.187443444324188022e+03 1.682665492883654856e+00
6.691665196907460995e+02 1.233529799104573613e+03 8.644353366978136943e-01
7.485794164293054109e+02 1.273100236175524969e+03 2.273708097766762748e+00
8.040603218972188415e+02 1.291492498308464292e+03 1.440326525311916850e+00
5.524168111252065501e+02 1.276365163978126930e+03 3.073413388945670288e+00
9.512860264743362677e+02 1.033730749509934412e+03 1.781248587406001782e+00
7.909286235086053694e+02 1.055493291467760173e+03 2.579004300733018784e+00
1.003529495104900889e+03 1.071853083327504919e+03 1.086038110550587188e+00
9.031481859496218476e+02 1.095315116346302830e+03 1.461385759922270600e+00
7.323046301320150633e+02 1.141662204249958222e+03 1.908769130671663872e+00
8.431860651705645751e+02 1.166103757369450705e+03 1.469571897347970779e+00
7.827015461944074559e+02 1.167949399441645937e+03 1.347982745570043495e+00
9.356638464554496295e+02 1.160293254134746803e+03 1.673743502178027143e+00
9.771261852383038331e+02 1.233646546789184868e+03 1.288930153873531825e+00
8.969484003884522281e+02 1.246715064440196102e+03 1.952554863451054556e+00
7.462268990471035295e+02 1.273213993875081997e+03 2.287064589691656380e+00
8.017654460593576005e+02 1.291373415653024495e+03 1.425610579972021119e+00
1.021343979186713568e+03 1.252845117874941025e+03 1.203808126318553384e+00
8.692477481408668609e+02 1.304609648450427358e+03 1.749809646624284509e+00
9.480614476658936383e+02 1.032214779754154733e+03 1.895753958092675440e+00
1.001753755727725093e+03 1.070203095203645944e+03 1.086456573978737961e+00
1.099576517315255387e+03 1.056399182373509120e+03 6.230192214172607379e-01
9.020525483065327990e+02 1.095121977554316118e+03 1.524471605178335576e+00
1.146543248217894870e+03 1.129574957037111062e+03 2.664510706193028877e+00
1.025282317071161970e+03 1.141954190551331976e+03 4.654123095457214920e-01
9.349614491601723785e+02 1.161403510907450254e+03 1.712384379065953421e+00
1.127117908172585430e+03 1.176267448816503475e+03 8.396355244341756341e-03
8.963291680383679250e+02 1.244407587394928441e+03 2.037450355680456404e+00
9.759808729118412884e+02 1.234229077369138395e+03 1.402693616132501875e+00
1.124429453198164765e+03 1.234105922633949831e+03 3.031805503927080370e+00
1.020489957757927414e+03 1.250474851550764242e+03 1.165539278407251578e+00
1.166907420188704691e+03 1.299416044666829521e+03 7.676182911853732804e-01
1.073071455454233728e+03 1.318304807289150631e+03 1.008882654357464270e+00
1.200962380397240850e+03 1.034696049212125217e+03 2.845580096368800938e+00
1.094154338401742507e+03 1.054916925438584258e+03 6.532187108984390811e-01
1.309126770991703324e+03 1.072671776223342022e+03 6.460814912242333063e-01
1.190155630393849606e+03 1.093866150134981126e+03 2.626344322315157687e+00
1.143444184654965511e+03 1.129149183536934515e+03 2.581219636828924635e+00
1.340993576516195617e+03 1.124348316145441459e+03 4.729703585465341864e-01
1.228109494343555525e+03 1.178031242303271938e+03 8.549733331500860567e-01
1.124065405738600248e+03 1.176300818350453028e+03 3.051494907430885917e+00
1.266612519355967606e+03 1.239866693507273567e+03 1.161050563414144809e+00
1.121832416183347050e+03 1.232997121321417126e+03 2.992950943616786041e+00
1.164247581307574364e+03 1.298619489865177229e+03 7.588438587201939978e-01
1.072807506066297719e+03 1.315745139288300834e+03 1.119584429192446828e+00
1.278770043060780608e+03 1.316374136640322831e+03 1.053503284460012956e+00
1.205947987981387769e+03 1.039235300568289858e+03 2.728685982944227817e+00
1.309013339754691515e+03 1.073381976613189863e+03 6.116725373194430437e-01
1.452628237448747996e+03 1.076645310919486747e+03 8.426929765035650055e-01
1.192237601846386724e+03 1.094793548299789109e+03 2.637917485555783870e+00
1.500119447556665818e+03 1.132225709263798308e+03 1.963276039183455612e+00
1.344252655186501897e+03 1.125412258576150180e+03 4.312925064865434366e-01
1.380913200765811098e+03 1.171385811338484700e+03 8.749821781680512389e-01
1.227274164872684878e+03 1.178145545849412656e+03 8.182947651064145234e-01
1.443349704351733635e+03 1.200633924224488510e+03 1.926669595448101457e+00
1.265613146548465011e+03 1.239654880913947181e+03 1.137614392349056480e+00
1.377388854083502110e+03 1.261411844004694785e+03 1.068832397538865830e+00
1.434585025761387442e+03 1.302442215480600680e+03 5.839460591812208889e-01
1.277186501985655923e+03 1.315501444863387633e+03 1.030068902418996846e+00
1.565528736454120008e+03 1.030571610341460655e+03 8.493885299840590042e-01
1.616576039476361075e+03 1.066845676759376374e+03 8.916855609036820063e-01
1.450197365713569525e+03 1.077271445973069376e+03 8.589186192833930811e-01
1.496506411364260202e+03 1.128250166388157595e+03 1.896206878996954392e+00
1.660956511902770671e+03 1.107155186368773911e+03 1.922839165081933865e+00
1.560539872396756209e+03 1.169331453700430984e+03 7.714001780181138912e-01
1.378802412582227134e+03 1.171958160375890202e+03 8.370792843151197982e-01
1.441953737291298239e+03 1.199462220663059043e+03 1.913381027149939184e+00
1.598966881483279394e+03 1.211402541516168640e+03 1.445936723125962331e+00
1.374190733440272652e+03 1.264358878735113649e+03 1.030207033193716093e+00
1.429144322151833194e+03 1.301460920335495757e+03 5.989342856101406154e-01
1.542025493200257188e+03 1.329217316373016274e+03 1.544993740029588114e+00
1.561157437099237541e+03 1.029566954512786879e+03 7.951313501983001686e-01
1.716505390858321789e+03 1.052165788796426796e+03 1.988093179385760578e+00
1.615630438092572149e+03 1.065474445587839682e+03 7.766054705260163615e-01
1.658025092695931562e+03 1.097924910110909877e+03 1.676463434657095020e+00
1.703351404932852802e+03 1.160205756675140492e+03 4.066167579863254611e-01
1.558126853756927403e+03 1.168868662892604334e+03 7.336373307536535604e-01
1.596489088811923011e+03 1.211909862576188971e+03 1.371124625873791469e+00
1.744511408053125024e+03 1.230189826049577960e+03 1.379772745336474538e+00
1.665570195884188706e+03 1.239381816350454983e+03 7.896398941205022837e-01
1.673138096829117103e+03 1.325973657759565413e+03 1.324499802604416132e+00
1.800604709909111989e+03 1.108668472938047216e+03 2.215458679480428739e+00
1.798803873164045854e+03 1.215875932247100536e+03 2.163447185867166223e+00
1.963108629768747051e+03 1.035688430213358515e+03 7.882729430814877647e-01
1.716864105192128136e+03 1.054537416106401224e+03 1.906561971453855975e+00
1.830855532977000848e+03 1.066613079738842998e+03 3.112945590988215994e+00
1.797961877172878303e+03 1.114590206813079249e+03 2.234578524189882565e+00
1.885112484379451871e+03 1.156449972364561063e+03 2.328064475066872419e+00
1.705956813980719971e+03 1.159608262730294882e+03 5.158192882499048615e-01
1.797236164772221628e+03 1.217121622595273266e+03 2.021991179359199364e+00
1.744277667052612742e+03 1.230781034371377018e+03 1.303488733626172458e+00
1.869916302071749897e+03 1.234844701646949488e+03 2.210953054073005575e+00
1.676055348798040313e+03 1.319167719068514998e+03 1.213420803962858008e+00
1.967271349115020712e+03 1.031543637420927325e+03 7.600034238145058074e-01
1.834017272594446467e+03 1.067741467229980117e+03 6.143459609663716632e-03
2.016236339452059383e+03 1.063850039333801078e+03 1.522629122710435823e+00
2.115050076132755294e+03 1.122184756569279671e+03 1.459019351048028490e+00
2.052149093241875107e+03 1.135723990583633849e+03 1.444813726714263780e+00
1.882945090441461616e+03 1.154990263726815101e+03 2.362179022833943431e+00
1.867766629927032227e+03 1.234045664043061834e+03 2.257182823638793412e+00
2.115564029139148261e+03 1.244924894709498403e+03 1.494234788647104129e+00
2.133413463198278350e+03 1.340619134196910636e+03 1.018466302459499095e+00
2.183410324507821770e+03 1.040687597406311170e+03 2.012352786236513147e+00
2.013741263323038311e+03 1.063769954847720783e+03 1.513614589252753051e+00
2.113527125729634008e+03 1.122183071297622746e+03 1.486349220613022659e+00
2.050411543947885548e+03 1.134601681081760262e+03 1.485112593884801546e+00
2.113974544807648272e+03 1.241592065010940814e+03 1.480560145101468272e+00
2.183711882227224123e+03 1.317940079091569260e+03 1.937402983160216863e+00
2.855815767089837891e+02 1.354309411992345986e+03 2.498149038249925180e+00
4.929502300841725173e+02 1.186328409093301616e+03 1.657427504151609776e+00
3.837217913789327213e+02 1.245114942389856651e+03 1.599003919026481313e+00
2.838888285088574435e+02 1.354420280336598580e+03 2.479356656052943642e+00
6.105382962297398990e+02 1.193533503212834376e+03 1.642995893768870230e+00
6.673217494772750342e+02 1.237640643994918491e+03 9.024819525606376791e-01
5.541746977114887613e+02 1.275585630082125817e+03 3.056655148554283219e+00
6.745063420134160879e+02 1.340442591095174066e+03 2.397925903641690670e+00
6.220423566346861435e+02 1.365934130971769036e+03 1.889866283297540361e+00
5.963109933022226414e+02 1.446418596105306733e+03 2.699276671208683975e+00
6.076102546355896266e+02 1.188169948623478149e+03 1.701992874958943469e+00
6.683654261736502349e+02 1.233351693590698005e+03 8.963616659100018813e-01
7.484595958162645957e+02 1.270986984225113702e+03 2.189260677402151245e+00
8.028352267039045955e+02 1.288972605396108293e+03 1.433389723988507836e+00
5.513969004816416373e+02 1.273907564339915780e+03 3.075383145373329352e+00
6.712687103196255975e+02 1.338696113692388508e+03 2.527925691733726943e+00
6.220323667159595971e+02 1.364195979869778512e+03 1.867180190158364228e+00
7.486342526183174186e+02 1.358003965954085743e+03 2.150928510768481239e+00
8.590356143695050832e+02 1.408015201145975880e+03 2.815005448687063705e+00
5.925087208743456131e+02 1.444554602142666454e+03 2.812984808895364619e+00
7.428852519447649456e+02 1.451007030173109797e+03 1.720618993996466450e+00
8.166748183807294481e+02 1.472339499211007478e+03 1.901133521647283553e+00
9.768757513414388995e+02 1.229610171053546765e+03 1.182779514734089155e+00
8.954354405976441740e+02 1.246452613671559448e+03 1.892828190860576409e+00
7.480104990381321386e+02 1.271907701882306355e+03 2.307439949464768603e+00
8.008036965570668144e+02 1.289698661688410766e+03 1.396299264059217782e+00
1.019504578622947292e+03 1.249541563254655102e+03 1.144173745693537025e+00
8.686041221495768241e+02 1.303804224482589689e+03 1.711900378499968900e+00
9.315695491333378868e+02 1.353899382608527503e+03 1.253608128660373522e+00
7.464735525027932681e+02 1.358099714029935512e+03 2.211885950271049506e+00
8.598942910382384071e+02 1.409928675401900136e+03 2.823027255992796913e+00
7.384470623589809293e+02 1.452540128364541260e+03 2.478874351705912193e+00
9.774437046418670434e+02 1.445776469081945834e+03 2.967637558665113584e+00
8.143739464570326163e+02 1.473096930991676345e+03 1.910438384031850179e+00
9.255540185239422044e+02 1.498642010176249414e+03 2.707768905928953918e-01
9.873773881466754574e+02 1.359101150277690749e+03 1.963475415348097108e+00
9.752091996989863674e+02 1.232659986193453506e+03 1.423588089082776342e+00
8.935087788954097050e+02 1.245846321278195092e+03 1.987407556170626144e+00
1.020128611198905674e+03 1.249155389669693932e+03 1.202022110611078665e+00
1.124717862150377186e+03 1.232634931268013815e+03 2.999921417633448328e+00
1.166356168883822193e+03 1.297668786975142893e+03 7.404245659391072154e-01
1.072298183884619903e+03 1.318461923291087487e+03 1.066877196618278401e+00
9.318721110637904985e+02 1.356102558341460281e+03 2.173619048839372958e+00
9.871409554980784833e+02 1.361999313536175578e+03 1.970252373496887532e+00
1.147813945639725034e+03 1.376868142648830371e+03 5.823922856851624363e-01
1.057801862378067426e+03 1.385667424207417525e+03 8.960035050130121803e-01
9.735574363494808949e+02 1.445961943862761473e+03 2.842689377233239334e+00
1.095367972608540640e+03 1.450626802157508337e+03 6.980931189056520658e-01
9.245327255156219053e+02 1.497498768421769000e+03 2.991296019809087103e-01
1.267080660747422826e+03 1.237656289898518935e+03 1.145954819105814870e+00
1.121685620434756402e+03 1.231459752875325648e+03 2.991403540102313574e+00
1.164201061227473929e+03 1.297162494325224316e+03 6.644823982023202458e-01
1.070436193678098107e+03 1.319298278174342613e+03 1.110175673660154461e+00
1.278920223499256508e+03 1.312728056862631092e+03 1.003936438398746356e+00
1.336683743833720200e+03 1.382409203893777885e+03 1.772586042236905080e+00
1.145279083302931667e+03 1.376424666509029066e+03 5.308822809268615162e-01
1.054861993451441776e+03 1.382709048156065592e+03 1.042162750638101709e+00
1.200378690590480574e+03 1.410132095920532493e+03 9.667276683982642949e-01
1.251500776295702963e+03 1.424262551558450923e+03 1.162736229851500935e+00
1.094964533300663106e+03 1.447907738047621251e+03 6.322629953209106812e-01
1.444146374758768161e+03 1.201939680481112873e+03 2.000521528305591712e+00
1.265778044340479482e+03 1.238018830724777899e+03 1.100244016370577560e+00
1.377837632172376061e+03 1.259778284751381079e+03 1.006350486002397071e+00
1.432958195151255723e+03 1.298396657391312147e+03 5.657069762113102751e-01
1.277578876408028236e+03 1.312804670724315883e+03 9.790917749269336667e-01
1.482500330436180775e+03 1.356575647771908507e+03 1.437489006296122307e+00
1.333327501335093984e+03 1.380432893051520750e+03 1.699761729824099676e+00
1.408986976846901371e+03 1.382979166115712815e+03 2.397437614452326393e+00
1.198223411950066065e+03 1.410158099329431934e+03 9.023528646923588692e-01
1.250006082501491164e+03 1.424732278057326994e+03 1.136044602429946870e+00
1.434362890376177347e+03 1.490995013461155850e+03 8.717226544012861567e-01
1.441350701343243600e+03 1.199698719827999412e+03 1.945347638773762933e+00
1.598794387851248530e+03 1.211430895287732710e+03 1.349378230314732585e+00
1.372528205090789697e+03 1.259689553901926729e+03 9.838276755282352459e-01
1.430571725105150108e+03 1.299242817507295513e+03 5.591309221419947795e-01
1.541168301970388939e+03 1.328555652101112628e+03 1.512238844866100163e+00
1.609450846801134958e+03 1.342525775447748401e+03 1.153773701271973096e+00
1.480247926251443005e+03 1.356743197167749258e+03 1.347474979453417987e+00
1.407669712117452718e+03 1.383391711249809759e+03 2.421432540189672356e+00
1.556661389460747614e+03 1.453018994218484295e+03 1.894772911871873688e+00
1.496266960511959496e+03 1.490514447728213781e+03 1.767046176474406094e+00
1.429499805048494409e+03 1.491915648603720001e+03 8.723144208488928797e-01
1.597416325125531785e+03 1.210741444297949556e+03 1.366674141925109831e+00
1.802900741545733581e+03 1.220470856221367967e+03 2.119862767643378554e+00
1.743871885282743051e+03 1.231666258890516019e+03 1.389375129510857843e+00
1.665562087356296161e+03 1.237951078117411043e+03 7.652467433171378230e-01
1.540690663520593944e+03 1.327814292893397578e+03 1.518559559633069878e+00
1.672768232165296013e+03 1.327226900915881288e+03 1.339874245274248699e+00
1.607975597697567309e+03 1.343049249235005846e+03 1.177557152563852627e+00
1.775307360368217587e+03 1.344252293813008237e+03 2.371170409570777515e+00
1.724857636062736674e+03 1.364397551815630095e+03 1.423258355574195777e+00
1.554630004529625694e+03 1.454549085092668975e+03 1.872205424799368023e+00
1.797113116413846001e+03 1.215851965222419267e+03 2.020325548009579641e+00
1.743373746425785384e+03 1.231688829187788770e+03 1.334065884457243278e+00
1.870268334361198868e+03 1.234187408935458052e+03 2.230609789226932094e+00
1.671714042859663323e+03 1.326841024791197697e+03 1.225078472634963722e+00
1.775414957704244671e+03 1.344393399794043489e+03 2.285535553399062003e+00
1.724601246214736420e+03 1.365702659559986387e+03 1.358276991210473517e+00
1.867718535459063105e+03 1.235791332294344102e+03 2.288981538561753570e+00
2.114874813081650700e+03 1.245042971033204594e+03 1.494314703218325269e+00
2.123573164664796877e+03 1.342288083920846248e+03 1.250280195651518156e+00
2.114022747002646156e+03 1.240564118721847990e+03 1.525331394857393441e+00
2.182955358907838672e+03 1.316145020365150685e+03 1.900630936779957425e+00
2.122595080144281383e+03 1.340916459099619715e+03 1.277474131772873944e+00
2.880317317684796876e+02 1.355221828924514512e+03 2.542323603009840394e+00
2.881381468205270266e+02 1.357392779187200404e+03 2.559924445479113242e+00
6.205686115563676140e+02 1.364651788089251795e+03 1.910715829777815289e+00
5.941743691372457761e+02 1.444616774245267379e+03 2.712042852764575684e+00
6.927109209342038412e+02 1.597654804377042865e+03 3.050023919850612053e+00
6.209029456235334692e+02 1.364734683263075794e+03 1.749370663242288959e+00
7.491769170185765461e+02 1.360173698421765039e+03 2.094462988555270577e+00
8.590408351552407566e+02 1.407741459967731998e+03 2.687173845963163998e+00
7.423027349750883559e+02 1.450686471731933125e+03 2.430033669035229771e+00
5.945083989412855772e+02 1.443982645743074499e+03 2.695842316981230447e+00
8.173846822815542055e+02 1.473189957870811440e+03 1.877078032680813413e+00
7.497624390206592579e+02 1.522535781985190852e+03 1.396257961756650623e-01
8.081700540401993749e+02 1.591750346682863665e+03 1.694335728839377053e-01
6.987617367586080945e+02 1.597115252853678385e+03 3.120033816093954471e+00
7.483939090341498286e+02 1.364300825098032419e+03 2.097515025687775925e+00
9.281178053584715144e+02 1.353591283698703364e+03 1.367576832969959799e+00
8.593760837710799478e+02 1.408105803014285129e+03 2.730923777562886290e+00
7.407597739759303295e+02 1.451600209921929263e+03 2.344409079373526161e+00
9.746029841773922726e+02 1.444578360500404187e+03 2.962316440766193271e+00
8.148455549973735970e+02 1.471890612345211593e+03 1.883320309229772116e+00
9.255316611864700462e+02 1.495735081569296426e+03 4.190302666749062266e-01
7.489023987987186501e+02 1.521410393346734509e+03 1.274624635030694730e-01
1.004047144426318710e+03 1.539791622359515486e+03 3.110596672024934950e+00
8.836020536440084925e+02 1.555174570896558862e+03 3.389467835500387660e-01
7.991769477656487197e+02 1.584033308817297893e+03 2.383329338444350187e-01
9.644606899948912542e+02 1.601926520176355325e+03 3.024478620040161214e+00
8.483597028382197323e+02 1.634634892598732677e+03 2.852515730940967664e+00
9.909387171397036127e+02 1.370228378736664126e+03 1.885146759042724440e+00
9.277019250029381965e+02 1.352602705085905427e+03 6.146823280741662288e-01
9.876154378816445387e+02 1.360956948940150596e+03 1.904054885191683644e+00
1.140084127797596466e+03 1.382273046579212178e+03 8.585379742950169923e-01
1.058427481914056216e+03 1.382645321504243157e+03 1.043463558788598533e+00
9.731299457267934940e+02 1.444342180189057444e+03 2.820469133296299002e+00
1.096247605590852118e+03 1.448238178624869306e+03 8.080493073874699395e-01
9.251413720762959656e+02 1.495643461863240873e+03 3.418850781852255105e-01
1.081906449456046630e+03 1.512697948896455728e+03 7.635045530221010179e-02
1.004661596100948145e+03 1.539524534250813304e+03 3.033718858279387032e+00
8.820377115392252563e+02 1.556191846366514937e+03 2.363631420298965835e-01
1.108837290417566237e+03 1.575103104705558508e+03 1.975111006824071813e-01
9.614874223259912469e+02 1.601717703849938289e+03 2.987295183730101833e+00
1.125924745476561839e+03 1.641102856463819990e+03 1.093748888301429911e+00
1.056015176648803617e+03 1.384097614848002195e+03 1.027279881417241914e+00
1.145707602796103401e+03 1.375078055745543452e+03 6.610502343641579959e-01
1.336081275579811518e+03 1.381812451360196746e+03 1.837408017405484539e+00
1.200073151277794295e+03 1.408352312229919789e+03 1.042277247661620443e+00
1.252415741777381527e+03 1.422430047842710110e+03 1.168040976540942966e+00
1.096050399144218773e+03 1.446028899102786227e+03 7.097673261741272999e-01
1.187130736320687447e+03 1.532123566455197079e+03 2.207393748475556805e+00
1.081985354200248366e+03 1.514618631061030783e+03 5.653969685860786576e-03
1.281808295535931393e+03 1.536584091132686126e+03 1.802624486930713088e+00
1.108838864693225787e+03 1.575631501637707061e+03 1.600113464893693493e-01
1.202646165273413317e+03 1.638991978874062625e+03 9.290756769140920968e-01
1.125600843241931898e+03 1.639564368773019396e+03 1.046884871440020293e+00
1.036732251871556400e+03 1.661187200973706467e+03 1.566330104588962602e+00
1.479992270660491158e+03 1.357871872185351776e+03 1.289885713984713522e+00
1.333182616277590341e+03 1.379498405984574674e+03 1.613817317355095371e+00
1.409557569046402705e+03 1.383059119896061475e+03 2.437629795717431769e+00
1.196344131415577294e+03 1.408600238556272188e+03 9.733003039666270340e-01
1.250990486822061939e+03 1.424199158235428285e+03 1.021388866343776680e+00
1.432008510013331033e+03 1.489151780150784361e+03 8.913764819128954242e-01
1.500980527613894537e+03 1.488409739859546335e+03 1.672122900373813170e+00
1.281158052188793363e+03 1.536431212961748770e+03 1.717518894646811844e+00
1.391484294797202438e+03 1.611803489402901960e+03 1.947118511873290991e+00
1.203899140553460711e+03 1.636207793278104873e+03 7.790924013464646247e-01
1.480364167521664058e+03 1.355120168474704542e+03 1.340767483521148717e+00
1.407845290377358424e+03 1.383927016710551015e+03 2.485735211446038928e+00
1.557252056259382016e+03 1.451074471087473285e+03 1.849576230253219711e+00
1.429763800376314975e+03 1.490671441511424064e+03 8.899662410792108513e-01
1.496809000053414138e+03 1.488741428326227378e+03 1.693818492316586433e+00
1.598703991926253821e+03 1.547132134937543924e+03 1.788667588482021120e+00
1.389019498782313576e+03 1.613441268871235707e+03 1.936576854395572589e+00
1.782202467683168379e+03 1.349079137372521927e+03 2.295709019365772541e+00
1.723991850472739316e+03 1.367199599387596891e+03 1.373732482026977397e+00
1.556090827815083685e+03 1.452361693360551271e+03 1.870272061873470948e+00
1.597402157835742173e+03 1.548696272066001484e+03 1.790441609107568111e+00
1.721772019726016879e+03 1.369974010420944524e+03 1.426867914625969957e+00
1.778673800578614191e+03 1.346216636192641772e+03 2.253735237472862973e+00
1.851535732728556923e+03 1.560565390638714916e+03 2.132006584415671924e+00
1.848347844686529470e+03 1.558179708744688924e+03 2.152464821038810427e+00
6.938629440462773346e+02 1.595149729667095926e+03 3.130506181016183831e+00
7.482943841032213186e+02 1.521196124262331296e+03 1.837590541425381530e-01
8.008317453239869792e+02 1.584019930804385012e+03 1.861455550335576747e-01
6.973529323010180860e+02 1.595823112899089665e+03 3.102863569573252711e+00
8.487653828393554249e+02 1.634288022241004455e+03 2.877611510913562931e+00
8.314558047114921919e+02 1.729237694350763832e+03 2.564843468287284711e+00
8.184423922154048796e+02 1.816691627355668743e+03 2.005135493050790529e+00
7.509547513348917391e+02 1.521398323110455749e+03 1.223655639115607263e-01
1.001543730594705721e+03 1.537262820942686176e+03 3.090091709471740611e+00
8.850303869624526669e+02 1.554540591705921997e+03 3.032931186936219103e-01
8.009688845772602690e+02 1.582321014101400124e+03 2.174934616106165564e-01
9.638589382407340054e+02 1.600062176130050148e+03 3.720709659543981491e-03
8.499302082853399725e+02 1.634245866933273192e+03 2.916715896409021624e+00
9.764968305898946710e+02 1.689348968854023724e+03 1.977026633464532113e+00
8.315622391758735148e+02 1.728483445791254780e+03 2.611854056846086181e+00
9.286329892443745848e+02 1.738541256274880652e+03 2.226707236455468308e+00
8.194918898794098823e+02 1.818574748120722006e+03 2.029252869452506935e+00
9.031787100847311649e+02 1.821510101790348017e+03 2.908991998917505484e+00
1.083482637764082028e+03 1.511136285079796608e+03 1.466684702440546328e-01
1.006061826174308635e+03 1.538612428663599303e+03 3.077857652045081327e+00
8.858015650928255127e+02 1.553709817766550032e+03 1.447928247645821898e-01
1.109503072821798469e+03 1.574311546749270747e+03 2.196627839460061071e-01
9.623462994578414964e+02 1.600677555068207766e+03 3.000592349441590478e+00
1.126765151772284071e+03 1.637198572810686983e+03 1.047936385258254610e+00
1.036415716098342273e+03 1.667986229729998058e+03 1.375466586045663187e+00
9.748800098781416636e+02 1.690524786964438590e+03 2.060795303963518066e+00
9.268913316320777085e+02 1.738576385629883589e+03 2.279119621504082538e+00
1.057589422793289259e+03 1.732769667186627657e+03 7.664763682584218030e-01
1.122247969161739093e+03 1.758243779616043867e+03 1.232450528571967130e+00
1.087927956315150141e+03 1.513023685765227356e+03 1.201351744187585495e-02
1.187337684642583326e+03 1.530454944092024789e+03 2.206892517084147798e+00
1.281994749159003959e+03 1.534578250305874917e+03 1.830417193560234024e+00
1.108964634636715800e+03 1.574830360812932213e+03 1.809300405423557578e-01
1.126033546384202054e+03 1.637428828776965929e+03 1.002057482951829614e+00
1.204295232248554612e+03 1.636394794343926606e+03 8.984462522982765709e-01
1.035620285214537944e+03 1.666918465545797972e+03 1.375120986810147494e+00
1.057336198045428091e+03 1.733090932643036922e+03 7.043334008878467944e-01
1.123753022793317996e+03 1.757526376489166068e+03 1.153234620762940477e+00
1.280803903953456938e+03 1.534441319503093609e+03 1.761175853742832365e+00
1.188819922688328234e+03 1.539223004261970800e+03 2.352772111182706904e+00
1.391284575038863750e+03 1.610351297184416353e+03 1.972554369625342030e+00
1.202132586963541371e+03 1.637650482517962928e+03 8.677477118278775770e-01
1.599008065946082070e+03 1.548279953693889183e+03 1.780648095789728158e+00
1.389639403255299840e+03 1.611925559611025164e+03 1.979824181947449357e+00
1.597351285051478726e+03 1.546467914064430261e+03 1.775835844834294797e+00
1.850537458097674971e+03 1.556400943831431960e+03 2.137574091116582586e+00
1.851010167342969680e+03 1.560669625352457160e+03 2.192155613633739453e+00
8.317967486221318723e+02 1.727189666882212578e+03 2.731367338946426138e+00
8.180692620777929278e+02 1.813579893248775988e+03 2.112129120973318841e+00
8.100902281824673992e+02 1.917528741330260345e+03 2.549600910808069720e+00
9.788232372996831145e+02 1.689408795090761714e+03 2.079434033438232632e+00
8.303904108672211350e+02 1.726619305127778034e+03 2.622102651808348117e+00
9.269022471621492514e+02 1.737170962157972554e+03 2.241945881263881279e+00
8.185465380055519518e+02 1.813207444960634348e+03 2.050180993544167052e+00
9.027624392932193587e+02 1.817346298281031295e+03 2.923314494530525387e+00
9.125765875547999713e+02 1.891707074885848670e+03 7.377915405958139772e-01
8.098009544158037443e+02 1.918108562994056228e+03 2.458456872092546597e+00
9.911113886034511324e+02 1.934122273281378511e+03 1.609673982962708250e-01
1.035991611946037210e+03 1.666089258973044252e+03 1.328422808726779758e+00
9.735576291679906262e+02 1.687500854648453924e+03 2.056731177325575644e+00
9.257464188714891407e+02 1.736561877139894932e+03 2.277662129452581841e+00
1.057764967095337852e+03 1.731256981560019085e+03 7.804327695492798700e-01
1.123044565864051719e+03 1.754998321272715657e+03 1.189595325351737509e+00
9.016711109650575509e+02 1.817964937310479854e+03 2.824859264398133174e+00
1.037860377830052812e+03 1.832792919762158135e+03 2.703067945939559902e+00
1.168794798733803191e+03 1.869679510839675004e+03 2.912860845048619307e+00
9.119604718472730838e+02 1.891225050700254087e+03 7.329243565583571929e-01
1.047885475583571179e+03 1.885541913177557035e+03 1.278227881613102912e-01
1.163508755232815474e+03 1.930061868692004282e+03 7.160999920007503627e-01
9.944449324755523776e+02 1.933111157410364285e+03 6.241176273869275537e-02
1.101224524151209380e+03 1.968793057737453637e+03 1.924999026542026093e-01
1.055681276127230831e+03 1.731476520743934543e+03 8.251614406931766510e-01
1.123108320072258493e+03 1.755637698497811243e+03 1.209432268187763171e+00
1.037911347260927414e+03 1.833531876133407877e+03 2.607302159798259744e+00
1.170278219845368312e+03 1.867551155574347376e+03 2.937677688916663588e+00
1.333190799949021766e+03 1.865057396522911858e+03 3.371932282588388508e-01
1.046768451963262578e+03 1.887035120046123438e+03 2.297671485802605003e-03
1.171972079179555749e+03 1.927489256187035153e+03 5.203872969896430889e-02
1.300842537721367989e+03 1.933985954128417688e+03 5.812699599617912050e-01
1.102504794087479695e+03 1.967223417705392421e+03 1.301271150495181272e-01
1.332170107391912552e+03 1.864165786281035935e+03 3.576769052828310258e-01
1.299147241468912398e+03 1.930636221973749343e+03 5.950849475296153823e-01
8.106017466671145257e+02 1.917072406201582453e+03 2.523859545172104202e+00
8.213543486041490951e+02 1.991509891981521832e+03 3.290879117897247408e-01
9.127770370545435981e+02 1.890430070381160931e+03 7.336770907228082894e-01
8.104779357660806909e+02 1.918302123418449355e+03 2.425602109671183282e+00
9.956501079625791135e+02 1.931998691368203254e+03 3.894630300376845933e-02
8.206621299093191055e+02 1.992386662850586163e+03 2.602840350067369690e-01
9.731459098973305117e+02 1.993618694591804342e+03 4.795040191330411372e-01
1.037727697301719672e+03 1.830922551211089740e+03 2.697402790444414666e+00
1.165663192610657006e+03 1.866953386046056494e+03 2.699461100557055016e+00
9.097907072349851205e+02 1.890236186358944906e+03 7.560473268318116391e-01
1.047529568897153695e+03 1.885606991538820694e+03 3.138808647805840568e+00
1.168905040169039012e+03 1.925567450028829171e+03 3.700495814260588712e-01
9.938680111872492944e+02 1.931337436259704191e+03 3.100400992117076537e+00
1.103573136026715929e+03 1.963852352655982031e+03 2.067151510527561742e-01
9.714417689698500453e+02 1.993727392649829198e+03 4.778323628342507345e-01
1.088226028021832690e+03 2.051279976944335885e+03 6.776275949419866551e-01
1.046311026808720953e+03 1.846981481336237039e+03 2.283291451740379951e+00
1.170219057120638354e+03 1.866941404538163397e+03 2.908719202438172502e+00
1.330713472387625643e+03 1.863802864483666781e+03 3.730273177550359476e-01
1.047312973269045870e+03 1.884518605122250165e+03 3.014290994954092806e+00
1.170864842898195093e+03 1.925653217500883329e+03 3.353399474422148752e-02
1.299866789303773203e+03 1.930104887044850329e+03 6.316083891251552673e-01
1.104050502944507116e+03 1.963991517348360048e+03 1.765827033632470788e-01
1.307000353339502453e+03 2.000757865459442655e+03 9.918406375992123714e-01
1.203635679890293204e+03 2.014592675791630882e+03 8.222200490985144272e-01
1.088519603939956141e+03 2.050778486436729509e+03 6.666327132511205011e-01
1.331639788254146424e+03 1.863697755326291372e+03 3.159979271048553584e-01
1.298775980375911786e+03 1.929910886245318125e+03 5.704953180979606131e-01
1.307189938086847178e+03 2.001255448878082461e+03 9.493867023589941390e-01
1.202631501972586648e+03 2.014969808290517449e+03 8.161274512663010405e-01
8.156963575061190568e+02 1.990178660151816985e+03 2.707242239677034035e-01
8.201644129494942490e+02 1.990596896037240185e+03 3.372970226602200472e-01
9.689561828163514292e+02 1.995992002928016973e+03 5.079979244452602627e-01
9.720357767695777511e+02 1.991687195766910008e+03 4.934633437198046035e-01
1.087967861293545639e+03 2.051776689652863297e+03 6.828301166531912658e-01
1.306766137658069511e+03 2.000429544480522054e+03 9.713318248010512912e-01
1.202559541153013015e+03 2.014534066878313752e+03 8.084169304222503794e-01
1.087687397883325730e+03 2.051743682571622685e+03 6.673529079189359781e-01
1.306516514975922973e+03 2.000490770132338639e+03 9.423713043153316704e-01
1.203199702348525989e+03 2.013190923714249493e+03 8.170411619753227273e-01
