7.269275591059007411e+02 2.531597779865534790e+02 1.599199620716227122e+00
7.261831816762803555e+02 2.528670091897182601e+02 1.623845031504946856e+00
1.243862757430426882e+03 1.907690509317105807e+02 1.086001686115183107e+00
1.305371769534782743e+03 3.449888428234245339e+02 1.564333881023489137e-01
1.243635854154664912e+03 1.923962229949046900e+02 1.097547599659689066e+00
1.407292152577770594e+03 2.082770036167327135e+02 5.831555368860855681e-01
1.372626939711513842e+03 2.752577676417829480e+02 3.229467759271297065e-03
1.310308039001056613e+03 3.435468201142125508e+02 3.969758034929395107e-02
1.406843880929469833e+03 2.078023979126418794e+02 5.997343677894771963e-01
1.371819129524389837e+03 2.745848499432661356e+02 4.176314620005450867e-02
1.646003265267672077e+03 3.795109141662308048e+02 2.811443059210881223e+00
1.781316919881602189e+03 3.238414028528090967e+02 1.434049741794351629e+00
1.649636135536692564e+03 3.810999330095771711e+02 2.962884448684517835e+00
1.779529158650417912e+03 3.250129242033210062e+02 1.393757951143699714e+00
1.965081180441109609e+03 3.609041234587741656e+02 2.434613015003119774e+00
1.869857200234378752e+03 3.640764872370361900e+02 2.917290259565251898e+00
1.969619949718641237e+03 3.656771448198398957e+02 2.512424729541812951e+00
1.869597413324142281e+03 3.636556113094666216e+02 2.948202160818565343e+00
2.073497966680960872e+03 3.768436968132015181e+02 1.811418260365791344e-01
2.073336668292748982e+03 3.785151233987694468e+02 1.349806611881745055e-01
5.938670158473869378e+02 5.036303311536331648e+02 3.125645714469641678e+00
7.273797609223793188e+02 2.512612529364674288e+02 1.571814627648103313e+00
5.935373123460667557e+02 5.055503802655186973e+02 3.057279529744311386e+00
7.251890266976600969e+02 2.550913838397330551e+02 1.557002753750178270e+00
1.309448831810107094e+03 3.424091279325306800e+02 1.023672381461420144e-01
1.285652372215080277e+03 5.252748816694775087e+02 1.232163872693695650e+00
1.371936963390830442e+03 2.735143437731326230e+02 3.136441729760956143e+00
1.309572207288042591e+03 3.420927900143116176e+02 2.658917814931318485e-02
1.387958914479848318e+03 4.866954030879425090e+02 6.625434246925773207e-01
1.462113409102732930e+03 5.120004720078138689e+02 8.579891470604704695e-01
1.284607209573354112e+03 5.263435292147476048e+02 1.228627300972120917e+00
1.372655642158747014e+03 2.711533963810565524e+02 2.156383392900509607e-02
1.654176235285506209e+03 3.808216766056469851e+02 2.786130508735237932e+00
1.572461625550148028e+03 4.322609402374972660e+02 1.299829749829605863e+00
1.388513129756306853e+03 4.864519704287936293e+02 6.516970567905977507e-01
1.660259558328901903e+03 4.899394195682377813e+02 1.654331031947442465e-01
1.461125112406128892e+03 5.078118384750334826e+02 8.043328888739448290e-01
1.563181451997628074e+03 5.230820759203961643e+02 1.191942763153434753e-01
1.780907028434648510e+03 3.243745190151839779e+02 1.442106339432315920e+00
1.649939324579157756e+03 3.801575053791901837e+02 2.780836858570277847e+00
1.570449716577616528e+03 4.331304526035557956e+02 4.949049806658014639e-01
1.801681153476320787e+03 4.195208782201837039e+02 3.135478239774387443e+00
1.763482715577787985e+03 4.983104127330993833e+02 8.897247609075468189e-01
1.657911421078189278e+03 4.884404785863606548e+02 3.932953320491310717e-02
1.565222493276262867e+03 5.201498502189540432e+02 5.475379254714934918e-02
1.780262440064780321e+03 3.240101384925030175e+02 1.407611726932894491e+00
1.971109393460683350e+03 3.665443643112755581e+02 2.431718253452841871e+00
1.871342311773257961e+03 3.632780668871241687e+02 2.792276876472519209e+00
1.800959313539639425e+03 4.196292361316073993e+02 7.241223237608473973e-02
1.933178133873137085e+03 4.290656144974047947e+02 2.889039714738792508e+00
1.761980761597842957e+03 4.967377127280190052e+02 8.725642737212924160e-01
1.862323338400380408e+03 4.896504240347328505e+02 3.889861116716297751e-01
1.947914615510475414e+03 5.330612526768200041e+02 2.874676865917716651e+00
1.969895426397170922e+03 3.658058166777727820e+02 2.356771025353400884e+00
1.871091496945874269e+03 3.636227314066534291e+02 2.819746648540020217e+00
2.073797212562718869e+03 3.759338228484249385e+02 1.336655972666861980e-01
1.932724096732772523e+03 4.293594143909228933e+02 2.908984786316204829e+00
2.066745206411987056e+03 4.393167500110505443e+02 2.233348416854290808e-01
1.862524862093461707e+03 4.882708571871696677e+02 4.605537199217667466e-01
2.074917691591285347e+03 4.970510311291125163e+02 5.613709035035240047e-02
1.947458168244727403e+03 5.343386458070933713e+02 3.042678956782190358e+00
2.072283810563832503e+03 3.764543654503661401e+02 1.163233310152239630e-01
2.064391673393429755e+03 4.401681235091591589e+02 1.783089571505493409e-01
2.072215491504836336e+03 4.972010982262331709e+02 1.191972367909067965e-02
2.696066364461211151e+02 5.904368657284844630e+02 3.078781637118122472e+00
2.676399485717914786e+02 5.902397238240185970e+02 3.057709610734906214e+00
5.950542357311926480e+02 5.029589438540306219e+02 3.097586631656595202e+00
5.935224049542886178e+02 5.029139055134398859e+02 3.094494512010136589e+00
1.284841539730162140e+03 5.258683635673310164e+02 1.153191831802534040e+00
1.212857042868266035e+03 5.577050731209764081e+02 1.410321027491595824e+00
1.341050694258269459e+03 5.962990563940534230e+02 1.509680471739395680e+00
1.182437181258497731e+03 6.733650158184739212e+02 8.605328434894181644e-01
1.388244358837137042e+03 4.860841708172717972e+02 5.772978323492539143e-01
1.461238892459239196e+03 5.075793957607959328e+02 7.249671918613276311e-01
1.283812633148415216e+03 5.264288644680591460e+02 1.146412172866391188e+00
1.212827969181338631e+03 5.580869074248894321e+02 1.395152289602427764e+00
1.412837466951074930e+03 5.797883182892664991e+02 2.413884587566821782e+00
1.338766602362848516e+03 5.974583849265563913e+02 1.488723682490860289e+00
1.570007013218483962e+03 4.324385000579487723e+02 1.453510483394545139e+00
1.387180264493435971e+03 4.866102035184027272e+02 6.446732807532192799e-01
1.657006776627613135e+03 4.890977352866508454e+02 2.905275212329721732e-02
1.459477649287055783e+03 5.086888320854427548e+02 8.118578858930094455e-01
1.563494392361478049e+03 5.193530438913695662e+02 1.361012085487434686e-01
1.647320008219727242e+03 5.565944422606453372e+02 5.202441110242499445e-01
1.504940029312506795e+03 5.564985544118759435e+02 4.823068514213604135e-02
1.411276615639480951e+03 5.781603779027661858e+02 2.350612650867695219e+00
1.542025911939199659e+03 6.159411066420251473e+02 2.462545662898046883e-01
1.566380887823603643e+03 6.769179089669198675e+02 1.237267819764204801e-01
1.579727545535604577e+03 4.412392073637710155e+02 8.365858243930115457e-01
1.799851785511851176e+03 4.171945181935121809e+02 2.091457655638704782e+00
1.763393404736720868e+03 4.955958661092240618e+02 9.154029894564594816e-01
1.656457161622599870e+03 4.891027398011357263e+02 2.262539586467648967e-02
1.562241819032690955e+03 5.192076299853130195e+02 1.342480429040786294e-01
1.644946303964341041e+03 5.568087088243978542e+02 5.564956641907072843e-01
1.509563879477140972e+03 5.540631508877494298e+02 3.405007214158617401e-01
1.801834718681809818e+03 5.808141164138473869e+02 3.134627102026066758e+00
1.734019996772981131e+03 6.057812613006374249e+02 2.889802738418791428e+00
1.540280099179669151e+03 6.166137054524042469e+02 2.022772175002984785e-01
1.682994510470086880e+03 6.898675614798507922e+02 1.599785297503623305e+00
1.565646061632794954e+03 6.824810982899377905e+02 2.339868370361276817e+00
1.753999764043738651e+03 6.778836077220682910e+02 2.407468235054930794e+00
1.801844384246405525e+03 4.196782651389494276e+02 7.461784238133284397e-02
1.933419949459203053e+03 4.266850188595590225e+02 2.777013246588916573e+00
1.762054999824595143e+03 4.960785629448398595e+02 9.266329495072811451e-01
1.861809065040786663e+03 4.907062955689890487e+02 4.673173996291956622e-01
1.950716690952007411e+03 5.320710270254787702e+02 2.893615273095548002e+00
1.853379088387994216e+03 5.451669861802726018e+02 2.804506289235613181e+00
1.800243382105772071e+03 5.804961153825601059e+02 1.293521536484479872e-01
1.962660320935666277e+03 5.957494843726337876e+02 6.679482478089079911e-02
1.732519314614728955e+03 6.054401915976038708e+02 2.956520743608416879e+00
1.881418103145339956e+03 6.508066405641376377e+02 2.612160296461315312e+00
1.684801047582488991e+03 6.810764987394450145e+02 1.765010519022392588e+00
1.754483052055380540e+03 6.808073523181402606e+02 2.421274829993771860e+00
1.826947930199158918e+03 6.745943720062966804e+02 2.147157216685482872e+00
1.933799337412051955e+03 4.293357723448328898e+02 2.835420202258594813e+00
2.068089449553185204e+03 4.380178899430878801e+02 1.926468431821127258e-01
1.862363173025630886e+03 4.889097734944441527e+02 4.559372167963128275e-01
2.075385190828224495e+03 4.964682252600127867e+02 3.116583428710940407e+00
1.950202797950929835e+03 5.321125255842854358e+02 2.930074238992217861e+00
1.853281083421637504e+03 5.462359087601371357e+02 2.795120327394922111e+00
1.961612537774006341e+03 5.964679835616484525e+02 6.362470056256000484e-02
1.878701510789074973e+03 6.515600636685176141e+02 2.735530080843691980e+00
2.065740947607615453e+03 4.394079524807200414e+02 2.189443065656649645e-01
2.072496931626162223e+03 4.965453072786763187e+02 5.239519249399042858e-03
2.697816908800888314e+02 5.890753603625441883e+02 3.070854559752304258e+00
2.705276998362871268e+02 5.906055795995217750e+02 3.095050812496021653e+00
1.011627095293434877e+03 7.916781480998538427e+02 1.376157530497353676e+00
1.084889634716933870e+03 7.228498051071815098e+02 1.220684762328033468e+00
1.011370264717730379e+03 7.943174285946563487e+02 1.360721695290556088e+00
1.080123495501142088e+03 8.312163145495464960e+02 1.534257417633412501e+00
1.213933315673116340e+03 5.552808966618159729e+02 1.413612814287721342e+00
1.338660787125768593e+03 5.987582774407402439e+02 1.662614009864513021e+00
1.183021772064584184e+03 6.720850779314965848e+02 8.453775499773797941e-01
1.083729720528859389e+03 7.236918276983431042e+02 1.266438554230761238e+00
1.078938532620255273e+03 8.299825406821624938e+02 1.582525407059926836e+00
1.340365220107736604e+03 8.179109162877145991e+02 2.963403617498746812e+00
1.192667358535731182e+03 8.282944696167580787e+02 6.791003627384785135e-01
1.210532804669316420e+03 5.585582255897834330e+02 1.274016921523784873e+00
1.491478376588569290e+03 5.522895223375455771e+02 2.719272171007471428e+00
1.413009165103080932e+03 5.775318075356939289e+02 2.376875472875117357e+00
1.339302300197739896e+03 5.966759385306852437e+02 1.466104389142317777e+00
1.480750162100336411e+03 7.179390411592719374e+02 2.727024723126657335e+00
1.346147668794093761e+03 7.424602553891579646e+02 1.104764098507519110e+00
1.343536970362677039e+03 8.181226743068791620e+02 1.006619725666222515e-01
1.191311836999454272e+03 8.305456987249770009e+02 6.947269626941590115e-01
1.506306852088050391e+03 5.544386056584312428e+02 1.731815019713410508e-01
1.641669780892243125e+03 5.572139971273402352e+02 5.667367332230582866e-01
1.411546848693242509e+03 5.775167212430859536e+02 2.337700056377459923e+00
1.541550839761279803e+03 6.152868980400592136e+02 2.693989285241976672e-01
1.563671485865751265e+03 6.746251167506603679e+02 3.168974443886698467e-01
1.478345100154232341e+03 7.178467193195991740e+02 2.694848074149491346e+00
1.583518125781084791e+03 7.269856556773210059e+02 1.002360356207635750e+00
1.632574321358886664e+03 7.467436199796125038e+02 1.607088192828696638e+00
1.527965434762320001e+03 8.160203474158363406e+02 3.836706166150439246e-01
1.512732490963398277e+03 5.502780722463376151e+02 8.262100430745766833e-01
1.644946255637137710e+03 5.542887579136396425e+02 5.605031410747748355e-01
1.799317109234280451e+03 5.797044493696461132e+02 2.304934089724577084e-01
1.733908732511545622e+03 6.041812504253605312e+02 2.969920701117947370e+00
1.538255961930876992e+03 6.145157798620541598e+02 1.764582850679423665e-01
1.680385049021837858e+03 6.914009940719630549e+02 1.523331584163091224e+00
1.561115666072308159e+03 6.716624932853873133e+02 2.194270863832803731e-01
1.757074877697154079e+03 6.787068536571553068e+02 2.527146723992909294e+00
1.583407292373879272e+03 7.256381866739945963e+02 9.762371206217784758e-01
1.628967695458158232e+03 7.446653435535024528e+02 1.593333268496434307e+00
1.764664546535417685e+03 7.479577216012783083e+02 2.699413076783398591e+00
1.710451615460652647e+03 7.896188454499922500e+02 8.765267030210815991e-02
1.526878762568236652e+03 8.162332241273580848e+02 4.129462592751590999e-01
1.680591589309577103e+03 8.311951016060904749e+02 1.893924696336191760e+00
1.799553491998050731e+03 5.787285387052614851e+02 8.559470851408280956e-02
1.962139958542719341e+03 5.935865953898053249e+02 1.257491448722378447e-01
1.732559891398393120e+03 6.035322197135832312e+02 3.011225818001156629e+00
1.883638267922724708e+03 6.497372935839713364e+02 2.631476237911724692e+00
1.678269189338807564e+03 6.922398602667300338e+02 1.493692700080862634e+00
1.755377195560858809e+03 6.795456036524458341e+02 2.460215237201225591e+00
1.825985797283927695e+03 6.750139366884700394e+02 2.367526540608217989e+00
1.949757637555690962e+03 7.249274352260157457e+02 2.390001277685797620e-01
1.764726584392157520e+03 7.491622032514707143e+02 2.742206611612532985e+00
1.707676875362856208e+03 7.909547623593514345e+02 7.535762595816095089e-02
1.675695165840993241e+03 8.396084987064816687e+02 1.843010328901545147e+00
1.866701106127466574e+03 5.480060061996044851e+02 2.677801198479841993e+00
1.961543861359169114e+03 5.968114522699665940e+02 8.567934363099648232e-02
1.884019181091367955e+03 6.502202624579080066e+02 2.619261123255401724e+00
1.827580351889407439e+03 6.758498757953612994e+02 2.287040214980438524e+00
1.949294166978635531e+03 7.253413076997009057e+02 2.886322297192285835e-01
2.005081563238142053e+02 9.223833100944398211e+02 1.897048091747870480e+00
7.723215276284930724e+02 1.018938784458915052e+03 1.103060855827977971e+00
1.012670325863320613e+03 7.932399905240602038e+02 1.356048399257922865e+00
8.941163285133329737e+02 8.700920681433633490e+02 2.625442113660864774e+00
8.574997822660260454e+02 1.020685539252865965e+03 2.084463805682871040e+00
7.715420981285716380e+02 1.019033150821031541e+03 1.019661938119440059e+00
1.085123320278430811e+03 7.213116355747127955e+02 1.219861969001654112e+00
1.011684031738144313e+03 7.935872662883391513e+02 1.335268314217063601e+00
1.080187121289108745e+03 8.290245908226972915e+02 1.461716784241677392e+00
8.923874893661252372e+02 8.706410602245687187e+02 2.603741436412720933e+00
1.107418971825912877e+03 8.929690067717942838e+02 1.164409244341673810e+00
1.158060392604868866e+03 9.666527817064556984e+02 1.155624394992387005e+00
1.081771843324348993e+03 7.223128221895076422e+02 1.265478894528542897e+00
1.080063279174747322e+03 8.301260467676596591e+02 1.542863478480063000e+00
1.193219720254033973e+03 8.277609492649523872e+02 6.719283880124401476e-01
1.106548510457804241e+03 8.928178885910224380e+02 1.224213106123603900e+00
1.253219214685210773e+03 8.871231297693757369e+02 1.123540153025132771e+00
1.305781856564861300e+03 9.171339755704282197e+02 1.006652752392647621e+00
1.156732190880326698e+03 9.683385364188666244e+02 1.250262752148008971e+00
1.212435015183026280e+03 9.953902193872272619e+02 2.316333455100470506e-01
1.478123118316838600e+03 7.117218509806340307e+02 2.697274077169157458e+00
1.346771479045040678e+03 7.386461073161610784e+02 1.097975455114317045e+00
1.189555215350429307e+03 8.270452372391897597e+02 6.926810631773416826e-01
1.343058228168705455e+03 8.161374987157329315e+02 2.956975873644862238e-02
1.251774042796339018e+03 8.853008306026160881e+02 1.147641940511118896e+00
1.305434454340216689e+03 9.159446655240217297e+02 1.008236673305839881e+00
1.354680287340687755e+03 1.011737968355967496e+03 1.690572954950284812e+00
1.458242183233133346e+03 1.000601632080325317e+03 2.450318416547024647e+00
1.214640440833658658e+03 9.957045337084985022e+02 3.429704385953505352e-01
1.477022298810286884e+03 7.157820844610265567e+02 2.741540029700169079e+00
1.583257538990092598e+03 7.272864308128655466e+02 9.203235135971854497e-01
1.632287896885434066e+03 7.506587480921257338e+02 1.505987255545361281e+00
1.528803259144488266e+03 8.147915585627864630e+02 3.714948981472475098e-01
1.625498040530221942e+03 8.654571760445965083e+02 2.364099232967370678e+00
1.577604350971676922e+03 8.936282169941734992e+02 2.138433175169255129e+00
1.527561472963314600e+03 9.543487923344669071e+02 1.582710694048637512e+00
1.351393942177527606e+03 1.006492780455865613e+03 1.518105407584708022e+00
1.462343821731318940e+03 1.008477303187890811e+03 2.469344990782597726e+00
1.619762876542017921e+03 1.016010998845328231e+03 9.039067897035880650e-01
1.582048305104284964e+03 7.257933635520398639e+02 8.921151630817933942e-01
1.631240651968815428e+03 7.454929873669497056e+02 1.554705784838524396e+00
1.767984125173190023e+03 7.464023722840465780e+02 2.835177642274876675e+00
1.710500110423266278e+03 7.890182188481750245e+02 3.880470665190854235e-02
1.526692471434966137e+03 8.146446416715626810e+02 3.310966041168139640e-01
1.624267379590237852e+03 8.660866045005459455e+02 2.491995337291615265e+00
1.750997993683763980e+03 8.838616966372446768e+02 1.636444937700572089e+00
1.682586460867842561e+03 8.349986393504648277e+02 2.092152562257306947e+00
1.577116252276696059e+03 8.943647346401667164e+02 2.196931492154265086e+00
1.524867603501107624e+03 9.548889384984881872e+02 1.589779699944573021e+00
1.697030883242901382e+03 9.761589829607548836e+02 1.546544609644573853e+00
1.616567752875078895e+03 1.017317878688896826e+03 9.135578992134290033e-01
1.948165568871574578e+03 7.236891456174734003e+02 2.206473091882687476e-01
1.765476405315499733e+03 7.483737822409133287e+02 2.806376655757204741e+00
1.710845402254387864e+03 7.890269676905413689e+02 3.064633144335439763e+00
1.680428386182471513e+03 8.367593133697832855e+02 2.080886346435665502e+00
1.751782983612950375e+03 8.841510591854882932e+02 1.639317282745462512e+00
1.696960890171829078e+03 9.745703545581682192e+02 1.566021998522603154e+00
1.877135008089229359e+03 9.846604379941238676e+02 7.905939842070909274e-01
1.948157799709654682e+03 7.232156586931101856e+02 2.218502101300428020e-01
1.877193455919335975e+03 9.846278287315076341e+02 9.332534639977779767e-01
2.003092572233409783e+02 9.207679715042565931e+02 1.915058855211837496e+00
3.262970653992745724e+02 1.049800603666842107e+03 1.199794618287015613e+00
1.118428873587536145e+02 1.095653346689269029e+03 1.916363927325267058e+00
4.282759358830630845e+02 1.027247251973688435e+03 2.756472268500465006e+00
3.256577371555639502e+02 1.050616433696476406e+03 1.261923731937184101e+00
4.262758464324604120e+02 1.026781983473131959e+03 2.780606372372700363e+00
7.708515707328353983e+02 1.020985205925842138e+03 1.079538108583600220e+00
8.593343707443211770e+02 1.019516597186301169e+03 2.165505779185894486e+00
8.302881083737752306e+02 1.126903056804184416e+03 3.319795536631898192e-01
8.949735873746694779e+02 8.681597203218823324e+02 2.524431243318722373e+00
8.580146882000484538e+02 1.020158389599372185e+03 2.093375954045727738e+00
7.701401237376256859e+02 1.021852889284185267e+03 1.062330719571390913e+00
9.411574789348203467e+02 1.123638979866095497e+03 7.110329639062502594e-01
8.313103436707291394e+02 1.125167093238303551e+03 3.118671534460489281e-01
8.963178082065360286e+02 8.729973173101966495e+02 2.590938204050193150e+00
1.106581686421256563e+03 8.921372564155378768e+02 1.218764103133210819e+00
1.160188284086645126e+03 9.665094674620770547e+02 1.224522343997173079e+00
1.048794935068367067e+03 1.081899313747651831e+03 1.189032506605483874e+00
1.112095237330883265e+03 1.102317395832308875e+03 1.538706140751008977e+00
9.400565304059402933e+02 1.124703355536688377e+03 6.088969947457270049e-01
1.180531292220260184e+03 1.171399962112959429e+03 2.205387330150567760e+00
1.105826876236124917e+03 8.891397402745267300e+02 1.195004378764586095e+00
1.253886051335745151e+03 8.841210986335790949e+02 1.036369420570116384e+00
1.305150842326716429e+03 9.146325034692104055e+02 9.288728224845016479e-01
1.156838347900193185e+03 9.663679154039214154e+02 1.140037051733391316e+00
1.211095169131133616e+03 9.949813052419540327e+02 2.377506112066581634e-01
1.285198789877940726e+03 1.064946436009453691e+03 1.906697136030297557e+00
1.046733659214392901e+03 1.083096578765815593e+03 1.141304370561529558e+00
1.110272531007896760e+03 1.101377851432586795e+03 1.523623523385631673e+00
1.238581817547371884e+03 1.157317444097061298e+03 2.115099774722927428e+00
1.175971925030391048e+03 1.179282151139117332e+03 1.775274738653445983e+00
1.334512231716123779e+03 1.171142805013961606e+03 2.290839901778409349e+00
1.250904208818411007e+03 8.842038979906851637e+02 1.073135240323542794e+00
1.305087621968217263e+03 9.149951734166488677e+02 9.333310181681150342e-01
1.354446922699939250e+03 1.010854203448580392e+03 1.554517339377002649e+00
1.211959702209888064e+03 9.948552863788640934e+02 3.404654909101152427e-01
1.463635867710956973e+03 1.005541451076797557e+03 2.523687323105986646e+00
1.283894829586137121e+03 1.064689424525882032e+03 1.772199372622340841e+00
1.430858949767555941e+03 1.081535039732548512e+03 2.432699321062678610e+00
1.388694501029277490e+03 1.128108186443359727e+03 2.676894964239336705e+00
1.234524956043143902e+03 1.156584176642527154e+03 2.025796631239081158e+00
1.336451314476438256e+03 1.178633517330933500e+03 2.184629000674853661e+00
1.579457534116912029e+03 8.896635336385550090e+02 2.133390553197156869e+00
1.527807919104526491e+03 9.515011362160983026e+02 1.556034937312674504e+00
1.351265355992724153e+03 1.011246363981960940e+03 1.567135823671503836e+00
1.462469906764123607e+03 1.005821868797911065e+03 2.518971895154809015e+00
1.619117028844455035e+03 1.012960818200977428e+03 9.147466035853999422e-01
1.429623857719539728e+03 1.081208469560377580e+03 2.425927241166775161e+00
1.384941908806704760e+03 1.130317957793562300e+03 2.711058492397218078e+00
1.752407539826015181e+03 8.857616788486309360e+02 1.613205437987379920e+00
1.577677528104162320e+03 8.939726605052865125e+02 2.221443256277371603e+00
1.525879808495001953e+03 9.529132655039479687e+02 1.663425375518370997e+00
1.697787684540468945e+03 9.758218367075053266e+02 1.522195828539124163e+00
1.617658332695382569e+03 1.015472990685538207e+03 8.994974666360560089e-01
1.750109661684381990e+03 8.825331649464874317e+02 1.683619354153376380e+00
1.696933704679793664e+03 9.740387188753747978e+02 1.584771873478056925e+00
1.877354202960754037e+03 9.840227176225059793e+02 7.762403810796405512e-01
1.875222557957857589e+03 9.837254412249972120e+02 8.909422053430626764e-01
3.259981905341928723e+02 1.050188271361453189e+03 1.123171460978902747e+00
1.110377842736875778e+02 1.094372589516103289e+03 1.840126364920623869e+00
1.545998273094514843e+02 1.243532890866731350e+03 2.523846376374372369e+00
3.079598861473770626e+02 1.256004431938669768e+03 1.615916079338977518e+00
2.376902720039330461e+02 1.258361572529849127e+03 2.026349054128130156e+00
1.023562394093936518e+02 1.281468161485830933e+03 2.805962398656136170e+00
3.258235034711841536e+02 1.048669738679405555e+03 1.207852789593945264e+00
3.077075075752944713e+02 1.256412598945283207e+03 1.684417446908214711e+00
2.344258851040203808e+02 1.258930049082719961e+03 2.095830214826543525e+00
8.318939787794495260e+02 1.124780503801585837e+03 3.177248720329288179e-01
7.035312828649962285e+02 1.295010095004432515e+03 2.000538722888300924e+00
9.418851379951204308e+02 1.123145820322791906e+03 7.095680193549060988e-01
8.316789830648363022e+02 1.124424545233788422e+03 2.733310915814061715e-01
9.343135421200531709e+02 1.221546198421040117e+03 1.172041119694653188e+00
9.662424707248553659e+02 1.268787760549790619e+03 6.827863581796507209e-01
1.049425128868558659e+03 1.079514276134703323e+03 1.216122312110549553e+00
1.112399594192570476e+03 1.099733139152997637e+03 1.555376393301968641e+00
9.406722306498463695e+02 1.123177111847380047e+03 6.114574764213940306e-01
1.178434376018118655e+03 1.176768526020228592e+03 1.781645131439211660e+00
9.331379496480294620e+02 1.221146665542165238e+03 1.108284578987489333e+00
9.641994222449261542e+02 1.269140926436834889e+03 5.669633225435543045e-01
1.284984814978983650e+03 1.062146506863292643e+03 1.850788354681547121e+00
1.045242718886673856e+03 1.080048373149025338e+03 1.074074086836440234e+00
1.110923453503012297e+03 1.100128373480323944e+03 1.446104218272276976e+00
1.238425586667967536e+03 1.156422068528057707e+03 2.059626499957686097e+00
1.174902500826489586e+03 1.176779000515243297e+03 1.653851560238674301e+00
1.338309113489933907e+03 1.176963386045104244e+03 2.318296319089706792e+00
1.282871310891325720e+03 1.269952345209367195e+03 1.187084915211592984e+00
1.325787741284663753e+03 1.337340733593216100e+03 1.078875058540307963e+00
1.283345496196462818e+03 1.061765738718642524e+03 1.809441719108402902e+00
1.429821293379046210e+03 1.080444549795664898e+03 2.504257380443400294e+00
1.387737124342495008e+03 1.126459420799618329e+03 2.732388564853704960e+00
1.236183903471148824e+03 1.155555742877306102e+03 2.027995558117487107e+00
1.335283641845780721e+03 1.175106116838625667e+03 2.237270318328034246e+00
1.501663326009684397e+03 1.191526014278171033e+03 2.417132171881900771e+00
1.281814936914055579e+03 1.270011930890462054e+03 1.162683291557204956e+00
1.377274932075178640e+03 1.275703039688242598e+03 1.290086032112317538e+00
1.451591239986802748e+03 1.287573465981618938e+03 1.415192055084464773e+00
1.430013811143234989e+03 1.080308754958092777e+03 2.415840563282670495e+00
1.387897686845516546e+03 1.127969411809915073e+03 2.671928150452560491e+00
1.500412110702018026e+03 1.191650919474700686e+03 2.318997926173576918e+00
1.375246778498601543e+03 1.274433424192590564e+03 1.293432455506936307e+00
1.613304688853061634e+03 1.263976526345625416e+03 2.596968317485881084e+00
1.488331660318407785e+03 1.276601848056009430e+03 2.164893694366253563e+00
1.440928272622437817e+03 1.291394910515738729e+03 1.450313374652896448e+00
1.611998074177278113e+03 1.263997790454585356e+03 2.599215728758577093e+00
1.543324531136726137e+02 1.241984566581706304e+03 2.499884727320277999e+00
3.081663955863622277e+02 1.254387003834680172e+03 1.608625533764249882e+00
2.374028410772065172e+02 1.256491719750107904e+03 1.989889678783476556e+00
1.053335907901971495e+02 1.279695937250379757e+03 2.757822369201431645e+00
3.075059836659029315e+02 1.254114124883451495e+03 1.671656941269576091e+00
2.347797598414422282e+02 1.257394838592599626e+03 2.036436799249312202e+00
6.448563124201934897e+02 1.410010312020603351e+03 1.819709143184969902e+00
5.747057731281446422e+02 1.431378326514183527e+03 1.621794266621271463e+00
7.043043534603982607e+02 1.291565384337125352e+03 1.999678737429888553e+00
6.440141939592078870e+02 1.409993884743063063e+03 1.809393251767794863e+00
5.724989575225093859e+02 1.432275239316400985e+03 1.601638026888565269e+00
9.349736137697088907e+02 1.218676243242939108e+03 1.154418371066404436e+00
9.663669737003683622e+02 1.267875901595796222e+03 6.160262370828767375e-01
8.882441479216413427e+02 1.339482050440690955e+03 1.825669517406488529e-01
9.002542152978649028e+02 1.471371414629005130e+03 1.295907234159432209e+00
9.327490522767516268e+02 1.216179887674209340e+03 1.105427601437121599e+00
9.652422260247476515e+02 1.267244137496667918e+03 6.307369106952754878e-01
8.864796414183922479e+02 1.338589385369180036e+03 2.372155402733160112e-01
1.117998148533490394e+03 1.402095802095426734e+03 1.941770501777657199e+00
1.068046680579323720e+03 1.458467746365002313e+03 1.953669120313904939e+00
8.999411323517833807e+02 1.467342220797105711e+03 1.264311011072281499e+00
1.283253534125737133e+03 1.267954406471873654e+03 1.199595839885371440e+00
1.321474695373804479e+03 1.339898865354811278e+03 1.514080977044306886e+00
1.180120673615889018e+03 1.338453170672747774e+03 1.610457365452161171e-01
1.116685323238182036e+03 1.403020413379913180e+03 1.969928017828936229e+00
1.212804132928440822e+03 1.443109170257313053e+03 1.857840328979569744e+00
1.065015253195009564e+03 1.459790066914251838e+03 2.012124836231448555e+00
1.282822097371326436e+03 1.267493187725164262e+03 1.214015165764790183e+00
1.377763132769675849e+03 1.273177135316935392e+03 1.374995536682808606e+00
1.488809670505096619e+03 1.273946042182965812e+03 2.348260937465072029e+00
1.442033563642058652e+03 1.288595633649371848e+03 1.591307093115544191e+00
1.320914008725836084e+03 1.339159122006308507e+03 1.549679725949037357e+00
1.372379670988926136e+03 1.398539897843936615e+03 1.442033271776296255e+00
1.209696933123783992e+03 1.441890121780838172e+03 1.943272436292771799e+00
1.469871508597344246e+03 1.444047017134226508e+03 2.103564110377209140e+00
1.420626750435462100e+03 1.495854673672342642e+03 1.780325300640559716e+00
1.499619230426972081e+03 1.189142632662322285e+03 2.394873960148649950e+00
1.375024896976396121e+03 1.271976276119957447e+03 1.312905046185265823e+00
1.611763954477641619e+03 1.262207873146154725e+03 2.618120055363887477e+00
1.485898128646119858e+03 1.274321292165785735e+03 2.230706447487418753e+00
1.440813235791766147e+03 1.287876093344929359e+03 1.465511132291034357e+00
1.653072050666795121e+03 1.389901386544014940e+03 1.976811829159643930e+00
1.369780994882424920e+03 1.400657187995224831e+03 1.360469506158821673e+00
1.578678486100501232e+03 1.392785252082204806e+03 2.617324875919404104e+00
1.465161568376190644e+03 1.441641268925458917e+03 1.814547589719786913e+00
1.529209187034178512e+03 1.445718822372327850e+03 2.553311450600530996e+00
1.417808358884263725e+03 1.495208280580913197e+03 1.612123553774752693e+00
1.610906315590279974e+03 1.261605667997888986e+03 2.607010111095873661e+00
1.652358579151638651e+03 1.388878405399007988e+03 1.926112296368816645e+00
1.577764635072069041e+03 1.392034158655927513e+03 2.593506897858705251e+00
1.527435905979004474e+03 1.447492955113252719e+03 2.583727756215538740e+00
1.145603059603124052e+02 1.550309919020630787e+03 1.143817131170859147e+00
2.976641536011575795e+02 1.556136182542469896e+03 2.799342756033709190e+00
1.973065285270715776e+02 1.572720520931647570e+03 2.491294471852319448e-01
5.282211918516940159e+02 1.511569502820010712e+03 1.737907957738349829e+00
2.928575948267891818e+02 1.554803348587046685e+03 2.915358595139174280e+00
4.758781967249992704e+02 1.575592292768497828e+03 2.308248457418054400e+00
6.446260149169336273e+02 1.408234330778406729e+03 1.730419239667309705e+00
5.755127658008386788e+02 1.429598439063964861e+03 1.550778039174195211e+00
5.269094024171793080e+02 1.511555452829855767e+03 1.686485252001323376e+00
6.626029190236505428e+02 1.522108764509437606e+03 2.590158328005280008e+00
4.750697027848721063e+02 1.575541871593117548e+03 2.373802438731568376e+00
6.497189840689710536e+02 1.599054360124659979e+03 2.075600568296973591e+00
5.808588002613762455e+02 1.614040069615699622e+03 2.919396174571576186e+00
6.435776823775252069e+02 1.407694021126200141e+03 1.744941049746169259e+00
5.734563129321479664e+02 1.426146051076873619e+03 1.623240392371663621e+00
6.614590098801006661e+02 1.521099965668488949e+03 2.581231378904847329e+00
8.173844014667320153e+02 1.581367232563350171e+03 2.500421023055439562e+00
6.494345448658503983e+02 1.598212454661731272e+03 2.122838107308484545e+00
5.789990829321420733e+02 1.616151582810915443e+03 2.915601720972071043e+00
7.176674035412144121e+02 1.643477844214267634e+03 1.579784414868264930e+00
8.066996171418353470e+02 1.656334491776738560e+03 2.616299306109756806e+00
9.004414572459513693e+02 1.468127196318359893e+03 1.243082936236760805e+00
1.017931301208816194e+03 1.532312796249220128e+03 2.800602249335807148e+00
9.057498197162444740e+02 1.559314250722499082e+03 8.979691863952776743e-02
8.151266777425091732e+02 1.581625363555797776e+03 2.383042755980889993e+00
9.658815636312506285e+02 1.620572676536324479e+03 1.232326815324799707e+00
7.132056570077247670e+02 1.638760370934163575e+03 1.772305017768164737e+00
8.054800341850107088e+02 1.661158881171937310e+03 2.581128107163241037e+00
1.117130503026143515e+03 1.399527902602749919e+03 1.891470409654027574e+00
1.067723328125890703e+03 1.456372755840608534e+03 1.914306301017726142e+00
8.995226012340528996e+02 1.468197474802308307e+03 1.233260832961196263e+00
1.158812622850094840e+03 1.508678378655416509e+03 2.717452017232731443e+00
1.016386815457734656e+03 1.532782728132582179e+03 2.828002273580679571e+00
9.032053034429363834e+02 1.559235344282500364e+03 7.694706145741310455e-02
1.145237082371018232e+03 1.565541305427605039e+03 2.865385033952495775e+00
9.638566369488523833e+02 1.620518602133170816e+03 1.203571203964058034e+00
1.100630303302311404e+03 1.598034128950725517e+03 3.027709301215844917e+00
1.053320546624327790e+03 1.651903904507349580e+03 1.889366298603078476e-01
1.115840375840720071e+03 1.399979749209283455e+03 1.907331196863370160e+00
1.212000611220206338e+03 1.440572991082152157e+03 1.809140082766676816e+00
1.066667055613779894e+03 1.455562985072967194e+03 1.945628830073496296e+00
1.157290048534914376e+03 1.509952731908800615e+03 2.731350180930946170e+00
1.338405030324379368e+03 1.515229932168446112e+03 9.027603760391147425e-01
1.249564447059469558e+03 1.531378351136532046e+03 9.341773752183105683e-01
1.145047747751455972e+03 1.565819248145725851e+03 2.852215958414874741e+00
1.333015816986567643e+03 1.583935250586785742e+03 4.198911071280310159e-01
1.099977772034998907e+03 1.599457276483259193e+03 3.024031380562151039e+00
1.216882750858174859e+03 1.633116027384668769e+03 1.470795632856120028e-01
1.053303020856211560e+03 1.652935351586805155e+03 1.434479653771775776e-01
1.372153652284879399e+03 1.397651150318757345e+03 1.490607572441060125e+00
1.209587569445576719e+03 1.439777654396265234e+03 1.944604265143379029e+00
1.467286943431682857e+03 1.441147874655975556e+03 1.932054276103880586e+00
1.418574175338080749e+03 1.497127340801969467e+03 1.666241667528108206e+00
1.335997417685598521e+03 1.513947398883253300e+03 7.585317983391808294e-01
1.247991829001661017e+03 1.531926672543827181e+03 8.832343159786710807e-01
1.470234370364766846e+03 1.569965416254041202e+03 1.177265096027342528e+00
1.336195000774119535e+03 1.587611064900393558e+03 2.780262700760616212e-01
1.218637326798898357e+03 1.634255773362473974e+03 4.671115772991187715e-02
1.363912267215130441e+03 1.635350502013853884e+03 5.758493690466122139e-01
1.655055252986935329e+03 1.389966686870935519e+03 2.149643216252021372e+00
1.369007275463230371e+03 1.397603100672859455e+03 1.408354575714947599e+00
1.579108371896885046e+03 1.392583346849130294e+03 2.609649604292240355e+00
1.465377438104171233e+03 1.440066754306410076e+03 1.946658843727817167e+00
1.529158138885268500e+03 1.444333925785298788e+03 2.531364271452589243e+00
1.417831192140246912e+03 1.496171249787214720e+03 1.627173972881171826e+00
1.536069751525537413e+03 1.555556510311172588e+03 1.563462024540460238e+00
1.467625418499595071e+03 1.567667806062577938e+03 1.139118984804920798e+00
1.369136947253245808e+03 1.632970018684389743e+03 5.636618302643928713e-01
1.586023262694039431e+03 1.651243718900732802e+03 1.705316724687344854e+00
1.651525082241613518e+03 1.386656556705157300e+03 2.007949550289397145e+00
1.577702169748951746e+03 1.391442330673112338e+03 2.688386375561260699e+00
1.528557071488904057e+03 1.444356145939838370e+03 2.609722726486646494e+00
1.723653150303897746e+03 1.532743866580492522e+03 2.031868689051536947e+00
1.533794045153266097e+03 1.556265590053145388e+03 1.449067410048389126e+00
1.795263215860727314e+03 1.605036818301655103e+03 1.990629960433807355e+00
1.683254156597642350e+03 1.630062695169907329e+03 1.842022756769986280e+00
1.584587821935933789e+03 1.650338741485436003e+03 1.601158453805092474e+00
1.766219375813474699e+03 1.650617455560400231e+03 1.621288343609311289e+00
1.722074696115264715e+03 1.532740005320213641e+03 2.069594141597613568e+00
1.793674103223257589e+03 1.605732441635740997e+03 2.086483041973363761e+00
1.679649013241798912e+03 1.627812535556480952e+03 2.000386852001769356e+00
1.760714879277224554e+03 1.655224147076171676e+03 1.726168462470879517e+00
1.113413333094520681e+02 1.549490806845019279e+03 1.155892080299457003e+00
2.991667540344848248e+02 1.556971043504001045e+03 2.824037795040262200e+00
1.986166760711974462e+02 1.572664457801207845e+03 2.736294081606912565e-01
5.301041952786149523e+02 1.516057557181364928e+03 1.823605635927172397e+00
2.938571390726459640e+02 1.556012469550076503e+03 2.881432285499753387e+00
4.761892513740198183e+02 1.575701930718794529e+03 2.265508810045004040e+00
4.958627297129132785e+02 1.668289224932694651e+03 2.962218144826928246e+00
5.264977588457168167e+02 1.510340201955551038e+03 1.681926319211015430e+00
6.622481668260527385e+02 1.520219063727049161e+03 2.539097596074457730e+00
4.750940464505954424e+02 1.574528570454084274e+03 2.314156681104905910e+00
6.503539357353942023e+02 1.598655239770658454e+03 2.082447103309778669e+00
5.805257139729365008e+02 1.613702973402648013e+03 2.868037236213587970e+00
4.936952246325014357e+02 1.667159660716017243e+03 2.928221129545763191e+00
5.985308589503429175e+02 1.693002248189528473e+03 7.484512389862922888e-01
6.883478049401644512e+02 1.743264215037543181e+03 1.830070416385381371e+00
6.595020993603670831e+02 1.520826329143805424e+03 2.554958391924059935e+00
8.172383204546827074e+02 1.581647788514365402e+03 2.446895474400703652e+00
6.491626539852808264e+02 1.598358127477466269e+03 2.026060960356406149e+00
5.795447701578150372e+02 1.613388161041553985e+03 2.900024522915081615e+00
7.166641963077795481e+02 1.643567958460244427e+03 1.571881834795002764e+00
8.098429586890213159e+02 1.662223911476525473e+03 2.612296496457586326e+00
5.981144074387372029e+02 1.692267152780490051e+03 7.479964461357194727e-01
7.963119179846565885e+02 1.708076791155451929e+03 3.023534873473512796e+00
6.867184275582025066e+02 1.744224691751581531e+03 1.848932989524060932e+00
7.648951956419880389e+02 1.771459186054530619e+03 2.366804690167193304e+00
1.017297454966098712e+03 1.528320213865607911e+03 2.710084322922195810e+00
9.050237447890654039e+02 1.558732321973688840e+03 9.389285518823117793e-02
8.153018977410189336e+02 1.580976089723861378e+03 2.397417249066219114e+00
9.655592764390730736e+02 1.618177021145271283e+03 1.196035508128472813e+00
7.123687914032099116e+02 1.642395455048267650e+03 1.616351861412717694e+00
8.080299398268912228e+02 1.662545390821870797e+03 2.555144932501750787e+00
7.946097964113440639e+02 1.708087755058367065e+03 2.934701215562043775e+00
8.916702007148473967e+02 1.746069754361044943e+03 1.966716282983345110e+00
7.622442102538074096e+02 1.773996879317380262e+03 2.364535921127892237e+00
9.735360899517049802e+02 1.773974388123155904e+03 6.954695403763313521e-01
8.700273694371323927e+02 1.819874530485993091e+03 2.898723305367893133e+00
1.016786049515826562e+03 1.531671670113949403e+03 2.772342626758654394e+00
9.036279304916345154e+02 1.557849473577480921e+03 7.498017023393856173e-02
1.146288174892162715e+03 1.564522413252928345e+03 2.363579018503994433e+00
9.638335630653584758e+02 1.619124971620769884e+03 1.270269432204424787e+00
1.101038932692914614e+03 1.595961789301089993e+03 2.909826896575733013e+00
1.053800193837346796e+03 1.648084854188044801e+03 2.069952320019681768e-01
1.124430113064851184e+03 1.686614673725977582e+03 4.527785199884409861e-01
8.880021882129817641e+02 1.747656971398928135e+03 1.916035605881157178e+00
1.096071044644485255e+03 1.723617287376633612e+03 3.824394177662349126e-01
9.699974500996693223e+02 1.772586194691015862e+03 7.689569108080945847e-01
1.154811365264453798e+03 1.509383412020949208e+03 2.695952516525378151e+00
1.249030589673189979e+03 1.529223051021534275e+03 9.952566221139501623e-01
1.142541785745994503e+03 1.564510762147246623e+03 2.733503190699784202e+00
1.334021600566933103e+03 1.582549729282827229e+03 3.217631431994417146e-01
1.097883613788771527e+03 1.597367751587650218e+03 2.793467749149301405e+00
1.214891919470840321e+03 1.631883909611157378e+03 1.345981462157952446e-01
1.050316463572655721e+03 1.648523502226383016e+03 2.303439023382363726e-01
1.121857405260434007e+03 1.686147419339756198e+03 4.743645821728908474e-01
1.328901081865116794e+03 1.702510703212495400e+03 2.994081507571025647e+00
1.247036466266752996e+03 1.721383303950223763e+03 2.892015629195553217e+00
1.092525844408344938e+03 1.723170892581160615e+03 4.473341989150766418e-01
1.181105398081293060e+03 1.774078684571279382e+03 1.860260636220227415e+00
1.335140217589113263e+03 1.511066735851959038e+03 8.766517404807562253e-01
1.246007121570060690e+03 1.528449720448548760e+03 9.657028668431397733e-01
1.466574435300029336e+03 1.568410371316382225e+03 1.232475592641227857e+00
1.335362706828374712e+03 1.585579126798717880e+03 2.457999264220021296e-01
1.213421835398157327e+03 1.632295361867420297e+03 8.871770173758825040e-02
1.362201474376910937e+03 1.632937283084799674e+03 6.250515458654707368e-01
1.445917203774350583e+03 1.671553123163493183e+03 8.402355131424043000e-01
1.330530607543755650e+03 1.703709687108376329e+03 2.979731748648792422e+00
1.246642989029470073e+03 1.721703866701902598e+03 2.898290123953626285e+00
1.350675521861298648e+03 1.763040693410463518e+03 5.841896193240070367e-01
1.444542706863533112e+03 1.784444596513959823e+03 1.841750439016814012e+00
1.535387230725650852e+03 1.554504505769610887e+03 1.601042068963790088e+00
1.467551168111858715e+03 1.566553409338838492e+03 1.129942896289252596e+00
1.361568877585997825e+03 1.633065570287937589e+03 4.861849667128776420e-01
1.586365543439538669e+03 1.651732794551530333e+03 1.787862041556182557e+00
1.446771248584111845e+03 1.670708842330293010e+03 7.353462635045068252e-01
1.520513732301824348e+03 1.682480026580886260e+03 1.284411946608032373e+00
1.347468531287047426e+03 1.738726793047460433e+03 2.690673546745350642e+00
1.569302534476394612e+03 1.777184876917633346e+03 1.809722333369575997e+00
1.444034833568642171e+03 1.782240239206231763e+03 1.881132777502702247e+00
1.632803234105964748e+03 1.807109574721265290e+03 2.140169098486508048e+00
1.369993867782422285e+03 1.809474607252473106e+03 1.470922089375717778e+00
1.722875646854247861e+03 1.531836616958020386e+03 2.193846168870352553e+00
1.531480036297466086e+03 1.555631141084289538e+03 1.520383652474082581e+00
1.795701679473864715e+03 1.604879906055998390e+03 2.293290791548556307e+00
1.682434237090043325e+03 1.628966946236303102e+03 1.953479259095415976e+00
1.584800733555470288e+03 1.651351098040289571e+03 1.737013270033108459e+00
1.760563685906273122e+03 1.657485233187973563e+03 1.730163658789225067e+00
1.518256923662089548e+03 1.683643408816581314e+03 1.207961415629468016e+00
1.711231111507388960e+03 1.753603888471029904e+03 1.358035209834831170e+00
1.566936478392756726e+03 1.777773687320803447e+03 1.729912416297843425e+00
1.629270456674505567e+03 1.807035338556544730e+03 2.042427380573826667e+00
1.754198646870964694e+03 1.808775121148297103e+03 1.033319964199504337e+00
1.721986551820479917e+03 1.533916466533625908e+03 2.162511209657769662e+00
1.793776060744364713e+03 1.605237827944991523e+03 2.156244260426810389e+00
1.680467615085879288e+03 1.627234446781893666e+03 1.979815727052913310e+00
1.759720123380513087e+03 1.658291460280066985e+03 1.749405968575675985e+00
1.867470680679195766e+03 1.700331949128702945e+03 2.452957775826005715e+00
1.818797731576606338e+03 1.734166754032580457e+03 1.518869536811965348e+00
1.709906125358715144e+03 1.754975061910397926e+03 1.360820632707094191e+00
1.752314026671061356e+03 1.807947621795034593e+03 1.052266650873370013e+00
1.866924934654438857e+03 1.701197276192150412e+03 2.427217682276016752e+00
4.936708716828960632e+02 1.667237943339513777e+03 2.962561617588894691e+00
5.977138535378966253e+02 1.692875078364229012e+03 7.780019529725561434e-01
6.882156269462725504e+02 1.746771397396927114e+03 1.953346972853600594e+00
6.624318553199078679e+02 1.893644455077790099e+03 2.515480295728343307e+00
5.954395327196777998e+02 1.691283137521590561e+03 7.627309675479169160e-01
7.960736511198271046e+02 1.707529907896682744e+03 3.087702156018274913e+00
6.860349482829331009e+02 1.744099708430743931e+03 1.834368547291766127e+00
7.647677041360741441e+02 1.772292790747279014e+03 2.389311948941217345e+00
7.726351740221587079e+02 1.859826715349163351e+03 2.520326838587797269e+00
6.613604535701509803e+02 1.892783217719506865e+03 2.502094894443903428e+00
8.609199264297510581e+02 1.947155649677066322e+03 2.919960049858108864e+00
7.981989658043561349e+02 1.693800775843372548e+03 2.818622271575957239e+00
8.921518656981220374e+02 1.746391608811385368e+03 1.906307304610113773e+00
7.637430826180454915e+02 1.771249583466763852e+03 2.304749497711411355e+00
9.716816396780031937e+02 1.770828387696758909e+03 7.700245555998967983e-01
8.723630669458843840e+02 1.817254370636587055e+03 2.926810428319325919e+00
7.720102209880983537e+02 1.858934449652390413e+03 2.439517518373543581e+00
1.021357645858716978e+03 1.843469837439745106e+03 2.427999422360816728e-01
8.814014948172007280e+02 1.882997946399588727e+03 3.084064249181303730e+00
8.675407894912189022e+02 1.946633571356968332e+03 2.956436613422757098e+00
1.123945524166946143e+03 1.685254219745294222e+03 5.622179900618889947e-01
8.899907097076227274e+02 1.746307573405418452e+03 1.972926331311547710e+00
1.094286076650080531e+03 1.723193659061110111e+03 4.171152709654974422e-01
9.696579809516956630e+02 1.771732050182434250e+03 8.132244077499335422e-01
8.707058750949865953e+02 1.817294788757315928e+03 2.809568612147476774e+00
1.157988153431693718e+03 1.837897428141295904e+03 2.642780597977539170e+00
1.021068145588757716e+03 1.843357237330014868e+03 2.111069892468012132e-01
8.750151267131773238e+02 1.883362514337535004e+03 3.009599015210334017e+00
1.161470812276938886e+03 1.884751959782577842e+03 2.448803069688882950e-01
1.048519108762365931e+03 1.923257231922862957e+03 2.202882900286950996e-01
8.667283731582278961e+02 1.948527353661298548e+03 2.734125177860159184e+00
1.177841080395474819e+03 1.958835383980460847e+03 7.171878979167344292e-01
1.124247197466080252e+03 1.681929773927537099e+03 4.841373492980379778e-01
1.326473712894009623e+03 1.699422447762680349e+03 2.862237415654336203e+00
1.247245264363145907e+03 1.720471392538148393e+03 2.895293348422264934e+00
1.092848236555738822e+03 1.721842907911195880e+03 4.070368459774271752e-01
1.181572469633157880e+03 1.772106402778189931e+03 1.907636776991271210e+00
1.239080263622867733e+03 1.832536541412636097e+03 1.601729112203392535e+00
1.157734244519832373e+03 1.838013835949846907e+03 2.672303384727735320e+00
1.161823792390036260e+03 1.885592515671330602e+03 1.186528071903407561e-01
1.045957402624188944e+03 1.924641538638834390e+03 2.175258043943783248e-01
1.290332822080163623e+03 1.949534647910843432e+03 7.738255113343934788e-01
1.180010598090639178e+03 1.950911532062278184e+03 6.718619614976188981e-01
1.445924942138530469e+03 1.669859245641154075e+03 7.770454130681948568e-01
1.330510113541665987e+03 1.702137444699557818e+03 3.037413184210717709e+00
1.246708626114191247e+03 1.720302385011859542e+03 2.951945897654149498e+00
1.350478056268369301e+03 1.761418415087821586e+03 5.620291052397637932e-01
1.444523652971647152e+03 1.781864315229486010e+03 1.813039405172975460e+00
1.238362968887547368e+03 1.832161279838420114e+03 1.581391382580540572e+00
1.370244559971217086e+03 1.828080651988755335e+03 1.228865632871802616e+00
1.360854304754685927e+03 1.938782455947954077e+03 1.319398126080496114e+00
1.289281516066654376e+03 1.946055744020686689e+03 6.591001930293587385e-01
1.444343417364181050e+03 1.669143060867318127e+03 8.004314599023349963e-01
1.519610682270437110e+03 1.682554445224386882e+03 1.242956844622263191e+00
1.568365243024880783e+03 1.775597689277122527e+03 1.738480227445001303e+00
1.350649939836070871e+03 1.760127988854219211e+03 6.728165822150927733e-01
1.443849869004428911e+03 1.782140915109020852e+03 1.785522522706943782e+00
1.630373258741387872e+03 1.807095374272692425e+03 1.965781230655409662e+00
1.369058295260051864e+03 1.829703257264947297e+03 1.180407338660679928e+00
1.578573101448849684e+03 1.869974539183233674e+03 3.076093404710915191e+00
1.504097153650520340e+03 1.894968883319124870e+03 2.372333578106584184e+00
1.657591589767567029e+03 1.912928072162807439e+03 8.550196197988384483e-01
1.359419869046068243e+03 1.936687191811233788e+03 1.136734086805243127e+00
1.516059044816448477e+03 1.687588394984356910e+03 1.147133228007753525e+00
1.819686608644578882e+03 1.738771158929467902e+03 1.642721912858694289e+00
1.710941167827952768e+03 1.754488103137934559e+03 1.443382707726443392e+00
1.567092277079146243e+03 1.775772640796955784e+03 1.773108285275139195e+00
1.629562353664626698e+03 1.806768968547861732e+03 1.980702332708989211e+00
1.752249125822613451e+03 1.807927416116146105e+03 1.107816055585901571e+00
1.577341758352399438e+03 1.870351493930938886e+03 3.050117528016303314e+00
1.655146131561403308e+03 1.909679237182650013e+03 8.408946557776340036e-01
1.686151200155502011e+03 1.954096047911197729e+03 8.770236930369682549e-01
1.868837539858863693e+03 1.701156011570921692e+03 2.438066595664439173e+00
1.818926086364882167e+03 1.733904983285752905e+03 1.586845350254042719e+00
1.710864012025130705e+03 1.753372327694905835e+03 1.445175778456833315e+00
1.752657837522043565e+03 1.808185159788447891e+03 1.103783958292985368e+00
1.685852166346359354e+03 1.953845176764702046e+03 8.743450065284408268e-01
1.872924035975266634e+03 1.705889968943423810e+03 2.393644439426190651e+00
6.630228429392069529e+02 1.890563914891262812e+03 2.571836596356309013e+00
7.714129710139768576e+02 1.857713128458523897e+03 2.538217566214751919e+00
6.607270070309537005e+02 1.891443436606543401e+03 2.511624113293473126e+00
1.015307744316963635e+03 1.842503631258897485e+03 5.401062061268546710e-01
7.707568022842901883e+02 1.858048927414752825e+03 2.448979323604361547e+00
8.816544883908368320e+02 1.883039868619137906e+03 3.122197773994308534e+00
8.668648278841214960e+02 1.947314942547697683e+03 2.991747030017821274e+00
9.703842140126080267e+02 2.088434199527189776e+03 2.541369161534555943e+00
1.154300807668145126e+03 1.833694493639718758e+03 2.663815725455807470e+00
1.022660409293556086e+03 1.843455461887972206e+03 2.797590479684060050e-01
8.802449273084860124e+02 1.883567392238255252e+03 3.012975537370209178e+00
1.161106364953001957e+03 1.885928052108242355e+03 4.885893114158299522e-01
1.051124093363011752e+03 1.922747479557447605e+03 2.790952234663262588e-01
8.668026921533396489e+02 1.947433374094816372e+03 2.901800833665198365e+00
1.180230614909018186e+03 1.952849027823708184e+03 6.548361057858248513e-01
9.695907635785931689e+02 2.087785381960693485e+03 2.463960669655055558e+00
1.157791626517291661e+03 1.836822053577084489e+03 2.734295197291630064e+00
1.239781522053042409e+03 1.834980098648741887e+03 1.646564314834318088e+00
1.029914828276246453e+03 1.840460945213274954e+03 4.463031526493422274e-01
1.161379776150507041e+03 1.886023842890471769e+03 1.650632022959514777e-01
1.049021035424930233e+03 1.923338551263350837e+03 1.953809976431583606e-01
1.290605797573077780e+03 1.945706790083451324e+03 7.718369509463010036e-01
1.180205658101201607e+03 1.951983690464900519e+03 5.670473990980585688e-01
1.237652033867844011e+03 1.836603145780374689e+03 1.676051433326448237e+00
1.370238912804797792e+03 1.831902136343780512e+03 1.207958858334072350e+00
1.363193672836880069e+03 1.938833773202851262e+03 1.343599229456907684e+00
1.289818745513617387e+03 1.946221196925439926e+03 7.178010094404574382e-01
1.364558710240208029e+03 1.835288407173674159e+03 1.079904806730452638e+00
1.576997153519700987e+03 1.870818428882336320e+03 3.083439137652787210e+00
1.502790468697509823e+03 1.894845198385972708e+03 2.288937322109374062e+00
1.655413152321117195e+03 1.911220041126479828e+03 9.328769403888363954e-01
1.359117515318737787e+03 1.937622581807002007e+03 1.322515052579180228e+00
1.577086623495581534e+03 1.870571231780476182e+03 3.067259230798951020e+00
1.654684805970145135e+03 1.909274723747311327e+03 9.247613296480918788e-01
1.687680092575291383e+03 1.953499210539980140e+03 9.734650880796555938e-01
1.684935378482728311e+03 1.952008957776458828e+03 1.002701237726943306e+00
9.701151747763819913e+02 2.086317510175577354e+03 2.602662239797702171e+00
9.686508526285153948e+02 2.085621058004910083e+03 2.607593152175944340e+00
