8.385792633539907115e+01 1.177835914028139541e+02 1.566854362259802347e+00
7.042457931685137282e+02 3.497457160295301151e+02 1.164291108842355316e+00
7.083834228381005005e+02 3.423891762644547043e+02 1.155485518070455964e+00
1.198731967079229435e+03 2.296724006553115487e+02 1.136347605177401299e+00
1.339825108751934749e+03 2.709543095462665860e+02 2.758154303212788094e-01
1.273820774033034240e+03 3.467387507894866872e+02 1.968957586860816400e-01
1.367980006152696433e+03 2.062421340464863420e+02 7.240065379393049172e-01
1.199172304844568089e+03 2.296458763207070888e+02 1.127511754335669636e+00
1.343362390972004278e+03 2.717962274656387081e+02 5.545827887596661149e-02
1.272763761392500101e+03 3.456896900422318026e+02 2.038958387433751629e-01
1.367533121106015187e+03 2.054842757349777003e+02 7.524139215607078546e-01
1.633863458404226776e+03 3.642879718147264612e+02 2.934848375969862477e+00
1.769066809155675401e+03 3.188606701199271924e+02 1.183708050900362796e+00
1.631609423331248763e+03 3.656430861042158540e+02 3.008083936776764222e+00
1.767290662336660716e+03 3.180884241546926887e+02 1.136947498912664445e+00
1.945160342316263723e+03 3.370418920237599991e+02 2.384896856654088015e+00
1.861082058557893788e+03 3.547714019059217208e+02 3.130776520102067195e+00
1.946529501569249078e+03 3.388871759253101459e+02 2.410441702629680716e+00
1.863645501791373135e+03 3.580611987459218426e+02 3.116183290628436353e+00
2.052092997044853291e+03 3.583759624552608329e+02 6.273168397925711626e-02
2.051766831730569265e+03 3.590949737738603744e+02 5.048744838144549746e-02
6.680665329081425625e+02 5.062156262203707229e+02 2.133417154687919925e+00
7.039731244669267198e+02 3.482678564468807281e+02 1.094901870813205891e+00
6.697415825925424997e+02 5.099692803463889277e+02 2.208999261212586163e+00
1.198875200339749881e+03 2.274998340238234960e+02 1.115826795178819664e+00
1.337379150065407430e+03 2.705190686299865774e+02 2.795558929093376888e-01
1.273564897072771601e+03 3.446473094126004639e+02 2.119781734940446583e-01
1.267108309934231329e+03 5.416840152473475882e+02 1.299780660018466039e+00
1.192033803991612785e+03 2.260430642531379704e+02 1.039785483489893414e+00
1.341950400695500775e+03 2.701414034648505549e+02 5.743085642727682044e-02
1.272913467972820627e+03 3.443579967912805841e+02 1.881754361860874802e-01
1.363109147887897961e+03 4.838713061161654423e+02 6.632236324327838162e-01
1.440878280938493390e+03 4.969110555760018997e+02 9.733915039075203834e-01
1.266928541655815025e+03 5.400185712491258982e+02 5.484735121866832763e-01
1.633973731952995195e+03 3.635674667826746145e+02 2.885277520600571410e+00
1.537722796496961109e+03 4.143968855696094806e+02 1.395849564196583348e+00
1.584232036701594325e+03 4.381250548701746084e+02 7.440676482428678629e-01
1.365522221962694175e+03 4.832772623386945270e+02 6.390805489801624217e-01
1.439703957673486684e+03 4.927964640561827991e+02 8.900316105021284230e-01
1.643561534880254840e+03 4.824463930432245888e+02 3.132707703112409536e+00
1.551914337111283203e+03 5.088274906361339163e+02 3.052388323963142192e+00
1.768874128898065919e+03 3.180742580214414943e+02 1.194159817851204286e+00
1.631398364783833358e+03 3.633994342720891382e+02 2.869581912110261257e+00
1.536699267226138545e+03 4.150851999081371559e+02 1.431424443707383753e+00
1.774524599504050684e+03 4.122793770106776492e+02 8.246185102288000612e-02
1.582163346306168023e+03 4.393449188166671320e+02 7.332566250277863240e-01
1.642408441635413283e+03 4.810072622271183036e+02 3.114138176093173893e+00
1.743702704955399213e+03 4.975874248079239806e+02 9.283620733300176342e-01
1.548855238046944578e+03 5.094007059329167078e+02 3.073753809430233019e+00
1.768124363578311204e+03 3.179790093268345572e+02 1.174071322041735366e+00
1.945902100281893581e+03 3.372840302558558960e+02 2.331733871201459252e+00
1.862006476121418700e+03 3.540474226618561033e+02 3.100751169419422748e+00
1.773278062141473583e+03 4.125324558657761145e+02 1.280827684726080773e-01
1.909635840418252428e+03 4.139878783363993762e+02 3.023254284866410124e+00
1.851314669273607024e+03 4.719188631823051310e+02 4.781102113174447998e-01
1.742828062588916964e+03 4.973457281276587310e+02 9.199366263254864506e-01
1.942129443529422588e+03 5.128241506176834719e+02 2.908619853772145269e+00
1.854183565069150063e+03 5.381549192574977951e+02 2.662451622379179206e+00
1.946141152109689301e+03 3.376584581982573923e+02 2.248985118760228108e+00
1.861923860536531265e+03 3.546366978231114899e+02 2.678385985298405852e-02
2.051286624835805469e+03 3.570887409374282697e+02 1.370246398291994142e-02
1.909500803629741768e+03 4.146434005734938637e+02 3.068016666537993320e+00
2.042360934610786899e+03 4.166617166669976768e+02 1.517175584433523849e-01
1.851884520119380113e+03 4.704354320859157497e+02 5.286229012252643411e-01
2.060550672592220963e+03 4.806533204483285999e+02 2.810705978868197619e-01
1.943997839522495269e+03 5.118153747265760103e+02 2.973189073249238312e+00
1.862256423762434679e+03 5.412799000748219669e+02 2.733928454337906100e+00
2.049977738177651645e+03 3.568932890620251328e+02 9.467211675464992648e-03
2.039928326602325342e+03 4.174783486013982383e+02 1.378683278592008621e-01
2.059223788954690463e+03 4.820365486694595347e+02 2.366615686633692650e-01
4.063809444355480309e+02 6.095634979648207263e+02 2.954043146823380539e+00
6.709475547690130952e+02 5.095908433207813459e+02 2.117446848196706810e+00
4.022548497524172717e+02 6.095417104487077040e+02 2.989625795472625747e+00
6.699636875947875296e+02 5.104302499384706380e+02 2.203548683239346051e+00
1.266026137573249343e+03 5.415397831497402876e+02 1.241214683572193556e+00
1.194000738697477118e+03 5.820451325277283559e+02 1.555893991508803920e+00
1.330376815454666485e+03 5.996737455527045313e+02 1.675597686965619726e+00
1.363603811151483796e+03 4.832406339478552582e+02 5.978312367195092181e-01
1.439931512324893220e+03 4.928089495601561794e+02 8.314368826797086109e-01
1.265474122609062078e+03 5.421957341706601028e+02 1.243700424598185084e+00
1.480286778339614784e+03 5.438570072598772640e+02 3.951434114729861224e-02
1.393199513350295092e+03 5.722260330910321500e+02 2.454671850138975042e+00
1.191768300433267996e+03 5.831887612687035016e+02 1.516077433146326259e+00
1.328199358058137250e+03 6.014252531505728712e+02 1.682290020450552204e+00
1.538807043872331178e+03 4.155673325669882843e+02 1.490526991766640608e+00
1.582438514670224777e+03 4.395554202968908157e+02 7.683608972498303658e-01
1.360654600597046738e+03 4.829484874075014886e+02 6.156480643311978973e-01
1.437871999859501102e+03 4.943494871083923954e+02 9.183885390093943224e-01
1.643784649337927704e+03 4.810355630676921237e+02 3.095302831416558487e+00
1.550627338446507338e+03 5.076856756157843620e+02 3.097524508603016979e+00
1.629092348992060124e+03 5.470661375495221819e+02 6.493750534336745206e-01
1.479421377209501316e+03 5.428747260406964870e+02 5.476714646500560613e-02
1.391715753074867962e+03 5.704679060827431840e+02 2.386401819550605374e+00
1.526090877600375734e+03 6.077819849597694883e+02 1.794135135738072484e-01
1.571156970518594562e+03 6.573003119408822386e+02 3.875609103315209580e-01
1.537548096476359888e+03 4.142193821800833575e+02 1.435469556721463702e+00
1.773564338594551600e+03 4.098282550873892660e+02 5.293282753562377624e-02
1.580054697768941878e+03 4.393778260273068099e+02 7.384307741746960474e-01
1.641276069753403817e+03 4.808662834811608491e+02 3.077271935852942786e+00
1.743832955583850435e+03 4.961688774584065413e+02 9.234858057649312224e-01
1.549455955588510506e+03 5.076618507588475495e+02 3.049328834405450550e+00
1.628471392310566898e+03 5.469723909956431953e+02 6.460856029123918098e-01
1.809100187748537337e+03 5.655189311512077666e+02 2.918960054006425775e+00
1.733056786136989558e+03 5.882588502759076619e+02 2.778305330873732437e+00
1.523532596221022231e+03 6.087593138908648598e+02 1.241010214005937584e-01
1.682689461512950857e+03 6.722639301656731732e+02 1.631362839170604540e+00
1.750152430786048399e+03 6.558874635592936784e+02 2.510826680135313627e+00
1.570780139559446980e+03 6.634459149723811606e+02 1.792428883105334769e-01
1.772772022220116469e+03 4.113214372734227027e+02 1.418557029788803381e-01
1.908732197581831315e+03 4.106054930253191060e+02 2.876338228474750291e+00
1.851170978509742781e+03 4.718479604196597847e+02 5.248748315161035904e-01
1.742466792731733449e+03 4.968106745872055399e+02 9.329873662790640898e-01
1.944173334487536522e+03 5.120188560459673681e+02 2.952041635833697164e+00
1.858946373320351540e+03 5.364619352760681750e+02 2.667316566523704413e+00
1.807090449835611707e+03 5.610875743177952018e+02 2.628483939178461348e+00
1.968656722643215744e+03 5.803177123278828731e+02 2.575998069365901255e-01
1.730875829264651884e+03 5.883681353217484684e+02 2.781241815893973346e+00
1.879349270567665826e+03 6.353184748669757482e+02 2.833113282022107882e+00
1.682723104039023610e+03 6.678347556015424971e+02 1.760493724809684357e+00
1.749743440667278492e+03 6.567274972770590011e+02 2.593327171676039100e+00
1.828817768656164162e+03 6.638037471937317378e+02 2.165385160813266374e+00
1.910210317642089194e+03 4.134510941272809532e+02 2.990689494719784847e+00
2.044045076448795044e+03 4.160767564996531291e+02 1.330489136154759666e-01
1.851277712240530036e+03 4.700925936186333729e+02 4.823964711638066283e-01
2.062403099265731271e+03 4.797686141583492372e+02 2.314494825245409226e-01
1.945368043900587054e+03 5.121671657405174756e+02 2.915578706076894733e+00
1.859711789542536508e+03 5.368223607285002572e+02 2.662212284361365811e+00
1.966713998866802285e+03 5.803247725961293781e+02 2.884784000274622784e-01
1.879939923609196057e+03 6.348605234855531307e+02 2.809292853480405583e+00
1.830200456970733285e+03 6.712286396824451913e+02 2.199902105988837953e+00
2.041428707857642166e+03 4.151706599472769312e+02 7.650109317904650597e-02
2.060537584799965771e+03 4.813235202481287160e+02 2.561548579817455318e-01
4.062435497729334202e+02 6.082461264962736323e+02 2.953083681378397163e+00
4.068565428441163476e+02 6.099355418558128576e+02 3.010354758328933844e+00
9.974352403054217575e+02 8.154679220098714723e+02 1.353548607058563391e+00
1.161591355467759968e+03 7.008979610972809269e+02 8.838941416638298465e-01
1.072772604410623899e+03 7.432743922765812385e+02 1.255132613322206714e+00
9.967261493850548959e+02 8.194517117797061019e+02 1.313914126178402642e+00
1.067633118485258819e+03 8.488821667043546313e+02 1.570940542342888824e+00
1.194647029166831999e+03 5.806953750614677574e+02 1.592917608192732759e+00
1.328693970029147749e+03 6.032156642597286691e+02 1.888222094299638609e+00
1.160076948733673134e+03 7.023090909223108156e+02 8.817161557521332460e-01
1.071829156741016732e+03 7.443820500144672678e+02 1.269672243818037893e+00
1.335620524936887250e+03 8.183044807333386643e+02 9.628607270577053956e-02
1.181514379960442739e+03 8.371239017191629728e+02 8.197107896376136793e-01
1.065043814328324743e+03 8.464079424058668337e+02 1.489632531053586062e+00
1.192022343856157704e+03 5.821586501785581049e+02 1.444276983116556945e+00
1.393454717370840854e+03 5.718293868954339132e+02 2.444718780293695382e+00
1.328644791190839442e+03 6.010329525560779302e+02 1.668421947251704118e+00
1.483272291882618674e+03 7.110934062919413918e+02 2.834528985741087137e+00
1.343802184983457437e+03 7.498115036713647896e+02 9.382287668186476415e-01
1.339436935192370129e+03 8.177297945439287332e+02 1.207954071027113746e-01
1.624685246444406403e+03 5.475940076123240488e+02 7.215855467964423786e-01
1.392328312693548014e+03 5.709678526187689158e+02 2.386955819637913478e+00
1.524960726975723446e+03 6.067572088141553195e+02 2.305789287060209802e-01
1.570326074722464000e+03 6.557194646467537495e+02 4.714141589526835707e-01
1.481508859872358926e+03 7.107993378229551809e+02 2.796258735205447099e+00
1.587511819240776731e+03 7.119290408455245824e+02 1.098581487464740380e+00
1.636948599470072395e+03 7.359291765519167257e+02 1.635456179492591033e+00
1.522832257156989726e+03 8.059603701112879435e+02 4.970327211872334616e-01
1.631012441540432064e+03 8.471900867318523751e+02 2.455714192722667111e+00
1.733561419683171835e+03 5.875105240433420022e+02 2.896498060895650539e+00
1.523921701512741492e+03 6.064568747903849726e+02 1.849622415403058828e-01
1.681484047989022201e+03 6.718273123387302803e+02 1.585818458523704733e+00
1.569023873727150431e+03 6.551653723167760290e+02 3.322476803466927753e-01
1.751565692941599309e+03 6.568658406286308491e+02 2.665538027770729013e+00
1.587795405486298478e+03 7.104696235124945360e+02 1.075590806328649007e+00
1.764716286422996973e+03 7.310651614382535399e+02 2.749971605262992558e+00
1.634253170699136035e+03 7.329653802404415046e+02 1.662464045088222431e+00
1.732116969235524266e+03 7.701126622530182431e+02 3.106254812607690763e+00
1.522266178940973077e+03 8.066044139679177079e+02 4.217353869284783952e-01
1.690147470189313026e+03 8.160363997058689165e+02 1.893026418912939324e+00
1.631252147440864746e+03 8.481522146860934299e+02 2.536403169896198406e+00
1.809700652925924260e+03 5.594222993276943043e+02 2.455319233930209233e+00
1.968262944406353199e+03 5.785300040621669950e+02 2.909623247577086125e-01
1.732778778130034652e+03 5.866813232947520191e+02 2.797743231989303414e+00
1.883249775642932718e+03 6.345554308101868628e+02 2.860129928518539089e+00
1.678777235779490411e+03 6.715887037345465842e+02 1.607168160051894334e+00
1.751537396880280767e+03 6.574608952089333798e+02 2.676767420034906753e+00
1.829351483513997664e+03 6.655710462972124333e+02 2.261440201832989327e+00
1.941400951978165722e+03 7.128475778923501593e+02 2.913517828103149854e-01
1.765881299802768126e+03 7.303823205469287814e+02 2.773025029432788280e+00
1.731597603205099404e+03 7.708076715616175534e+02 2.916896251659489625e+00
1.687561900812682552e+03 8.172652982457221924e+02 1.905042650344149102e+00
1.966891751832016325e+03 5.804701874507651382e+02 2.895632822291627217e-01
1.883243937566885052e+03 6.344896625425905086e+02 2.815801480782485378e+00
1.830565702487642966e+03 6.659682911007250823e+02 2.195179387463122467e+00
1.940007685471660807e+03 7.131541968677433943e+02 3.388894609532813740e-01
2.096022332644652124e+02 9.432701627561420992e+02 1.620797193775708189e+00
3.919919740599862052e+02 1.007879942541994296e+03 2.800012371660139276e+00
9.982370266200071001e+02 8.174479674625822554e+02 1.284631452858117973e+00
9.112464378683407631e+02 8.925352250650735186e+02 2.664881781331915001e+00
1.072911179255392881e+03 7.429127705512871671e+02 1.226021833108966508e+00
9.967044326102436571e+02 8.195666713979940141e+02 1.262441466109824884e+00
1.067033440793633872e+03 8.468401505502630471e+02 1.467051842641314829e+00
1.103026717302980614e+03 9.031410563379920404e+02 1.351936794031647793e+00
9.094656699018146355e+02 8.924640549529033251e+02 2.654172319520059720e+00
1.149615335659443645e+03 9.795650286324844274e+02 1.142303967452831248e+00
1.070063326602962434e+03 7.421507394212800364e+02 1.273587410243101736e+00
1.340087081548392462e+03 8.146274181646031138e+02 3.889624868501604521e-02
1.182351218273890936e+03 8.360586674230793278e+02 7.957953008627105529e-01
1.066761947194603863e+03 8.476427256828193322e+02 1.548374588722266409e+00
1.241480712308540660e+03 8.898556072286912695e+02 1.173907478672624904e+00
1.102113182587336269e+03 9.028497229331408107e+02 1.419785189814751547e+00
1.293466521183838040e+03 9.257494530120031868e+02 8.177845047949472423e-01
1.149320674709199466e+03 9.812928420979612838e+02 1.270750232978044458e+00
1.199272910307475286e+03 1.011072016992894078e+03 1.963774064141088072e-01
1.344820269975476094e+03 7.463860328001363769e+02 9.007588300118377633e-01
1.338985646843218092e+03 8.157048665843681192e+02 5.189923035885037061e-02
1.240178815561164583e+03 8.880143535205356784e+02 1.173870601432068783e+00
1.292806602571037729e+03 9.250581294671198975e+02 8.654731260184803654e-01
1.353513189913701808e+03 9.842501024973284984e+02 1.827877871271391008e+00
1.457329759492168478e+03 9.875356325353766351e+02 2.420336474947725414e+00
1.203406214926063512e+03 1.009626463647407945e+03 4.073282433025241511e-01
1.480760898163762022e+03 7.081779227880754206e+02 2.863110929513063674e+00
1.585583053806097269e+03 7.144735646165455591e+02 1.016179653523405779e+00
1.637852250757944148e+03 7.378357754764374477e+02 1.592252133182463059e+00
1.523789927655164320e+03 8.043346179949957104e+02 4.842871465964613265e-01
1.634001044427254101e+03 8.445303003004578386e+02 2.583935176632988107e+00
1.580000744711894868e+03 8.804781334575493474e+02 2.214899324023806848e+00
1.534437496142869350e+03 9.624130316042837876e+02 1.497543150963849046e+00
1.350682502827331064e+03 9.834434560256554505e+02 1.794477833512460041e+00
1.645125680184579323e+03 9.775376583375473274e+02 9.205852453464792307e-01
1.459153174515015507e+03 9.912124781985987738e+02 2.411578244041165053e+00
1.584659511993533897e+03 7.124517334306581233e+02 1.003163988197831813e+00
1.767921873500062702e+03 7.292725219898841260e+02 2.817175743228093943e+00
1.636129369960632175e+03 7.336687598619795381e+02 1.620534156234839429e+00
1.731948657807396103e+03 7.688976901847995578e+02 3.063306501610781662e+00
1.520922815080676855e+03 8.048155401366904016e+02 3.999743803554573485e-01
1.691826486584581744e+03 8.182299992891379361e+02 2.041136614867087307e+00
1.632742436629737540e+03 8.451578118467318745e+02 2.645352762726375317e+00
1.762144648981354294e+03 8.674745059707017845e+02 1.481503911616580904e+00
1.579592044112251187e+03 8.810401989205090558e+02 2.275009712037125986e+00
1.710476618446095472e+03 9.626312189594304982e+02 1.594254982494947237e+00
1.532048788011866691e+03 9.637039046986110407e+02 1.532496376783524905e+00
1.642795532378503140e+03 9.763480326130152207e+02 9.019676896337048833e-01
1.939788741774029404e+03 7.117657641351191842e+02 2.259153630844648875e-01
1.767387969955434301e+03 7.297456679399608674e+02 2.840988240719386049e+00
1.732620085663847021e+03 7.693222114249180095e+02 2.903568862002114059e+00
1.690292826878182041e+03 8.201871965144216574e+02 2.055429899319674902e+00
1.762657254641149621e+03 8.671269109532020138e+02 1.485679719511143526e+00
1.708903567672903364e+03 9.631853126514922678e+02 1.538075119183425432e+00
1.903818800581217602e+03 9.678150970060780764e+02 1.089649291287286603e+00
1.939265665308358621e+03 7.100959416682482015e+02 2.494824957359553785e-01
1.902336437233564084e+03 9.685723750929673770e+02 1.189396611647695057e+00
2.093332959839418663e+02 9.419568945503078794e+02 1.566176673696793920e+00
3.008539399513305739e+02 1.052766968930469830e+03 1.627045131409624146e+00
1.125246167468185945e+02 1.159415263400584536e+03 2.071777906500201549e+00
3.906228755967397319e+02 1.007574034902929270e+03 2.798329636626680994e+00
3.002725795218454437e+02 1.053882519360019160e+03 1.607700638984270958e+00
3.881459711521732743e+02 1.007362675896485143e+03 2.821384292603024146e+00
8.552549858299421430e+02 1.037469713670422379e+03 2.374178927062227995e+00
7.532797932713402815e+02 1.054688952873605785e+03 1.071037255698972679e+00
8.164717758551186080e+02 1.143371844144721308e+03 2.225772463043221849e-01
9.115462687624299178e+02 8.924169750569049029e+02 2.599823359250814203e+00
8.546315560564403313e+02 1.038432644250915473e+03 2.330223988014915371e+00
7.526857290543175623e+02 1.055651765476503670e+03 1.080327892550639657e+00
9.288753086388669544e+02 1.139468150342980152e+03 7.643138328392713454e-01
8.183237565692797943e+02 1.141702746940719862e+03 1.520756490240816050e-01
9.112524329170341844e+02 8.935937641431958127e+02 2.664326059641469069e+00
1.103444994776509247e+03 9.008105839393115275e+02 1.365034812464535952e+00
1.150474074504775899e+03 9.790121848955188852e+02 1.185832165037929320e+00
1.036779677593384349e+03 1.111409937422184612e+03 1.124328050429562964e+00
1.112117265490755244e+03 1.140757459617375844e+03 1.648726832651029595e+00
9.272133536596986687e+02 1.141638391902697322e+03 6.254518423346713263e-01
1.241601048948829430e+03 8.877524572724234986e+02 1.126426617909609629e+00
1.101785716817505318e+03 8.983092911634739721e+02 1.406457890479360318e+00
1.294122480879041177e+03 9.238616211986316102e+02 7.795395226588222037e-01
1.149216894021256621e+03 9.788253801155290148e+02 1.143392023770309462e+00
1.197234068529066235e+03 1.007289880863147346e+03 1.994691723765891767e-01
1.282955662708128102e+03 1.058435451915381236e+03 2.030857079803996434e+00
1.034941067400639895e+03 1.110360494180088608e+03 1.044945310942508643e+00
1.110723834021805942e+03 1.139311336876536870e+03 1.603766846097371968e+00
1.246633148523683985e+03 1.173470761983797274e+03 2.314174852552489448e+00
1.238920129000354109e+03 8.875363526051237386e+02 1.110002023772245883e+00
1.293174044784697799e+03 9.241236714937833767e+02 8.246256261437534540e-01
1.353948966468434719e+03 9.836310705643620622e+02 1.705757142795699899e+00
1.460129127888384346e+03 9.890803741732029266e+02 2.495059795429695804e+00
1.199184347422567953e+03 1.007663244677905595e+03 3.176063642432430112e-01
1.281812726350208322e+03 1.058849758182955611e+03 1.903161812894464289e+00
1.424000266416143859e+03 1.066224276743421115e+03 2.291432498002195839e+00
1.368770878807973077e+03 1.101617762855219780e+03 2.687775466157159343e+00
1.342699805457151115e+03 1.171890786084801903e+03 2.021701478865777446e+00
1.243143296067918982e+03 1.174416961399090042e+03 2.283756958190795494e+00
1.492366708897339322e+03 1.172342226262811437e+03 2.396193968325897039e+00
1.582172800684488266e+03 8.782135888862442243e+02 2.265929961322141750e+00
1.534705604075082647e+03 9.594327956930928849e+02 1.445775518577056884e+00
1.350983664280332732e+03 9.840725541571578106e+02 1.734218148730892972e+00
1.644573492582459721e+03 9.741280448236263965e+02 9.022704214195198524e-01
1.458491624527554904e+03 9.888991236964382097e+02 2.476447412646745061e+00
1.423020670916882864e+03 1.066310146140932829e+03 2.285914790269823804e+00
1.364161470694589980e+03 1.102590092452168392e+03 2.722749026447844223e+00
1.496611520380241473e+03 1.178647589284278183e+03 2.404470333492157774e+00
1.762884843068583450e+03 8.691869711779818317e+02 1.468120359248477724e+00
1.580101522958191481e+03 8.812894747365000967e+02 2.338923587870476162e+00
1.712358614512737404e+03 9.619705604303069322e+02 1.560698702199854404e+00
1.533604281777987126e+03 9.606293146419807272e+02 1.561614940603961887e+00
1.642943132378923792e+03 9.760068913480004085e+02 8.943782625508869266e-01
1.710636380441202846e+03 9.609613877463523295e+02 1.626033050105890387e+00
1.903960912670345351e+03 9.669761898377739726e+02 1.096666362383464932e+00
1.902108712083046612e+03 9.661022948701772748e+02 1.155886970347021370e+00
3.015252543527278704e+02 1.050541831655939859e+03 1.570304084050353710e+00
1.151628794532263669e+02 1.158665564621421481e+03 2.023260118973388977e+00
1.677763615850162751e+02 1.266989075061128460e+03 2.572160506196888630e+00
2.518302218883608248e+02 1.289520172060146479e+03 1.833401188093760403e+00
3.181793517290335558e+02 1.298664701008584871e+03 1.562008207388320358e+00
3.001638763140879860e+02 1.051165688954823509e+03 1.648231717030745003e+00
2.497777854695102064e+02 1.289403240199417496e+03 1.912191843781649858e+00
3.173904895031193973e+02 1.297362841755740646e+03 1.652354184333998166e+00
6.852013521184562705e+02 1.217586524363360240e+03 2.014755439491561440e+00
8.606424428089389949e+02 1.035542783644673591e+03 2.477546321513618199e+00
7.538229588646831871e+02 1.054576838530856776e+03 1.064014246985514722e+00
8.188499848288140583e+02 1.141867169269821716e+03 1.559867218678656076e-01
6.834665526624368113e+02 1.218520379046503876e+03 2.021103109614524218e+00
8.541659002348178547e+02 1.036931051318957088e+03 2.356441699562619618e+00
7.514707797418076325e+02 1.054587081155557826e+03 1.046797214321509406e+00
9.296743744557461469e+02 1.139254640264625323e+03 7.392299522337227868e-01
8.186258808525373070e+02 1.141353796373186469e+03 9.028609908255168237e-02
9.251524552233929626e+02 1.234797053206614237e+03 1.155956452599632867e+00
9.378467838262795340e+02 1.303999290916555992e+03 7.087573828149609234e-01
1.037489302231671218e+03 1.108639344917486369e+03 1.149938922942567388e+00
1.111842299159804497e+03 1.136108299590777506e+03 1.661682671189548044e+00
9.281717578423101713e+02 1.138876828144540923e+03 6.679844316888170486e-01
9.238897796442004164e+02 1.234430285665674774e+03 1.105229225054495279e+00
9.361802560614735285e+02 1.302607688675949248e+03 5.993675749068823055e-01
1.282454010885629941e+03 1.057833947629941576e+03 1.985100025265689405e+00
1.033722099051873329e+03 1.108938286121942383e+03 1.042097882687245569e+00
1.110471981174144048e+03 1.136915129898742407e+03 1.538106453520234007e+00
1.247669983988414742e+03 1.175011694707216520e+03 2.239940398439069114e+00
1.179293553391989462e+03 1.204306551332816980e+03 1.619842920928598273e+00
1.286096207507995132e+03 1.284577011297132231e+03 1.142077669661754502e+00
1.326882789192230575e+03 1.340678862364894485e+03 1.069534878497398811e+00
1.280598705720879479e+03 1.055138974817349663e+03 1.955597491604675220e+00
1.422949723987596371e+03 1.064125612136976088e+03 2.351058387087507029e+00
1.367472105533334570e+03 1.100173522662551250e+03 2.738969511095855847e+00
1.341415045318019565e+03 1.168242995827070445e+03 2.068566754197741275e+00
1.245953696905475908e+03 1.174214945684152781e+03 2.242905983036224793e+00
1.497758648983777675e+03 1.177039248849076330e+03 2.465115021683577101e+00
1.376873590169459249e+03 1.270512916667937134e+03 1.243375557230206319e+00
1.445784174081144556e+03 1.276480195546952018e+03 1.336005270604461614e+00
1.285325300607977852e+03 1.282489600018233432e+03 1.065311668939483702e+00
1.492400481427571322e+03 1.257055999661358783e+03 2.297426006870653126e+00
1.423501065789577297e+03 1.065711629489176175e+03 2.272259400782592031e+00
1.366675736735519649e+03 1.101045628905394778e+03 2.687765549377409968e+00
1.496666847814061839e+03 1.176057852986065427e+03 2.427872276621109382e+00
1.599631138168788993e+03 1.229246457343407201e+03 2.701992966022608744e+00
1.374802602268780220e+03 1.271406344579649158e+03 1.285545218747067064e+00
1.494749877555078683e+03 1.258830602904068655e+03 2.053393763065855637e+00
1.444081263741236626e+03 1.276503639563855359e+03 1.343870316652266972e+00
1.655603714256187686e+03 1.339919352302534435e+03 2.101366851314099726e+00
1.597922294141462771e+03 1.228464137773958328e+03 2.695133799973230104e+00
1.679843635397020307e+02 1.266346522873818458e+03 2.538713948499608186e+00
2.521093898224568193e+02 1.288576324660897626e+03 1.822431863972576505e+00
6.679342937194229535e+01 1.279352121107462835e+03 2.761275547306882849e+00
3.181920914533122868e+02 1.296032768161800732e+03 1.538462132726602816e+00
2.496334901890662081e+02 1.286924073435890932e+03 1.901064531714172112e+00
3.169113512595089333e+02 1.295549802938367066e+03 1.596833550088649689e+00
6.861872270885851322e+02 1.216805449822727269e+03 2.128102463662929100e+00
5.731906197339309301e+02 1.428502282520071958e+03 1.778083068803404387e+00
6.433642327982911411e+02 1.425577274603975411e+03 1.830199003424587634e+00
6.836933399824292792e+02 1.215593348981439249e+03 2.025701034591876226e+00
8.602551915262060902e+02 1.364436711805284858e+03 1.749352612800679219e-01
6.423931429633735206e+02 1.425566010569413265e+03 1.808075484142543488e+00
5.709126930831837399e+02 1.429354547254020645e+03 1.751719567695127600e+00
9.250212681856278323e+02 1.232163251731130913e+03 1.167291257782030245e+00
9.383021683906968065e+02 1.301284851092070085e+03 6.847418393013197102e-01
8.598274243545027957e+02 1.365067688707970319e+03 3.584707306367481555e-02
9.001399262980703497e+02 1.495131613497387207e+03 9.242285606763960271e-01
1.181350593262352731e+03 1.206466322731278524e+03 1.807454703750751568e+00
9.235752797950240165e+02 1.229515343968500019e+03 1.124160757327063775e+00
9.368902101137502996e+02 1.300779842355768096e+03 6.796261960987387551e-01
1.179160795126205812e+03 1.341134875870630822e+03 6.534415204542903810e-02
1.115525606557149558e+03 1.400975277884610477e+03 2.089329307690933391e+00
1.074361241743789151e+03 1.473013693964107688e+03 1.687396454304877169e+00
9.025542070342191892e+02 1.489834172792209756e+03 8.410225873948904418e-01
1.179145506238548478e+03 1.201186101377475779e+03 1.624581613934861446e+00
1.286150565281045147e+03 1.279990503782006954e+03 1.084103660383312295e+00
1.322498940005833447e+03 1.344351643499230704e+03 1.542695858483179583e+00
1.176416735447564861e+03 1.341026432406387812e+03 1.212617547446521726e-01
1.113838557354732302e+03 1.401323419211895043e+03 2.131766918422830948e+00
1.220713041259661168e+03 1.450750402372894087e+03 1.652518926020880796e+00
1.071510855393299153e+03 1.472409372176025954e+03 1.739384567411331961e+00
1.377231637987981685e+03 1.268279340104158791e+03 1.314135724010556228e+00
1.444937106140061360e+03 1.274341054006586774e+03 1.413243185861016382e+00
1.494850534182193769e+03 1.256916731792029623e+03 2.213464409205830652e+00
1.285888477107859899e+03 1.280449953458072741e+03 1.089458886104411439e+00
1.321385945284931267e+03 1.343616239403785357e+03 1.585121537362561117e+00
1.374232242596145397e+03 1.391637650755829327e+03 1.499963691108675778e+00
1.466559558543145158e+03 1.419112367396299078e+03 1.730682825665353697e+00
1.218193906094933027e+03 1.450527605822780288e+03 1.732641710494029708e+00
1.418578278075231538e+03 1.483425038509286424e+03 1.873325837143488215e+00
1.600495159332114099e+03 1.226515601152873614e+03 2.739829941774921895e+00
1.373990693872108295e+03 1.267430116939917980e+03 1.284720251642612387e+00
1.491661578512016831e+03 1.255721712617430285e+03 2.142744655934502696e+00
1.443197177895649929e+03 1.274100673029334303e+03 1.359066499363424274e+00
1.656538517129651837e+03 1.352160303105931689e+03 2.041291767208951669e+00
1.584276428859515136e+03 1.372575053151242173e+03 2.769512505066312968e+00
1.371863797129032264e+03 1.393239257302097485e+03 1.426143543257918811e+00
1.462504909677404157e+03 1.418203459896155437e+03 1.555923707680258783e+00
1.529338617237194057e+03 1.426207791832432576e+03 2.455996745684684512e+00
1.415424807145190243e+03 1.483571660660188627e+03 1.802946057761131149e+00
1.597131145364104896e+03 1.227229661600021927e+03 2.731799625418877220e+00
1.655220407199986766e+03 1.350189341937161089e+03 1.930564128283854597e+00
1.583591337299910947e+03 1.372266580385634143e+03 2.758705705332577640e+00
1.526238230893856553e+03 1.427045472289395775e+03 2.476096265166972898e+00
1.716158713434801030e+03 1.499313753920185945e+03 2.339797834713125635e+00
9.306742071938452909e+01 1.550830418618569865e+03 1.188746660990420256e+00
2.767714706322781240e+02 1.546809182114091072e+03 2.600428058275923160e+00
1.758431142005101151e+02 1.566895594809852128e+03 4.633048563950197818e-01
5.266285023158802687e+02 1.514222299807714307e+03 1.729276072052891022e+00
2.731067553544194197e+02 1.545515663252558170e+03 2.683485407860341176e+00
4.850863252839283177e+02 1.575560711239173770e+03 2.497806754840666610e+00
5.734940352575544011e+02 1.426763852227001053e+03 1.701557911931727896e+00
6.428144030554848314e+02 1.424030927594747482e+03 1.767597164048032576e+00
5.248756130562344424e+02 1.513549114646919861e+03 1.655000470177076854e+00
6.673866423228956819e+02 1.536713929810252466e+03 2.788327863106930593e+00
4.840254251546565456e+02 1.575347530560198265e+03 2.538085335633903483e+00
6.598888964094801395e+02 1.600768886101937142e+03 1.942725798265177772e+00
5.896431955695901479e+02 1.621855263826664896e+03 2.873382003521156136e+00
8.536757356417238043e+02 1.360893690222726036e+03 2.639899760726798772e-01
5.712484807509472375e+02 1.423808860776623078e+03 1.782317618729420738e+00
6.418142660186306330e+02 1.423109551388854925e+03 1.775415767840007319e+00
6.670726576445573528e+02 1.535495095116727043e+03 2.774152739752801189e+00
8.017011408051560011e+02 1.585925135968490849e+03 2.763424624722389034e+00
6.619854580011588041e+02 1.602382034871133328e+03 2.012395863756728964e+00
5.881048161939198735e+02 1.624214259253119963e+03 2.883893531575927316e+00
7.292005949377277148e+02 1.654315674700384079e+03 1.694933215079838185e+00
8.600129927150759386e+02 1.364378341154494819e+03 1.299600262190885314e-01
9.007619254485136935e+02 1.491119191146102594e+03 8.988238301676946262e-01
1.009458551203678326e+03 1.527922062338898058e+03 2.734702838055822482e+00
8.961441925364747476e+02 1.565250816409799882e+03 4.557842620687620888e-02
8.018177575812156874e+02 1.587406535358881683e+03 2.591071726977614009e+00
9.693416899767562427e+02 1.619103982874114081e+03 1.392833471251986088e+00
7.254669870403579353e+02 1.650569411671070156e+03 1.845930271804048228e+00
1.114459606992664476e+03 1.398849434999326149e+03 2.038591888384801987e+00
1.074068697367202731e+03 1.470324949840092586e+03 1.640486364984051093e+00
8.992705262878155281e+02 1.492074561424165267e+03 8.638491887692327786e-01
1.163656959659222139e+03 1.508413911547363341e+03 2.559893062124094065e+00
1.006298582096463861e+03 1.527734597495845264e+03 2.770031089154600057e+00
1.143541948013798674e+03 1.562596168969006158e+03 2.745833977362153622e+00
8.929823177018156457e+02 1.565102335572803440e+03 4.955726597202333300e-02
9.671095754714463055e+02 1.619328852129458937e+03 1.340821980155224358e+00
1.110359196369350229e+03 1.602359884431311229e+03 2.962873347083295084e+00
1.062202055842790742e+03 1.651957968290377721e+03 9.185407697953969219e-02
1.322213833651628192e+03 1.348776784136197875e+03 9.678953448082275868e-01
1.112877765619106185e+03 1.398823326807947524e+03 2.053594912721871779e+00
1.220393365519334566e+03 1.449053481429805743e+03 1.653478077516302713e+00
1.072948971708156932e+03 1.469651473200284727e+03 1.659727244565622817e+00
1.162480961452969041e+03 1.509928476345260606e+03 2.560207421932445548e+00
1.339478244237243871e+03 1.517644814158561303e+03 9.250904553052849977e-01
1.246404072411799689e+03 1.540285175840558850e+03 8.402919964452566504e-01
1.141364369980094352e+03 1.562197649769153486e+03 2.745689064366127585e+00
1.109464981496541668e+03 1.601977451064895831e+03 3.014414590270623862e+00
1.231005727000167326e+03 1.633507835273413320e+03 2.448890682828842869e-01
1.060857782584436109e+03 1.649421463264311569e+03 1.307255639228984689e-01
1.373620307349880704e+03 1.390787902699352344e+03 1.553822805966020182e+00
1.463868118719869472e+03 1.418771877420633928e+03 1.685251315044572484e+00
1.219085249863596118e+03 1.449361429768819562e+03 1.723675781680997332e+00
1.417762886031627659e+03 1.483131066984573636e+03 1.831262178935800122e+00
1.336743780472396338e+03 1.516086022375266111e+03 7.595000727874539059e-01
1.244648378190843914e+03 1.540777482532929525e+03 7.872831855464653694e-01
1.489480022114830945e+03 1.545154574425957890e+03 1.405618465644252302e+00
1.357383175247724466e+03 1.577919225982874423e+03 3.610241722078229576e-01
1.378142967547323224e+03 1.626535979701516226e+03 5.636962731934974657e-01
1.232440190458301458e+03 1.633779746652944141e+03 1.354432007183631326e-01
1.585883139771751303e+03 1.370710810811073316e+03 2.761468939074017026e+00
1.370644077216393271e+03 1.391461328721117070e+03 1.459434845146492243e+00
1.462894518406471207e+03 1.415950470863018836e+03 1.637484676111802928e+00
1.529249967576085055e+03 1.424878509465854677e+03 2.455790062444760391e+00
1.416896284952573296e+03 1.482559990226075797e+03 1.795947727360588164e+00
1.543104422234259346e+03 1.536888265213198338e+03 1.730201460640635958e+00
1.486645058782965634e+03 1.542100961384998755e+03 1.337588561896515316e+00
1.356853669790375079e+03 1.578622584684136882e+03 4.265512071418761098e-01
1.600370925379732853e+03 1.639835033865206242e+03 1.699673005611835430e+00
1.383808557967330216e+03 1.624119092559996716e+03 5.131983639644929207e-01
1.461376294426244158e+03 1.660888925900072081e+03 8.281485287108955040e-01
1.654269296759094459e+03 1.349373315799749662e+03 2.050210365399335544e+00
1.583687207700038698e+03 1.372010229410530883e+03 2.869916798914649458e+00
1.528595564360503658e+03 1.425169144396997126e+03 2.520204555500260568e+00
1.717587533088813188e+03 1.503248718513978247e+03 2.170427032840366088e+00
1.541696564440008160e+03 1.537123973833259242e+03 1.610305371611862713e+00
1.801027684857026543e+03 1.571721525678678972e+03 2.251521141625410838e+00
1.686152373717904993e+03 1.593298664895976572e+03 1.940410184079545797e+00
1.773029341793059984e+03 1.620900632582744493e+03 1.645968941996741819e+00
1.598829911141191360e+03 1.642166998092275662e+03 1.623702107832739161e+00
1.547855746347413515e+03 1.656432565207468542e+03 1.154721811107741747e+00
1.715684532608906693e+03 1.501490299763162511e+03 2.188952209850485886e+00
1.799457741952584456e+03 1.569676909115676381e+03 2.301339084622058273e+00
1.682029808556506168e+03 1.591131104318518737e+03 1.995046871838514591e+00
1.767100603961731395e+03 1.626463555504594524e+03 1.836842543775830894e+00
9.230719696895266679e+01 1.549244991522411965e+03 1.192282855162668964e+00
2.776058932605105269e+02 1.546875192040000229e+03 2.603126958742025376e+00
1.770593163868624060e+02 1.566374356943824978e+03 4.943738844548980493e-01
7.344618781383334749e+01 1.683472090238939018e+03 2.610472557053958198e+00
5.281481698273839811e+02 1.516585730077200196e+03 1.938542407642547705e+00
2.732242362623420036e+02 1.545817450163565127e+03 2.700079141383357584e+00
4.854769756976369308e+02 1.575197270368085810e+03 2.467223267400394882e+00
5.198975176316729403e+02 1.670994215282553341e+03 2.898738966358236802e+00
5.247988633537272563e+02 1.512885525068718835e+03 1.689847490782723005e+00
6.672813180756525071e+02 1.535683132211227303e+03 2.615037907231744008e+00
4.840658485803782014e+02 1.574732530904916757e+03 2.466188268958275032e+00
6.624501598986921636e+02 1.603791813980331654e+03 2.000166083143708917e+00
5.906406933138657678e+02 1.622329516336854795e+03 2.821525197926169071e+00
5.195269535624346418e+02 1.670825747325369321e+03 2.827892690890117855e+00
6.148926703482836729e+02 1.701831503572710062e+03 7.757954364538979242e-01
6.658809970538926564e+02 1.536404445101909687e+03 2.813617005085325307e+00
8.029691844061246684e+02 1.586948860265618123e+03 2.710430200569080128e+00
6.612198962463284033e+02 1.601990792760394925e+03 1.936731221237135037e+00
5.908516464442468532e+02 1.621890116316810918e+03 2.864652642604249344e+00
7.284372068569606427e+02 1.654900316380359300e+03 1.684077917551194403e+00
8.198097954692727853e+02 1.672417166537928097e+03 2.444319750378747713e+00
6.144006908001808824e+02 1.700691755293306187e+03 7.733535593190876689e-01
8.067957083221233461e+02 1.719427986753476489e+03 3.044814627355544978e+00
7.039372783197454737e+02 1.762269438516810624e+03 1.774456664596320232e+00
7.808972011359103362e+02 1.787872504073192204e+03 2.477048316256584837e+00
1.007962964148688116e+03 1.525618081903065331e+03 2.695394798470359454e+00
8.952691545628249514e+02 1.564076897195311858e+03 5.595346850853150089e-02
8.021636286717839539e+02 1.586930825532885592e+03 2.668339591009222911e+00
9.682867408149834318e+02 1.617140619526647470e+03 1.315933574878114021e+00
7.267462849382270633e+02 1.653992507928254327e+03 1.735260103550647193e+00
8.180367152210621953e+02 1.673588437410556708e+03 2.442047571639216041e+00
8.048283904937511579e+02 1.719969676346481492e+03 2.966880664687408409e+00
9.044371444679427441e+02 1.760581123666637723e+03 2.012705042457183069e+00
9.846450141394770981e+02 1.778981363040797987e+03 8.820413501839438064e-01
7.779761956809973071e+02 1.790834908488538986e+03 2.477721970606283186e+00
1.007197241031087060e+03 1.527067470598096861e+03 2.736355962113365070e+00
1.145016643605695663e+03 1.562680410192012005e+03 2.498467801309677938e+00
8.938408793426258399e+02 1.562682107713172627e+03 3.163990673449144225e-02
9.670022756389200822e+02 1.618662396082268288e+03 1.389360103185219186e+00
1.110525135119652759e+03 1.600259376280356037e+03 2.910423265537465998e+00
1.063934609804272213e+03 1.647333172564668985e+03 1.599165301532803896e-01
1.138164942044124928e+03 1.685289228368046224e+03 2.919241687315513034e-01
1.104797656376273380e+03 1.726351649679136699e+03 2.246983874680245630e-01
9.017528907873343087e+02 1.763876965254809193e+03 1.952341062688100592e+00
9.814305620914151405e+02 1.777886804753454044e+03 9.424634749113864896e-01
1.162943328768029914e+03 1.511762904000275512e+03 2.437915521858976309e+00
1.331323802307201277e+03 1.525444879938229178e+03 1.030754662883437422e+00
1.245372802645868887e+03 1.538107859364273963e+03 9.221790795711252153e-01
1.140594278573999873e+03 1.560804337740990377e+03 2.531414917625396388e+00
1.107432746387466068e+03 1.600140898386669960e+03 2.948912700911964890e+00
1.228445045931463483e+03 1.631646525024570565e+03 2.650890915106202117e-01
1.062631170268341748e+03 1.647043297558814629e+03 1.908942077776600021e-01
1.134792913776978139e+03 1.685488681380069920e+03 2.995214529458940511e-01
1.261930108487957114e+03 1.718591107534925641e+03 2.859676177536354391e+00
1.099635214219883210e+03 1.726252680106829530e+03 2.592743648012785784e-01
1.202087960911332175e+03 1.777553685982089974e+03 2.007697007194742866e+00
1.336177972500188389e+03 1.513208707815948856e+03 8.840292843215965535e-01
1.242991823627302892e+03 1.536467886030121690e+03 9.067492164040300562e-01
1.484709868145563178e+03 1.547085663484733459e+03 1.311974909225460229e+00
1.356933976247125429e+03 1.575987479000503299e+03 4.088199537651474036e-01
1.376539882765378934e+03 1.624653933290840541e+03 6.348432112169467567e-01
1.228061905395482199e+03 1.632095991992074687e+03 2.091412118059235437e-01
1.462073405640614055e+03 1.659203346085045268e+03 9.824193166808126154e-01
1.350238725048587639e+03 1.698385508126430295e+03 3.108808534805421964e+00
1.261667034016901653e+03 1.719056774403353302e+03 2.881618499963142011e+00
1.462959463190487440e+03 1.769615909148063565e+03 1.711775201608507269e+00
1.198333149168721093e+03 1.776517654005411032e+03 2.139125226591982454e+00
1.368706182243276317e+03 1.750977895584619091e+03 7.182964541036664929e-01
1.393357389869211147e+03 1.811008937499873355e+03 1.450323023894276142e+00
1.542408880424517747e+03 1.536904321822832344e+03 1.778355852388919134e+00
1.486338765474077036e+03 1.541106091198415925e+03 1.345764736794047511e+00
1.357943234843455230e+03 1.577664163473292774e+03 3.873868298954309952e-01
1.600083840210271774e+03 1.641398186262654917e+03 1.782028261669504454e+00
1.377572158273387458e+03 1.625777311334036085e+03 4.939741507924666486e-01
1.462214103323631889e+03 1.658489783154072711e+03 8.637600581780715547e-01
1.537445171327580965e+03 1.667941347671722724e+03 1.206324760972673937e+00
1.360018308846170157e+03 1.723511199505656123e+03 2.143376268704886289e+00
1.463223042508944673e+03 1.769154533586107391e+03 1.698315262531366221e+00
1.584517865445775215e+03 1.767283109994509914e+03 1.819993307917449066e+00
1.651739599243052908e+03 1.795108944210149502e+03 2.131929564217251105e+00
1.390187694355740859e+03 1.800822731431866714e+03 1.474515346753915157e+00
1.539183428856662431e+03 1.538682619841083124e+03 1.820587513980002070e+00
1.800930384143327274e+03 1.572841010541424794e+03 2.454224412297056013e+00
1.685074131896700919e+03 1.592192607224716767e+03 2.057113355250755227e+00
1.598527968939178436e+03 1.641292919531388179e+03 1.750509926316083709e+00
1.767517524840925716e+03 1.625153653660408054e+03 1.876747473510176123e+00
1.535447602163536658e+03 1.669305807247742905e+03 1.133844644199442753e+00
1.732476687718876065e+03 1.728374361568154200e+03 1.413909074288139944e+00
1.582643164125601288e+03 1.766024107718469395e+03 1.758733375096114271e+00
1.647613277667046077e+03 1.796859051523419566e+03 1.958667827540611972e+00
1.769602114271145410e+03 1.791129645413813932e+03 1.104189653478551580e+00
1.716773650623323419e+03 1.507394984028426506e+03 2.264509565947601111e+00
1.799187212027113901e+03 1.570279506029482263e+03 2.349815877130679187e+00
1.682925639065057339e+03 1.590899153176757864e+03 2.091913277395845761e+00
1.766710929866424294e+03 1.625790871506326766e+03 1.875028183174329399e+00
1.849060373169842478e+03 1.691688550306178058e+03 1.874086385668415122e+00
1.731543568556551691e+03 1.727566277671231774e+03 1.399331190816263781e+00
1.767448312335620130e+03 1.790668581464323324e+03 1.132673654085221360e+00
1.853080741405626668e+03 1.687875978463982619e+03 1.462157393607118161e+00
8.476031598898720176e+01 1.689618282003653121e+03 2.612004689656593825e+00
6.829124092571200322e+01 1.752693892927659817e+03 2.535847137806235718e+00
5.177881306713804861e+02 1.670174332652834437e+03 2.839870205875277609e+00
6.140942295972936336e+02 1.701315429153391733e+03 8.376867691669058757e-01
6.753867349040295949e+02 1.911490434943914806e+03 2.698150105719109071e+00
6.130194634810080743e+02 1.699210437879830806e+03 7.956832844968361185e-01
8.067819543487407827e+02 1.719325047828460583e+03 3.029815466984811856e+00
7.033114203388871601e+02 1.762665562496711118e+03 1.765528441338150234e+00
7.808718748371449010e+02 1.789557599925447221e+03 2.456243912309272304e+00
8.011405252852214289e+02 1.883815535222359358e+03 2.592120509240887660e+00
6.781070052915583801e+02 1.911570718501384363e+03 2.712958983854449002e+00
8.097341580965924095e+02 1.704225142839459068e+03 2.858191076116249896e+00
9.048420222500976706e+02 1.760725000288418414e+03 1.963527096271272754e+00
9.822277771448048043e+02 1.776373955877280878e+03 9.168120265026463711e-01
7.797817379379374643e+02 1.788240724689099352e+03 2.420124454010958548e+00
8.896501102869367514e+02 1.834536318436539432e+03 2.841041541446731156e+00
8.002998329641776536e+02 1.883070883921704763e+03 2.551717841952361621e+00
9.152432916052412111e+02 1.892993699484912213e+03 2.421103085781271536e-01
8.904565429645144832e+02 1.956422137894304797e+03 3.074430030802891789e+00
1.133736014531628143e+03 1.686711445052798808e+03 6.086024585673248666e-01
1.103286348725856897e+03 1.724965079872646356e+03 2.698462660226018106e-01
9.033839409778877325e+02 1.760734519522646451e+03 1.992237873356261124e+00
9.807227861588628457e+02 1.777119644762529106e+03 9.992218099750052041e-01
8.871208829548620542e+02 1.834739380088565440e+03 2.717313918064636624e+00
1.179087366786289294e+03 1.835660070919848522e+03 2.773546129540724881e+00
1.051587940246154403e+03 1.840216249872319167e+03 2.317921939486382032e-01
9.111980597563642732e+02 1.893596436989658741e+03 1.891849286824070220e-01
1.075899382025873138e+03 1.922981426644226758e+03 2.471225615652155316e-01
8.878053669841260671e+02 1.956771512559757866e+03 2.867812706275095991e+00
1.135780492181865839e+03 1.682642645230665948e+03 3.297879384143820869e-01
1.262992092881906046e+03 1.717996664665159415e+03 2.880209468839345810e+00
1.102039664829904041e+03 1.724276823666438759e+03 2.963634667130325973e-01
1.202357332547192300e+03 1.776715881694978407e+03 2.009035121925105472e+00
1.262374126070469629e+03 1.832133509101481877e+03 1.633026571000503413e+00
1.177857983398038186e+03 1.835451808861031395e+03 2.797977473015979211e+00
1.049843455965933344e+03 1.840366866820272435e+03 2.371233009834956829e-01
1.190851092056289872e+03 1.905935568232466267e+03 2.880374852453804646e+00
1.073714586965905937e+03 1.923943499277797855e+03 2.528222201297999905e-01
1.318663608214204942e+03 1.942661669788866675e+03 8.972213181723862618e-01
1.206791160590773188e+03 1.962821519195702876e+03 6.905476094960301126e-01
1.350759349351345008e+03 1.696581971175262652e+03 3.791524823042666248e-02
1.262208057455853123e+03 1.717894654163945006e+03 2.934453611160845909e+00
1.463847062641603088e+03 1.768541036133475927e+03 1.677177079783509495e+00
1.369705025639816313e+03 1.749306380656538295e+03 7.095065214599605152e-01
1.199479383032622081e+03 1.777120450102582026e+03 2.100619063966969513e+00
1.395081102554250037e+03 1.810680868424233267e+03 1.295066251570865523e+00
1.261162882726582438e+03 1.832011340127876565e+03 1.636603517754094517e+00
1.391482781900742339e+03 1.925920361354883880e+03 1.355831989541731453e+00
1.198905775330669712e+03 1.924748039721131590e+03 2.734422201717582546e+00
1.317709867680678144e+03 1.939698493590963153e+03 7.655651249638235623e-01
1.535461863802641119e+03 1.669198880282811160e+03 1.199132258993425237e+00
1.583757296185060568e+03 1.765858645280590736e+03 1.756116773513497931e+00
1.463150360630535033e+03 1.768815044209631196e+03 1.653240885911833935e+00
1.369351480919012602e+03 1.747276307541876577e+03 8.809533532445027459e-01
1.651167433064617171e+03 1.798089295098105595e+03 1.941637136842105704e+00
1.393922878236497809e+03 1.812789901631404746e+03 1.249548617005948659e+00
1.596910186654833069e+03 1.857810081294606107e+03 3.040182890603782884e+00
1.516276889577449538e+03 1.880056928904549522e+03 2.384337550986669552e+00
1.388294351137301874e+03 1.928697890503610324e+03 1.253532205448089742e+00
1.531714919895597404e+03 1.673511375975506098e+03 1.081527375817688874e+00
1.732328036403405576e+03 1.727216572962042164e+03 1.462108633679884528e+00
1.582610672610363963e+03 1.765076460119916646e+03 1.779932920599806234e+00
1.768488044278482676e+03 1.788042072187685562e+03 1.179467418348584262e+00
1.648184774713304023e+03 1.796373379873516569e+03 1.928771372668062867e+00
1.595512204785190306e+03 1.857733781908722221e+03 3.021429005053738237e+00
1.513314205997325189e+03 1.880810454817288701e+03 2.442316469166097903e+00
1.672038086706599870e+03 1.898898465797007248e+03 8.760673473094895414e-01
1.719620164778548087e+03 1.933949973276688070e+03 1.028642616646284536e+00
1.846255477097928633e+03 1.695349086271857004e+03 1.946845917420073624e+00
1.731875469666599201e+03 1.727373267677481181e+03 1.486723837929672332e+00
1.768505520519378024e+03 1.788831969068120998e+03 1.185856280155505926e+00
1.671588334728988229e+03 1.898234855965859879e+03 8.972994263578555341e-01
1.719466584464587640e+03 1.934983255392869069e+03 1.062888545493975823e+00
1.878317284171668689e+03 1.683915903498519810e+03 2.383971047438546709e+00
1.828920379002870959e+03 1.718908510819000185e+03 1.802789729017050924e+00
6.768773747392974656e+02 1.909417381727238535e+03 2.742708955077262090e+00
7.993629369832699467e+02 1.882597435040860319e+03 2.612334225347675787e+00
6.768674301113729825e+02 1.910582102402672263e+03 2.720120917133197036e+00
8.894201822878142139e+02 1.832209458368979767e+03 2.847368212910379004e+00
8.003382301519116027e+02 1.882860463090954227e+03 2.562633761920595887e+00
9.170377634190997469e+02 1.893360348460374553e+03 3.049107052119076622e-01
8.900753406839785384e+02 1.956531152693422882e+03 3.102093763485165301e+00
9.224169224421655144e+02 2.056323524206334696e+03 2.231529182850937598e+00
9.082338869133250228e+02 1.880231324874854636e+03 1.317440528811342215e-01
1.171555527292203124e+03 1.830312772121298622e+03 2.580951256805967375e+00
1.054199733615813329e+03 1.838976342185499334e+03 3.290329137864482778e-01
1.078105108524780462e+03 1.922563715825680447e+03 2.763224634931654156e-01
8.876252915301465691e+02 1.956050907183795971e+03 3.017156152733622143e+00
9.213231856561030781e+02 2.055760637521572789e+03 2.196891263748737444e+00
1.176774679972052809e+03 1.833722252589194113e+03 2.793215934182242233e+00
1.262208213373601211e+03 1.835548624538407239e+03 1.665314514797144430e+00
1.055498466888775965e+03 1.839278255218830964e+03 3.449688340459224345e-01
1.190220940576427438e+03 1.906572787999818502e+03 2.938650524982679091e+00
1.076380220183390065e+03 1.923171578193702771e+03 2.192738545745817891e-01
1.318384380869295910e+03 1.939950516191690895e+03 8.869261873969676024e-01
1.207948566050081354e+03 1.962698029559373481e+03 5.409111881716811565e-01
1.261376682304223323e+03 1.834674441146483332e+03 1.669850298103540576e+00
1.195239326779095791e+03 1.911072592443146732e+03 2.883998096247293752e+00
1.393649023121210803e+03 1.925985487323842335e+03 1.394503383062272173e+00
1.317946568350378357e+03 1.940112880463532292e+03 8.021491123587525252e-01
1.206643868270645044e+03 1.962398984047447811e+03 4.906571759971479207e-01
1.597609413678385408e+03 1.856925018348498725e+03 3.120353147554402184e+00
1.515276139758520003e+03 1.880141200660352752e+03 2.328939552870747498e+00
1.391643248668082606e+03 1.926785555738268613e+03 1.354859727559170723e+00
1.594574156351060765e+03 1.857329976945045473e+03 3.020550565402812193e+00
1.516674633041360266e+03 1.883748803455975803e+03 2.360179707745508448e+00
1.672029817912341059e+03 1.898406773589611475e+03 9.799306913950780462e-01
1.720527064987127460e+03 1.934103829467598189e+03 1.111201699410719446e+00
1.670650350986759577e+03 1.896002363417459037e+03 9.816276029891313204e-01
1.719133029526764176e+03 1.933738335139437822e+03 1.137931247466162477e+00
9.216773180496184068e+02 2.054251688584530712e+03 2.320152421423369749e+00
9.211920646314210899e+02 2.055136313903730752e+03 2.334453661560913051e+00
