9.622298594874305309e+02 3.818782445654333060e+02 1.995299263065486217e+00
1.422511110752875084e+03 3.261054215748559955e+02 8.890253197562698606e-01
1.339409171636999872e+03 3.549594768338245103e+02 1.449227724220192748e+00
1.460309824651790223e+03 3.745566196731901982e+02 3.641683065792638008e-01
1.551378552325840246e+03 1.766724748468445227e+02 9.660064136489204811e-01
1.661945155423311235e+03 2.008408770356018067e+02 7.011313423344627260e-01
1.420605831757188071e+03 3.263824904956454702e+02 9.160739960786119518e-01
1.595791342775868770e+03 3.312624489119483542e+02 2.956172892005100028e-01
1.463585952499664472e+03 3.761476193218733215e+02 2.509003209926212730e-01
1.550535605466171091e+03 1.779294175348880458e+02 9.131541539535000807e-01
1.659984424725290182e+03 2.018386984801578592e+02 6.363332461912158955e-01
1.702219909782748346e+03 2.530237961707123304e+02 9.940046233713171198e-01
1.709784024448244509e+03 3.092131398190484788e+02 1.043774568860735386e+00
1.593611862282862148e+03 3.312180266937532451e+02 2.933796520298700417e-01
1.758623458435930388e+03 3.506568134804961119e+02 1.113914418729210487e+00
1.702546613137524673e+03 2.495383649236458723e+02 9.194150386033750344e-01
1.708978331990447714e+03 3.080945848922043524e+02 1.060697098082683532e+00
1.757619989816184670e+03 3.477364114943299569e+02 1.023741653201738711e+00
9.627801960190161026e+02 3.859415147068218630e+02 1.817821275474671650e+00
8.822920226749083668e+02 5.363337630863013601e+02 1.862056177969780402e+00
9.615442434046506150e+02 3.851547233798034995e+02 1.845739201052134071e+00
1.098208229981222757e+03 5.027779217133261227e+02 1.127648088799436676e+00
8.753575497688593714e+02 5.319332404938385253e+02 1.923616167070567373e+00
1.255565210478545168e+03 4.074686407884618120e+02 1.499685465888365821e+00
1.185808537492345522e+03 4.434906686859553702e+02 2.328765291365812118e+00
1.097358824325720434e+03 5.021357145821466474e+02 1.098897659009730798e+00
1.262820365713767160e+03 5.078514135345021714e+02 9.433909043247893367e-01
1.422428604282894185e+03 3.251875458414672266e+02 8.301815802176406578e-01
1.339889184013974045e+03 3.530459840800980373e+02 1.413245374873359772e+00
1.463741325024348271e+03 3.720734126529661125e+02 1.812808960290148430e-01
1.254560046644279510e+03 4.073212636828570794e+02 1.532692140414371407e+00
1.358647682672898100e+03 4.450953042002947768e+02 1.052930072053486654e+00
1.433349460937824688e+03 4.851090118811644061e+02 3.046338610842547645e+00
1.262480270948759653e+03 5.078808744220630160e+02 9.910404492824664846e-01
1.421430689940073080e+03 3.265097311032274661e+02 9.224418087405500399e-01
1.596025709181915772e+03 3.297743652807159833e+02 3.590939364346490970e-01
1.463011125714789614e+03 3.721964770928466351e+02 2.223965720342994390e-01
1.521450323855463694e+03 4.201619925567845257e+02 6.372572025687253117e-01
1.358358558460288350e+03 4.451843085198139534e+02 1.146806578429932832e+00
1.612845945600957293e+03 4.465584333800045442e+02 3.025352311210610878e+00
1.545590082016783072e+03 5.003646041354784302e+02 1.671143561560229474e+00
1.431316337957421865e+03 4.855046642051831896e+02 3.092165815934657669e+00
1.703711446840690769e+03 2.483813241651238855e+02 1.057196447459263888e+00
1.710908616875925418e+03 3.075709511588299279e+02 1.019276061848620962e+00
1.594025546739560241e+03 3.301397809256847040e+02 3.091304360210169189e-01
1.757274049842832483e+03 3.470293702191930265e+02 1.060783849928903066e+00
1.524049723739418596e+03 4.138735658640297288e+02 4.736312281621668507e-01
1.820102653654822007e+03 4.366900283410250267e+02 1.934506279211869018e+00
1.611008726478507924e+03 4.470024284625760629e+02 3.052221002470008937e+00
1.757980699078203543e+03 4.724625225501938530e+02 1.647306372629542492e+00
1.539138396241633018e+03 4.928887193128326771e+02 1.798466670200781881e+00
1.669366848633563677e+03 5.110111165418759356e+02 8.607873276265251006e-01
1.700186438891573061e+03 2.424351840303656331e+02 7.315182934932539238e-01
1.708981711465467697e+03 3.074576911350053479e+02 9.263896238037259145e-01
1.756329162913547407e+03 3.479168617835467785e+02 9.549568569667266082e-01
1.818147338565824157e+03 4.364936749018409046e+02 1.876734711504176367e+00
1.756751927349002472e+03 4.723178139331487273e+02 1.595247381237003603e+00
1.879578653224122263e+03 4.725173104745638284e+02 2.126973940369771832e+00
1.673022210808086129e+03 5.019553458018826859e+02 6.643817916276197888e-01
1.879089427177521429e+03 4.727516666199219344e+02 2.152232118318579079e+00
6.573526804006918383e+02 6.555280343661750067e+02 7.969184312068242626e-01
6.540357412440214375e+02 6.553631254581491703e+02 1.491627427973886810e+00
8.210475364586889100e+02 6.717939054455721362e+02 2.125563825633659309e+00
9.626228041691458657e+02 3.866597448715730252e+02 1.771126735979085431e+00
8.838148207454405565e+02 5.372012542090428724e+02 1.875921143350607334e+00
9.338106000663992745e+02 5.627073894694286764e+02 1.070166725041052036e+00
9.788179269024144560e+02 5.994794399687929172e+02 4.081465864995987847e-01
8.728521573447876563e+02 6.772061606574357029e+02 1.497522730913459554e+00
8.210794762262285076e+02 6.730113157312117664e+02 2.037448382016889603e+00
9.617152822800105696e+02 3.869302055168619745e+02 1.736381311023655671e+00
1.098951982388754686e+03 5.036687055991817488e+02 1.157656994223809077e+00
8.836023376033099339e+02 5.383709491738487714e+02 1.920745524591412901e+00
9.332548973716372984e+02 5.643495716181895432e+02 1.145136287889646276e+00
1.109403000899457993e+03 5.746368854400852797e+02 5.954474206657293101e-01
9.779819615541607618e+02 6.004778944030497314e+02 4.001289057297176543e-01
1.094168623804488334e+03 6.313708257657932563e+02 7.170528890627383967e-02
8.727114850596876749e+02 6.713127470705821906e+02 1.518983679295911937e+00
1.024548121288449920e+03 6.714396877324707020e+02 2.777201370426102045e+00
1.255067725673914993e+03 4.067536272308225307e+02 1.535140049963979791e+00
1.186193451429603556e+03 4.427989456447048724e+02 2.291230418435201699e+00
1.096644208795406030e+03 5.054145486558865059e+02 1.193220703013472717e+00
1.263314508258095429e+03 5.053217183050463746e+02 9.526080674038742702e-01
1.301486314549124018e+03 5.488552631660445513e+02 8.663238374835670053e-01
1.106722350497701882e+03 5.752113841793774327e+02 5.610942620809680204e-01
1.242069493155239343e+03 6.367233405578954262e+02 7.043601348418428998e-01
1.090949466316536700e+03 6.306731713257685215e+02 3.127065611372171094e+00
1.316765867051743726e+03 6.900454510867484714e+02 5.653592786603522935e-01
1.253126834304682234e+03 4.072150897820986302e+02 1.545706727520167245e+00
1.358144137860962019e+03 4.462710213666125583e+02 1.115897880401643061e+00
1.432735338841611338e+03 4.848384006762407807e+02 3.053050406798559102e+00
1.262349906528917472e+03 5.057782665892416389e+02 9.880085077972663443e-01
1.300002123177320982e+03 5.477066165905683874e+02 8.829003988702387451e-01
1.376326636944444544e+03 5.501327599410851690e+02 7.719159352398590190e-01
1.365217355283751658e+03 6.232637127993669992e+02 3.889461247770006347e-01
1.240486152350835710e+03 6.369424710887820993e+02 7.574053511329811306e-01
1.316156208769028353e+03 6.879668239000809535e+02 5.153805379279390309e-01
1.518316634111537724e+03 4.215302746777974789e+02 6.539474966413265644e-01
1.355192844439643295e+03 4.434403095659022256e+02 1.136337015025938646e+00
1.613335474388614330e+03 4.453346644436123825e+02 3.075481244568622596e+00
1.555707205417243358e+03 5.243229341878627565e+02 2.618188717549075228e+00
1.431227728740772136e+03 4.849217060049115844e+02 3.135117967936989825e+00
1.376211078874772738e+03 5.499480434814712453e+02 8.507300981776801940e-01
1.510622444462873773e+03 5.783752302952631226e+02 2.899316438735332735e+00
1.637831713049232349e+03 6.270903415661621239e+02 2.802916588186060154e-01
1.364000400057292154e+03 6.210161017039050648e+02 4.389891054251049418e-01
1.511898230074325511e+03 6.497586062772450077e+02 7.644070866914182139e-01
1.592242618766997111e+03 6.860954774889993359e+02 1.681375320923114369e+00
1.527766078601711115e+03 4.106245106353521805e+02 5.670407567045655517e-01
1.821982278810128719e+03 4.379627021371198907e+02 1.893555961229353546e+00
1.611965297256602753e+03 4.461273436212761681e+02 3.071286065303599155e+00
1.758109970974690896e+03 4.716469612585725599e+02 1.603477697042872796e+00
1.555915456523051034e+03 5.266971134222204682e+02 2.819844968048483391e+00
1.669384013727888487e+03 5.098583615662225839e+02 9.238424177639783519e-01
1.690022331932462293e+03 5.583208643715133803e+02 2.962665381736352965e-01
1.817884639959693232e+03 5.587921438760475894e+02 6.351453932329762520e-01
1.508504037615414973e+03 5.787825214076501652e+02 2.892730736641558220e+00
1.638330443736672350e+03 6.198365418655232588e+02 2.258720170500366775e-01
1.514135179823065982e+03 6.476765754988773551e+02 6.515517686539614717e-01
1.588300890316462301e+03 6.878899129284613991e+02 1.611933290133536811e+00
1.631606922783588743e+03 6.687320300900842085e+02 2.613645789197715175e+00
1.512687142378906174e+03 4.480861167503136357e+02 2.023938534128717937e+00
1.818469669402743648e+03 4.354496316883108875e+02 1.839825450981720900e+00
1.756919184713780396e+03 4.713183882726486900e+02 1.576746600452986646e+00
1.879503211334996649e+03 4.715284302551266364e+02 2.078376487228188019e+00
1.668317521508868822e+03 5.076236235111848600e+02 7.591615962956055341e-01
1.815219520828279656e+03 5.594322499569150295e+02 6.048569197905747652e-01
1.688352829460722432e+03 5.593142310624207312e+02 3.012841007170629637e-01
1.929437775830084774e+03 5.893235685734833851e+02 2.452567438713077141e+00
1.878701205899051956e+03 4.724405522740660217e+02 2.068235778318937790e+00
1.928173760774678613e+03 5.894170826491338175e+02 2.462920195271132151e+00
6.564233209457838711e+02 6.570716275561803741e+02 1.569246266337959606e+00
6.539847042300517614e+02 6.554514431792030109e+02 1.412317532902813477e+00
8.231915976035410267e+02 6.736090946284205074e+02 2.108531871561587501e+00
8.188956635303553639e+02 7.647613936387518834e+02 2.288324769225251742e+00
9.140611706957972729e+02 5.547733657407279679e+02 1.849316194523217938e+00
9.757625950980514062e+02 5.987029925300537343e+02 3.248369757910949951e-01
8.734899168373185603e+02 6.765286447265847301e+02 1.492959698311745020e+00
8.214398515831359191e+02 6.726454000253777394e+02 2.042118241943899459e+00
9.264595245848390732e+02 7.322257699899475938e+02 1.509419387158094539e+00
8.182906006627580382e+02 7.651092835422630287e+02 2.243083475408757188e+00
9.085157961172492378e+02 8.453814785763531745e+02 2.193371278789855161e+00
9.309920934770805161e+02 5.616083799051730239e+02 1.128821860169496150e+00
1.109026988223949502e+03 5.733529780653574335e+02 6.555549912706596372e-01
9.791267273987716635e+02 6.002051211305722518e+02 4.147148480999647280e-01
1.095168932217562542e+03 6.319205456188766448e+02 9.169493859991964535e-02
8.709325708263877459e+02 6.749031969848899735e+02 1.588152294989437774e+00
1.024864123131073256e+03 6.709551268600894218e+02 2.779445473916200449e+00
9.261145887178051908e+02 7.329448314199833021e+02 1.571746905311067311e+00
9.071791545437852164e+02 8.437951009222828134e+02 2.249095173667625236e+00
1.292710027497957526e+03 5.558346065703010481e+02 9.199230136413765191e-01
1.105930296701381621e+03 5.721981537898086572e+02 5.859950848619368546e-01
1.241991433154742481e+03 6.359151635329226337e+02 7.543810270463285894e-01
1.092522356471514968e+03 6.321991133739406905e+02 4.499690775897726563e-02
1.319481934838878033e+03 6.860973756961254821e+02 5.347886508074688461e-01
1.233802084578509039e+03 7.338611645719473700e+02 2.672872868675425728e+00
1.221702419054873872e+03 8.018676340774183018e+02 2.270224509606128649e+00
1.297012597280233194e+03 8.554303743588718589e+02 1.649738083379459708e+00
1.298505407610843349e+03 5.462722515591991623e+02 8.493462490945173915e-01
1.375171487712213093e+03 5.473576749281007778e+02 7.755871498196660330e-01
1.364856424230835728e+03 6.221030450096126287e+02 4.248339818660880063e-01
1.241276552931174365e+03 6.347917019671492653e+02 7.296166643526158513e-01
1.318127845140019645e+03 6.852867944727943268e+02 4.900515818869128903e-01
1.231668528903200922e+03 7.334509281060086323e+02 2.715368144906704639e+00
1.384213137537733928e+03 7.474557154471058311e+02 1.832495765223844719e+00
1.483859217995579002e+03 7.762506788497391881e+02 2.633982092708062606e+00
1.217948546867470895e+03 8.027078978598506183e+02 2.312834388314058742e+00
1.353669555722233326e+03 8.440749574390204089e+02 1.696124970475194838e+00
1.294498977637500047e+03 8.557489394060676204e+02 1.634840852037985126e+00
1.511208447843895556e+03 5.781419871466473523e+02 2.941946429352575887e+00
1.364899035957385877e+03 6.218631686837470625e+02 4.630146311952284544e-01
1.637282969516970979e+03 6.228208113934744006e+02 3.457743515001115431e-01
1.512297132618906289e+03 6.495273615258703330e+02 7.152295464513941381e-01
1.634659461441142184e+03 6.698100392165015364e+02 2.697675275535378336e+00
1.585838367873525840e+03 6.928017389162376958e+02 1.773121676413932590e+00
1.383842254130450556e+03 7.487714117854488904e+02 1.806264242047123325e+00
1.484508000162260032e+03 7.775678287511228746e+02 2.623452805670676735e+00
1.350144407977697256e+03 8.422645055114207935e+02 1.744600912475319454e+00
1.571729087995817508e+03 5.497103721738718605e+02 3.036533160223720884e+00
1.691087798634671572e+03 5.546685593933287919e+02 1.964045081581516639e-01
1.814044997735322340e+03 5.609336016690368751e+02 6.927089159835713161e-01
1.515200644313937119e+03 5.786591299695419366e+02 2.884039005885317586e+00
1.637568570798638120e+03 6.190039721441609117e+02 1.699730383399447875e-01
1.511313181587336203e+03 6.494123038208891785e+02 7.141481960606004264e-01
1.635533492525997644e+03 6.724297697354087404e+02 2.682199061901662684e+00
1.584769134000397798e+03 6.946429001965724410e+02 1.813116252211378399e+00
1.814794529937222251e+03 5.601247216176492429e+02 7.180255277252405310e-01
1.693755754519077072e+03 5.593994784467361114e+02 3.452760447282031686e-01
1.931296490699997321e+03 5.895259870542789713e+02 2.455194709587795732e+00
1.927020294014597312e+03 5.882064930944546859e+02 2.502180528411590110e+00
2.394715878891529428e+02 9.232170511154918131e+02 3.074109394753323787e+00
2.401496824367719114e+02 9.239463350761620859e+02 3.070854202245260289e+00
8.199198689272651563e+02 7.641674729700216631e+02 2.309914936115556205e+00
7.944528812708590522e+02 8.834711840520712940e+02 1.867552356480462583e+00
9.261278637395505484e+02 7.319594022132794180e+02 1.496083267208704326e+00
8.184309690369135524e+02 7.645658556667472112e+02 2.299131250955984918e+00
9.099102982831354893e+02 8.432343727328628802e+02 2.362486289704513798e+00
7.947414998706003644e+02 8.834486187378045088e+02 1.821811928927025370e+00
8.706545452013529030e+02 8.833958143155095968e+02 2.510463942375762869e+00
9.926613516679713030e+02 9.581000986426588497e+02 1.688982730621575890e+00
9.241797590965322797e+02 7.315378856714108906e+02 1.602963838689909881e+00
9.094019352537784471e+02 8.432448598800574473e+02 2.347449060336183280e+00
1.060417723613011503e+03 8.780515469972119718e+02 1.499615328979697626e+00
8.692405516649603214e+02 8.834591099749118257e+02 2.497215332610022820e+00
1.109378366942026787e+03 9.459386946431047818e+02 9.162204763039571986e-01
9.915050375577172872e+02 9.570385628058829752e+02 1.743683017755427000e+00
1.232337346966257655e+03 7.325050780002046622e+02 2.741849240646815122e+00
1.220495423751564203e+03 7.993966305501716079e+02 2.345586877319671970e+00
1.294719013620543592e+03 8.520220698782590034e+02 1.597309142448736452e+00
1.059189296899239025e+03 8.773844477733719032e+02 1.555430320828263824e+00
1.107841239004919998e+03 9.468228412566099905e+02 9.298229550212224748e-01
1.181447244352529196e+03 9.517572451639284736e+02 9.929799777891431534e-01
1.245453683408975621e+03 9.714972685713569263e+02 9.111643548278902660e-01
1.332384627591318349e+03 9.675792144538099819e+02 6.071190166224321727e-01
1.231740244622848650e+03 7.356040385361708331e+02 2.878207501235020782e+00
1.384443987275637710e+03 7.459254627427551441e+02 1.806511512372992678e+00
1.484340001258872917e+03 7.742449035986641093e+02 2.653827161055311468e+00
1.219924792507247957e+03 7.990053821481247951e+02 2.319292055051319412e+00
1.354034135283717205e+03 8.409479422680278731e+02 1.666500691022189118e+00
1.294590324707347690e+03 8.517826068577442129e+02 1.565151981053608976e+00
1.439374615352383671e+03 8.881906068197240529e+02 7.444244022690628404e-02
1.498923571466016256e+03 9.383728910118697968e+02 1.010376979179098550e-01
1.243721719894625721e+03 9.718553166766075719e+02 9.061231830723903702e-01
1.335144340498670999e+03 9.661536060763282876e+02 6.041530131067328613e-01
1.395177091320091904e+03 9.874323701908685962e+02 4.566966033921309176e-01
1.383182135577001873e+03 7.466357606743088127e+02 1.782954814514577269e+00
1.484050662748292780e+03 7.754825761107744029e+02 2.631165971670444748e+00
1.350960894087761972e+03 8.399092936573983934e+02 1.685782180472714664e+00
1.438680408018354228e+03 8.873683799368091059e+02 1.542371119571390725e-01
1.502443718892447805e+03 9.381427108503426098e+02 1.285273670391838818e-01
1.400511286822348211e+03 9.867614757282844948e+02 5.708717661911079100e-01
1.510107162117624512e+03 1.016073953512116759e+03 2.676778049900216505e+00
1.507378506930085678e+03 9.397016254674861102e+02 1.633896902430906628e-01
2.404060067203112112e+02 9.220299037853549180e+02 3.062494111958716569e+00
2.687621598707374915e+02 1.075037666497328246e+03 1.789238557058827395e+00
7.821269941598907849e+01 1.138339948972617094e+03 3.278722180469256092e-02
2.409518793595768784e+02 9.226407933651103122e+02 3.125534307023761116e+00
2.681593830671126284e+02 1.074584454221802616e+03 1.832631987567195919e+00
5.853582604846199047e+02 1.179564341236308564e+03 1.758757196412506163e+00
7.960880878350544663e+02 8.806304192342786337e+02 1.967212056741858950e+00
5.826459385946448037e+02 1.180269099261156725e+03 1.662111858899964156e+00
8.248948418812547061e+02 1.177108650953125107e+03 3.530315827729961775e-01
7.933282341497656489e+02 8.807842823784876600e+02 1.843704408198847400e+00
8.705041640547690349e+02 8.801887036774969602e+02 2.415981527189650979e+00
9.915847636938885898e+02 9.549087977865979155e+02 1.665828189587102770e+00
9.264317279459444308e+02 1.162058314982588627e+03 2.777524129096613503e+00
8.262700814603560957e+02 1.179589305976643573e+03 2.213773301048464481e-01
1.060050912117115786e+03 8.749174821399165012e+02 1.542675055564898923e+00
8.731634922520775035e+02 8.898542404938627897e+02 2.440292903707209859e+00
1.109225699176948865e+03 9.450514186063235229e+02 9.381194219958128855e-01
9.909378513466785989e+02 9.553674473988160116e+02 1.739293154067288238e+00
1.044333735033565290e+03 1.108194588980476283e+03 2.377520472175419730e+00
9.253758878162723249e+02 1.163996883939838881e+03 3.706177996780066763e-01
1.056117545750458248e+03 8.742554841457142629e+02 1.555145681644891864e+00
1.108236148593496864e+03 9.446236213331683302e+02 9.370437426626068156e-01
1.181539021299598744e+03 9.495281720109069283e+02 9.937333610543670481e-01
1.245690574501609717e+03 9.695785432784571185e+02 9.033182331291019773e-01
1.334660154278924438e+03 9.646468785280310385e+02 5.255974257741253819e-01
1.301632262931055493e+03 1.068137447820735815e+03 2.165280760836075569e+00
1.254462870333429919e+03 1.079031831682482334e+03 1.924545653995434424e+00
1.039696017094697936e+03 1.106966387502658790e+03 2.364712685978398010e+00
1.302777937416005670e+03 1.176251214630002551e+03 1.987598444828404309e+00
1.225272171919240009e+03 1.180964019520843749e+03 2.363832358999401251e+00
1.436675635720490391e+03 8.865067812371410128e+02 1.086768841324107643e-01
1.496325457989200686e+03 9.346853359182580334e+02 7.304586749113811672e-02
1.244153322879070856e+03 9.696671144371650826e+02 8.943537805984638211e-01
1.333990394532190976e+03 9.649934751436751412e+02 5.772768001456488607e-01
1.393480516139414476e+03 9.862251587642931554e+02 4.623925012323066297e-01
1.298805824621058719e+03 1.068957682104266723e+03 2.193591845357382386e+00
1.254264589208679126e+03 1.078871016649642797e+03 1.882966777756167609e+00
1.495577059826065579e+03 1.061058128273045213e+03 2.349536110228290120e+00
1.415832226156981733e+03 1.088169734584881553e+03 2.778471759134168106e+00
1.385634500787565685e+03 1.131669821916636465e+03 2.126512653598479297e+00
1.301594572424174657e+03 1.180688158225316784e+03 1.919307368836083771e+00
1.438465174730800527e+03 8.857874810494847679e+02 1.842789239368197440e-01
1.501418450326438915e+03 9.375528527371284326e+02 1.541167415021891252e-01
1.395776052464117356e+03 9.862171145162158155e+02 5.615291657774811318e-01
1.507784721221190011e+03 1.012239621582992413e+03 2.780306108367856410e+00
1.617314525247346182e+03 1.040594025506385606e+03 1.997328049609598866e+00
1.492584675400275501e+03 1.061200739741660072e+03 2.212898974589291523e+00
1.416169604796850763e+03 1.088254261048133685e+03 2.739575405629493865e+00
1.382891702936419733e+03 1.130265220534844502e+03 2.101030031547638899e+00
1.594204861292668511e+03 1.132911625198117463e+03 2.542687167093153899e+00
1.524776089637494124e+03 1.162293000625202922e+03 2.238560091676204511e+00
1.506116308409407566e+03 9.383789911474934797e+02 2.275296142768004348e-01
1.506502718211660749e+03 1.012488961782528349e+03 2.957363989387085113e+00
1.650295492484317037e+03 1.020984272206876767e+03 2.931655093191448458e+00
1.605629856496758066e+03 1.046609894079008654e+03 2.011637936752600719e+00
1.720121921508191917e+03 1.114273494231832046e+03 2.356739128508168246e+00
1.594440483328448636e+03 1.133202325623749857e+03 2.580382805037638949e+00
1.683109565349249124e+03 1.147821748867587075e+03 1.792221026732612854e+00
1.522706439541570262e+03 1.162972668269101177e+03 2.364270833109599401e+00
1.717765708575739382e+03 1.113639004697083465e+03 2.414736758217966628e+00
1.684706776676115851e+03 1.142698179559933351e+03 2.125851810748899506e+00
2.679112283021893859e+02 1.073384014439676776e+03 1.789040236864282152e+00
7.618622063897251451e+01 1.135670284531425068e+03 5.497708586035293665e-02
1.486525241634078611e+02 1.203542772230795663e+03 1.624595468160483058e+00
3.268441722991557867e+02 1.303453876210268618e+03 2.469420356260100924e+00
1.967266059405986880e+02 1.312311583266702200e+03 2.197461016765698272e+00
2.662536000903913305e+02 1.072547616093210081e+03 1.823084131607791702e+00
3.983591019749106863e+02 1.214768381314830094e+03 1.395424194221576375e+00
3.254237695528356653e+02 1.303070691793188416e+03 2.488056670636681567e+00
5.855938324329247280e+02 1.183427175212897055e+03 1.714013524061151372e+00
6.591668207622990394e+02 1.195283774800152059e+03 1.936282842477403232e+00
3.949960654993446951e+02 1.215046473592129814e+03 1.372173206366249953e+00
6.343425345705506970e+02 1.335455897841184424e+03 3.023908847497219554e+00
5.844409018732628738e+02 1.183433881718427983e+03 1.702904989176674766e+00
6.579940225920336161e+02 1.195110855807241023e+03 1.892067841717220977e+00
8.300405311532233554e+02 1.174221465684130635e+03 1.878257261151252133e-01
6.341499616224192550e+02 1.336043811230290885e+03 2.976751928131462055e+00
9.272843539495420373e+02 1.159744307208996588e+03 2.682698022242888669e+00
8.285966653771077972e+02 1.174261851199059720e+03 2.000856372466568445e-01
9.834882493863888158e+02 1.267617915259877918e+03 1.770655395622158457e+00
1.043224565268022161e+03 1.105235864011960075e+03 2.333669249967082138e+00
9.255118792483694961e+02 1.159638303278783951e+03 2.757576291903040655e+00
1.139477667656584572e+03 1.210087736255433128e+03 1.158944493251872210e+00
9.821561116783097987e+02 1.266406423667983972e+03 1.721614527812332485e+00
1.084460460978712035e+03 1.293203669355557849e+03 2.606094507802756866e+00
1.302756549825404591e+03 1.067051243970191763e+03 2.184582303296901173e+00
1.255491800746005765e+03 1.076913576802951411e+03 1.865934472153958801e+00
1.040049586774515319e+03 1.104937060522665206e+03 2.376786974884699255e+00
1.302967362607288123e+03 1.177447593607762201e+03 1.842456969871163031e+00
1.226866444512516182e+03 1.181800400798094415e+03 2.378098705721913397e+00
1.139181298471237824e+03 1.211426315320464028e+03 1.146146570846355850e+00
1.191482509132988753e+03 1.260952321577229668e+03 4.286643710702540133e-01
1.079904596646891150e+03 1.295583857876373031e+03 2.605404886656074837e+00
1.322881366948268806e+03 1.302302949104278468e+03 1.951111125454388917e+00
1.298875912332505777e+03 1.067707222283289866e+03 2.189144881442810497e+00
1.254467424546108077e+03 1.075713419400349721e+03 1.846836358498530339e+00
1.496435883747947855e+03 1.059929296998608834e+03 2.350971508614277727e+00
1.415879718764904055e+03 1.086365980880912502e+03 2.858528025391088967e+00
1.385358647064283105e+03 1.130898929740924132e+03 2.951238095841993925e+00
1.302205491539156583e+03 1.177629347296108335e+03 1.835557168394888583e+00
1.226425645892400098e+03 1.182283922615529946e+03 2.401247603450806345e+00
1.379958584472042048e+03 1.213861985371856917e+03 2.304932021511723939e+00
1.191752291958747492e+03 1.260593248707690691e+03 4.753356179543771765e-01
1.455023126486375304e+03 1.307721878857164938e+03 1.166296168491064877e+00
1.322164031016235867e+03 1.307667697161999513e+03 1.871353821200264278e+00
1.608323457411267327e+03 1.049070541318915957e+03 2.044943034478091004e+00
1.492419924858974355e+03 1.060445066719612669e+03 2.279294671563354413e+00
1.413833414070195431e+03 1.087448221881384143e+03 2.878376009208867714e+00
1.383148457571971903e+03 1.131982651284862641e+03 2.012634717363866343e+00
1.594319027617569191e+03 1.131766583715458182e+03 2.597937888148837970e+00
1.524240049168036876e+03 1.161004798504691962e+03 2.305630183401056410e+00
1.379023188867133058e+03 1.213791808113982142e+03 2.227001141021881292e+00
1.637771189943130366e+03 1.235169842395063597e+03 2.216511776451370874e+00
1.520035053462634323e+03 1.247724411883821858e+03 2.696549684924934631e+00
1.451852622597097707e+03 1.311491398100303968e+03 1.231445121930446751e+00
1.545278045753776496e+03 1.323916377228821375e+03 3.399307266664302607e-01
1.605139206853617452e+03 1.044975632865205625e+03 1.973317055681040877e+00
1.718008764418809733e+03 1.114542290898381452e+03 2.408085969568986684e+00
1.592771960680766824e+03 1.132380902025087835e+03 2.627560149526135369e+00
1.682638458672400930e+03 1.144638911009770027e+03 1.717147407569499462e+00
1.521883109226670058e+03 1.159962390503082815e+03 2.332863949272385717e+00
1.811799173416005942e+03 1.202169796110398238e+03 2.320510434060022664e+00
1.635695280739741293e+03 1.233348139793484052e+03 2.176092877085374244e+00
1.516356292572991151e+03 1.248650641309995308e+03 2.829936289709791719e+00
1.804369251273542886e+03 1.272340297492272839e+03 2.295029166214560323e+00
1.546558186378930031e+03 1.322773455946020022e+03 3.074233062873384936e-01
1.708271276562716821e+03 1.332544314432584315e+03 3.063629412018160192e+00
1.716991484847915217e+03 1.112891885874549189e+03 2.407161605655879111e+00
1.680442611007563983e+03 1.145609864875798621e+03 1.824371300549053165e+00
1.809625576178396386e+03 1.198717898545570961e+03 2.350714054324574587e+00
1.803199522560580363e+03 1.273394718320326092e+03 2.428949966292043072e+00
1.708057866681810538e+03 1.332634141208876827e+03 2.969486359352551563e+00
1.476245232318105423e+02 1.200992941853910679e+03 1.633660681676389226e+00
3.255689285735976455e+02 1.302135093647259964e+03 2.421822888342960223e+00
1.964754177538628710e+02 1.312133316397022327e+03 2.169983411508937809e+00
8.421765772363045244e+01 1.408672113559869558e+03 1.193227265841326545e+00
3.265398126388446940e+02 1.391134190908552227e+03 4.718180971251558220e-01
3.577513301771190299e+02 1.434012687390125393e+03 9.732419310445465932e-01
3.980648242006357123e+02 1.212343107585487132e+03 1.420620874837029701e+00
3.243088111765989652e+02 1.301382984662489207e+03 2.427312703440014818e+00
3.252109283769237891e+02 1.391294218130034096e+03 4.413219187913533514e-01
4.354378287370052476e+02 1.424229382863600449e+03 1.633698996138729376e+00
3.569424822052914124e+02 1.431672666929524894e+03 9.453953265680558049e-01
4.894218352578141094e+02 1.480007650099549664e+03 1.285287899131937195e+00
6.605789626729863357e+02 1.198028963599040253e+03 1.945990581079669823e+00
3.945943686605112362e+02 1.214388862847826204e+03 1.322733054914528639e+00
6.367627824575763498e+02 1.332691850841063342e+03 2.985042461083197374e+00
5.956984675508625742e+02 1.382148531794865903e+03 2.730786439313048763e+00
4.343631479609275630e+02 1.425169381721202399e+03 1.606995334489044192e+00
4.866739300512147111e+02 1.480952929947740358e+03 1.258391308699703615e+00
6.166783703646326558e+02 1.465319517950593990e+03 3.015231676441557873e+00
5.833687479181407980e+02 1.186187443940914818e+03 1.721281000143415341e+00
6.583075193246380650e+02 1.195031742497755886e+03 1.822306383264023610e+00
6.350938710063480812e+02 1.332768402303335733e+03 2.926676705182328142e+00
8.116109925275170554e+02 1.341129143764272612e+03 5.471721168041683292e-01
5.940996574403310433e+02 1.381795461687539500e+03 2.644679872855475455e+00
7.402072416380508457e+02 1.414038504970922759e+03 6.962661668659379799e-02
6.114815838083324024e+02 1.465944931454176412e+03 3.059618445211945925e+00
7.679606779621572059e+02 1.481750445450527423e+03 2.534707003214436982e-01
9.831898990438967303e+02 1.265298483204661807e+03 1.794226796182509576e+00
8.094103235536439342e+02 1.341606100128616163e+03 4.920255679317583342e-01
7.369812709444264556e+02 1.414144986526830280e+03 6.775405912954107247e-03
9.099615158696947219e+02 1.494815699462561952e+03 1.641143343166299839e+00
7.662085635987075420e+02 1.481444317186940680e+03 2.283975975054805541e-01
1.137901908610685950e+03 1.212629159965563986e+03 1.145806198329718528e+00
9.819664077955756056e+02 1.264693521347001251e+03 1.738811301165339218e+00
1.083178496279220326e+03 1.292402948458964829e+03 2.596024212263249975e+00
1.046293047282537145e+03 1.357417553843899441e+03 2.098347721750847050e+00
1.112329388344000108e+03 1.405286901643647525e+03 1.620888305692567588e+00
1.037162458315462345e+03 1.435435081108882741e+03 2.923993502678830847e+00
1.164708338297552473e+03 1.461231016491104583e+03 8.886093096476535003e-01
9.060329394583961857e+02 1.491597084482631999e+03 1.471965230401817815e+00
1.047287897645489238e+03 1.492741287331025887e+03 5.062268691760544170e-01
1.139586571050471321e+03 1.209485211955568502e+03 1.194281497106603140e+00
1.192364882636074071e+03 1.259280878729764481e+03 4.220555845870331280e-01
1.082370174065719311e+03 1.292905694237028456e+03 2.574440980295312098e+00
1.324544850210359527e+03 1.306411831406651345e+03 1.978126062427889575e+00
1.193953842756451422e+03 1.348233073130593766e+03 2.397162973516647089e+00
1.045532336930342126e+03 1.358352748179203900e+03 2.078728256364343885e+00
1.295302996279819354e+03 1.372255640579055353e+03 2.840915825901294767e+00
1.110913857143246787e+03 1.406394154548779397e+03 1.636747195196167848e+00
1.039992494600530563e+03 1.446219108301435199e+03 2.687380052019681997e+00
1.163057766322428506e+03 1.459915936733431181e+03 8.936480762987739634e-01
1.332363490107375128e+03 1.481301283032879383e+03 4.222347309523382108e-01
1.229922481205563145e+03 1.187139129567047348e+03 2.391854568047524054e+00
1.380265027265957997e+03 1.214300418358110619e+03 2.296572630611284804e+00
1.193145184442311574e+03 1.257720043436883316e+03 5.095545480819523299e-01
1.453927108403259808e+03 1.308992430459360548e+03 1.278983278545559488e+00
1.322666801552908510e+03 1.307595449367291849e+03 1.925034646468398947e+00
1.191347732368229345e+03 1.348003379590331861e+03 2.434633639117266490e+00
1.293525085408366749e+03 1.373498005083860335e+03 2.780250053787025610e+00
1.334611230511775830e+03 1.479026434407789338e+03 2.582504324456231237e-01
1.379499912957511924e+03 1.217893327034050344e+03 2.353598032440622490e+00
1.638275682712740263e+03 1.231763377048127950e+03 2.239351038128725158e+00
1.520244360168576804e+03 1.246180036590634927e+03 2.671148296516104637e+00
1.452619422580536593e+03 1.308709192245722079e+03 1.277863076022476951e+00
1.546948961687561905e+03 1.320015992987369145e+03 1.689112215900355485e-01
1.607485777898282095e+03 1.373195430841107282e+03 1.155116993803593450e+00
1.516305747457899770e+03 1.392281830200444574e+03 2.272200169746664944e+00
1.657230141075709980e+03 1.405933197111572781e+03 1.516414686236060128e+00
1.815927913416586080e+03 1.198295784331853383e+03 2.350082964095184579e+00
1.634838014220549894e+03 1.231595938192756648e+03 2.251300432364915505e+00
1.518230392616292875e+03 1.247793430092205881e+03 2.725488456009565574e+00
1.805205340158289346e+03 1.268566427325763470e+03 2.362006004740968113e+00
1.545475816937768741e+03 1.319836727870057757e+03 1.887435259932923881e-01
1.708291711894768014e+03 1.330218075749922491e+03 2.970214195804299795e+00
1.606698598311420028e+03 1.372578999256866837e+03 1.149491768400026981e+00
1.511564147431764013e+03 1.392034073764538562e+03 2.376683137554859382e+00
1.654555909931254064e+03 1.403314175262806430e+03 1.523037034284773439e+00
1.797816245143754713e+03 1.415777056595850354e+03 1.889230095765854323e+00
1.727491853360205369e+03 1.435231888893329369e+03 1.825601737362382515e+00
1.560978229472938665e+03 1.499708167716498792e+03 1.492321254805621500e+00
1.808910318073231565e+03 1.197826979967685475e+03 2.414996457047021483e+00
1.802007765877873680e+03 1.270800811912539984e+03 2.433305885961082549e+00
1.707144069189185075e+03 1.329718523584813511e+03 2.999947849679106326e+00
1.950775003294255384e+03 1.367824127444172518e+03 2.190133055396147554e+00
1.847764776714044046e+03 1.398941605480211592e+03 2.065699922702290969e+00
1.793869388892431971e+03 1.413397026328656693e+03 1.828019360753351252e+00
1.917516709035663553e+03 1.426695477468236732e+03 1.746458993220562972e+00
1.725693784890644793e+03 1.435249086502538830e+03 1.781014595743991347e+00
1.679381431194668266e+03 1.499087440211928879e+03 1.415194107541307700e+00
1.951251027343922033e+03 1.367598915958493308e+03 2.230736319157020198e+00
1.844765601074951064e+03 1.399516116451455218e+03 2.102738939040849964e+00
1.917188434449667966e+03 1.428608554246417270e+03 1.796783137915531459e+00
8.249631941123388401e+01 1.407766511283144155e+03 1.249501951407502087e+00
3.244243292663077796e+02 1.390706969702093375e+03 4.818103801546361753e-01
3.577889017915607610e+02 1.431554233404278193e+03 1.011310978162375473e+00
2.811760328647113738e+02 1.547595789562826667e+03 2.379995070130297208e+00
1.012322502612155972e+02 1.651523338360418620e+03 2.827117977289832496e+00
3.258158372992814975e+02 1.390604574317863808e+03 5.033610245181804332e-01
4.353507237871560847e+02 1.422822792923670931e+03 1.614538556148021442e+00
3.569831896466378112e+02 1.430264877900829106e+03 9.804766899233199329e-01
4.874890520232916060e+02 1.479662218975014412e+03 1.281612913567942824e+00
4.096653549392545983e+02 1.532407811385802461e+03 3.006557157282851112e+00
2.801189924322133606e+02 1.546123746052045590e+03 2.387750567153722248e+00
4.811029990352833465e+02 1.611470237302813530e+03 2.285706679799337948e+00
5.957745821460457591e+02 1.379552033551597788e+03 2.752437813159431812e+00
4.338913604222278764e+02 1.422069614994254152e+03 1.581855763974807427e+00
4.859783564811598353e+02 1.479628026102958074e+03 1.253269819124077866e+00
6.141728995402052078e+02 1.463489415757523147e+03 3.060739163167455867e+00
5.903762698381368637e+02 1.543782674164675427e+03 1.958331674131801980e+00
4.080074746180968077e+02 1.532124676287446619e+03 3.043880300670648076e+00
6.932778162259778583e+02 1.551671694742560248e+03 2.751184731747087220e+00
4.785213531507559992e+02 1.609472085104665439e+03 2.254689531495669197e+00
6.779686094648193375e+02 1.599106309889495378e+03 2.482113269811218714e+00
5.947289379128835662e+02 1.378861040095240469e+03 2.655735980248287831e+00
7.406680569963893959e+02 1.413684903091549359e+03 9.854515065124315465e-02
6.136739975464724921e+02 1.463982167642181594e+03 3.041388224874426172e+00
7.675698835223660126e+02 1.478090572828130007e+03 2.799918105039016503e-01
5.901929060792920154e+02 1.543824652849260474e+03 1.919220790487945916e+00
6.927164399438631790e+02 1.552390823224953920e+03 2.757391856941368680e+00
7.815665557270438057e+02 1.548417727138046530e+03 2.736160209338050819e+00
6.779394590063972146e+02 1.603244828104447834e+03 2.427071741850869380e+00
7.364258472630937149e+02 1.413488540957591795e+03 3.134603388576445049e+00
9.094335480976924373e+02 1.493483842097581146e+03 1.655448118885325837e+00
7.658283982991761150e+02 1.477996364665628562e+03 2.108864946960609665e-01
7.794649443482330753e+02 1.548113151965282441e+03 2.663929013106156596e+00
9.963561305124831051e+02 1.551512413617152561e+03 2.997961559390797781e+00
9.202968566650829416e+02 1.590788883442906581e+03 1.217121394126758765e-01
9.730160094787211165e+02 1.648615757512471191e+03 1.018167845873501065e+00
8.698518880918111336e+02 1.654993594134531577e+03 1.988960117943442685e-01
1.046056554037979822e+03 1.354624604501027989e+03 2.099017172543367948e+00
1.111907773216159740e+03 1.403970575602597364e+03 1.686101795849408225e+00
1.038842883440131118e+03 1.434849571817713013e+03 2.830581599575360929e+00
1.165341587575415360e+03 1.458078438421866849e+03 9.280366553146289776e-01
9.080695067978613224e+02 1.492455421814544934e+03 1.691038177620948435e+00
1.050026485221072335e+03 1.487362534469320508e+03 4.713703713792194994e-01
1.171685798459284342e+03 1.520266349829629689e+03 6.790289369087854077e-01
9.930756267233903145e+02 1.551518774468753918e+03 3.022053217581244677e+00
9.164029582664641111e+02 1.591343118893794781e+03 6.327340390417021676e-02
1.075713361577837532e+03 1.596254450460501403e+03 3.110904801158920208e+00
1.165500819689755645e+03 1.616818515120125539e+03 1.465611380435727140e+00
9.698466497650410929e+02 1.648678756675382147e+03 9.328329950004063953e-01
1.056002755918406365e+03 1.660201473666296806e+03 2.061369755658503777e+00
8.695336708438867390e+02 1.654947448057132078e+03 8.409335465807871168e-01
1.045505953412124654e+03 1.360807218991149739e+03 2.068231930214173619e+00
1.193040863214192996e+03 1.346261447130385477e+03 2.401920420260396760e+00
1.294323398598902259e+03 1.370986480398815274e+03 2.726466210339536289e+00
1.110682509220990141e+03 1.405271344663338368e+03 1.688114892546908719e+00
1.038624900571786156e+03 1.439785075536243539e+03 2.736210045526234591e+00
1.162810126842634872e+03 1.458407251823325169e+03 9.136798640910952507e-01
1.336886026303068547e+03 1.477488136449857393e+03 2.283739448089672219e-01
1.046880223314767136e+03 1.486666715549519495e+03 4.366681056609417744e-01
1.168619085109113712e+03 1.520980559802179869e+03 6.873358055445076831e-01
1.249609342443505284e+03 1.537298694193737447e+03 6.655220485629070870e-01
1.328400097498230707e+03 1.568871369811434761e+03 9.379163494718024963e-02
1.073343285708298026e+03 1.597160609850398032e+03 1.223305903443994494e-02
1.162889588619611459e+03 1.618721483745904607e+03 1.489511510084293056e+00
1.260694435404940123e+03 1.631672550333184063e+03 1.896442844212853363e+00
1.321246838526277543e+03 1.656681937946657854e+03 1.359832035761141089e+00
1.052564136136965544e+03 1.656373447038337417e+03 2.162676160035398087e+00
1.196905972958785924e+03 1.352781492237720386e+03 2.369909411217059336e+00
1.291841377018323328e+03 1.370346715402491327e+03 2.651625862817792001e+00
1.335570276381895155e+03 1.477839908286840455e+03 1.763702857579401151e-01
1.441590625576203820e+03 1.512574868597269642e+03 4.199027948436749313e-01
1.248315694016378529e+03 1.536620981706512794e+03 6.923466976055252520e-01
1.327172108606136590e+03 1.567505286819047797e+03 7.217392053401236462e-02
1.404553494330880994e+03 1.606913823277348683e+03 1.079436004338520716e+00
1.258576877555739884e+03 1.630844520470988755e+03 1.866050866994255930e+00
1.469562767221900231e+03 1.637512981691158757e+03 7.943377365660397871e-01
1.317107881885511233e+03 1.658427577103778731e+03 1.487590025122696780e+00
1.608813160982370391e+03 1.372356132872513399e+03 1.146293356371616001e+00
1.515875138726053819e+03 1.389566239500461279e+03 2.294858122576355353e+00
1.656373799266281821e+03 1.406581533220032952e+03 1.742264607854638436e+00
1.562516845705561536e+03 1.501986692249347016e+03 1.584845638756057218e+00
1.618828885536421240e+03 1.514854535911246330e+03 1.745095236483483969e+00
1.439242971794026744e+03 1.513734662959553361e+03 3.948975655727520184e-01
1.402651123161867645e+03 1.608938203977870216e+03 1.012438734486090119e+00
1.548168906702414461e+03 1.620717520815022681e+03 1.927564353296355559e+00
1.646250457277182477e+03 1.635750851982091262e+03 2.051381770672107585e+00
1.467074492692220929e+03 1.636698896129434161e+03 6.602319729028585105e-01
1.606850914840709720e+03 1.370431001014575486e+03 1.132458445176875994e+00
1.513876306345627427e+03 1.394659539768430477e+03 2.516676466406979618e+00
1.653502618922324473e+03 1.401679635862901932e+03 1.620312677547634417e+00
1.798337238479893131e+03 1.413746181822476501e+03 2.025669650381582976e+00
1.726921722173248327e+03 1.434189596928217270e+03 1.917359484944262560e+00
1.561130970473353500e+03 1.502302547602821733e+03 1.574225191272973445e+00
1.678810686118469221e+03 1.508000898432699387e+03 1.573187014755523361e+00
1.616551591149421029e+03 1.515091451123806110e+03 1.798278425391655722e+00
1.754370604883317355e+03 1.525756321337830514e+03 1.075306647108182467e+00
1.542995271974422849e+03 1.620079648066220898e+03 2.041158057422090000e+00
1.724349584268845319e+03 1.626384939732843122e+03 2.484130354436942856e+00
1.643542380271818956e+03 1.647287711963135280e+03 1.955612340265395988e+00
1.954794802564336806e+03 1.367637987686134693e+03 2.326859729307561686e+00
1.848148768577389092e+03 1.397692781271801778e+03 2.166849102697015361e+00
1.794120484235481399e+03 1.413256285664259622e+03 1.907754546256951622e+00
1.917666581090723412e+03 1.426912232169672279e+03 1.811675930085608677e+00
1.726292337229119767e+03 1.434124803371295684e+03 1.872495173674357360e+00
1.676690336501685351e+03 1.508848470075187834e+03 1.538128448981723961e+00
1.842417660240658734e+03 1.521944661583543848e+03 1.914708146023741620e+00
1.753575694363832326e+03 1.525591614358674633e+03 1.043565277815218906e+00
1.723463938772031952e+03 1.626314674636401378e+03 2.575685104589684027e+00
1.951311963703265519e+03 1.368114575241101420e+03 2.296890736963117075e+00
1.846797081161564847e+03 1.400753737553453448e+03 2.139837010518322202e+00
1.917312220053722740e+03 1.428637974988490896e+03 1.800880408139284627e+00
1.841219439650086770e+03 1.522935740567115772e+03 1.909326167157192389e+00
2.808245226748402388e+02 1.544896398288319006e+03 2.371233960462749923e+00
1.031425465763972511e+02 1.647490655707683118e+03 2.870128426008987876e+00
2.792291401143730809e+02 1.545021450138928230e+03 2.359626425014794471e+00
4.100619288081256855e+02 1.532884690873965383e+03 3.087906443517710375e+00
4.808151861978676607e+02 1.610758002745917111e+03 2.268977187773579818e+00
5.901035366425169286e+02 1.544488583511800471e+03 1.983907477086311211e+00
4.105729583887738272e+02 1.532586151720604221e+03 6.633564173693723420e-02
6.930050329513192082e+02 1.549511655958110850e+03 2.834829986488100140e+00
4.782197155912376729e+02 1.609770240809334155e+03 2.290830035158455402e+00
6.791707286440895359e+02 1.603145337367848242e+03 2.591117084046142605e+00
6.374657510068738020e+02 1.683532676131397693e+03 2.107263202413353298e+00
5.798495779370198306e+02 1.715415097070202592e+03 2.281088702153649450e+00
6.584296789566164989e+02 1.788779125753371318e+03 3.907048860710103932e-01
5.892672075311887738e+02 1.544805766940086187e+03 1.997856332300202542e+00
7.809229426471047191e+02 1.547214963016715501e+03 2.780290745315940004e+00
6.914679137769760473e+02 1.550389638638093857e+03 2.826077000420788909e+00
6.770090588521718473e+02 1.604155283823369700e+03 2.525732675769459146e+00
6.358545242034570038e+02 1.683636821564072534e+03 2.098219301823108562e+00
7.426918251029857174e+02 1.689789820286429403e+03 1.254810250000441885e+00
5.798147938240315398e+02 1.714495813950047022e+03 2.256048864250161046e+00
8.468217192106876610e+02 1.746127329091612410e+03 8.957756459160146623e-01
6.607344770538397825e+02 1.785832496534715119e+03 3.811180733156170897e-01
7.799783816133746086e+02 1.546966300366017776e+03 2.710856002009303545e+00
9.944921790911866992e+02 1.549428589871765098e+03 2.940242737858496547e+00
9.197132081835409281e+02 1.589384126240801606e+03 6.441660224950226943e-02
9.713720067303495398e+02 1.647741208996679006e+03 1.003429859164373550e+00
8.695459711498438082e+02 1.651640019106042928e+03 1.376600520157764962e-01
7.416942235046293490e+02 1.690227871805572249e+03 1.328602275839058322e+00
8.457070194021457610e+02 1.743405262222674537e+03 9.232142364652314859e-01
1.167916891116649822e+03 1.521079189417665702e+03 7.622808233454677618e-01
9.932188236043077723e+02 1.549917155808446978e+03 3.036289590912421232e+00
9.175397150031662932e+02 1.589534232543021517e+03 9.338736471708665443e-02
1.076202252041784050e+03 1.594771563446730397e+03 3.132832454710042125e+00
1.164752702614891177e+03 1.616904982644874281e+03 1.472438764480977103e+00
9.698777736356350943e+02 1.647035686170489953e+03 9.937746993454120714e-01
1.057079064035373449e+03 1.665955401336674413e+03 2.107690650645042574e+00
8.662274821568976222e+02 1.650910523079028053e+03 2.142334799814975266e-01
1.034853028285002438e+03 1.713540815493060563e+03 2.330443789562120394e+00
1.134287976278392307e+03 1.771916486297360734e+03 2.389692246038641610e+00
1.028624235936415516e+03 1.800083571514518553e+03 2.354040886334295202e+00
1.169010748104232789e+03 1.517558933656755926e+03 7.140112786501436881e-01
1.250432006564246649e+03 1.534714867432178607e+03 6.228760411308899014e-01
1.325850043785470461e+03 1.566646923212772663e+03 5.886685783606911138e-02
1.074620812707367804e+03 1.595726231771132916e+03 3.139136351277260317e+00
1.162516773291420577e+03 1.616797463580250906e+03 1.484345584993789657e+00
1.258672107694385204e+03 1.628379702238353048e+03 1.915429627244880528e+00
1.316799388612182156e+03 1.656770644942888794e+03 1.411552196498188971e+00
1.054995781172995976e+03 1.665816636294627870e+03 2.119326735507526038e+00
1.180144644569397997e+03 1.692818202949576744e+03 6.858180574345490443e-01
1.269242089645153783e+03 1.737818656198654253e+03 2.481186975704934294e+00
1.032002944152239252e+03 1.717170706577814144e+03 2.382463247984927701e+00
1.135525518298969473e+03 1.777298892157231194e+03 2.412352206555963718e+00
1.259441043740234363e+03 1.796096227222404195e+03 1.057304037863503604e-01
1.439117199066149624e+03 1.511582416014608953e+03 4.554665184005745049e-01
1.246040876056773413e+03 1.533564792743923363e+03 6.640794746135684212e-01
1.325971630664450913e+03 1.566678916198615752e+03 7.174564666568919447e-02
1.404495545582671639e+03 1.605874374364872665e+03 1.065410824798528999e+00
1.257589069330788789e+03 1.628541968730749659e+03 1.933121889394010751e+00
1.468803184430928013e+03 1.633649183649189126e+03 6.646815770246653488e-01
1.315519511194318511e+03 1.656904299288448101e+03 1.457304115555446478e+00
1.357569464972275682e+03 1.716365013933636874e+03 1.223110977446030478e+00
1.468849007889618179e+03 1.701277435359018455e+03 1.956662508529721234e-01
1.265159027219998052e+03 1.751944332680695652e+03 2.477662743963722214e+00
1.491342471531653700e+03 1.755531155135929339e+03 6.459925016810785792e-01
1.437058950396165983e+03 1.510248492018092520e+03 3.464487826498727774e-01
1.618857822984468157e+03 1.517277527412013569e+03 1.887184963616008071e+00
1.402758112572883874e+03 1.606694544477067666e+03 1.004595497440351703e+00
1.547468076662729800e+03 1.620614720734738285e+03 1.957079424226402242e+00
1.646592443883936312e+03 1.647479856561134056e+03 2.046641073232224439e+00
1.466961861971654571e+03 1.634450693208586927e+03 6.259325599309801813e-01
1.609688219377243058e+03 1.696060347137414738e+03 1.806229479010064143e+00
1.355312786616607355e+03 1.717392116497689130e+03 1.176571399708201238e+00
1.465988097602702055e+03 1.701450892664506910e+03 2.233010429147705422e-01
1.494403596971864317e+03 1.754775580063012058e+03 5.011178266685802907e-01
1.526951985086966715e+03 1.796416928136682372e+03 1.304953874610064624e+00
1.616754317416581443e+03 1.514137495922915605e+03 1.755940048147717647e+00
1.679091421033012693e+03 1.506788609373732470e+03 1.602168058507097204e+00
1.755102497996550483e+03 1.524587686566549110e+03 1.067219158823726755e+00
1.546682639698358571e+03 1.621325238765560243e+03 1.924740419702768435e+00
1.725617414332173666e+03 1.625145835501792817e+03 2.542488337919706964e+00
1.644384253897658709e+03 1.646774729817273737e+03 1.979555967945916928e+00
1.608638837031946196e+03 1.696227867780192582e+03 1.740811109327123907e+00
1.710821042906606408e+03 1.694776632406645149e+03 2.120744655349937169e+00
1.519661818001415440e+03 1.783488689026876955e+03 9.920835773142829828e-01
1.712642605501612707e+03 1.784295127019288429e+03 2.743123874439428178e+00
1.677145340795875654e+03 1.514149504788488684e+03 1.315199106974495269e+00
1.755046752840243698e+03 1.523918762453677346e+03 1.131110469138460584e+00
1.843124223967925445e+03 1.522354102954197288e+03 1.898264718633702941e+00
1.725278210227036652e+03 1.624555816230399387e+03 2.527748853897604953e+00
1.711060245391512353e+03 1.695456372254827102e+03 2.122424891433899230e+00
1.711699972831191872e+03 1.787425411004127909e+03 2.711109647978653836e+00
1.842199878026248371e+03 1.531580463917055340e+03 9.533655826481240991e-01
2.619507949741800985e+02 1.853292387654430968e+03 3.059946162620678756e+00
2.408228630682714311e+02 1.960840020711218585e+03 3.629518749963266955e-01
2.611862596032195256e+02 1.853209048262212946e+03 3.034239912060752165e+00
4.104067802230614461e+02 1.897541684678853471e+03 1.039766440579574791e+00
2.398299809913812055e+02 1.963600684134260518e+03 3.700719632175935025e-01
6.399449484726466153e+02 1.683007346097001800e+03 2.136140310102598860e+00
5.798192485053515384e+02 1.713925333095693759e+03 2.287487755602893191e+00
6.622772812834725755e+02 1.785197547762918475e+03 3.538737080848361471e-01
4.082950372777858092e+02 1.899228540280778816e+03 1.020782793792163412e+00
6.363874627758342513e+02 1.683809529281268624e+03 2.169468700762499314e+00
7.419306096174591403e+02 1.690572679506731674e+03 1.297744055742847902e+00
5.787783138188167413e+02 1.715001513659846751e+03 2.292014492211859711e+00
8.456463730995086507e+02 1.744943585851986427e+03 9.123392445777236404e-01
6.611016858458812067e+02 1.786163377349024358e+03 3.203527285401814861e-01
7.373862225472745422e+02 1.693141135369665562e+03 1.269899436986448249e+00
8.447285607745088782e+02 1.743330199933584709e+03 9.291586536064322388e-01
1.009365448122998259e+03 1.871107920640273278e+03 2.648074635983823200e+00
1.055816907523999816e+03 1.669077282249131031e+03 2.435151336370338537e+00
1.178236235405609705e+03 1.694483572108424369e+03 7.129433490737476786e-01
1.034703221872613994e+03 1.713660148864590838e+03 2.410189949639711227e+00
1.136799928727294628e+03 1.774293592057322030e+03 2.446838211993612067e+00
1.027665014835907868e+03 1.798704603921417174e+03 2.424900590545731482e+00
1.145222035159292545e+03 1.838560889956887650e+03 1.593165022544852927e-01
1.008093184265718264e+03 1.869186110735735383e+03 2.675965175374468874e+00
1.146780063315121424e+03 1.897667559529772006e+03 5.332344023854064252e-01
1.057040050825881963e+03 1.963604888274252062e+03 2.138723791807132457e+00
1.052495243417183474e+03 1.675934797660232107e+03 2.803782675886903775e+00
1.180726020938061993e+03 1.691018682499141278e+03 7.146024900550335124e-01
1.265078289789756809e+03 1.763578141383053662e+03 2.638620608459955275e+00
1.033181760233146179e+03 1.722658589446070209e+03 2.432695290899597129e+00
1.135793604340934507e+03 1.775705280059647066e+03 2.407599988309139238e+00
1.310648703554917120e+03 1.832135725371845865e+03 1.129413818441288714e-01
1.145939104204585419e+03 1.839162239545537204e+03 3.700747871451215767e-03
1.146376442521739818e+03 1.895611187899321067e+03 5.709340690008499752e-01
1.221416881273214130e+03 1.911840084164526161e+03 1.077665072070744134e+00
1.295743011415174806e+03 1.926404252602500037e+03 1.621928639284950568e+00
1.052867519748085442e+03 1.962890412586419643e+03 2.230724176095532307e+00
1.140085893436639253e+03 1.980340447182913977e+03 1.128319825322978698e+00
1.357300669935133556e+03 1.715744071671618258e+03 1.158694781816972164e+00
1.463686477251754013e+03 1.700014077938870741e+03 2.613580923474420725e+00
1.262646742465402895e+03 1.763088244997551783e+03 2.629984119614753091e+00
1.491953452123289480e+03 1.753839788111263942e+03 5.129860662552137018e-01
1.309439354962889183e+03 1.832918055567953161e+03 1.257671515015683916e-01
1.371170537736271399e+03 1.870838326552132003e+03 1.295525148110148850e+00
1.218778055621752173e+03 1.914227424832727593e+03 1.053073256711078320e+00
1.293798522766554925e+03 1.924642671432998213e+03 1.655792374918651833e+00
1.609476070937406803e+03 1.697882428369934587e+03 1.853342551931464577e+00
1.355137936530015395e+03 1.716280287885798316e+03 1.156052654718556782e+00
1.465788204516974019e+03 1.701310927997093131e+03 2.565347633097797564e-01
1.494077689688894225e+03 1.755743813811049677e+03 5.013739893875599485e-01
1.528201204377287695e+03 1.798054668979955522e+03 1.217463288161360513e+00
1.632532991150776070e+03 1.829741146113683271e+03 9.700882305894565905e-01
1.370424498127779088e+03 1.872336309577436168e+03 1.325799181208285438e+00
1.608179703632213432e+03 1.695998858438796105e+03 1.801305775665831721e+00
1.711331310433793988e+03 1.694130571235531988e+03 2.118764009523816938e+00
1.713020872450942079e+03 1.784669910446938275e+03 2.665470914991534546e+00
1.526155186256059778e+03 1.796244052611551069e+03 1.234873101062575973e+00
1.632494415661724361e+03 1.829700819844478247e+03 9.530182354174684400e-01
1.721059497650693174e+03 1.876314359174209585e+03 7.795542619870293732e-01
1.711317637253618159e+03 1.695933493918676504e+03 2.128142058556503180e+00
1.711688635058897717e+03 1.783877854619581285e+03 2.654069796585649677e+00
1.720141464832813199e+03 1.875646760644107644e+03 8.620758964489791953e-01
2.613823379212636837e+02 1.853091887362439593e+03 3.051014103317850612e+00
2.410210857283281030e+02 1.960454492360134736e+03 3.387470782410689774e-01
2.640660805078765634e+02 1.852045929909623510e+03 3.050245137449624000e+00
4.110003913893283425e+02 1.897040071201663523e+03 1.053111148463537594e+00
2.405395678896946947e+02 1.960889622552965648e+03 2.697352537937272587e-01
4.091678611107952293e+02 1.896254378184004509e+03 1.050295618199677650e+00
1.006254388522269892e+03 1.867226225132219042e+03 2.738885752999209888e+00
1.141150432388401214e+03 1.839792277838173050e+03 4.967627898193782698e-02
1.007395539024616482e+03 1.869771432854394561e+03 2.695908038029995346e+00
1.145168059246898565e+03 1.896984505963875108e+03 5.376640123059311938e-01
1.056964336700266131e+03 1.964145601060435183e+03 2.172612332630766918e+00
1.139520529975611680e+03 1.982459749788280078e+03 1.173575496955013842e+00
1.145831890266560094e+03 1.836214994132044467e+03 6.702064810721954091e-02
1.306954086821130204e+03 1.830011089876159531e+03 2.056448372139000891e-01
1.144358652548811961e+03 1.896375409985853366e+03 4.778124332405738750e-01
1.222345061307428068e+03 1.911102912260596440e+03 1.034044382833094078e+00
1.295826252598340943e+03 1.923311930431968449e+03 1.663845183397635319e+00
1.057752843377941190e+03 1.964152493066856550e+03 2.248892995553741336e+00
1.139227199490898101e+03 1.981762113271026010e+03 1.161417556523021366e+00
1.234424790339947776e+03 1.990555333331752990e+03 1.229537868400409018e+00
1.309643143108513641e+03 1.830545544430341351e+03 9.270928494484156901e-02
1.373049466023060177e+03 1.870144791272222164e+03 1.252850579484220184e+00
1.221480019546750782e+03 1.910526391639677513e+03 1.034845634729862685e+00
1.295547966225624123e+03 1.922691505582625723e+03 1.676843638674478942e+00
1.233657131719378185e+03 1.990697117076219001e+03 1.239980018822645746e+00
1.629920432887265406e+03 1.835254397083966523e+03 9.922105215731006345e-01
1.370009529086704788e+03 1.873761618005732544e+03 1.311820787850136671e+00
1.631070598936289116e+03 1.828208659549401546e+03 1.074955674477637402e+00
1.719734953361063617e+03 1.875495913507227215e+03 8.485523289611868192e-01
1.719320439627911810e+03 1.874232863444112581e+03 9.276616861187543250e-01
1.136423995766299186e+03 1.989658591791428535e+03 1.242450068413158304e+00
1.232558907598015821e+03 1.994006830308306235e+03 1.311847547729057650e+00
1.231338194259383954e+03 1.994818662454188598e+03 1.316201984912866774e+00
