4.357421657946958931e+02 2.001536549153301507e+02 8.196262377944620869e-01
4.342509707859659329e+02 2.002852015623468560e+02 8.239320457295430389e-01
1.110560980999987351e+03 3.061395377366175126e+02 1.279163338716842624e+00
1.110304558893200010e+03 3.061139128054471712e+02 1.274400695148777407e+00
1.127581368046495299e+03 3.786989711059120509e+02 6.813123796197083637e-01
1.454868652182704182e+03 3.118456812980739414e+02 4.921361846837516985e-01
1.608569439547729871e+03 3.203872357053416522e+02 9.832875598233480341e-01
1.454210392391403502e+03 3.117109983855551718e+02 4.311291296602796641e-01
1.605399246862069276e+03 3.193106532364428176e+02 9.451885133323553179e-01
1.658384053423696969e+03 3.608205131388665450e+02 9.825506358882906133e-01
1.726054059308067053e+03 3.780645467321905926e+02 8.097255749848416562e-01
1.835698649816321677e+03 1.499341065955728709e+02 2.526725881821624053e+00
1.836341235052179172e+03 2.808955020935976563e+02 5.583211952663275079e-01
1.847390079399857086e+03 3.354120515991958200e+02 2.136051822491395052e-02
1.728068231370927151e+03 3.763657847445738298e+02 8.393643578577661968e-01
1.837257840617933198e+03 1.505154048816824002e+02 2.573358388359903159e+00
1.838013917665578674e+03 2.810575452041359767e+02 6.196786887770674435e-01
1.851147501994882532e+03 3.368303278682584505e+02 6.606119074418845272e-02
4.795625672367445986e+02 5.160054968235010620e+02 1.056416722454755375e+00
4.794213620909904421e+02 5.142337700227130881e+02 1.032898355621248321e+00
9.661525975782037676e+02 4.884821646250057938e+02 1.527973523279971602e+00
1.110349465071636814e+03 3.057951866435583383e+02 1.261406155708369337e+00
1.124983429282003499e+03 3.800918424492194845e+02 6.668143084645168361e-01
9.644249984322259479e+02 4.900584198190244933e+02 1.552510723716509666e+00
1.034870214971040241e+03 4.936727824688971396e+02 1.115676148155982261e+00
1.109619043288203784e+03 3.048506040236756576e+02 1.295776328278615219e+00
1.123895014861841901e+03 3.791894470019387882e+02 6.869450575284857807e-01
1.283329384433145378e+03 4.647468567155382289e+02 8.477350501172609132e-01
1.034116285683057640e+03 4.907394648869876619e+02 1.073332613922724610e+00
1.193423764236893021e+03 4.983730354129390889e+02 9.136307410717039446e-01
1.288514861745099552e+03 5.226042533322345207e+02 2.548279048749831355e-01
1.457117538659985712e+03 3.106486331232986231e+02 3.743831936602276533e-01
1.462237656112674586e+03 4.282401338957744201e+02 1.210534776803070534e+00
1.390797663034208199e+03 4.113973493389647729e+02 7.607268825567571335e-01
1.283103574368722775e+03 4.642108066858106667e+02 9.025773258304122804e-01
1.379615638455625003e+03 4.825998205994160344e+02 3.066349355253457976e+00
1.193140202429553710e+03 4.979627553978671131e+02 1.056174810019755661e+00
1.293613144940152324e+03 5.236953057942957912e+02 1.163610337801461447e-01
1.482179341558190117e+03 5.286600694080975700e+02 4.925568134687746680e-01
1.608022216981925112e+03 3.197497738647260803e+02 9.749233282237892428e-01
1.455362001594904541e+03 3.109762710951457620e+02 4.019922091734029479e-01
1.660075480952206135e+03 3.596309808790449551e+02 1.016831796431271862e+00
1.453444210416303349e+03 4.195643968132121699e+02 1.264072724004657422e+00
1.563941592353939768e+03 4.054971760752266619e+02 2.701919929055528691e+00
1.389353341314295903e+03 4.124867947251402711e+02 7.974805770637378721e-01
1.484369186232311449e+03 4.564026410354879317e+02 2.705244657009414633e-01
1.605608992632086483e+03 4.744423554896623045e+02 2.127909928018978380e-02
1.377761837798599572e+03 4.820444969427576325e+02 3.097404407303591345e+00
1.482905649018518261e+03 5.281848034019354827e+02 3.983827118364525188e-01
1.646653482916437270e+03 5.270775940174562493e+02 2.548947418994672365e+00
1.606945405605565156e+03 3.197086185542453904e+02 9.523017021915745062e-01
1.659086730808960965e+03 3.591436281150597551e+02 9.838191334776457131e-01
1.724085085468142779e+03 3.779774348104931505e+02 7.822089585162633751e-01
1.562286484631014446e+03 4.054247827991952136e+02 2.737984961154571462e+00
1.746600150471700090e+03 4.295279348549837550e+02 6.113783712522494751e-01
1.602217953677606374e+03 4.741982403335204026e+02 1.106839995805283111e-01
1.745212048997620286e+03 4.921191824738277774e+02 3.092352700046779646e+00
1.656690728681656083e+03 5.314323377283437821e+02 3.134934663906290719e+00
1.837163031963309550e+03 2.806622734835244160e+02 5.478444040858370112e-01
1.847550175201805814e+03 3.346664619282274771e+02 3.070394318228379493e+00
1.722697181140257726e+03 3.780656627602680828e+02 8.070199762029319768e-01
1.962230108019246472e+03 3.904584954779591044e+02 2.766455065205250641e+00
1.865351080035796940e+03 4.164535653948612435e+02 1.451898930253066877e-01
1.745429938120954603e+03 4.295008377835415558e+02 6.332519996540190155e-01
1.843632602380036815e+03 4.729234206202982023e+02 2.944997736537564137e+00
1.967847624014430494e+03 4.907546326240099006e+02 8.851167358329204982e-01
1.746463002318870622e+03 4.927654290082111856e+02 3.079877177566538116e+00
1.836877441553802782e+03 2.779977439907114558e+02 5.545416353382323082e-01
1.847806162558589904e+03 3.349541614020056386e+02 3.092126489647589072e+00
1.962189909338571397e+03 3.905541479553959334e+02 2.796071177606459290e+00
1.865202414924111736e+03 4.154793432407122964e+02 1.472453297947351192e-01
1.845089186535107729e+03 4.740076135361750858e+02 2.855370566873427496e+00
1.967596913118207340e+03 4.887202589096561951e+02 8.510060076435939092e-01
1.847710663387105342e+03 5.408520102904217310e+02 2.938302597370662017e+00
4.793458663280522387e+02 5.128025257417589273e+02 9.811823377774482324e-01
5.026470971535361514e+02 6.649418525437280323e+02 2.028876587141238197e+00
4.782177948466303405e+02 5.132157913811583967e+02 9.394184584243023828e-01
5.012351420782824789e+02 6.660607391125590766e+02 2.009792920682000883e+00
9.649661918537199199e+02 4.888448536671854754e+02 1.519016256488116001e+00
9.635489153189457738e+02 4.896720092974342151e+02 1.542234158461681437e+00
1.034186329738905897e+03 4.931650316469643940e+02 1.148173360447402258e+00
1.181169533448253560e+03 5.737317850981727361e+02 2.960923803246816588e-01
1.283899455486357510e+03 4.649933629081685922e+02 9.408119416279271396e-01
1.031797210907284807e+03 4.918442406919425594e+02 1.168814149771146393e+00
1.193267119013065440e+03 4.984883675539570049e+02 9.728271418532229431e-01
1.294100084552987028e+03 5.207580354657952739e+02 1.148890211625198249e-01
1.185512249521236299e+03 5.710305623783910960e+02 3.049827557159872082e-01
1.217793472950021624e+03 6.268187248071100157e+02 9.578211767266207877e-02
1.392218000486768688e+03 4.103243179513930272e+02 8.433067431716555484e-01
1.464674932127396460e+03 4.345868651037640120e+02 2.289640880795939637e+00
1.283169720628931600e+03 4.655126978313037398e+02 9.721228234392388368e-01
1.379667640348527812e+03 4.815473161130968265e+02 3.059321107452506627e+00
1.190001184721731761e+03 4.986487209768653202e+02 1.015146757487522367e+00
1.293946552341607912e+03 5.208138160475353970e+02 1.477538337600585450e-01
1.486587404411530542e+03 5.245314419594582205e+02 3.510403528527558659e-01
1.370907731606190282e+03 5.857173691418774979e+02 3.472944834806897529e-01
1.214209104003278981e+03 6.265758647868110529e+02 1.015233690146793571e-01
1.499621005315101911e+03 6.767933343597412659e+02 2.616939701965316445e+00
1.453102260698404734e+03 4.181049834761851116e+02 1.300067342829576145e+00
1.387564916605731469e+03 4.097166632896372676e+02 7.745417584101457198e-01
1.565995176569397699e+03 4.029143533208538202e+02 2.733185963254280981e+00
1.483845901463821519e+03 4.554804577293082275e+02 2.874395724470698021e-01
1.604786619278008402e+03 4.717918267832476431e+02 8.788178777383548468e-02
1.376336279524104839e+03 4.810678325415024119e+02 1.134858854434936523e-03
1.483828773826182669e+03 5.242793006062956920e+02 3.739336539640573109e-01
1.653598354496923321e+03 5.281313667187597503e+02 2.820313299556993947e+00
1.524873673204118177e+03 5.694786435378623537e+02 1.082359434485921090e+00
1.368978536369664880e+03 5.856205432552097818e+02 4.006936581707247758e-01
1.572772751555842433e+03 6.196118691477749962e+02 1.671591856813838595e+00
1.632452526121859592e+03 6.203908004250074555e+02 2.157873108458609579e+00
1.503645858458194652e+03 6.765113476692122276e+02 2.792852168713213068e+00
1.565926593223507325e+03 4.061647257959524495e+02 2.758162939304856565e+00
1.744832464278139241e+03 4.284462451602997817e+02 7.885111402242402923e-01
1.603110323718530026e+03 4.725573832012458979e+02 6.750697249642174935e-02
1.747119607765651381e+03 4.897905101610313068e+02 3.079709111190644943e+00
1.654817661623888398e+03 5.288075670138330224e+02 3.092792821679084980e+00
1.521584468455147771e+03 5.704092701116337594e+02 1.082277623176253201e+00
1.773952062966459835e+03 5.785017417011005136e+02 7.553953664548425373e-02
1.683931936940978630e+03 5.871952416563132147e+02 2.945458341460211127e+00
1.572042615663380730e+03 6.190638072781587198e+02 1.691999391786815687e+00
1.632092515617197932e+03 6.235407009020049145e+02 2.176407216777339837e+00
1.757284643543499897e+03 6.327470192897621928e+02 3.113765625932903180e+00
1.749195429373959541e+03 6.872147786676583792e+02 5.287120473624921241e-02
1.866578946513014671e+03 4.171823243366576435e+02 1.422018219331451783e-01
1.744714656626079659e+03 4.275041327925379164e+02 5.430201291516199014e-01
1.843850618745909514e+03 4.721004587772956711e+02 2.891988065193131341e+00
1.969308300404026340e+03 4.869252551330472443e+02 8.312836042808882109e-01
1.746954594473935231e+03 4.917173424333957428e+02 2.997162392405001707e+00
1.841362006871355788e+03 5.364421577663907783e+02 3.047654346773824408e+00
1.772964286095824036e+03 5.778325146582444631e+02 3.029832976961062574e+00
1.683874964893571814e+03 5.863252343288133943e+02 2.640546488906019285e+00
1.864417182515703871e+03 6.413943445374218300e+02 7.431403360078515652e-01
1.756576716891957858e+03 6.325418054020976797e+02 3.089910948001724833e+00
1.746314142712235935e+03 6.918628207027552435e+02 2.924370556932533116e+00
1.962776828173394279e+03 3.888905886381555774e+02 2.766985957478248270e+00
1.871049860459056390e+03 4.113862150299368068e+02 2.336897062078805209e+00
1.845683074109723520e+03 4.717477003142269041e+02 2.910016470585092829e+00
1.968446743254282865e+03 4.875329559835529381e+02 8.156084276467858718e-01
1.843360908105514682e+03 5.368968639157008056e+02 3.094842931064341052e+00
1.867371398626346945e+03 6.397300148018312029e+02 7.132758373036974797e-01
5.018687443592943964e+02 6.661667994733475098e+02 1.971671485328647444e+00
5.012652295166974454e+02 6.662359080491355598e+02 1.967332726166516776e+00
1.173639176598520180e+03 5.707115714422843666e+02 4.733911492933713938e-01
1.153318845278256049e+03 7.804320205667411301e+02 2.505084829529219625e+00
1.184560511742130302e+03 5.699770427056132576e+02 4.007077811562242964e-01
1.217543338413878018e+03 6.257957294828353270e+02 1.800486200007111182e-01
1.194960162395866746e+03 7.212909917389774819e+02 1.710949796225745612e+00
1.286470328891677582e+03 7.461764791553255236e+02 1.886987894621240391e-01
1.154515511566572741e+03 7.818696735016953880e+02 2.403933275384623869e+00
1.264300758093257173e+03 7.981596559088859522e+02 2.966190041341586259e+00
1.371439495046499360e+03 5.837936339831247778e+02 4.023758372573492670e-01
1.214987191753209117e+03 6.247624066512393028e+02 1.576624689887882458e-01
1.191944148834865246e+03 7.217301574686962340e+02 1.699513593229385888e+00
1.285260786257438440e+03 7.457471898109323547e+02 1.676434754242415448e-01
1.500208142830371344e+03 7.400373270748928007e+02 6.434740443267864540e-01
1.263285252387999435e+03 7.975306976592580668e+02 2.926988036615285615e+00
1.427460066115982499e+03 8.619349163447236606e+02 2.384719086867451932e+00
1.523556356510612432e+03 5.683515945207806226e+02 1.001421042319655452e+00
1.370246836939368222e+03 5.834377325198174731e+02 3.806589590278519064e-01
1.571849469118800243e+03 6.192940625129622276e+02 1.638633038408060960e+00
1.634505607487261841e+03 6.221765285911307046e+02 2.248997786574316038e+00
1.500410215882963257e+03 7.127190501623615546e+02 5.024541932104782394e-01
1.655325689640604651e+03 7.159887439712501873e+02 2.451586862640306563e+00
1.610853566636470077e+03 7.565155108178084902e+02 2.957669919251464830e+00
1.577249892127420935e+03 7.889287080550327573e+02 2.128860696772762573e+00
1.518777976919219782e+03 5.657106172615085597e+02 9.982405956605793218e-01
1.771599169694974080e+03 5.758295201054454537e+02 3.133128151346499468e+00
1.683825902057892563e+03 5.864326824316515285e+02 3.072981815168453146e+00
1.571561170952175644e+03 6.179285309788604081e+02 1.659863922252616808e+00
1.631643009233207977e+03 6.222859052920714475e+02 2.232718689429213921e+00
1.756106840356079374e+03 6.302720903292490675e+02 3.921410963764605795e-02
1.749418720847799705e+03 6.858116812512917022e+02 3.127752372212927678e+00
1.652641643128760052e+03 7.168776482734787123e+02 2.380419302738959075e+00
1.746968057262398133e+03 7.431554808373384731e+02 2.453285746278458301e+00
1.591543873801384279e+03 7.726053172620989926e+02 2.230258880448690473e+00
1.735123755517007794e+03 8.336224372008314276e+02 6.169951105622718535e-01
1.773937028311123868e+03 5.748135778287849007e+02 3.636547548350550080e-02
1.685370416828245197e+03 5.844225007834910457e+02 1.865899594982998316e-02
1.865482687164132358e+03 6.393843482854852027e+02 6.741646108947131344e-01
1.756466270313929499e+03 6.306041693232681382e+02 4.269923279504184849e-02
1.748705333794793887e+03 6.866203635808001309e+02 3.088734126148437564e+00
1.953598206953640329e+03 7.260396305842629090e+02 2.148810750063131270e+00
1.835906514436216867e+03 7.389500947140537619e+02 1.422662973746934512e+00
1.746570744194478038e+03 7.445155948474889556e+02 2.510808212774792381e+00
1.734540368770932901e+03 8.320501205229063544e+02 6.137066619399977885e-01
1.782725287207494603e+03 8.605376441990823650e+02 1.363484300571901509e+00
1.864668390250659968e+03 6.393551052000552772e+02 6.695223794054238065e-01
1.952376728101454319e+03 7.255917115700258364e+02 2.181944661072293901e+00
1.833817935233553044e+03 7.398380053424007201e+02 1.432014480405488177e+00
1.568340468900983069e+02 9.353830330240150488e+02 2.752042805625739774e+00
4.873793866449024108e+02 9.771881289655964338e+02 3.121462216274579315e+00
4.906059971449078603e+02 9.785708024447553726e+02 3.070003841767644293e+00
9.914073548462470171e+02 8.781738725366010385e+02 1.680471801783300911e+00
9.521038069186861321e+02 9.914445997183893269e+02 1.865450406376029102e+00
1.158494759716607405e+03 7.791276202671685951e+02 2.692267343635155186e+00
9.908516122471248764e+02 8.789109901488868672e+02 1.649599470113851662e+00
1.057874410514227975e+03 9.324390907242186586e+02 1.758925611271150657e+00
1.124970555057256888e+03 9.382722389188982106e+02 1.426377268738344695e+00
9.510594644003169833e+02 9.940397120042957795e+02 1.889789192083437763e+00
1.177063013723258564e+03 9.979316797412689084e+02 1.416584094757830981e+00
1.022037493029084999e+03 1.012493793126886885e+03 1.400611253305765969e+00
1.194914384169106825e+03 7.170726473233530669e+02 1.744429055832715791e+00
1.288436916265490254e+03 7.429189628630662128e+02 1.492371190631753275e-01
1.154602529177656606e+03 7.797475633731476137e+02 2.534528929425868604e+00
1.264969078645376158e+03 7.960530257229513609e+02 3.009178492975168151e+00
1.302025176834356444e+03 8.621231447779694008e+02 3.242336951113837795e-01
1.056941542146445954e+03 9.343018289566832664e+02 1.689065388150340796e+00
1.124300508938027406e+03 9.390172107216963013e+02 1.437818452053641005e+00
1.297437064610146308e+03 9.623338286363214138e+02 1.816003617127423420e+00
1.174501206505569598e+03 1.000246902846452258e+03 1.672300901249039295e+00
1.238010519912328164e+03 1.011108675101482731e+03 1.697805944292462677e+00
1.190975434199410074e+03 7.291873692760277663e+02 1.559191236467503350e+00
1.496588450335039170e+03 7.399908365592383461e+02 5.552024372314782186e-01
1.285243258527608987e+03 7.447282075068574159e+02 1.950261658896353667e-01
1.263635319830157414e+03 7.958504280720624138e+02 2.993848313208600675e+00
1.429872663963959667e+03 8.617813754569428966e+02 2.585691942833737045e+00
1.300949531347475613e+03 8.622710552206696093e+02 3.630675220848604834e-01
1.368474179546092500e+03 9.514325953451025271e+02 1.412622357272622420e+00
1.295693995578056501e+03 9.603064522003444381e+02 1.769633474625036174e+00
1.463939400079739698e+03 9.795142157252728339e+02 2.886076178461723263e+00
1.234621753427015619e+03 1.008555858813853774e+03 1.690271962712931231e+00
1.500765745228286050e+03 7.367588099370061627e+02 6.336920952681007746e-01
1.614307559499695799e+03 7.549892749003482777e+02 2.940580827997974378e+00
1.577546149707511631e+03 7.868022483135109724e+02 2.142473340464062570e+00
1.429179028856047807e+03 8.625205297107052047e+02 2.590097218774009225e+00
1.367093299274940819e+03 9.517683513754554951e+02 1.433923865107537665e+00
1.472869191893918469e+03 9.595323772025953986e+02 2.973429273813478435e+00
1.452079863577708466e+03 1.020463063547955244e+03 2.179997927822991510e+00
1.653998932184349314e+03 7.161078709417308801e+02 2.588500358414928648e+00
1.746620912229282567e+03 7.424803352554465619e+02 2.589794415687596718e+00
1.610027841905385230e+03 7.556450327587554057e+02 2.934748636318917914e+00
1.575775688510709642e+03 7.902259904950592500e+02 2.187407117188858496e+00
1.732910263552623746e+03 8.312083673427324584e+02 6.422048641058906160e-01
1.784693284025018329e+03 8.603830312213322031e+02 1.329632393648842781e+00
1.835528865896511661e+03 7.396041850948399770e+02 1.447012737821055550e+00
1.955041795508656833e+03 7.286583623978841615e+02 2.252638822717935252e+00
1.745689435703989147e+03 7.442371058387329867e+02 2.583354847919103303e+00
1.731542823887523809e+03 8.315079277699770728e+02 6.095719460655426580e-01
1.783467127621823693e+03 8.602608575585970812e+02 1.338209852620644735e+00
1.952861552732765176e+03 7.257691052885072622e+02 2.217698336651615421e+00
1.833624496493430570e+03 7.424636992139278391e+02 1.364982339500866670e+00
1.570438960118598288e+02 9.332152954893772403e+02 2.730935809391946911e+00
8.687687768283885248e+01 1.129939997780399608e+03 1.017802201390154426e+00
2.814595283205949272e+02 1.162425889226446998e+03 2.465642237341851395e+00
4.919203761485121049e+02 9.765136490288509776e+02 3.072505468227084258e+00
2.775948919953625591e+02 1.162886255077789883e+03 2.384322534282771855e+00
5.179195814927340962e+02 1.167043504832262670e+03 3.427048284036890990e-01
4.904648336564612237e+02 9.766207894468655013e+02 3.034452431947313400e+00
5.197783093239759182e+02 1.167027794308225111e+03 1.983268872210403044e-01
9.905064943043553285e+02 8.811918210817518684e+02 1.652727978335181591e+00
9.514772111803699772e+02 9.920059224891472240e+02 1.830797946565260848e+00
9.609548963878360155e+02 1.111797899468343076e+03 2.270160549745491974e+00
9.906401696356413140e+02 8.775045783617390498e+02 1.690081328984306630e+00
1.058660691143582881e+03 9.320864436606113941e+02 1.767200916577165604e+00
1.125413720447076912e+03 9.385660125654401327e+02 1.456913516469721781e+00
9.520629712051836577e+02 9.931450784655942243e+02 1.907841688820220316e+00
1.178142913187002478e+03 1.000064319913964709e+03 1.736508002919297633e+00
1.022392535805778380e+03 1.014040280842965331e+03 1.493415435484897191e+00
1.069441868721633455e+03 1.062057663145784090e+03 9.699765744937322021e-01
1.117404513313750613e+03 1.094710151985236507e+03 8.342778967550874558e-01
9.617648350490162557e+02 1.112768536820866075e+03 2.310741855145967527e+00
1.056005008307796743e+03 9.304107485355448262e+02 1.826505729392396082e+00
1.124550127513965435e+03 9.383968438501001401e+02 1.457929809630798212e+00
1.296752178165241958e+03 9.600082740555419605e+02 1.889212231501987693e+00
1.174666392662607223e+03 9.993018385065568054e+02 1.734632468594296428e+00
1.237461118302366685e+03 1.011300714824072656e+03 1.722175604128082682e+00
1.068107240001453192e+03 1.061555297765874229e+03 9.828715078651817372e-01
1.289514178140043896e+03 1.087480594192732951e+03 1.745384105678358555e+00
1.116006772498957844e+03 1.094439575084683838e+03 8.297450032349747984e-01
1.337548666280995349e+03 1.149086095550914933e+03 1.508381187659626033e+00
1.368095737746597479e+03 9.514013796900565012e+02 1.345793392427852675e+00
1.295624533999488676e+03 9.597814195076114174e+02 1.768135181556178770e+00
1.474001716557476584e+03 9.591523492889493809e+02 3.079455702846698895e+00
1.235608837362348595e+03 1.011735690122767664e+03 1.630754199661078374e+00
1.453670173577127116e+03 1.018962286253796719e+03 2.201793380389875487e+00
1.393958673604651722e+03 1.068914857029567656e+03 2.716557190514873987e+00
1.287715582750366138e+03 1.087658117905310064e+03 1.636553496858890844e+00
1.332067382344685711e+03 1.149933961192053175e+03 1.625594271912608413e+00
1.411080684127040968e+03 1.148203892547934402e+03 2.720759607357642551e+00
1.466510990198099989e+03 1.152762286067738387e+03 3.052956032788156193e+00
1.366825825005297474e+03 9.493944651927556606e+02 1.401745744363460444e+00
1.473288706250033783e+03 9.584799056341264532e+02 3.045175850802612327e+00
1.453311433698402880e+03 1.019490086850434636e+03 2.091956786204662855e+00
1.393880450521682860e+03 1.068283302741376474e+03 2.671354628397152542e+00
1.608880077165568764e+03 1.126578697285078988e+03 2.773046476834069018e+00
1.408489986390569356e+03 1.150088198671444843e+03 2.667362407322059425e+00
1.478297347406594554e+03 1.149512533392229216e+03 2.773066964600690909e+00
1.607112065793803595e+03 1.127177846388654643e+03 2.798186699196725247e+00
8.294250665019671942e+01 1.131736653539781628e+03 9.605437242531122966e-01
2.812680055968686474e+02 1.161836276498599773e+03 2.450093408002395723e+00
3.538469706513285473e+02 1.312040250990684854e+03 2.874967736575318344e+00
2.792862971316084781e+02 1.161582133081684333e+03 2.386745884639111193e+00
5.216607304640581333e+02 1.164492016960439742e+03 2.033679548261500825e-01
3.536843766279239389e+02 1.311408801510960529e+03 2.949216335871158279e+00
5.205884285854729114e+02 1.164284887833925950e+03 1.701319254335749154e-01
6.175727740317804546e+02 1.248243862523326243e+03 2.482406727571619065e+00
6.162780661926360608e+02 1.247114930281451052e+03 2.555217960620479456e+00
8.193375788635191839e+02 1.252162161094025805e+03 1.431967804165119373e+00
9.617742787214369855e+02 1.110997489520271074e+03 2.255936691051267928e+00
9.114707681308696010e+02 1.209434533900824590e+03 7.057917966784614805e-01
8.177890145462075679e+02 1.253817169347013532e+03 1.452131105118867449e+00
9.809640515406622399e+02 1.321499766974352951e+03 1.657589902355458777e+00
1.069828218647038739e+03 1.060010803390503952e+03 1.058829108787749718e+00
1.118069878159138625e+03 1.092663722586625454e+03 9.162491868510775905e-01
9.616064244249746480e+02 1.111576437565636525e+03 2.263401116470689090e+00
1.086552001175998384e+03 1.202013915280439733e+03 9.476814286063780512e-01
9.101558514010223462e+02 1.210356149903343066e+03 6.577284905640160551e-01
1.125355170766931224e+03 1.308586614053210269e+03 8.816826264188113438e-01
9.788750846475284106e+02 1.324419577698224202e+03 1.677977236193271882e+00
1.064865578682552041e+03 1.059417251801627117e+03 1.004010581672826419e+00
1.288960591421283198e+03 1.084948510535541800e+03 1.775936008901989771e+00
1.116310286889404551e+03 1.093506135737366776e+03 8.714787787298989841e-01
1.335058575302552299e+03 1.148744525538731523e+03 1.743600672970243126e+00
1.084924845132819655e+03 1.203080301033802471e+03 9.029462924467654972e-01
1.297307043549552645e+03 1.261736237788617927e+03 1.469946356857409819e+00
1.202188591987665632e+03 1.299668052693994923e+03 1.111764062046727286e+00
1.122282245426687496e+03 1.308463761311316830e+03 8.128398176496076655e-01
1.333673341793132522e+03 1.307286952988559051e+03 1.009539904866568305e+00
1.392733604550324799e+03 1.067011772185634300e+03 2.677707271346474016e+00
1.287531485516596149e+03 1.084336081269250826e+03 1.635873089731936902e+00
1.331839371927642105e+03 1.147257086651598456e+03 1.630915578920755227e+00
1.409272384661555861e+03 1.146521248756665273e+03 2.658230909045789403e+00
1.477471602673449070e+03 1.148293231994078269e+03 2.796948076541562411e+00
1.295543645164733334e+03 1.258581399681622770e+03 1.314399846437783737e+00
1.494045170634427905e+03 1.269020199342653996e+03 2.341172778605515425e+00
1.201255493068888200e+03 1.294904034599879651e+03 1.000071023082636845e+00
1.332049551151455034e+03 1.304089033082054812e+03 1.045849075680501450e+00
1.434304117017326007e+03 1.303072957176831778e+03 2.379376910905439679e+00
1.380068922575106853e+03 1.335266155122246801e+03 1.401543660833761917e+00
1.394382288626145282e+03 1.067911244880907589e+03 2.670295204923077481e+00
1.608277405424106973e+03 1.125574659520999148e+03 2.798644364797070683e+00
1.410208345575031444e+03 1.148064323268229145e+03 2.596091815810223302e+00
1.478299516603902248e+03 1.148894805557492873e+03 2.755357828340023740e+00
1.541225291116392782e+03 1.250540579343218269e+03 2.866616045006704194e+00
1.489704734781814068e+03 1.274347165955120090e+03 2.248736235545120365e+00
1.432762229661123683e+03 1.304495803375102241e+03 2.201545820209659610e+00
1.377809382903813002e+03 1.330719144232938334e+03 1.264928165857872600e+00
1.634362441912052873e+03 1.331122807817433113e+03 2.406921943158780053e+00
1.606325522483288751e+03 1.123755811212256731e+03 2.798867789868054068e+00
1.540036186373342389e+03 1.249231461721867390e+03 2.885228132185922334e+00
1.636051601770011303e+03 1.331993876857477971e+03 2.567971076800685371e+00
3.555583941325199930e+02 1.311038148538483711e+03 2.934805583462428924e+00
6.972193893767743589e+01 1.402541900694071046e+03 1.959501428967859171e+00
1.558665216257020916e+02 1.409413018476429670e+03 2.865614622607849160e+00
3.527309049529897038e+02 1.310137690747950501e+03 2.947349442318675017e+00
4.451462098499887361e+02 1.492593299287813352e+03 1.627626149989956028e+00
6.171120645361980905e+02 1.247034341868691627e+03 2.528201675321085862e+00
6.923826085760736078e+02 1.360492498265836730e+03 9.990188488235656195e-01
5.677826399764670668e+02 1.376136306991384799e+03 8.034678387839784275e-01
6.225246031903152470e+02 1.432146462638160983e+03 1.820967948358632960e+00
4.433473861073371154e+02 1.492007224718210182e+03 1.658052612221722510e+00
6.149291116462195532e+02 1.246014591800933204e+03 2.513899627546407611e+00
8.196346115269350321e+02 1.251727272788645223e+03 1.500410634790012798e+00
8.340879310558849511e+02 1.346222170977399401e+03 7.456953969402833060e-01
6.914025360293709355e+02 1.358847839425654911e+03 1.020673970001828357e+00
5.656006298871798208e+02 1.376560369828450575e+03 8.281946273281410864e-01
6.218128881864641926e+02 1.431594734527391211e+03 1.844429028261231007e+00
8.557448217277119511e+02 1.420844746460216584e+03 8.254578705676101080e-01
7.266664501406704630e+02 1.471852650199077971e+03 2.419379233212109459e-01
9.139024936076780250e+02 1.206972951918421813e+03 6.914222551834339203e-01
8.188991313455277350e+02 1.252476583043142227e+03 1.546976465304261028e+00
9.799482885479542347e+02 1.320923974692245110e+03 1.675379105263912649e+00
8.338429716963805731e+02 1.346254068160328643e+03 7.141796778637219401e-01
8.548419720361449663e+02 1.419248558597187866e+03 7.860158881401887454e-01
7.275893842110284595e+02 1.474460517425749458e+03 3.660773785380476153e-01
1.086703436638288622e+03 1.199703079388537162e+03 1.021819599161208458e+00
9.093510435846162636e+02 1.207016327198576619e+03 7.505041465110457999e-01
1.124468152368698611e+03 1.305156831397498536e+03 9.412599706225174279e-01
9.784420939098558847e+02 1.321538993786302854e+03 1.656123409695056337e+00
1.097765750652991528e+03 1.397997274608440421e+03 2.678783025066532320e-01
1.145736477050158555e+03 1.459667118410488001e+03 3.140745158366423873e+00
1.082932218230355602e+03 1.200127752367539642e+03 1.013733725967008725e+00
1.297803730433592136e+03 1.258386701837018336e+03 1.492048095305049893e+00
1.202327325888837549e+03 1.297718410527414335e+03 1.190174756615096641e+00
1.122747283644413756e+03 1.305896546180590121e+03 9.275808806034172571e-01
1.332561069685991242e+03 1.302914858015677055e+03 1.131387691003489682e+00
1.219896964081470969e+03 1.356538799841013997e+03 2.682481283071472267e-01
1.095711805616532274e+03 1.398740167776792987e+03 2.812341787275060567e-01
1.307014698046351441e+03 1.434376855374280694e+03 1.949965223644920975e+00
1.145524615843565925e+03 1.459488509094131587e+03 3.132820843496710861e+00
1.295849543379835950e+03 1.257965008375505022e+03 1.366856521245435996e+00
1.491974081595943062e+03 1.272898093647140058e+03 2.425478444040633175e+00
1.198042495224687627e+03 1.297936654518608748e+03 1.048712283470029094e+00
1.331999336460559107e+03 1.302815998756951103e+03 1.063145853910873795e+00
1.433934442896164228e+03 1.301514117613578037e+03 2.375616238146685877e+00
1.380550359917778451e+03 1.336567319881588446e+03 1.452141335737473726e+00
1.218813327247444249e+03 1.356872922523471743e+03 2.618480393734703982e-01
1.417818642323553377e+03 1.426009332145796634e+03 1.542555254941487597e+00
1.489572920194407970e+03 1.422061983460684587e+03 2.167373857032034223e+00
1.305877150595517378e+03 1.433799700449899547e+03 1.942170630295023681e+00
1.539692902298881336e+03 1.249083201271064354e+03 2.890252948161179170e+00
1.489001358028988761e+03 1.272788325802186591e+03 2.320219637203815743e+00
1.433688556482191188e+03 1.302093924397402361e+03 1.494965753391196417e+00
1.379798933218876300e+03 1.336546464054586977e+03 1.396641821344336565e+00
1.636636891700472006e+03 1.330330358332554624e+03 2.583420483718258165e+00
1.416651336805733763e+03 1.425803572747032149e+03 1.477091726489214274e+00
1.488097759355831613e+03 1.421831836531402587e+03 1.956232472220195362e+00
1.553983377567536081e+03 1.411740689507758816e+03 2.771969931667246367e+00
1.652083726229547437e+03 1.425771390128623807e+03 2.428741530033610818e+00
1.542225257728263841e+03 1.249613896942520796e+03 2.895957889155679865e+00
1.635543307340377851e+03 1.329369694908758447e+03 2.597973703330922923e+00
1.734789552253179409e+03 1.351043409435046215e+03 2.266504731525371241e+00
1.553583741630494387e+03 1.410880752692939950e+03 2.792230108418235712e+00
1.650300933151561139e+03 1.425125802843658903e+03 2.416936978982171969e+00
1.724399523267479708e+03 1.425271788680501459e+03 2.472398218090763322e+00
1.733161716677725508e+03 1.349444609813139778e+03 2.340513725192493233e+00
1.722373979583417849e+03 1.424095159956755651e+03 2.560230273256464351e+00
1.854714276949084706e+03 1.500611621707103950e+03 2.918804193355319931e+00
7.099520589739776710e+01 1.399724766179962216e+03 2.044946094565087691e+00
1.555359963511139085e+02 1.407870838955923318e+03 2.863056592917235132e+00
3.628342353864983352e+02 1.546326267987399433e+03 1.146780561744547011e+00
8.271742442853891930e+01 1.655911958155764751e+03 2.006742815426590276e+00
4.446581764149361788e+02 1.493058082917553975e+03 1.658925239221045844e+00
3.593194721037830277e+02 1.547489948925066074e+03 1.094439320879245559e+00
5.235827505807226316e+02 1.570841716846209238e+03 2.352764612436285319e+00
6.866293983160652488e+02 1.366235756167085810e+03 9.547697917791251321e-01
5.673850525235030773e+02 1.375494989074741170e+03 7.401222761190060506e-01
6.225284653783382964e+02 1.430982928000588572e+03 1.811725067926534649e+00
4.438146475279459082e+02 1.493304647191683671e+03 1.627214339211877858e+00
6.154306076796730167e+02 1.523042723423226562e+03 2.396427275358944176e+00
5.247582351952116824e+02 1.572535568889627712e+03 2.384232672374100304e+00
5.916357666932450456e+02 1.586855207001432291e+03 1.977495446436823068e+00
6.907088055836268268e+02 1.358807624926179869e+03 1.011143763452365008e+00
5.652958767967998028e+02 1.373204232518651907e+03 8.099603032659618007e-01
8.551589422052138616e+02 1.419169943249580001e+03 8.059592560268645789e-01
6.218661309177581415e+02 1.430151031627020075e+03 1.792880522350726258e+00
7.268382279637359034e+02 1.471543060451585234e+03 2.621999067126674632e-01
6.127657650680164352e+02 1.521840364648231571e+03 2.255974224095354863e+00
8.065010354460350754e+02 1.509567776428456682e+03 2.412371752198272934e-01
7.024418156709496088e+02 1.543402059095110872e+03 9.640716908813971031e-01
7.946737467248256053e+02 1.558602287173855302e+03 2.578715047227327251e+00
5.884710808377419653e+02 1.585969596780886604e+03 1.901146839329548754e+00
7.519431959047795999e+02 1.631493888287990330e+03 2.573693919833204724e+00
8.350571802623805979e+02 1.651020776733290177e+03 2.702672405345403650e+00
8.555694461829397142e+02 1.417707271784800014e+03 8.430979264847507926e-01
7.262884174416736869e+02 1.471528288171575696e+03 3.060006323254005900e-01
8.066550164020392231e+02 1.508792313323504231e+03 2.218646173452533954e-01
9.535967094208233448e+02 1.552608154666578685e+03 2.614504325703642884e+00
7.944422916394995582e+02 1.559984732196004416e+03 2.563327081995929291e+00
7.493157332174710064e+02 1.631011713691169916e+03 2.478376839619118588e+00
8.429167315299231404e+02 1.654846935988613950e+03 2.700903908486525395e+00
1.097932659200792386e+03 1.397517553628963924e+03 3.542137405392108973e-01
1.147578738286099224e+03 1.458385483799296253e+03 5.373068913241296068e-02
1.079759690092982055e+03 1.535568729801043446e+03 1.404808810580129741e+00
9.512511337983939939e+02 1.553196661293571879e+03 2.949635941026957475e+00
1.132519534411557743e+03 1.598599080953695648e+03 2.120742342172071027e+00
1.102507764189797626e+03 1.652371943990273849e+03 2.532752329912239198e+00
1.219886176224953488e+03 1.351762965082289156e+03 2.577624906995074072e-01
1.096255552388808837e+03 1.397602868111351654e+03 2.658830184688672493e-01
1.307056042444055493e+03 1.432173781511104380e+03 1.966715035349363427e+00
1.145712939259550922e+03 1.458310709523939749e+03 3.122478478688657244e+00
1.079005669393756079e+03 1.535655376330583977e+03 1.450413652425866617e+00
1.259482241502955958e+03 1.531632107685201390e+03 9.809559695879023211e-01
1.180113821637805358e+03 1.553835560178251399e+03 1.666706246698141936e+00
1.329084478645320360e+03 1.569020726636076006e+03 7.108083291633187084e-01
1.130533171474916799e+03 1.598573787675177755e+03 2.172705265883522863e+00
1.216880086364184308e+03 1.624216668315186553e+03 7.819298588541693240e-01
1.333731755734228045e+03 1.626597550072111972e+03 7.568708666000339980e-01
1.101114935775487311e+03 1.655443438074736605e+03 2.616161930616076159e+00
1.222347436184966227e+03 1.353274017932399602e+03 2.564161674637379096e-01
1.417805336129018542e+03 1.423641378205276396e+03 1.604622209338216088e+00
1.490093179052190635e+03 1.423484900624982629e+03 2.108779456174744826e+00
1.305577896333523995e+03 1.432379491195270930e+03 1.967196330159496132e+00
1.257963029734013389e+03 1.532058687918794931e+03 9.761051307874647476e-01
1.449321469713606348e+03 1.518524398755906304e+03 2.134174351433796579e-01
1.326827250903831100e+03 1.567809174458031293e+03 6.727677764417794304e-01
1.450437408875661049e+03 1.584630317203886079e+03 3.028770460020854927e+00
1.218469398593496635e+03 1.621414162283217365e+03 7.215465354838886958e-01
1.335780900339206937e+03 1.623451363308226973e+03 6.475719207515439058e-01
1.413762299759839607e+03 1.652924536567246378e+03 5.355521706748275212e-01
1.416743179207848016e+03 1.423042264979512538e+03 1.550465115415494033e+00
1.487673959826052396e+03 1.419719631231927906e+03 2.017792758233864614e+00
1.553185526751055022e+03 1.409950326702059328e+03 2.711446278124631792e+00
1.651669943813297323e+03 1.421810199165642871e+03 2.449256031630567154e+00
1.448493606132400600e+03 1.518367115147606000e+03 2.769186789424522011e-01
1.575870613320491657e+03 1.568767671973074584e+03 1.347181892235739697e+00
1.447898127618090257e+03 1.584181011012694626e+03 3.109004953242080926e+00
1.413211942864813182e+03 1.650220560078998915e+03 5.698677754404519735e-01
1.736887331031960002e+03 1.351105310884899836e+03 2.405566724330914674e+00
1.553313651488528876e+03 1.410306557318216164e+03 2.801631956826654335e+00
1.649874791342967001e+03 1.423989149024060680e+03 2.542366629768242792e+00
1.722791635206697720e+03 1.423219581157357879e+03 2.538498955792195311e+00
1.759550422139079501e+03 1.531497106735789430e+03 1.891358065994173110e+00
1.669107412742710949e+03 1.552793193149272383e+03 2.068161141806117431e+00
1.578074251861114362e+03 1.568838362651371199e+03 1.291829664198229644e+00
1.735734944757489075e+03 1.352891666715889869e+03 2.476897870224903375e+00
1.723674578903021938e+03 1.424873740608697972e+03 2.546740798810396722e+00
1.841623718359755685e+03 1.522854265895292428e+03 2.935744720813940667e+00
1.758444890981655135e+03 1.531929702711278651e+03 1.871932719808277135e+00
1.667067261132058547e+03 1.552877313629967375e+03 2.086383500558335768e+00
1.820981563763467420e+03 1.624689670757214799e+03 2.058485207537327888e+00
1.842218639156798190e+03 1.519199456316313899e+03 2.868182511679776781e+00
3.602758300396094455e+02 1.547983217572500735e+03 1.172660619291206352e+00
8.717953101329302967e+01 1.659109191573773842e+03 1.944864473091320711e+00
2.483885733545124026e+02 1.704819314023092829e+03 1.006854426021501325e+00
3.598989751909251709e+02 1.546751343777849343e+03 1.138587985414558190e+00
5.268972015521806043e+02 1.572678493660210734e+03 2.401516650091018779e+00
2.457061972417682796e+02 1.706472370716309797e+03 1.019142314355004908e+00
6.164699024234624858e+02 1.523910190045128957e+03 2.331567691511040152e+00
7.017668759052066889e+02 1.545658567141701042e+03 9.765904643716097899e-01
5.238064354489190464e+02 1.571982057848185150e+03 2.276523400022350430e+00
5.926184834907445520e+02 1.586903831932585035e+03 1.886495041352365565e+00
6.791058771841579755e+02 1.662275368940266844e+03 7.805967537112332155e-02
6.276924433500886380e+02 1.724671035322530997e+03 5.792253117629769799e-02
6.153799108236360098e+02 1.524805154803550522e+03 2.322215208904063743e+00
7.019483892920117114e+02 1.543353189257154554e+03 1.006110479634124921e+00
5.899695952640013275e+02 1.584640143812404176e+03 1.918073550404886252e+00
7.953465298602911844e+02 1.553579441124900313e+03 2.551180373426177095e+00
7.527334025752738853e+02 1.629541273560295167e+03 2.534061939128464225e+00
8.446399716571883118e+02 1.651963540207852020e+03 2.734841115966837322e+00
6.794324711036687177e+02 1.661543657821087209e+03 2.128492157925193640e-02
7.554486651939424746e+02 1.707250226783595281e+03 4.880028261805092193e-01
6.270210127234862512e+02 1.723515174646656988e+03 3.907229590123603019e-02
8.311604185967241847e+02 1.767654856022985086e+03 1.462630108140313689e+00
8.091837208566893196e+02 1.506659232658699011e+03 2.897143160985065080e-01
9.492051258422188766e+02 1.561375771358642851e+03 2.365602562765783290e+00
7.945676001895409399e+02 1.558685621703644074e+03 2.594899541610616200e+00
7.510156436216067277e+02 1.629724071111217881e+03 2.538055518002899191e+00
8.428281790938267477e+02 1.651899535557122135e+03 2.747421136987711954e+00
7.550640847415209009e+02 1.707107682911851043e+03 4.951499081431121052e-01
9.009401770564957133e+02 1.735719084073160047e+03 2.775555057275729265e+00
8.281717767144091340e+02 1.767677482126312952e+03 1.447449105718228601e+00
1.006379306985687208e+03 1.814067500335136629e+03 2.550631974730831697e+00
1.079813207968873940e+03 1.533711742946750292e+03 1.390532449881523469e+00
9.512526938252747186e+02 1.554846270417413734e+03 2.598194807118799687e+00
1.181141094226950599e+03 1.555839043449604105e+03 1.744269126865626962e+00
1.130922113429252249e+03 1.597544369749846055e+03 2.090898287071416561e+00
1.104805306182294999e+03 1.654974289595516439e+03 2.625208327857154078e+00
1.082248669897697710e+03 1.697293790596817189e+03 4.653680284153551699e-02
8.974145814982935008e+02 1.735328513920646628e+03 2.811425371094496750e+00
1.039433094574576444e+03 1.763257844847399610e+03 2.041217021367176976e+00
1.180666064986354741e+03 1.790029083151780469e+03 2.966708065352841484e+00
9.246597415795592951e+02 1.820852354542590092e+03 2.718046987279946869e+00
1.015041023513954769e+03 1.815428409427714087e+03 2.857492650119819011e+00
1.075596650274286503e+03 1.534491108470322160e+03 1.449354687237183414e+00
1.258493842403083818e+03 1.530378126713779011e+03 1.001634502335509769e+00
1.179160200053186145e+03 1.553416665851822700e+03 1.630111953151826443e+00
1.326133168831015382e+03 1.568795173541645681e+03 6.961351890069181758e-01
1.129902761307499986e+03 1.597472166520030669e+03 2.139023872900713386e+00
1.215736403944055610e+03 1.623049293280964093e+03 7.675129622846394994e-01
1.334392018901655547e+03 1.623246853665878916e+03 6.684610821067408226e-01
1.102767083803191326e+03 1.655636709363517639e+03 2.604041522729010794e+00
1.078662333768625786e+03 1.696296292909438989e+03 5.952792064603576114e-03
1.189398254789730117e+03 1.720283513059909410e+03 8.451100521851401259e-01
1.035174648408885105e+03 1.762534680500270952e+03 2.099491448239667601e+00
1.275457896631802896e+03 1.773079998125642987e+03 2.185179873673982698e+00
1.186458578175539060e+03 1.789691639328008250e+03 2.955077741604770658e+00
1.256779439563463711e+03 1.528191644775537043e+03 1.065635971466918575e+00
1.446073413048943166e+03 1.517071541905861750e+03 1.244021174915007633e-01
1.327131001693230246e+03 1.566640161496206247e+03 7.300092460018513529e-01
1.449361048274814493e+03 1.583030394547783999e+03 2.985857857720246145e+00
1.215508628876124931e+03 1.621979668112931677e+03 8.059517657337293972e-01
1.335625283674169623e+03 1.621473665391538816e+03 6.884792300977945478e-01
1.413299794235663740e+03 1.649078147985144142e+03 5.863004292816375029e-01
1.478058991194996906e+03 1.683052481002966033e+03 6.198002999526144308e-01
1.188774820307626442e+03 1.718688707569526741e+03 8.700097827292521124e-01
1.355817038341549505e+03 1.712955727033572884e+03 4.414252540714590500e-01
1.499317469399876472e+03 1.758564870544847054e+03 1.474313599005240727e+00
1.273591732964276162e+03 1.772245154377366362e+03 2.185654650813376065e+00
1.193407701757950917e+03 1.795857996354640818e+03 2.707761027550533495e+00
1.391283802718191964e+03 1.819967173810492568e+03 2.579774246496552959e+00
1.446044038327824410e+03 1.515610648616945582e+03 1.981077201564697410e-01
1.617144779027033110e+03 1.563840896954968230e+03 1.802805972167737858e+00
1.555949806044110574e+03 1.570856981075884960e+03 1.383176656536949656e+00
1.447825871195691434e+03 1.583408227965169772e+03 3.033268952173144850e+00
1.411856449617024282e+03 1.649415198371038969e+03 5.365452341221206289e-01
1.567348739663931610e+03 1.665577520489825474e+03 1.368547590192082053e+00
1.475282129732640215e+03 1.683816063510613503e+03 6.051265191776092900e-01
1.660475562287535240e+03 1.692490464884222547e+03 1.375211279201464576e+00
1.353976150222774095e+03 1.713011577442708131e+03 4.265312517742237408e-01
1.496189760680402742e+03 1.759041172342062055e+03 1.476689660698716766e+00
1.586912512461303322e+03 1.783734102801498011e+03 2.215809719669577404e+00
1.388969699909220935e+03 1.820601715961660602e+03 2.730348095663719388e+00
1.760136477436163204e+03 1.529609676302392472e+03 2.019826697135466809e+00
1.668544636875468314e+03 1.550478862884757518e+03 2.163590354593660336e+00
1.609447745825931406e+03 1.562800755959367734e+03 1.865673433605722131e+00
1.554392013221680145e+03 1.569550433355308996e+03 1.275535465250056122e+00
1.566041987121617012e+03 1.665654949715639077e+03 1.219349911611376625e+00
1.656331504539154821e+03 1.689937184349150584e+03 1.239535705411657807e+00
1.714739646373414644e+03 1.744458418234246437e+03 2.207264894009573819e+00
1.808055443212639148e+03 1.771228971447769254e+03 1.384865091565153916e+00
1.584193816858190303e+03 1.783920172071987054e+03 2.261482843080874883e+00
1.838161659005663523e+03 1.530422402548274022e+03 2.625393989118568694e+00
1.757557957607426033e+03 1.529355819558376197e+03 2.001232592878826821e+00
1.669962029649001806e+03 1.556462985216116067e+03 2.233752119180923756e+00
1.819964008410806628e+03 1.624564112562292621e+03 2.225359268031507742e+00
1.715074959553847066e+03 1.744332138693278466e+03 2.231647302099950103e+00
1.804571889437560003e+03 1.772065016162733855e+03 1.426534067625674140e+00
1.867142739719471820e+03 1.781199648368813769e+03 1.506254049675010753e+00
1.832324723644667756e+03 1.555379776750122574e+03 2.667158077446657671e+00
1.867469417093705260e+03 1.779496511776999341e+03 1.604641043409365198e+00
2.487172199412547116e+02 1.702899119411199763e+03 1.077831208001150287e+00
2.551123844360224666e+02 1.886393291546824685e+03 2.908710217699803646e+00
1.881158213545588751e+02 1.929197626128684078e+03 2.858690898824726379e+00
2.477434592335689558e+02 1.702112719035494820e+03 1.135048251964051902e+00
2.531964396561551212e+02 1.886584809318169391e+03 2.919070936257081250e+00
6.264911544304042081e+02 1.722923558315665559e+03 3.132890517128396723e+00
5.817434286525133302e+02 1.894069421128246631e+03 6.578640569143264782e-01
7.556395051728748058e+02 1.706626451508384662e+03 4.678469195749995757e-01
6.266319998279075207e+02 1.722813340765818793e+03 3.134235131732612256e+00
8.290416782791195374e+02 1.766659664367463847e+03 1.492875425033932890e+00
7.508645718435108165e+02 1.834312649907004015e+03 3.110977258466110396e+00
5.802144898898561678e+02 1.894852051803123686e+03 5.831193701366406135e-01
8.065222689985497482e+02 1.924205208623675844e+03 1.824037556209489930e+00
7.486777028696672005e+02 1.930312968624781206e+03 1.449421631375762409e+00
7.538147381474489066e+02 1.704252703157873157e+03 4.923551709601231008e-01
9.002889341563445669e+02 1.734348581244943489e+03 2.767055387949473921e+00
8.280216798774841891e+02 1.766043950838341061e+03 1.447928682974153336e+00
9.280341213251767840e+02 1.819268394830684883e+03 2.798867735214257912e+00
1.018872248851624136e+03 1.811745121446060239e+03 2.902125285948172095e+00
7.499494107890856185e+02 1.834336248038408257e+03 4.716613188245550453e-02
8.970075854149952193e+02 1.867569213022954955e+03 2.876090904166231699e+00
8.046377576521670107e+02 1.922592818362167236e+03 1.785418186336751534e+00
7.481760070196307879e+02 1.930450260287110268e+03 1.463496210631582528e+00
1.080851655593313581e+03 1.694969148333281510e+03 3.727640385328672562e-02
8.975177848047369480e+02 1.734251312948242457e+03 2.739700230270946335e+00
1.040286368343913409e+03 1.761107621924096520e+03 1.950737796785332989e+00
9.258833830184128146e+02 1.819288791113351635e+03 2.709726753113874675e+00
1.015482001248669803e+03 1.811281976320330159e+03 2.769919431642675622e+00
8.936718615426088945e+02 1.866784642447936221e+03 2.799714256243539534e+00
1.036874232305147643e+03 1.891792037503113534e+03 6.337593669685037678e-01
1.131609339264881555e+03 1.910259643592595239e+03 5.324755905573944625e-01
1.079400085390516097e+03 1.693399237834188625e+03 3.028388022632589660e+00
1.191330310655614312e+03 1.717723614149402920e+03 9.070623991964001931e-01
1.275859294158149623e+03 1.771458897378141273e+03 2.132066886787673532e+00
1.189900228461127426e+03 1.788748202293253371e+03 3.020075827487452180e+00
1.229278413887100669e+03 1.852106878445171333e+03 3.117795485384344811e+00
1.036018787068263919e+03 1.891911752542526756e+03 6.460825035286156259e-01
1.131310766169673570e+03 1.909503250713082707e+03 5.331000794446874025e-01
1.273333161445010091e+03 1.951858777359891974e+03 2.929145785517542677e+00
1.473500022883615202e+03 1.682108631316124729e+03 7.234864047059481607e-01
1.187666818029598744e+03 1.716613720698857605e+03 9.134425902920155771e-01
1.354945606885544294e+03 1.712183614866351036e+03 5.345781356844767629e-01
1.497212992265448065e+03 1.760082694452835540e+03 1.435214488504796382e+00
1.273454794715105891e+03 1.770697605333128877e+03 2.139959360482459161e+00
1.391520145222674728e+03 1.817996220537337422e+03 2.700771546147273217e+00
1.225407306099401239e+03 1.852235990145161622e+03 3.137800476949372808e+00
1.376405848584850446e+03 1.869036332219730866e+03 3.087254449943053647e+00
1.490914290248994803e+03 1.896672145185062163e+03 1.481368905324545793e+00
1.393817772154180602e+03 1.931493644270838558e+03 3.343158628351195483e-01
1.267433143393398495e+03 1.951223755231473660e+03 3.020388076108422748e+00
1.565768411247090853e+03 1.666553583464169151e+03 1.220471787682727127e+00
1.475405022440394077e+03 1.680564982247642320e+03 6.499122077084280580e-01
1.658225824522628727e+03 1.694276116332095853e+03 1.093970536563922735e+00
1.355652652756209363e+03 1.710682958380386253e+03 5.647297176467876989e-01
1.495815626051088429e+03 1.758105330574531308e+03 1.369665528001851929e+00
1.587300664078255522e+03 1.781474044309923102e+03 2.247547706670474543e+00
1.391301311834454054e+03 1.816906305299921996e+03 2.801511474113736355e+00
1.543311820371370004e+03 1.833178245893012900e+03 1.863290640683779475e+00
1.374807040265239266e+03 1.870605522344912515e+03 3.081097713721891562e+00
1.488134642341593235e+03 1.896505797116083613e+03 1.491881013874267303e+00
1.391811076923256451e+03 1.935652622587461792e+03 2.737614707889509114e-01
1.404990665097546980e+03 1.976209450019824544e+03 1.174072170587948216e+00
1.564477065762227994e+03 1.667063208931690724e+03 1.093374518130085349e+00
1.655958958490970645e+03 1.689397167569713702e+03 1.265943692892509187e+00
1.715281557161045839e+03 1.744052789134500472e+03 2.178102761637511708e+00
1.807937217358975431e+03 1.769231752998923866e+03 1.418091935319112817e+00
1.586522827756059314e+03 1.780691686244358834e+03 2.275097978233994844e+00
1.542262784234634410e+03 1.833413928646642034e+03 1.895551028463419607e+00
1.703307128226989107e+03 1.825028282323004760e+03 2.431184980584471800e-01
1.713395150490801825e+03 1.742622874947002401e+03 2.197967228968656261e+00
1.804176036100810961e+03 1.770199368441903061e+03 1.467542490203576078e+00
1.867571695022179938e+03 1.780034289016105504e+03 1.540882656963078468e+00
1.701615875187694883e+03 1.825329409840712060e+03 2.727544064342511398e-01
1.866306276937365510e+03 1.780115550991281452e+03 1.586962046429365225e+00
2.544818448566876441e+02 1.885043944456788267e+03 2.942012726289094715e+00
1.874185984976076043e+02 1.927928427365110110e+03 2.872752885807471568e+00
2.554296670429429810e+02 1.886435774395623412e+03 3.002257623580161905e+00
5.826770941467740386e+02 1.892613155076899602e+03 6.155872484223625651e-01
7.512746400857220124e+02 1.833093623207606015e+03 3.007143244552806446e-02
5.804358160361884984e+02 1.893323747998055751e+03 5.398511032553190425e-01
8.064267123885615547e+02 1.921940184182247322e+03 1.851332005818800530e+00
7.491791458430027433e+02 1.929405182325136138e+03 1.422409425717436227e+00
7.544409955625177417e+02 1.835581219217317312e+03 1.462957637980489556e-01
8.954458123154795430e+02 1.869066482652300010e+03 2.865147587569289112e+00
8.051485035315120058e+02 1.922275063897833206e+03 1.797841249435538247e+00
7.474271044770575827e+02 1.929789992475223244e+03 1.416207033778503543e+00
9.961644594856225012e+02 1.982527078413433173e+03 2.948369014983149849e+00
8.969246032034754990e+02 1.868544990167852802e+03 2.759519605700207379e+00
1.037956106809017228e+03 1.890981655192311337e+03 6.362891215476202955e-01
1.132763942017800673e+03 1.909341057636018377e+03 5.708830362843957396e-01
9.971674837260213735e+02 1.982315782039093847e+03 2.856782841478298529e+00
1.109399086952556900e+03 2.015889428191602747e+03 3.004186779139145225e-01
1.229051224973958597e+03 1.852307663832388926e+03 3.135643727397861902e+00
1.038436972290619451e+03 1.889789988353158151e+03 7.611815782116421181e-01
1.131711004724902750e+03 1.909015254490656844e+03 5.920990696818353438e-01
1.273747295924249784e+03 1.949460096787419388e+03 2.939097036638481875e+00
1.107607203569726607e+03 2.015516869837917511e+03 3.266555412913179079e-01
1.230195521043026474e+03 1.852366014893049623e+03 5.657222693126477686e-02
1.375497987134476489e+03 1.869335554886718228e+03 3.099317187139591923e+00
1.489576650112227753e+03 1.898768554562222107e+03 1.556497196520211235e+00
1.393173543994488455e+03 1.930278492732566065e+03 3.476167801325373841e-01
1.272128568896784373e+03 1.950125949803120420e+03 2.965428155966350676e+00
1.406052042219791929e+03 1.988299263036431967e+03 9.650047887097853438e-01
1.544230017138184394e+03 1.832854098287689567e+03 1.926490383448277388e+00
1.378238178989892958e+03 1.872058363928934568e+03 3.105674944711436680e+00
1.488880473110940329e+03 1.896461688201644847e+03 1.526817989596232827e+00
1.392445631668567557e+03 1.931132027699777609e+03 2.633255219720511686e-01
1.405352361456436029e+03 1.989497397923979861e+03 8.766593413793556389e-01
1.543492882087050475e+03 1.839455906684564070e+03 1.972965365087366862e+00
1.107155616831032376e+03 2.015172273465977014e+03 3.572585930013031374e-01
1.107935871832422663e+03 2.014948265441664262e+03 3.825117624554820739e-01
1.401252035425477061e+03 1.994140809317915227e+03 9.013790376014174655e-01
1.403317693578821036e+03 1.989956004533200939e+03 9.596439450303925200e-01
