1.051588183683532407e+03 4.370446247576519454e+02 9.496254807284080224e-01
1.096518020644476110e+03 5.207905165543634212e+02 2.657567679818648720e+00
1.051909480403668795e+03 4.358205698518069084e+02 9.733480028427025088e-01
1.095877820811160063e+03 5.208386646141826759e+02 2.650648988852118748e+00
1.322971358136188428e+03 5.375371955647649429e+02 9.396866344914368563e-01
1.317949087366722779e+03 5.363848830808836965e+02 9.192178625507922973e-01
9.908836338668211283e+02 5.814569612717749578e+02 1.094148634117344088e+00
9.164949095146641866e+02 6.165049070026690288e+02 1.924431678789292777e+00
9.912020576788313520e+02 6.809600425638737988e+02 1.121139605389949168e+00
1.051255724803256498e+03 4.366139458842980048e+02 8.711945794619803118e-01
1.096618843697987813e+03 5.198341767410267948e+02 2.610736383155395579e+00
9.902640398027233459e+02 5.821824050469903113e+02 1.069556133174476287e+00
9.162186434864340754e+02 6.156472741127668087e+02 1.919958229740966749e+00
9.899664109139553148e+02 6.814019047007731160e+02 1.106409278737748414e+00
1.061490569304406336e+03 7.017081664335398727e+02 9.275843755750294850e-01
1.048386636857041140e+03 4.348803520552015698e+02 9.415570559047270471e-01
1.095775085867785492e+03 5.196426368188006109e+02 2.559065141054376102e+00
1.314929619677482833e+03 5.407471479917658144e+02 1.015637127039279664e+00
1.206875632526363916e+03 5.812419049497185597e+02 6.320010967668810986e-01
1.340138294945983489e+03 5.877043953075884701e+02 5.305413378966177262e-01
1.271075714689518918e+03 6.904248455208527275e+02 7.984186784185861585e-01
1.061447594678153564e+03 6.992354625449495416e+02 9.575317832426829545e-01
1.314325668036584148e+03 5.393340988231428810e+02 9.692327387999397637e-01
1.205724565026885557e+03 5.805992812943071613e+02 5.949107851863363328e-01
1.339624922019652558e+03 5.882890144509484571e+02 3.645512942505620968e-01
1.359505156170967666e+03 6.800673191478841773e+02 1.055631071491150541e+00
1.270064762209438868e+03 6.886451876715436811e+02 7.744453960656824121e-01
1.545072028545173680e+03 6.507523906077170750e+02 4.352602513760287506e-01
1.361723442799751638e+03 6.763710490294711235e+02 1.053604935503452023e+00
1.623126336242319667e+03 6.982380448284407066e+02 1.876254818932534318e+00
1.540223812955181756e+03 6.519611250888641507e+02 4.719461289977064933e-01
1.711495039430314137e+03 6.634315972622873687e+02 3.082974620582942804e-01
1.618906826931407295e+03 6.997259354540611866e+02 1.784327208012620236e+00
1.843867999808773220e+03 5.617006421181016549e+02 7.155782184127911227e-01
1.930121808632940429e+03 6.121063776427940866e+02 2.709158521279640297e+00
1.882297324091526889e+03 6.452870536789552034e+02 2.557608809200804245e+00
1.710983686640076257e+03 6.633720380762205195e+02 2.709901489100691174e-01
1.965782262688021547e+03 7.011939227680288695e+02 2.061030597716268620e+00
1.843439959486166799e+03 5.621017403349873121e+02 7.020485366466260313e-01
1.929977595859802932e+03 6.117848013539141903e+02 2.720445843551783316e+00
1.879430320698803371e+03 6.463073349073738427e+02 2.588033876053027260e+00
2.050234461997246399e+03 6.437029868582374093e+02 3.030881926190281739e+00
2.035897670466858472e+03 6.988727819639900645e+02 2.041809484364529581e+00
2.048672100287560170e+03 6.447362161461712731e+02 3.079012120402622177e+00
5.802567072132566182e+02 7.322286632609982462e+02 8.675071322206784341e-01
6.803591022535837283e+02 7.918483755675226803e+02 5.914159632768343222e-01
5.893494044782203218e+02 8.076975444037944953e+02 9.990561957108848867e-01
6.477474335089077613e+02 8.466376133491517066e+02 2.906541864233955774e-01
7.222345993231031116e+02 7.143840248580127081e+02 3.337749319064974296e-01
5.813483073425832117e+02 7.316970143098684503e+02 8.924462337538889845e-01
6.842372496570337717e+02 7.846706537787763409e+02 4.213065309386330171e-01
5.899657654580890949e+02 8.081870160538361461e+02 1.017026100946684108e+00
6.520934224927370906e+02 8.463284832697222555e+02 6.299774369329154411e-02
9.907957626358152083e+02 5.815919732307862660e+02 1.057708349836602890e+00
9.165107616929792584e+02 6.142719059577207190e+02 1.929281564818777772e+00
9.904950808345588484e+02 6.803455153634533872e+02 1.094732487524036291e+00
7.179992339525697389e+02 7.155350748536334322e+02 3.182308050169543323e-01
9.413745822726948518e+02 8.135106320228557024e+02 1.579053168612297720e+00
1.005732749058642185e+03 8.242449258755286792e+02 1.758385190646156060e+00
8.758026393635470868e+02 8.567440991456232950e+02 1.547639341051946449e+00
9.903521637454041411e+02 5.811013473828901397e+02 1.037131871829003904e+00
9.160252584011932413e+02 6.132614805822159951e+02 1.946864827870324000e+00
9.906008866019174093e+02 6.803665909710323376e+02 1.081841023050763573e+00
1.060800652863947562e+03 6.993322489696940920e+02 8.202910388081051662e-01
1.147183840704528393e+03 7.611819694677026291e+02 3.099034557601271889e+00
9.406667205402288801e+02 8.137438832902266768e+02 1.607230330053772249e+00
1.002772326302491365e+03 8.260536753223652795e+02 1.720275677679615089e+00
1.080082024702059243e+03 8.214219313726002838e+02 6.765427192710888882e-01
1.149644007724853054e+03 8.537106988657676538e+02 6.767139095154597328e-01
8.736660489715961830e+02 8.525170494597256265e+02 1.710628801796762133e+00
1.206890308340099864e+03 5.800434395328084065e+02 5.859019524387610867e-01
1.339369767554543841e+03 5.836137315682416329e+02 6.239311603026072017e-01
1.270443509305348925e+03 6.882720021309518188e+02 7.580285088725240428e-01
1.060369868482687480e+03 6.997797635206862878e+02 9.684649634179098854e-01
1.146076194274791760e+03 7.612418771971207434e+02 3.048110632357104333e+00
1.078954521901928729e+03 8.224241822075199480e+02 7.922853211089297965e-01
1.147933203616353921e+03 8.521164625460664865e+02 7.841886139120043397e-01
1.205377424278192620e+03 5.784143727390620597e+02 6.759633252334688036e-01
1.338209949069864024e+03 5.877133053904283315e+02 3.994792391001062981e-01
1.358641126413361008e+03 6.795325000162031301e+02 1.029822863570305058e+00
1.268024028050969946e+03 6.886255112528947393e+02 7.500002599887721777e-01
1.444243308459226455e+03 8.304470471552423305e+02 4.455173278610870535e-01
1.542303865345500071e+03 6.508365484669000125e+02 4.142050886642025254e-01
1.356020923587418338e+03 6.792933214820734520e+02 9.594501607252016173e-01
1.620060450191929704e+03 7.010719552783181143e+02 1.713913410044059837e+00
1.513548706351115470e+03 7.268766117580707942e+02 2.407018782569003257e+00
1.613044125776005103e+03 8.034178851745059546e+02 1.203541036538696568e-01
1.440922541828165095e+03 8.300508905194899398e+02 5.549247233273658653e-01
1.563786536468724080e+03 8.415673246550534259e+02 2.956225475113538614e+00
1.541263555699025346e+03 6.511750541327315887e+02 4.714270174000166347e-01
1.713448768720669250e+03 6.630231949217073861e+02 2.874921850458500017e-01
1.619104123734101222e+03 7.004737484795205091e+02 1.701484564798364962e+00
1.511517170657102042e+03 7.257211111931721916e+02 2.357296729969844851e+00
1.766450251104992731e+03 7.210191747858847293e+02 3.035074051012676577e+00
1.700138081603375213e+03 7.484688638697539318e+02 5.099805660806180918e-02
1.784408400921438897e+03 7.863629211576634361e+02 1.928098609514266593e-01
1.612712287074433334e+03 8.011727310929868509e+02 6.369765337752883450e-02
1.738052469029051508e+03 8.409929200459133654e+02 2.787877303182081157e+00
1.570515437992386069e+03 8.321167537097221611e+02 4.513069356713421132e-01
1.845477529136042676e+03 5.611726671057276690e+02 7.447133402112173783e-01
1.928781525338058145e+03 6.132159165987334291e+02 2.738017260165617195e+00
1.883150326934503937e+03 6.439083791511806112e+02 2.506770982169730821e+00
1.712054557261576974e+03 6.637176946858756992e+02 3.050732142760466115e-01
1.968722319132861685e+03 7.087828749436162070e+02 2.021604746556397103e+00
1.867921468492325857e+03 7.261570150202026070e+02 2.036198781020268633e+00
1.764512044892856920e+03 7.220422837734265613e+02 3.073329002430091883e+00
1.698327975382318300e+03 7.483919606898487018e+02 8.588495206845396523e-02
1.779982677634875017e+03 7.850732323554761933e+02 1.659502832988030696e-01
1.881793225243823599e+03 8.177819362112188628e+02 1.011195768632760505e-01
1.741148394042600557e+03 8.400981832670929634e+02 2.754707956606777586e+00
1.851267203384605409e+03 8.510901952219041959e+02 2.551114856084441218e+00
1.843421721881521762e+03 5.583628936224022254e+02 6.561353837747103679e-01
1.928039337677607818e+03 6.127121846108163936e+02 2.835824110108204010e+00
1.881855298569708566e+03 6.445385540196087959e+02 2.669290211200071372e+00
2.050044711597688547e+03 6.445340804451451504e+02 3.096058379207963451e+00
1.966704527371757649e+03 7.072706196589377896e+02 1.994940565228932039e+00
2.037255747215971496e+03 7.094466783300194948e+02 2.111982834831157341e+00
1.867404421603481296e+03 7.261091963333171861e+02 2.082460025181841701e+00
2.039244747381632351e+03 7.908188211115857484e+02 2.171927857533245909e+00
2.129815899442820864e+03 8.108010390482434104e+02 1.843655996724389956e+00
1.881159190971299495e+03 8.163282220752527110e+02 1.434488718887546310e-01
2.048964190230242366e+03 6.434892277554337170e+02 3.062522278639450590e+00
2.037506210874974840e+03 7.113114313331698213e+02 2.203972414865349894e+00
2.038577247685709608e+03 7.926851865631654164e+02 2.233868699469495844e+00
2.127846210546458224e+03 8.138216266129797987e+02 1.869178684427102333e+00
2.206488788939551341e+03 8.077057547772976704e+02 2.847090878441827400e+00
1.143238029748961821e+02 8.912110762462509683e+02 1.011361603483571070e+00
5.237746902761525689e+02 9.632648557580666875e+02 1.736803702152199147e+00
5.805870321663146569e+02 7.321999237950921042e+02 7.716049123137465049e-01
6.838852958211588202e+02 7.850713305672852584e+02 4.615681086784480525e-01
5.902015988513087450e+02 8.067003150219761665e+02 9.026619900636884131e-01
6.521511965257197971e+02 8.452881901425910200e+02 1.198794402381610225e-01
6.476213790091561577e+02 9.498436911642643281e+02 1.991593001631973392e+00
5.854308354131103442e+02 9.602369000879193663e+02 1.856897903503747616e+00
5.223054726101090637e+02 9.672644000675450116e+02 1.695496305902026490e+00
7.228543686685127341e+02 7.123987504541358931e+02 3.856981058653161654e-01
5.788419119304968490e+02 7.300402650907808493e+02 8.172095140595538876e-01
6.830933945194440184e+02 7.842895626255219668e+02 4.393824486231585613e-01
5.906068645109925228e+02 8.058640725300856502e+02 9.410399963331813611e-01
6.520503600485701554e+02 8.438583110035391428e+02 8.121090665236760375e-02
6.464337045721757704e+02 9.487404011193343649e+02 1.970420244413478406e+00
7.996790726828913876e+02 9.362496117448445148e+02 5.452598448474696990e-01
5.828228049165411448e+02 9.599886037116839361e+02 1.881293178862118776e+00
7.192163131728329972e+02 7.109647683559152256e+02 4.042862674419775426e-01
9.419106480184022985e+02 8.114392374114535187e+02 1.593146926646016759e+00
1.005220498085982399e+03 8.236951122984476115e+02 1.690762819994492183e+00
8.762726019775516306e+02 8.538371237566429954e+02 1.548544274950495181e+00
8.995062008175573283e+02 9.384675228275193604e+02 7.742468830519796397e-01
7.977514244342860366e+02 9.365389558850715730e+02 4.755131495249056983e-01
9.769684853124076653e+02 9.593850905902595514e+02 1.299155073838095475e+00
8.569556607353962363e+02 1.020401874988611553e+03 6.739984145787950576e-01
1.147974202573539969e+03 7.598299506657908751e+02 3.085152797896736132e+00
9.410262184766620521e+02 8.117131740880396364e+02 1.608521380364583475e+00
1.002141400514431780e+03 8.239679875620861367e+02 1.766174876199297472e+00
1.080430275895068007e+03 8.206286954066512180e+02 6.850724912538097566e-01
8.729174396643491036e+02 8.539959348950776530e+02 1.566088081340306415e+00
1.150293249093758959e+03 8.488412962629457752e+02 6.248508166886492798e-01
8.970712049416451919e+02 9.389012328248290942e+02 7.820935784344680286e-01
9.758219716836977113e+02 9.581878407345575397e+02 1.240593693302368905e+00
1.020841469926521086e+03 9.832110500476410380e+02 1.122349447476220563e+00
1.121051462215883475e+03 9.805692694629512971e+02 2.984258486572349156e+00
1.146035595397373527e+03 7.601680732404521450e+02 3.077482191857086491e+00
1.079399303858215262e+03 8.202529144185093628e+02 7.798583288229118393e-01
1.149712205214692631e+03 8.491010261261627647e+02 7.049511873011053975e-01
1.197122121050855867e+03 9.000617040178356092e+02 1.197362802049115382e+00
1.294693051673410991e+03 8.902225738583670136e+02 9.058387016883184817e-01
1.120277343658985728e+03 9.777634078535870685e+02 3.075515904290925917e+00
1.083997387351800171e+03 1.020867646176334119e+03 2.508801292469503563e-01
1.443622565474062640e+03 8.273398446578690937e+02 4.646422530019200248e-01
1.484821595517702008e+03 8.764128108416366558e+02 6.079243795969292707e-02
1.194387262303545867e+03 9.018271154135570669e+02 1.156944281840266431e+00
1.292015812022757473e+03 8.910007939062215883e+02 8.737395114212382907e-01
1.348491797386147937e+03 9.130823808849031593e+02 1.041622049578201592e+00
1.437249541024430528e+03 9.347463267098444248e+02 2.208129591341459363e+00
1.513030718871687895e+03 7.251561837272118964e+02 2.410081527466050311e+00
1.612089900610862060e+03 8.010259486473046309e+02 6.027518181187806190e-02
1.441162914822237326e+03 8.284491931731677141e+02 4.950536542133903151e-01
1.566227451101662155e+03 8.381604861403550331e+02 3.108254167832929404e+00
1.650619149816271602e+03 8.868194539598359825e+02 1.215561861809104860e+00
1.483008080586007736e+03 8.754857596203983121e+02 1.374746309251770882e-01
1.564346811496980990e+03 9.086197291469516131e+02 8.523219698707777958e-01
1.435507272537981862e+03 9.322085455689946230e+02 2.160302016351418164e+00
1.519013880158981465e+03 9.941095801251055946e+02 2.266804375615577349e+00
1.617021787778578982e+03 1.001241169241279295e+03 1.115475340182398467e+00
1.515766158022513991e+03 7.294455559427518665e+02 2.446918736936509742e+00
1.753116434964148311e+03 7.222740175495257517e+02 3.029440217494772991e+00
1.700919090101428537e+03 7.476759273512636810e+02 4.514151432217750060e-02
1.780784214685643292e+03 7.828982770507261648e+02 1.308400428767213797e-01
1.611067427529942961e+03 8.010973986994683855e+02 6.108302514667184047e-02
1.741547750741091932e+03 8.380213279643921851e+02 2.700561696241025267e+00
1.563910474889348961e+03 8.380677946966633272e+02 2.993189368082579627e+00
1.648344253427943158e+03 8.852657335221517769e+02 1.234091744316104355e+00
1.563296612057558150e+03 9.072607632081994780e+02 8.533704609677502662e-01
1.763539932305352977e+03 9.409621302119571737e+02 9.506441682676068927e-01
1.686696743024821444e+03 9.934938270592945173e+02 1.818527635114883356e+00
1.614072274674400887e+03 1.002024662588343517e+03 1.153934945598003026e+00
1.513268563511492630e+03 9.928256693809626086e+02 2.281801062560960158e+00
1.785743827719741830e+03 9.969023997330764360e+02 1.001151093250022051e+00
1.699076100346500880e+03 8.757903078037188607e+02 1.972570495685946668e+00
1.867812339166277525e+03 7.253373897386688895e+02 2.099266271759217872e+00
1.769619893690094159e+03 7.250197923313373849e+02 3.068972975507067602e+00
1.703110921462628312e+03 7.452489950572211228e+02 2.040002263574564323e-01
1.779844422855226412e+03 7.844683133156798931e+02 1.798353301559786344e-01
1.882712759610375315e+03 8.170008108237345823e+02 4.786888661771392106e-02
1.740796804694802859e+03 8.397973887462514995e+02 2.744141476394164503e+00
1.851990358402601487e+03 8.555520906950307563e+02 2.360304462213299370e+00
1.698449151664282681e+03 8.766926457591780490e+02 1.893395248279728271e+00
1.953592568402335019e+03 8.962736123458450948e+02 2.676567297813977842e+00
1.762111395575750294e+03 9.403206479982918609e+02 9.301668205367056297e-01
1.864073538647075566e+03 9.337634174914828691e+02 2.554156521074109953e+00
1.939983413597008166e+03 9.543390447148412932e+02 2.134388841817275395e+00
1.687349510040316090e+03 9.919042886815893780e+02 1.896825914857612760e+00
1.785979230528607332e+03 9.954781709308340396e+02 9.814831996618763599e-01
1.818513665460532366e+03 1.018106749805304389e+03 2.281652335522175612e+00
1.866627785691701320e+03 7.284342769846837200e+02 2.129156321218262704e+00
1.967082693716088670e+03 7.084732480898345557e+02 2.026884158950192028e+00
2.039060606497069330e+03 7.112303948850700408e+02 2.175934150573560988e+00
2.039362486156137948e+03 7.910784321924893447e+02 2.190697848214773646e+00
2.131632309531575629e+03 8.122622816037251141e+02 1.831244680255558199e+00
1.880143572372273638e+03 8.158655117821091380e+02 1.037274225500275510e-01
1.848837887386051989e+03 8.579486310665297424e+02 5.910802706919016103e-01
2.023424025746809548e+03 8.938858591961000002e+02 1.943354765829424569e+00
1.951079477912308903e+03 8.956031683979745139e+02 2.796739911035240223e+00
1.861432800207026958e+03 9.331737196113654136e+02 2.585286994418451112e+00
1.938020171599463083e+03 9.550229508627380710e+02 2.142545774655140622e+00
2.026249105396251252e+03 1.020896631841949329e+03 2.250386444162387090e+00
2.037130354032785363e+03 7.184324425578623732e+02 2.462597246252580252e+00
2.038282988234903314e+03 7.915216915955478498e+02 2.285900095265108067e+00
2.128035970896998606e+03 8.124526424973773828e+02 1.902096589118616343e+00
2.206711320995239930e+03 8.072649322529179017e+02 2.863266064704473202e+00
2.023340413935189645e+03 8.935139381315868832e+02 1.979835603014069356e+00
2.157207817965177128e+03 9.181320183548075420e+02 1.222886508710545606e+00
2.023059578909501397e+03 1.019070584462463557e+03 2.355188350514038298e+00
1.117725035577154244e+02 8.897482328526693891e+02 9.308765817057411684e-01
1.832555339492759003e+02 1.087243627685676756e+03 1.149449867738522979e+00
5.245084249612584699e+02 9.640937664655270964e+02 1.661405630575662595e+00
4.054428541002727115e+02 1.107526644983931419e+03 1.516089889644266719e+00
4.516543857095689418e+02 1.145676906025753169e+03 7.243204486968268796e-01
6.471494342829475954e+02 9.470903531226003906e+02 1.959528322982201365e+00
5.856703225001510873e+02 9.569652238209814641e+02 1.834446330506906087e+00
5.230345498620365561e+02 9.638004768487255660e+02 1.633701802933295255e+00
5.626043742690092131e+02 1.085640258789832387e+03 9.344102445208148922e-01
4.036424974147674902e+02 1.106850151105371424e+03 1.392904463717831387e+00
6.605046336926297954e+02 1.109703652389722720e+03 2.177672393318694777e+00
4.508458877018409794e+02 1.144969582617479091e+03 6.419938370491521384e-01
5.860346101259560783e+02 1.176615526816349302e+03 2.804484659876575581e+00
6.456424703582350730e+02 9.484608888288646540e+02 1.946168694391255727e+00
7.995642109800178332e+02 9.353309047686011581e+02 5.481881414689790954e-01
5.837284716202892696e+02 9.567088378286662191e+02 1.825856342674276656e+00
7.070020217763548089e+02 1.025856740306750908e+03 1.960546231537138695e+00
8.608348650997522782e+02 1.016475480505548603e+03 7.234558041062821854e-01
7.835958144377826784e+02 1.078424487341495023e+03 2.243416277638813128e+00
5.593063747496694305e+02 1.088195060764530353e+03 9.495937614569186502e-01
6.597204896134306864e+02 1.111285003653368221e+03 2.154081376247451107e+00
7.638181156300552175e+02 1.126310944300360916e+03 7.254826698759543335e-01
5.847614758903471284e+02 1.178840393030077166e+03 2.737071255073137976e+00
8.990902809336505470e+02 9.373339464418511398e+02 7.910222563011389818e-01
7.978138344938494129e+02 9.355154407019822429e+02 4.970808659828471199e-01
9.773477177309630406e+02 9.554599620253113699e+02 1.131633364162647259e+00
8.584387829699055601e+02 1.016943598609553874e+03 7.035736378389952916e-01
7.821876217174826706e+02 1.078581484678537436e+03 2.240459428269795605e+00
9.975762579645986534e+02 1.099062653744028921e+03 2.221151937759745731e+00
8.888465472220341326e+02 1.122235684639297233e+03 1.736736824588222650e+00
7.595100572792229059e+02 1.125470492091881624e+03 2.977129228159344443e+00
8.962322364319304597e+02 9.353164122150612911e+02 8.319554102670452256e-01
9.753594493819146010e+02 9.563020292193762089e+02 1.228100094233796735e+00
1.021560304305685577e+03 9.807646438045655941e+02 1.114162221118716323e+00
1.120038336411245837e+03 9.764956226696547219e+02 3.130976979922283299e+00
1.064016908854227495e+03 1.048052430826233831e+03 2.735996244959603807e+00
1.178121294791278160e+03 1.079734196266989784e+03 3.903894321424234426e-01
9.931191341854380426e+02 1.099409027151155897e+03 2.084908250314851053e+00
8.864449297161008872e+02 1.122187092267045500e+03 1.762817473610847063e+00
1.175388277997606792e+03 1.160430649856886248e+03 2.223280496715277277e+00
1.053538243304497428e+03 1.166601900805474997e+03 7.444606226929720849e-01
1.197330376900028114e+03 8.975529130654449546e+02 1.153877822407364251e+00
1.293455162341135065e+03 8.892126824761808166e+02 7.815056844420158466e-01
1.119588308649817236e+03 9.754617393354105843e+02 3.107896086364575261e+00
1.081882994368100299e+03 1.021007894746109287e+03 3.239007047431696762e-01
1.174854012333765695e+03 1.078088850862023492e+03 3.288265660870269280e-01
1.047638409114082378e+03 1.071106006217321465e+03 2.586570838859874044e+00
1.240565429692280759e+03 1.134570588543773965e+03 1.500007059053417802e+00
1.339653696716422019e+03 1.128675476299096772e+03 7.415481417970679612e-01
1.177666230224920355e+03 1.168103107816933061e+03 2.218055059925691186e+00
1.056297909381327372e+03 1.162687789516661269e+03 7.473679983063364896e-01
1.475959915252785095e+03 8.698638813969962484e+02 2.827868280732522610e+00
1.293250568462202637e+03 8.880928518236669333e+02 8.114193642047449195e-01
1.193491714421177903e+03 8.973513075334203677e+02 1.064163370802164277e+00
1.349598247199167645e+03 9.101961135828423721e+02 9.806215866695598971e-01
1.436498499721071994e+03 9.309170346635507940e+02 2.230732394167809662e+00
1.436733888199203648e+03 1.064496097339317657e+03 1.134794541586776617e+00
1.239539884154493848e+03 1.135080039312720601e+03 1.492361202336554227e+00
1.485270947771530018e+03 1.104522444025935101e+03 1.730398134696246260e+00
1.339081104097318757e+03 1.125236992299930989e+03 5.637180066009150892e-01
1.482775041117011369e+03 8.721936658947824981e+02 1.107253258742227492e-01
1.645778372095439636e+03 8.903495478180975624e+02 1.248451583826501787e+00
1.564018573799916339e+03 9.072215229183523206e+02 8.003916896243866708e-01
1.435701839164451030e+03 9.315246339523744155e+02 2.238106923540021054e+00
1.519901542928247636e+03 9.926440527526538062e+02 2.341224201469144450e+00
1.615480354851615175e+03 1.000208666257928371e+03 1.095330388854125037e+00
1.435141451088049507e+03 1.066079694326122308e+03 1.107464997361176540e+00
1.531043632702675723e+03 1.055922543397839263e+03 2.763013026611539136e+00
1.482139355477759409e+03 1.103021170435335080e+03 1.708382475697826530e+00
1.565606904482568780e+03 1.136761172183126746e+03 5.986632382643998218e-01
1.600710363368211347e+03 1.177041585437125150e+03 1.079345794030969197e+00
1.645462681975918031e+03 8.849612789655691358e+02 1.215462589776128199e+00
1.559883021317450812e+03 9.052274136674363945e+02 7.796840345158723151e-01
1.762840475229267895e+03 9.381836578784548237e+02 8.396057551778005612e-01
1.685616688672191458e+03 9.928267395062709966e+02 1.827201815544552632e+00
1.613034254461000955e+03 1.000865890501408785e+03 1.082261817093560063e+00
1.517669915175873484e+03 9.976521298714328623e+02 2.348619245238335207e+00
1.785359095299154433e+03 9.935253139406231639e+02 8.360511176467402272e-01
1.661271178246189493e+03 1.079903952600767070e+03 1.964422230434395455e+00
1.530800803591715749e+03 1.059666232729086232e+03 2.789157779387765768e+00
1.746858594712638251e+03 1.096721596503245792e+03 1.172210640929810310e+00
1.573319359200820145e+03 1.146922340594409206e+03 2.344575743245528032e-01
1.696378923647822376e+03 8.777320434856444535e+02 1.982750540224186730e+00
1.697897180159936624e+03 8.831944499385003837e+02 2.082145014804798855e+00
1.954319832732788655e+03 8.946860004263537576e+02 2.740943012843593873e+00
1.760804646640183137e+03 9.379756690634515053e+02 8.145203969892353957e-01
1.864639588427788112e+03 9.316856624579729669e+02 2.644416037661063701e+00
1.939737244134511911e+03 9.547067700904583489e+02 2.262065625771243038e+00
1.683617608364269017e+03 9.917427988843614912e+02 1.826942913039643734e+00
1.783907110564375898e+03 9.933606597305351897e+02 8.400664907221091493e-01
1.827849112367845237e+03 1.026992123221920110e+03 1.411225292258966313e+00
1.887328836543397301e+03 1.054581799778220557e+03 1.389680388681285850e+00
1.956233063102809410e+03 1.054082308317850675e+03 2.296293716138052776e+00
1.745897968621038444e+03 1.096403858880913049e+03 1.100747166988500725e+00
1.921929376893284825e+03 1.142735038348293074e+03 1.580482957399823807e+00
1.852924116065361886e+03 8.713136572044286368e+02 6.085110384811093232e-02
2.024631262181449983e+03 8.925744497800415047e+02 1.970963667324094448e+00
1.951740976064125334e+03 8.932762900667942176e+02 2.835508291234424494e+00
1.864090428927956964e+03 9.328451720455486793e+02 2.663501829138712029e+00
1.939578964070078655e+03 9.541046398980245158e+02 2.259671912257842585e+00
2.026805714083273870e+03 1.019323553631016011e+03 2.310753443878139635e+00
1.826002452160352959e+03 1.025257605069315787e+03 1.456541794479750074e+00
1.887012802720479840e+03 1.054458012880952765e+03 1.342965222909188849e+00
1.956304501306663951e+03 1.053982656532053625e+03 2.272668173747895537e+00
1.922077591144622147e+03 1.142649100083853909e+03 1.564069922571560856e+00
2.024006959467591059e+03 8.956130457375336391e+02 2.007320586803326368e+00
2.157321262635961375e+03 9.180981619700028205e+02 1.237158621892251231e+00
2.025620163783695716e+03 1.019349842638480595e+03 2.355331804651074723e+00
2.164215270254668667e+03 1.039498364787111768e+03 1.782287808190806011e+00
1.823889092441443722e+02 1.085490161023984228e+03 1.131110499865851882e+00
4.053291194688929409e+02 1.105230333689304643e+03 1.499655228210445168e+00
4.507746540207629096e+02 1.144431102948035232e+03 6.648056404881995674e-01
5.296426040986370936e+02 1.219338349152618093e+03 1.818067747083503605e+00
4.481734257894629536e+02 1.225221413971140464e+03 9.350184768131544200e-01
4.972746062025378251e+02 1.302242631566673026e+03 2.080470306176358974e+00
4.512242183532175659e+02 1.339652084729703574e+03 2.404700656684806592e+00
5.629331045732735674e+02 1.084874506689855707e+03 9.521770589023766940e-01
4.035970004216228517e+02 1.105038805596485645e+03 1.484123164630837044e+00
6.610072277174690498e+02 1.109716769454189944e+03 2.206703398414607165e+00
4.491929933530515200e+02 1.144530374991898725e+03 6.310135519561325124e-01
5.884386327188038877e+02 1.175759128183754456e+03 2.748729757798760165e+00
5.288463477791576679e+02 1.219263160516220523e+03 1.667538577136907563e+00
4.486322961299561030e+02 1.225233251145599979e+03 8.959036283204785400e-01
5.732438502695015359e+02 1.284023927559787353e+03 1.564427194591970105e+00
6.361109408331184341e+02 1.286061686949132309e+03 1.872052512841083205e+00
4.954037841246210974e+02 1.305974582198453163e+03 1.953797679872583792e+00
7.830859540848871347e+02 1.077625042958504309e+03 2.182765005105973266e+00
5.593196574205190927e+02 1.083167956081854754e+03 9.136261080436495208e-01
6.593991266133032241e+02 1.108957225227638673e+03 2.141726822946143471e+00
7.654696405599755735e+02 1.124432987556433773e+03 2.269921701634648736e-02
5.862226109217294834e+02 1.175504587236615180e+03 2.814297738960584994e+00
8.320638535015978050e+02 1.200269393111375848e+03 1.369719839767318703e+00
7.512606601105819664e+02 1.200239026756715930e+03 2.629277556102941560e+00
5.697296643311946127e+02 1.282469607233193756e+03 1.407873709766601200e+00
6.340386032981363087e+02 1.285385081252053169e+03 1.767082824493451776e+00
7.039284293347116090e+02 1.319698824261730579e+03 1.939797514352324281e+00
8.266824481749424649e+02 1.313359937629113119e+03 2.330989168480716245e+00
7.818400085803424417e+02 1.079056568449454744e+03 2.130389128506597451e+00
9.959154972151775382e+02 1.097032819223088609e+03 2.023824603280045764e+00
8.889493646493313008e+02 1.120976797598597159e+03 1.662926192597449004e+00
7.616419113660720086e+02 1.125304560092513839e+03 3.084657567680654910e+00
9.357773055761738306e+02 1.193597018971373700e+03 9.649715318743199433e-01
8.304095447799450085e+02 1.201032129003889395e+03 1.412686044263711915e+00
7.490189221650001627e+02 1.199815525274251740e+03 2.593099687097189410e+00
9.581674298929333418e+02 1.239148618363759624e+03 3.797990487721501496e-01
8.831243680794004831e+02 1.283500745396745288e+03 2.262016508622575195e+00
8.241239785613990989e+02 1.314611263078713364e+03 2.274335824434050579e+00
1.176111266424262794e+03 1.076627933999229299e+03 4.875484068217368905e-01
1.049049170010840953e+03 1.065334476723672196e+03 2.501213677750495634e+00
9.933468070473195439e+02 1.096488825008210370e+03 1.950316578631544839e+00
8.861588004718921638e+02 1.119070092766969765e+03 1.756065494537295102e+00
1.178197983709791060e+03 1.166894528921442316e+03 2.174800507985581000e+00
1.053666686019691952e+03 1.164209196763452610e+03 7.419084504806671143e-01
9.353170609426003921e+02 1.193786599229914145e+03 1.042014794690862889e+00
1.140211710787396896e+03 1.210514649912242930e+03 2.657704650354237419e+00
9.569024558740468365e+02 1.239100657721835205e+03 4.012228463777669507e-01
1.077849805877591962e+03 1.250564759505202801e+03 1.256541254578510958e-01
8.800875717384624295e+02 1.283480063334735632e+03 2.185151606946176717e+00
1.145261924016279863e+03 1.292745051522174435e+03 6.127056991417445531e-01
1.032823114869508345e+03 1.312215983769685863e+03 2.641909719221553932e+00
1.174093280295438490e+03 1.077560464485877446e+03 3.918631308884915621e-01
1.048580312357517869e+03 1.072543666089946100e+03 2.577426250875782365e+00
1.240063441902785371e+03 1.133802627488694270e+03 1.483081163493264576e+00
1.339998536768999202e+03 1.124788374625095003e+03 7.118719793338407209e-01
1.177159925880360788e+03 1.167864438177965894e+03 2.252984209475450417e+00
1.052922894664015757e+03 1.163688704082666618e+03 7.310042343278062571e-01
1.275524517018297729e+03 1.199524602129536106e+03 5.942946168005032170e-01
1.139283423856313220e+03 1.211128095788087649e+03 2.648529293691989306e+00
1.323071203858954959e+03 1.227394675342160099e+03 1.150133495224558766e+00
1.077242312537560792e+03 1.251468931142312158e+03 9.290157933074576213e-02
1.241796125806113196e+03 1.300365523770095024e+03 1.884784948963193818e+00
1.144646543015586076e+03 1.291848296194338673e+03 5.350098726269149063e-01
1.030425132892171632e+03 1.314073906420508138e+03 2.611655588962070063e+00
1.437722632858431780e+03 1.063219017748799160e+03 1.069792192213058879e+00
1.238946542225068015e+03 1.134118843382912473e+03 1.496400370625551757e+00
1.338826485782868303e+03 1.124489451924334389e+03 5.459612748351507783e-01
1.484389923315325404e+03 1.103327283810108383e+03 1.751473977735993115e+00
1.418094102567127720e+03 1.183564617136964216e+03 1.035098329499633429e+00
1.273893165170277598e+03 1.200013184461692845e+03 5.163674907550342974e-01
1.466481566009319295e+03 1.229121158486386776e+03 1.264846298407098946e+00
1.322050221249071456e+03 1.228386068528278884e+03 1.040190688210804959e+00
1.239624198943206466e+03 1.301511116932604182e+03 1.934818034057393499e+00
1.349522495801490550e+03 1.298902680769072958e+03 1.109056174643824555e+00
1.488725022837159258e+03 1.304910118076425533e+03 1.311566122689654668e+00
1.407771252711156194e+03 1.323734712869588293e+03 1.769259754543806018e+00
1.436286413903307903e+03 1.063407937825344561e+03 1.115834343918157057e+00
1.531288830699797245e+03 1.056037111473193136e+03 2.756434623548672302e+00
1.481554665744984959e+03 1.101251744333405895e+03 1.754260015423730668e+00
1.581431843167168836e+03 1.152210151024744846e+03 6.973344840281852086e-01
1.416883046150882592e+03 1.184003037944003381e+03 1.024995308443301445e+00
1.465251641628815605e+03 1.229140801933449211e+03 1.230552947989836055e+00
1.643269485857043492e+03 1.228894512684119263e+03 1.662434990741907148e+00
1.347917417288816068e+03 1.298723942595205472e+03 9.795665550207146577e-01
1.591505498519240064e+03 1.297714534567354576e+03 1.906611439244275008e+00
1.485525680913610131e+03 1.303955154114376910e+03 1.301844169009617636e+00
1.405105903814289150e+03 1.323133744818429932e+03 1.708781769946604578e+00
1.543714041797603386e+03 1.322814979214012737e+03 1.245606684655118812e+00
1.661967021478678362e+03 1.079144947869562429e+03 1.976725471692079461e+00
1.536022477291808400e+03 1.061903549473843668e+03 2.851712959195275232e+00
1.748484011010901668e+03 1.094346953346460623e+03 1.121775476929648185e+00
1.581565285815547668e+03 1.152376843957257961e+03 8.840629444661977088e-01
1.642361794935263561e+03 1.226886700918361839e+03 1.587050490751308995e+00
1.574896042336648634e+03 1.309671887168008197e+03 1.731138897353663886e+00
1.831639625834504614e+03 1.029286957057871859e+03 6.543345101013522402e-01
1.888775580806344806e+03 1.054346100320637788e+03 1.434724424233849049e+00
1.960079630518745489e+03 1.055121850302563189e+03 2.336479009486924330e+00
1.746900873233690618e+03 1.096644338221174621e+03 1.101151462110201207e+00
1.923242770150449815e+03 1.143361553336362022e+03 1.704531095529833840e+00
1.885500813737193766e+03 1.053701690090282000e+03 1.400730488463153733e+00
1.827603392457445352e+03 1.041436654950938191e+03 1.092707166610690228e+00
1.956024252928138594e+03 1.053857877457291579e+03 2.317087143319961573e+00
1.921826933751481192e+03 1.142252969210888295e+03 1.612580215631161273e+00
2.126976585141295800e+03 1.256481370494293742e+03 2.621745715578208458e+00
2.163626384011638947e+03 1.038287217077179093e+03 1.763063025059072197e+00
2.125170833138182843e+03 1.255764355049680944e+03 2.614389446259098637e+00
3.602481156594219556e+02 1.451015057311675719e+03 1.882780636780543304e-01
5.299732193418963107e+02 1.222204021855955034e+03 1.936877344785685962e+00
4.479155987263118277e+02 1.225407432291085570e+03 9.791356914439842685e-01
4.961185302908349968e+02 1.304360394632648649e+03 1.961946051191534313e+00
4.537445677663756669e+02 1.343345796322783144e+03 2.348494369685506289e+00
4.950247727348239550e+02 1.440733380638416293e+03 2.607867201840009752e+00
3.649898499043985112e+02 1.452245198498593709e+03 2.490052994016840771e+00
5.284113180311602491e+02 1.218328099767823687e+03 1.611412143482586323e+00
4.463533726832262118e+02 1.222557851278482985e+03 9.223507191764770408e-01
5.731702168595923013e+02 1.282537288619546189e+03 1.521080473018680213e+00
6.351630190106141072e+02 1.284587848656297638e+03 1.834131673965132769e+00
4.946241276052625153e+02 1.304492906517566098e+03 1.883774596868730500e+00
4.545388049199983698e+02 1.342525152993721349e+03 2.475910770742860478e+00
6.093029558778973751e+02 1.394999408089193594e+03 1.526630883786363135e+00
5.575022887959542004e+02 1.412805150566489829e+03 2.157019854419896188e+00
6.605051100784687605e+02 1.419621479275934689e+03 1.128052993074875054e+00
4.974889094940449468e+02 1.441534929803260866e+03 2.718116734889680863e+00
7.520326079643330104e+02 1.198229504244057580e+03 2.660497470442689583e+00
8.320013434437937576e+02 1.199561559872988255e+03 1.316429544048128619e+00
5.713688817706679401e+02 1.281463002353284992e+03 1.484959255527661393e+00
6.338708695075411015e+02 1.284609249822538914e+03 1.784417709566153309e+00
7.036729746733072943e+02 1.317862034692109546e+03 1.956064415658947286e+00
8.250891339558772870e+02 1.312399279659605099e+03 2.291913758358729236e+00
7.718204124277283427e+02 1.355898523999825557e+03 1.810574867150812395e+00
6.082549647026193043e+02 1.394875499226827515e+03 1.488623126851175371e+00
5.529074505223005644e+02 1.412640966360186667e+03 2.162972253566231462e+00
6.589429628574068829e+02 1.418812842656725479e+03 1.075594295497606989e+00
8.592006470777610048e+02 1.418230296194885113e+03 2.679246898611887140e+00
7.510025144984349481e+02 1.435196989672824657e+03 2.498818926497501369e+00
8.528696593620516069e+02 1.487889632638615012e+03 9.064700136018142285e-01
8.299603730285832626e+02 1.197932019332437449e+03 1.374827552950585341e+00
7.525527268808707504e+02 1.202482463011741174e+03 2.670397369038045809e+00
9.492482210790858517e+02 1.222269053595979130e+03 4.688640133804868326e-01
8.831277649362787088e+02 1.282230331748812432e+03 2.209069003618850946e+00
8.235547081819495361e+02 1.311958779699962179e+03 2.259281562592666326e+00
7.702523590888727085e+02 1.355538660959876097e+03 1.782632292736934243e+00
9.572882725551178282e+02 1.365092157740263247e+03 1.943967179930609968e+00
9.101035749543655129e+02 1.382207300682016694e+03 2.373145848278920944e+00
8.595460648961939114e+02 1.421510704026055464e+03 2.634254051968890842e+00
7.456762940255629246e+02 1.434761129984998433e+03 2.509686278769766243e+00
1.014635111865819681e+03 1.472098706899420904e+03 1.221703157697479947e+00
8.525253392815491225e+02 1.488574794413780182e+03 3.111020369254468676e+00
9.755673372567055139e+02 1.501156565750839945e+03 2.546406378332335851e+00
1.019872342370057140e+03 1.385070100709347798e+03 1.986292653872166580e+00
1.140164727420825784e+03 1.208494600127550939e+03 2.680986768683795152e+00
9.552461974889101839e+02 1.237199262384274107e+03 3.896454498333968841e-01
1.077977255365667361e+03 1.248763107139518070e+03 1.445627661676622266e-01
8.811147065845334510e+02 1.285340246507580332e+03 2.143493776426658393e+00
1.145802138791994821e+03 1.289550266351307300e+03 4.750382378734758215e-01
1.032586050369500072e+03 1.311185056479476088e+03 2.683395852200482601e+00
9.551623321571005363e+02 1.365473988919361545e+03 1.946278997904381081e+00
1.170163846081717566e+03 1.359273915088144349e+03 1.050404256468503661e+00
9.073977342527880410e+02 1.381782979638693405e+03 2.344378320745305722e+00
1.085623836623554780e+03 1.416154065998945271e+03 1.524301149760196372e+00
1.017153256133106424e+03 1.384627962212990269e+03 1.969358546522577802e+00
1.155143605791111895e+03 1.464783872734704801e+03 1.291938176708561148e+00
1.017273424194886502e+03 1.480825380628654102e+03 1.873279355353479225e+00
9.729973749301616408e+02 1.500507522832435598e+03 2.669381137927843373e+00
1.101129615037880285e+03 1.477132327396633400e+03 1.248694558811102695e+00
1.270103739991180646e+03 1.197699831476840245e+03 5.728051375785863097e-01
1.138202283744671377e+03 1.208308919938168856e+03 2.683154608770339067e+00
1.319798284544394846e+03 1.228327028334412717e+03 1.074641685778137123e+00
1.074931856606807287e+03 1.249232498138220308e+03 8.347210784110871418e-02
1.144592089859901080e+03 1.290052119297752142e+03 4.738361957504282906e-01
1.241720752747901543e+03 1.299725385981743329e+03 1.918629524630093064e+00
1.028644606443364864e+03 1.310426180587416411e+03 2.747741026564245903e+00
1.168121107912480056e+03 1.359511605272285124e+03 1.044206843447299082e+00
1.085201354218069127e+03 1.415907327874785778e+03 1.550426700532060220e+00
1.259648657514346723e+03 1.460969566199690917e+03 1.421931229025114929e+00
1.156836150063543755e+03 1.465022599493247526e+03 1.483506260893659778e+00
1.209743467002023635e+03 1.493775331286952451e+03 1.381657133106887869e+00
1.099631779881480725e+03 1.477151788525404982e+03 1.292621137392896857e+00
1.268696850321762213e+03 1.196217949270439476e+03 5.047133531690120023e-01
1.466096130008077580e+03 1.229347119836975708e+03 1.187508400397507158e+00
1.322717600125691888e+03 1.226848510940364122e+03 9.942013943280626487e-01
1.240527098974214368e+03 1.299065438857685876e+03 1.970556060553717348e+00
1.348909420461825903e+03 1.297114715828502085e+03 1.054184999426300173e+00
1.487321691146875082e+03 1.300957404854184233e+03 1.172112519499085126e+00
1.407331742385327289e+03 1.321081943827620762e+03 1.727712038157203311e+00
1.258016183640070722e+03 1.461515494996726375e+03 1.362422641525542044e+00
1.393191309482790302e+03 1.481328473018164004e+03 2.025906859758365375e+00
1.465404357461013660e+03 1.228326949697753662e+03 1.150830545509318403e+00
1.642729701732594776e+03 1.231270472471348739e+03 1.792853999834654433e+00
1.484222073929810676e+03 1.302714579110845762e+03 1.217109734436200519e+00
1.406365390624541760e+03 1.321938092443560890e+03 1.741610770870971159e+00
1.543259400583344814e+03 1.321841842309821232e+03 1.231278597442439615e+00
1.597622647444308313e+03 1.302154793106537909e+03 1.933394129384550242e+00
1.527849848730998019e+03 1.425879488249297083e+03 1.145342956805976087e+00
1.389570395007354591e+03 1.478719672844146316e+03 2.073432229153294060e+00
1.643060805245631627e+03 1.225025809019655526e+03 1.604432688878142388e+00
1.598698905833484787e+03 1.304429277215583625e+03 1.881165183704724075e+00
1.543473549592947847e+03 1.321239650787067148e+03 1.240156593044155597e+00
1.527318535628761765e+03 1.425056583527160456e+03 1.205448984726226191e+00
2.124370527807187500e+03 1.253710816645865634e+03 2.586648742553929292e+00
2.123917351014284577e+03 1.252630853019985125e+03 2.585144093292658152e+00
3.642126472941146176e+02 1.451045394146542776e+03 1.692524218216723830e-01
4.985721845296259289e+02 1.442477031773508998e+03 2.632276730438341872e+00
3.651825398079474780e+02 1.451849772131301734e+03 2.076346636318883720e-01
6.088021738968959653e+02 1.394172695162024866e+03 1.526016436451755220e+00
5.560117518493939315e+02 1.410924014291193544e+03 2.024468137492249298e+00
6.611073523847867364e+02 1.418665467098723866e+03 1.182528940007675500e+00
4.967881364509206605e+02 1.441919531552699482e+03 2.599092867488175695e+00
6.122738480933626306e+02 1.508857473046479754e+03 2.984342539206287448e+00
7.722123844367072252e+02 1.358340827710285566e+03 1.828108146053602834e+00
6.059158942622183304e+02 1.393128960739106788e+03 1.568802341047827120e+00
6.587624263576890371e+02 1.418613619814399271e+03 1.165230912555192511e+00
5.542801131407347839e+02 1.410682614133564584e+03 2.098321339621131543e+00
8.588631353332843901e+02 1.417198929991901650e+03 2.507142996649361244e+00
7.490395261034785790e+02 1.434278099164708919e+03 2.364845259103664610e+00
8.539860266250947234e+02 1.488239783057782006e+03 2.766413170763551310e+00
7.032171065275289266e+02 1.501662286981928673e+03 2.978842612776051002e+00
6.107553927877631850e+02 1.507904628562196876e+03 3.014892987592877827e+00
8.237128001935176371e+02 1.534969490793675050e+03 2.702816981440376409e+00
7.278867637465144753e+02 1.582045708965139056e+03 2.945559641234638093e+00
8.332630261854574201e+02 1.597830229574952455e+03 2.182617327484183800e+00
7.408507839331737159e+02 1.640652650210665797e+03 3.576377126361238168e-01
7.688115255845900720e+02 1.358329871976653976e+03 1.742851830775060895e+00
9.559670551388358035e+02 1.362833471048688807e+03 1.929688822660469372e+00
9.089822434195116330e+02 1.380858504936796180e+03 2.256825825194941348e+00
8.588902967719508297e+02 1.420395241291102138e+03 2.540093231312393396e+00
7.466092879241505216e+02 1.433554282462910805e+03 2.321723439371390363e+00
1.020177528981369960e+03 1.480409298929879924e+03 1.950767694292930399e+00
8.518970424016556535e+02 1.488113195979317425e+03 2.805487235264309209e+00
9.762744843594805388e+02 1.502715664747975097e+03 2.433042173106962469e+00
8.232470972464820989e+02 1.535982691773509714e+03 2.705487070340619304e+00
9.582354318508953384e+02 1.568906401723201725e+03 3.944677041835122078e-02
7.225282061060765955e+02 1.586892079064560676e+03 2.940092135072001511e+00
8.349776715150807149e+02 1.604380277203746573e+03 2.555569596535293364e+00
9.278831421666432107e+02 1.643160935882835929e+03 2.395685363793790046e+00
7.372746374912901501e+02 1.640440143629430167e+03 4.268494002226060346e-01
9.550853539402698971e+02 1.364703516124378439e+03 2.881273019682938141e+00
1.164634264663747672e+03 1.363307885011071903e+03 1.075441152493409991e+00
9.097159374879179268e+02 1.382724202487587490e+03 2.333681500201794101e+00
1.017790444978286359e+03 1.384062837147072059e+03 1.948022728307996720e+00
1.086400193242622436e+03 1.415217792158125576e+03 1.510413540709500513e+00
1.159433813072653038e+03 1.462174298156700161e+03 1.375502913565872731e+00
1.021117610278121447e+03 1.482863275243859334e+03 2.104716125882029498e+00
1.105599169998836942e+03 1.474762333285642399e+03 1.228947116310506349e+00
9.755520129283102051e+02 1.503422774627236095e+03 2.508280095187074288e+00
9.567687006367737013e+02 1.569656109936750454e+03 3.101513477193157620e+00
1.078761755509530758e+03 1.572538287476978439e+03 3.498304830235273583e-02
9.254429871766499218e+02 1.644939465850955457e+03 2.456953821726441056e+00
1.025339401301688895e+03 1.643745730023706528e+03 7.439416941511930448e-01
1.142321632932852026e+03 1.630671697809106035e+03 2.555648126866478728e-02
1.169262224054300987e+03 1.356386125491101211e+03 1.075405700709344270e+00
1.084741803985620436e+03 1.414041646801616935e+03 1.588053080678337503e+00
1.260112528083822781e+03 1.460713150481201865e+03 1.430495148561785390e+00
1.156646946242713284e+03 1.463253124404776372e+03 1.498827108999698066e+00
1.102824873898106262e+03 1.474956384980658413e+03 1.287941100036539943e+00
1.210680416331160131e+03 1.489857508622275645e+03 1.285479793160586359e+00
1.308398854250001705e+03 1.503160553647635197e+03 8.687468540854654808e-01
1.077480222542503270e+03 1.572814537115587655e+03 3.118717080481875570e+00
1.226028031020859544e+03 1.583878434472739627e+03 1.857154823746588190e-01
1.301552595672303141e+03 1.630748857391899492e+03 2.680865705102416285e+00
1.146964199528811605e+03 1.630503166253901554e+03 1.974159179334341457e-02
1.257821375358711521e+03 1.617724200254345305e+03 1.125549192668927168e+00
1.259111465484353857e+03 1.458695691794752520e+03 1.363110220291651409e+00
1.392352797240729160e+03 1.478638065600093341e+03 1.965912170048712548e+00
1.308124637605553289e+03 1.503262081807242794e+03 8.681689880364956702e-01
1.209168779963234556e+03 1.491414492988895290e+03 1.279079084944166889e+00
1.225597352324305575e+03 1.583816565990298841e+03 1.554433039652950432e-01
1.310164790296463934e+03 1.632125022068026738e+03 1.807518118990031342e+00
1.254670044892799979e+03 1.619253427744311693e+03 1.119095747273219699e+00
1.527969218738194058e+03 1.424865803421558894e+03 1.110146856342091981e+00
1.391942745239766055e+03 1.479677474373640052e+03 1.987990632895527687e+00
1.510639865462304442e+03 1.558980960971849981e+03 1.598371922096248454e+00
1.571385203860736738e+03 1.555847001937064533e+03 2.085405643139914389e+00
1.526496043183507936e+03 1.422137793780709217e+03 1.216314908770181002e+00
1.570996707372211404e+03 1.555634304196856419e+03 2.070365160474120003e+00
1.508921847257566696e+03 1.558362815864042204e+03 1.629940246087982159e+00
6.079376948072127789e+02 1.508626577919452302e+03 3.041929385025996968e+00
6.160868611429341399e+02 1.509449876558296410e+03 3.029291159982228088e+00
8.205212916922578188e+02 1.534519697680209674e+03 2.643676956423925084e+00
7.273335358168417315e+02 1.581547063524523310e+03 2.954202763108000784e+00
8.361917384556716115e+02 1.605031480998900633e+03 2.455959230304325835e+00
7.401997588988346024e+02 1.640333141484406269e+03 3.498546936300481192e-01
8.205919103347712280e+02 1.528778539216965100e+03 2.663911116860865569e+00
9.568680784675191262e+02 1.568913878457273540e+03 3.111939505892155733e+00
7.255103661301807279e+02 1.582651758427581399e+03 2.944936060685088286e+00
8.357918402741198634e+02 1.604620660725486687e+03 2.495662994851415295e+00
9.283701477499064367e+02 1.642003703552208208e+03 2.367914043379114375e+00
7.386789449641754572e+02 1.639084835863798844e+03 3.786738388181911663e-01
9.245352579163563860e+02 1.719270008031459156e+03 3.059158400402032463e+00
9.982859948657235236e+02 1.769323319049656220e+03 6.531191445054115308e-01
8.969834563784127113e+02 1.780628908872855391e+03 2.680236460537303689e+00
9.559002236797564365e+02 1.567364622593366448e+03 3.120507358601052772e+00
1.077653424342086964e+03 1.571060205811839751e+03 4.303493680042487501e-02
9.260172113667119902e+02 1.640760988866754133e+03 2.399487329194636143e+00
1.025504581540268646e+03 1.642018996820302391e+03 7.672923480668288887e-01
1.147139193062595950e+03 1.628240549800833151e+03 1.706856386870359704e-02
1.048309341632257201e+03 1.684887008980245810e+03 8.677823116070264575e-01
1.146122483772574014e+03 1.684791052473939089e+03 6.926738787784911811e-01
9.225009201050438605e+02 1.719374142613701906e+03 3.008231685139162170e+00
9.989066190025312153e+02 1.764122276259003911e+03 5.749186185720606135e-01
1.172889375958998471e+03 1.753717536013319659e+03 1.426641857407805913e+00
8.925370438602171816e+02 1.780251659908769170e+03 2.622323818919009231e+00
1.098158073972615284e+03 1.790742461068860621e+03 2.189583079241614438e+00
1.076798071086697291e+03 1.570907344848687444e+03 3.105688156147172307e+00
1.240765919673338885e+03 1.598445311838929683e+03 6.655929713382587876e-01
1.309796984286619363e+03 1.632999313140677032e+03 1.829005866149186810e+00
1.147430826687285617e+03 1.628565720330067279e+03 3.365537290952311245e-02
1.145092955566821956e+03 1.684970314853176660e+03 6.169805561798135107e-01
1.046455187524681378e+03 1.687043158636095086e+03 7.516871756673111360e-01
1.172125049654425766e+03 1.753711321589149975e+03 1.406610993357315653e+00
1.095885994746533015e+03 1.793616640649257533e+03 2.210647131411128008e+00
1.196278630235151013e+03 1.800999051274024623e+03 1.069347347324540287e+00
1.225843230617791960e+03 1.582476202126650833e+03 2.333408779000571143e-01
1.311811996463775358e+03 1.632298865281878079e+03 1.739094451121802276e+00
1.255957181761873926e+03 1.620502590524435846e+03 1.104943015090454450e+00
1.199883230287081460e+03 1.799348750401291454e+03 1.007522981619968894e+00
1.510466149372150539e+03 1.556473938650147147e+03 1.601793202294260698e+00
1.571054798031760583e+03 1.553980259717045101e+03 2.071314868938254783e+00
1.554388428087680495e+03 1.777340256879243725e+03 1.999524009029969296e+00
1.498921361537328266e+03 1.787683308525919756e+03 1.123198531142388212e+00
1.570138820380837387e+03 1.553167436267179255e+03 2.053242354701784400e+00
1.510711592471734320e+03 1.558174998311963236e+03 1.603665966250036323e+00
1.551037212222537619e+03 1.776377767400913172e+03 1.996235030729969884e+00
1.512132533990100455e+03 1.777577194282436039e+03 1.081561761535363431e+00
9.232050502128729477e+02 1.718256872262649722e+03 2.982836726609361389e+00
9.992263472971592364e+02 1.765195505638791474e+03 6.632774515134287618e-01
8.949143626410880188e+02 1.780218968283097183e+03 2.657896653265194420e+00
9.967310549866442670e+02 1.837869386510545382e+03 6.138422657246568603e-02
1.005200813792074996e+03 1.904203725188370299e+03 2.838704871523815010e-01
9.627348061996472097e+02 1.971949199819131081e+03 5.363076269555511200e-01
1.048334775222544977e+03 1.682174665342404978e+03 9.333376832504309828e-01
1.140649037901682959e+03 1.687429657987994233e+03 6.740361567087204131e-01
9.212975244078329524e+02 1.716818631571025207e+03 2.964039046855611925e+00
9.999318408944557177e+02 1.763016077748547332e+03 6.115131300609339959e-01
8.941892084927808355e+02 1.777248851253673820e+03 2.638131861303456560e+00
1.097356891926778189e+03 1.787458537834442723e+03 2.177165875185290922e+00
9.976020562883218190e+02 1.837792615939194775e+03 3.117813280306358070e+00
1.121586466578776935e+03 1.881552034356679769e+03 2.990780530595645192e+00
1.005629118869943113e+03 1.903445803758600960e+03 2.654566777256200383e-01
1.095671965993906042e+03 1.947718929947511697e+03 2.720624095945914367e-01
9.626568448705368155e+02 1.972719913487344456e+03 6.362970250865515043e-01
1.176033209195702966e+03 1.755943282507609638e+03 1.446999590216468956e+00
1.145964965853321928e+03 1.682420496925064981e+03 6.930812635146283984e-01
1.047767655260599440e+03 1.683747926418975112e+03 8.184732182294940372e-01
1.172031100804462540e+03 1.750762734256816884e+03 1.352727310498874846e+00
1.095701470697692230e+03 1.787685128653605716e+03 2.234742907929073041e+00
1.198100736105404394e+03 1.797005872795485629e+03 1.049201400815493068e+00
1.271238059429690793e+03 1.842958079528596727e+03 2.141520586543324445e+00
1.121586968287287618e+03 1.882558988600316752e+03 3.039583942441000275e+00
1.239823728898821855e+03 1.919167923756343953e+03 4.668809979441799346e-02
1.093867084240416716e+03 1.947138396981337792e+03 3.004841414316938297e-01
1.222953644196847790e+03 1.973931565926235180e+03 9.810354277692133473e-02
1.499317231965298106e+03 1.787084036791226936e+03 1.212990291500649631e+00
1.195452743644440261e+03 1.797704113704828615e+03 1.009841406776942341e+00
1.270640934210562818e+03 1.842050198906149262e+03 2.189736769484638135e+00
1.348313455526609005e+03 1.896196907197442215e+03 1.570122241023660825e+00
1.442058541498472096e+03 1.904377718663462929e+03 8.126886906885413264e-01
1.236810149066874828e+03 1.919285953720183898e+03 1.622804318428626089e-02
1.554335884928698079e+03 1.774704039882377856e+03 2.001530107066922248e+00
1.499185172279112976e+03 1.785204965825867248e+03 1.223865811796632563e+00
1.346552006735827945e+03 1.893338382414421631e+03 1.593544799811615231e+00
1.441380529228184969e+03 1.903997366563383821e+03 8.138916309310552100e-01
1.553179849247842640e+03 1.775422075554676439e+03 1.981862412655999162e+00
9.915970729573393783e+02 1.836172293810931706e+03 3.038286284372795798e+00
1.003996412189997955e+03 1.902319099335031297e+03 1.886124444053051130e-01
9.623312957129039660e+02 1.967729551196316606e+03 5.386333964791472084e-01
9.940554042892022153e+02 2.032919389234673872e+03 2.804914873691394805e-01
9.968450298715158624e+02 1.835406094768702587e+03 3.071974033085591582e+00
1.121453609555214825e+03 1.880691208313176958e+03 2.937253779873245207e+00
1.005777681146320901e+03 1.901965240685554818e+03 2.002432739786829674e-01
1.095082850990142788e+03 1.945989033037644276e+03 2.188663107307899092e-01
9.638599553497278976e+02 1.967718061643480269e+03 5.458924539855335434e-01
1.030203115833473703e+03 2.002490469767166815e+03 1.133768290638529075e-01
1.118553495988604254e+03 2.026382991512853550e+03 1.025069287143080210e+00
9.835407207459909387e+02 2.039326865036224262e+03 2.432201700386776022e-01
1.274475156319814687e+03 1.845076754984189165e+03 2.174844964101616540e+00
1.121038726781424884e+03 1.880796373432889368e+03 2.997875869379301061e+00
1.239049934819079681e+03 1.917495309345353235e+03 6.775351592046277224e-03
1.094605476086155932e+03 1.945733742003076259e+03 2.205978740223446810e-01
1.224074681897997607e+03 1.973570381020660989e+03 1.057127422184997306e-01
1.029603455377942510e+03 2.001522562878315512e+03 1.309530824428928042e-01
1.117509178282814673e+03 2.027013508592893231e+03 9.389984733139910000e-01
1.215652489841599390e+03 2.035815261341430414e+03 6.726710672949050007e-01
1.253404856846777420e+03 2.067803366290396752e+03 1.418139478329031311e+00
1.271115289830788015e+03 1.842874855825946042e+03 2.211283600980947117e+00
1.348676688402560103e+03 1.895018381135164873e+03 1.597990212533177745e+00
1.442116130436158528e+03 1.903590802394467573e+03 8.398666263392640108e-01
1.238312514565061974e+03 1.917269920593142160e+03 3.115066821660056995e+00
1.222218642324048460e+03 1.974534367310143352e+03 6.696423448893637498e-02
1.378699084016164534e+03 1.991584345648570434e+03 7.632536310454643980e-01
1.214716530173438059e+03 2.035731496054443141e+03 6.077446207768681941e-01
1.252910444202324470e+03 2.066761358934309101e+03 1.377685857957412940e+00
1.346285414275087760e+03 1.897858703822527332e+03 1.685942712777320329e+00
1.441076445847859986e+03 1.904513872795622774e+03 8.635606277999177127e-01
1.377218460755094384e+03 1.992605660890337731e+03 8.069080443231876343e-01
9.786547390108880791e+02 2.042885694538587359e+03 2.325906118622381169e-01
1.033026388768542347e+03 2.000789688823484994e+03 1.153460908174457761e-01
1.118416025190488881e+03 2.026622860813431089e+03 1.015077428342551880e+00
9.823560739950846710e+02 2.040767678581747987e+03 2.277164592453217451e-01
1.036820358796351911e+03 1.998477082151009654e+03 3.131444413737293875e+00
1.118414209512355228e+03 2.027160454454943647e+03 9.152425868881529647e-01
1.214149017901438128e+03 2.037409605353739607e+03 6.088031964093516546e-01
1.254523615140674337e+03 2.067528249877531834e+03 1.358163971226049593e+00
1.378210791330084476e+03 1.992136995195135569e+03 7.851333426695940032e-01
1.213826725806115746e+03 2.035994504176735973e+03 7.964141823987697100e-01
1.253096664302737736e+03 2.067255705071130251e+03 1.375484780879700830e+00
1.379557509579503630e+03 1.989733736753119047e+03 9.573221564503805459e-01
