1.140976940753669737e+02 9.435727746482200473e+01 1.727190427529697203e+00
1.108404088315135709e+02 3.394907957592869820e+02 2.360930746208632636e-01
1.632892946950873466e+03 3.249952322751591396e+02 7.550014352172849108e-01
1.523821733169404297e+03 3.729133843768099723e+02 1.023560829625015378e+00
1.633750089020532641e+03 3.240498805806628297e+02 7.186323702923514967e-01
1.525781519513458079e+03 3.683998624827149797e+02 9.175184222775020215e-01
1.718178589904579894e+03 3.738305805045640682e+02 2.987273613949214202e+00
1.914229895414895509e+03 3.644765972230130728e+02 3.117665140095002396e+00
1.718211108381487747e+03 3.724761281343744486e+02 3.061060013773397426e+00
1.914666087530995810e+03 3.666293728690279750e+02 9.381060364094427617e-02
1.101537709005776833e+02 3.363238556212138519e+02 2.300282837029474781e-01
6.875549484158548807e+01 4.826613466079049886e+02 1.454199205573461162e+00
3.113538418295141241e+02 4.831065120439336624e+02 1.662884126902158810e+00
2.185098055087823354e+02 4.941516925434389123e+02 2.747263954737573677e+00
3.105261607758508831e+02 4.834103601515059836e+02 1.772453084825326597e+00
9.865065952255138200e+02 5.020631197589530075e+02 2.085810685980384882e+00
9.869607113465694965e+02 5.076478672936596013e+02 2.032889061355137805e+00
1.632524534444225310e+03 3.245297218888410953e+02 7.032311585245137886e-01
1.522812765301038098e+03 3.711766769257900478e+02 9.751929936273211474e-01
1.582723172894692198e+03 3.953137881896822137e+02 4.290948996119187120e-01
1.617041859837262791e+03 4.526652185863993054e+02 5.541792079615834865e-01
1.651126471996632063e+03 5.031694622211451815e+02 7.336331152697520563e-01
1.480788943113575215e+03 5.267217132149158942e+02 7.212161218439661070e-01
1.632193864007605953e+03 3.247083312375136188e+02 7.142119052903993515e-01
1.521894190376611959e+03 3.715267832598884752e+02 9.759312584395515300e-01
1.718330381582495420e+03 3.730532202311715082e+02 2.895696064611910536e+00
1.582094918169482298e+03 3.953105471787113174e+02 4.489476399701398113e-01
1.615876239405684373e+03 4.519829748765630484e+02 5.901383771250919841e-01
1.682994132791382299e+03 5.102865564923224611e+02 6.432017161876821820e-01
1.915520936627317496e+03 3.649423553958131379e+02 1.948190412450481745e-02
1.718241649499269897e+03 3.729448795688335849e+02 3.002131565972927962e+00
1.826966007936454844e+03 3.917151391246630965e+02 2.488157580071607811e+00
1.926784359085389951e+03 4.290570843945608885e+02 2.466440275047063313e+00
1.679907834384110402e+03 5.066049920360167107e+02 2.265678353440239157e-01
1.724220846025856645e+03 5.207791236848929657e+02 8.363038298563048034e-01
1.913691566990644787e+03 3.651225952555394088e+02 7.224755942134677977e-02
1.926008487659702496e+03 4.299849952558206496e+02 2.547445691139787360e+00
1.831911011766848560e+03 5.384094314157488270e+02 1.017493624653593720e+00
6.815181970583768134e+01 4.830652049341434804e+02 1.430659230517976388e+00
3.115504149111103516e+02 4.831484732578448984e+02 1.677888649366366947e+00
2.187769147059972852e+02 4.942857457229901001e+02 2.784649806890298507e+00
3.105689112065911104e+02 4.828903818314400951e+02 1.704025515516199407e+00
9.873799299334873467e+02 5.060037076809446717e+02 2.015134743863350675e+00
9.566128531214551458e+02 6.400587603314429543e+02 1.197976227078622946e+00
9.871797568786148531e+02 5.063903001736107399e+02 2.015435925823054308e+00
9.563755183537546145e+02 6.407434095010152078e+02 1.177933622249279111e+00
1.316715521723726852e+03 6.881837091375382442e+02 7.020704708577735209e-01
1.482991271696530703e+03 5.241503885125158604e+02 6.903492475140564633e-01
1.406594799230185117e+03 6.091884953312140851e+02 6.678076333888718352e-01
1.484019024133055154e+03 6.415596298637406107e+02 3.346937038868506020e-01
1.318329349550467214e+03 6.874403138818886418e+02 5.767389722331737190e-01
1.578091023480878221e+03 3.927015837201064414e+02 2.773083671870482991e+00
1.615870032542540230e+03 4.516670518698127808e+02 5.804605710998690382e-01
1.652854352138337845e+03 5.003796067093992406e+02 6.149130164532320419e-01
1.480059203448759945e+03 5.262811268872077335e+02 6.966715470056301651e-01
1.603171727501204259e+03 5.917384285869885616e+02 2.744822908857036947e-01
1.404851947879575846e+03 6.114071430806734497e+02 6.460901140681079013e-01
1.485588403710276680e+03 6.401225898753029924e+02 2.164743798256895946e-01
1.581301290385775019e+03 6.621164971723925419e+02 9.577904512541102200e-01
1.582237179664500218e+03 3.915734076743680134e+02 3.891385243769535651e-01
1.616493866708278802e+03 4.514518073094230886e+02 5.449729799923621609e-01
1.686228956267599870e+03 5.088862445924070244e+02 5.030304544638054542e-01
1.603713274226467774e+03 5.918856479270721138e+02 3.069861375365299239e-01
1.678782093671007715e+03 6.131734326178175252e+02 9.713309444268847237e-01
1.777035462803243718e+03 6.202357322642540112e+02 1.302080783882859361e-01
1.581808191090511400e+03 6.606181946117894768e+02 8.929614234759657432e-01
1.690630227243704667e+03 6.660782426840510198e+02 2.953607558874752126e+00
1.827260449741435650e+03 3.908573997637488446e+02 2.506339042442903509e+00
1.926865269609042571e+03 4.250031811470884122e+02 2.390784544564045433e+00
1.700489115933771245e+03 5.150003586779075704e+02 3.863626330798322073e-01
1.826469173040656415e+03 5.405713597583439878e+02 8.866580492922544465e-01
1.886322924655079078e+03 5.728713183394914950e+02 6.767000552626928345e-01
1.677421395075533155e+03 6.112188481436595566e+02 8.803024711736051611e-01
1.774721338031952882e+03 6.201822947926027609e+02 1.848087782432164816e-01
1.908905777482434587e+03 6.211299440410092529e+02 4.281780077902356263e-01
1.704552220080216557e+03 6.680979769050646837e+02 2.079833086206542558e-01
1.828933975199323640e+03 6.928341813428753539e+02 1.701390471506051272e+00
1.953541736749854408e+03 6.926093423686018014e+02 2.734499458591045595e+00
1.830751413902182549e+03 3.936083346101974030e+02 2.562215334220863561e+00
1.924750714993486326e+03 4.277083549637312672e+02 2.500440047028681168e+00
1.884554761469325285e+03 5.719408811794487519e+02 7.171683170197292734e-01
2.008094950812142542e+03 5.674444557897206778e+02 2.995903189351202922e+00
1.908071095224639066e+03 6.209002231577359225e+02 4.592771425161221721e-01
2.006430998229545366e+03 6.525952556600268508e+02 2.095055779961672471e+00
2.082103545579323054e+03 6.566839831074125868e+02 2.128238093069608539e+00
1.956417749439554882e+03 6.911639366616984717e+02 2.944588320186558583e+00
2.006174782067520027e+03 5.669545795861022270e+02 3.077532549028466402e+00
2.003374853039935260e+03 6.514116583402403649e+02 2.116225761876063594e+00
2.079351192452917076e+03 6.549462476781811802e+02 2.110384156762252772e+00
2.150169212023455202e+03 6.597510324869124361e+02 2.274253010763541027e+00
2.241518252579558521e+03 6.549332487017916264e+02 5.502941953181985507e-02
9.568166731221424470e+02 6.395059536111805301e+02 1.207484063287097564e+00
8.926475622108064272e+02 7.408436598763818211e+02 2.039407135989733888e+00
9.444880740214364323e+02 7.487731446761604275e+02 1.353407119366825118e+00
9.774134022816440392e+02 8.182059238735962481e+02 7.158024221845195045e-01
9.561828373444066074e+02 6.398106992430565469e+02 1.206997057449648914e+00
8.923095646076060348e+02 7.405991381186726130e+02 2.070851498503877508e+00
9.436871993359357020e+02 7.492712443813570644e+02 1.383683590619352088e+00
1.165245873699702770e+03 7.455100240426855862e+02 1.437475588807120896e+00
9.767533805343632594e+02 8.156586062161655946e+02 6.712721615095176286e-01
1.321602482934436239e+03 6.848308760085402582e+02 4.660293498545770019e-01
1.161236957013510164e+03 7.436166310510843687e+02 1.463917144500344270e+00
1.227860358515850521e+03 7.609128447184384640e+02 8.615974641186638916e-01
1.260646280439556676e+03 8.174810027354703834e+02 8.676103563128352292e-01
1.407915647155687338e+03 6.082043924346336325e+02 6.631288901707634853e-01
1.487298614555266113e+03 6.382205808517953756e+02 2.331420051522007097e-01
1.319996749377427022e+03 6.849887444868036255e+02 5.390878764651196864e-01
1.227864906306710509e+03 7.604099852232486683e+02 9.416690937506877468e-01
1.366534400639757905e+03 7.955799623061307102e+02 2.099173455440164204e-01
1.259864772887159006e+03 8.172179133625545546e+02 9.848239388046978737e-01
1.443620136467720840e+03 8.445346133397301855e+02 2.669556982817399837e-01
1.605555900557094674e+03 5.892619185816242862e+02 3.248095161173183421e-01
1.407478681973643006e+03 6.091181333678757710e+02 6.729758726071534136e-01
1.487083146193282346e+03 6.381769927880536670e+02 2.568783904248401195e-01
1.583795035090330430e+03 6.583854904722153378e+02 9.134861504650960695e-01
1.652467718876387153e+03 7.202972234607125301e+02 2.701185928180996676e+00
1.504779868303940930e+03 7.403033910155426156e+02 2.674081692886159711e+00
1.594127847941030495e+03 7.396836823109846364e+02 2.556356917542505602e+00
1.364230546739363035e+03 7.972753528440484843e+02 2.765581655910133718e-01
1.557020351128346420e+03 8.000747014863160302e+02 4.744845588140676473e-01
1.442355387811096080e+03 8.458768640034860482e+02 3.457847882992091670e-01
1.604026777055505590e+03 5.910939454088274942e+02 3.614855853455897772e-01
1.677566922282172754e+03 6.133514853963253017e+02 9.607960456380976177e-01
1.776198246788051165e+03 6.189290856216827024e+02 2.333038154272645825e-01
1.582686560646293174e+03 6.584134676925777967e+02 9.178096994868384373e-01
1.691003806788625297e+03 6.643968339691123219e+02 3.086410654531111852e+00
1.650270801093817681e+03 7.191310007214295865e+02 2.705696469758964273e+00
1.594191474869329568e+03 7.388830430339984332e+02 2.606879859819672962e+00
1.752420689125101717e+03 7.350598279158892865e+02 2.801556803152484232e+00
1.555620597810160689e+03 7.991139369203891647e+02 5.057233126517354238e-01
1.679925512348370830e+03 7.999762084012827472e+02 2.610088857478474744e-01
1.886065395774186300e+03 5.717394086174138010e+02 4.957420545308383608e-01
1.675102054482491894e+03 6.109126717897562457e+02 8.943645363745368337e-01
1.774629285206855002e+03 6.193514047981659587e+02 2.289630754380359290e-01
1.907484538577461990e+03 6.190865033123560579e+02 4.337923700926080151e-01
1.694603386356131296e+03 6.664157253767154998e+02 1.846873447593049833e-01
1.828337412671054835e+03 6.928734225983258739e+02 1.686245223645213009e+00
1.960451934399250604e+03 6.887788407370128425e+02 2.854218498769488299e+00
1.899381237993659397e+03 7.274562766879888613e+02 1.983935809272949991e+00
1.752228646267526528e+03 7.355857697882227058e+02 2.862570168860802955e+00
1.963613132214898542e+03 7.801196439432630996e+02 1.963848254672951210e+00
1.845667057044418243e+03 7.947888976379583710e+02 1.188185586760079487e-01
1.679203845238220538e+03 8.014145170759486518e+02 2.747676821582918927e-01
1.800604834208583497e+03 8.391934025866587490e+02 2.372265633033482590e+00
1.882515015217046766e+03 5.699681080878823423e+02 7.501929935562092755e-01
2.008550702337604434e+03 5.677532395399261986e+02 3.085149328799511537e+00
1.907486527809903691e+03 6.201672112459593791e+02 4.464910337903216786e-01
2.006707475243500539e+03 6.532289842608879553e+02 2.107451408007734450e+00
2.081191460932232530e+03 6.546855400551853563e+02 2.155621747191432735e+00
1.958607727089903619e+03 6.884005696360101183e+02 3.019259646079487602e+00
1.898028210894845870e+03 7.264812792741325893e+02 1.973388193221876641e+00
2.069050697469302122e+03 7.407905535979663227e+02 1.937444009231299225e+00
1.962152873814949544e+03 7.789373683902177845e+02 1.971188375219836253e+00
1.846372968312137345e+03 7.935584277575202350e+02 1.443012786582087426e-01
2.141690027185030431e+03 8.402569502829187513e+02 2.490656149473378544e+00
2.009202753068672337e+03 5.674127727969625994e+02 7.858605813672418783e-02
2.003423821587773546e+03 6.535157621160076360e+02 2.130610981629482925e+00
2.079940408942523845e+03 6.544338551841879053e+02 2.132223042501250276e+00
2.149723466869919321e+03 6.588947031836632959e+02 2.301432908220995888e+00
2.240808365092356325e+03 6.546760646602252791e+02 3.504986537665406854e-02
2.067961709013284690e+03 7.407376942960834185e+02 1.914063087869485313e+00
2.184700892412106896e+03 8.229275173808247246e+02 2.747821043845117384e+00
2.134533610812081406e+03 8.419409412853067352e+02 1.888704658558660654e+00
9.946369209792726451e+01 8.611435486618287314e+02 2.535622006960315922e+00
8.921893519177428971e+02 7.395424055299258725e+02 2.062031125497324258e+00
9.436681767921420487e+02 7.477883205600520569e+02 1.432851102345520378e+00
9.770266654402314543e+02 8.146619990176943702e+02 7.316099545881791233e-01
9.455653527454246614e+02 9.247481589255116887e+02 1.294993667350554656e+00
1.013006641170114335e+03 9.329469141217216475e+02 7.723953817251769660e-01
9.850844199358384685e+02 1.015409240433608147e+03 6.929849911932697282e-01
8.951372139390664415e+02 7.431342376668030738e+02 2.120385592590096735e+00
9.416204107344271961e+02 7.463749344180323533e+02 1.477059057283423904e+00
1.163051554065383698e+03 7.453857747151325839e+02 1.498470138007936825e+00
9.770006342888636937e+02 8.141438099971270503e+02 6.845837771214887679e-01
9.456085943130042324e+02 9.249204475387653019e+02 1.300645401664370926e+00
1.011478868308561232e+03 9.310879499671561916e+02 6.756199338148810574e-01
1.079081041125124557e+03 9.623776829280934635e+02 1.276743819069461106e+00
1.133075152103083838e+03 9.992998982451936172e+02 6.255554719087960125e-01
9.842372711770342448e+02 1.013573788094023257e+03 5.911356414276722759e-01
1.162440384490473207e+03 7.421999219347242160e+02 1.478101981035371049e+00
1.229086734636878191e+03 7.596151277422902695e+02 8.154904641271506494e-01
1.262571911170878820e+03 8.144602930958759544e+02 8.191599162008038615e-01
1.259250064887785584e+03 8.793134227919460955e+02 5.461001521547396154e-01
1.292972453889088911e+03 9.377223501568810207e+02 1.025813500763685715e+00
1.078017431328093835e+03 9.629970957681402979e+02 1.324734755347532156e+00
1.130252528304522912e+03 9.956426018112588281e+02 3.977193930119232723e-01
1.225057422268030905e+03 7.594908866270916405e+02 8.765052592529982700e-01
1.366696321521154914e+03 7.950203170951460834e+02 2.307246595262528455e-01
1.259932974903348168e+03 8.161883512419764202e+02 9.353324705404647554e-01
1.446385753314130397e+03 8.416765721209677622e+02 2.623396852961419334e-01
1.257787422000075139e+03 8.793274629311410990e+02 6.840378293695954515e-01
1.391467515328963373e+03 9.052131089578351748e+02 2.178645605633318549e+00
1.493508818970729180e+03 8.959300042186202973e+02 2.945818994733694129e+00
1.291315502201315894e+03 9.390620409053371986e+02 1.063686818661478295e+00
1.505341492204278666e+03 7.395162850873323350e+02 2.759335789083324553e+00
1.594660296014619007e+03 7.379349468588447962e+02 2.664826282635301968e+00
1.362536124488132600e+03 7.951222334058095385e+02 2.853464461790762297e-01
1.556140860692884416e+03 7.990089008354092357e+02 4.876583185820946853e-01
1.443575992423698835e+03 8.427567125504933756e+02 3.096339694089456085e-01
1.590550198489901959e+03 8.782246783847717779e+02 1.702138260967287486e+00
1.389463158687480927e+03 9.036114183630306798e+02 2.155193437669791656e+00
1.490290925735865585e+03 8.956309333977444567e+02 2.989551461497997664e+00
1.655398119551827904e+03 9.067787737628791547e+02 1.334532911313172310e+00
1.532295670141199025e+03 9.590471472412662024e+02 4.036860786967679804e-01
1.588813405136204892e+03 1.007340968802617681e+03 1.494975291150511643e+00
1.649188233023857947e+03 7.186038124660930180e+02 2.728547028342382497e+00
1.754694205159906687e+03 7.326582132534507537e+02 2.902517586284129703e+00
1.592429639665242348e+03 7.381980150327329966e+02 2.676674595844550364e+00
1.511309439659028840e+03 7.412388299084343544e+02 2.846011725925825964e+00
1.555908021914960500e+03 7.982155542690059065e+02 4.690281246885547595e-01
1.680065303328173513e+03 7.989731390783243796e+02 2.846911396875502764e-01
1.803377762912508388e+03 8.392110149634171421e+02 2.557406259447779551e+00
1.589779867846883462e+03 8.800593697815857013e+02 1.727210984275883821e+00
1.760972986891114260e+03 8.695564277968387614e+02 2.082873543760950241e+00
1.653294660681373898e+03 9.053414256301646219e+02 1.283367387685044436e+00
1.714384717907263166e+03 8.971890024330666620e+02 1.949018492624863930e+00
1.530704159444617517e+03 9.602820415240721559e+02 3.437330332791859733e-01
1.586465517974500244e+03 1.009024457544694542e+03 1.558453130808949760e+00
1.719220172882697398e+03 1.005125894261885833e+03 2.392712474079775831e+00
1.899759343180139695e+03 7.267079034929174668e+02 1.999626518147699983e+00
1.752687329581239510e+03 7.347594884304174911e+02 2.911405884535538835e+00
1.967003242634794788e+03 7.802870500335283168e+02 1.896028744958078383e+00
1.846098896112045850e+03 7.929643050279847785e+02 1.199324325732459146e-01
1.679711033638445770e+03 7.993997232555789196e+02 2.925677610559276887e-01
1.805437901962039177e+03 8.388116664337605926e+02 2.603480993162204271e+00
1.760768231151919963e+03 8.710889921432963092e+02 2.153660394220837659e+00
1.713769585078419595e+03 8.991409467596688501e+02 1.888555607855631813e+00
1.847580467388093439e+03 9.452238178990037341e+02 2.155055964821809500e+00
1.718794819785594200e+03 1.007913739213352983e+03 2.403272787264692845e+00
1.898129891085761756e+03 7.283525432747834429e+02 2.026799440274563047e+00
2.069430078607293581e+03 7.424418759096242866e+02 1.978091101252335893e+00
1.963772753979299978e+03 7.804774747112898012e+02 1.955497904895878936e+00
1.847126776174011184e+03 7.933043209855718487e+02 8.097624000770109465e-02
2.138682924574399294e+03 8.445501124424034742e+02 1.999405846713021351e+00
1.844485389109977632e+03 9.460671632719686386e+02 2.216160056255619182e+00
2.067886610045444286e+03 7.422758473350938857e+02 1.990473580951048760e+00
2.184755898767151393e+03 8.236712692506197300e+02 2.768748421065877707e+00
2.133997307097529756e+03 8.422414148349848801e+02 1.966929020348263224e+00
4.907621013955297258e+02 1.086364634671624344e+03 9.655625471488823441e-01
3.902558763085939972e+02 1.101609172420108507e+03 6.798167966031879450e-01
5.088900240938869501e+02 1.172572023796939447e+03 7.650052196926678816e-01
5.859254678122962332e+02 1.055728408533012498e+03 6.234395278562039344e-01
4.905313599372168483e+02 1.086033656533969861e+03 9.586910008360814972e-01
3.902776359173470837e+02 1.101596163751378981e+03 7.946409910124394571e-01
6.196304945277069010e+02 1.106398468217822483e+03 3.898709576321215398e-01
6.575255168147856466e+02 1.147582945738600301e+03 3.104247524255366208e+00
5.312199263618263103e+02 1.160005766386210325e+03 2.428586895165634474e-01
7.847501851172307852e+02 1.020644824601945402e+03 2.666509820588846003e-01
5.848614541644300289e+02 1.056763212796594871e+03 6.949252258456786180e-01
7.345504748968287458e+02 1.072765163483146353e+03 2.732764893429002750e+00
6.180679052743055308e+02 1.107492317520912138e+03 4.801163434541630970e-01
6.609763660952932014e+02 1.146957492324078657e+03 3.044747027847238829e+00
9.458008934312258589e+02 9.245115906010007620e+02 1.400916083493707331e+00
1.009552391624474922e+03 9.317076980275990081e+02 8.373799111754001157e-01
9.858651113979904039e+02 1.011385230461971332e+03 7.209241981836532753e-01
7.812690680933519616e+02 1.021910664939193111e+03 1.556769262395378828e-01
7.319407326000608691e+02 1.072728563004232001e+03 2.664767842441116308e+00
9.946855089610999130e+02 1.085018384748285598e+03 7.601380750444861611e-01
8.810244816660131164e+02 1.084089586581592357e+03 2.356189961216260398e-01
9.462183719853508137e+02 9.241138436493947665e+02 1.370060890307552626e+00
1.012099143124660486e+03 9.304357253987534477e+02 7.460213262320029015e-01
1.079691993985737554e+03 9.614707058420606245e+02 1.333598955691871701e+00
1.132807496107346878e+03 9.954236504102716481e+02 4.632381414337616299e-01
9.856744379265337557e+02 1.011109674891038139e+03 6.432088570171125008e-01
1.118559201141899166e+03 1.043075238649126504e+03 3.017588707255835612e+00
9.932700947882269702e+02 1.084566340588858338e+03 7.150810978301552767e-01
8.806593870097558465e+02 1.083952957666073416e+03 1.686951119214981365e-01
1.259054612427346456e+03 8.774139198358705016e+02 7.059650884872219478e-01
1.292478765102614034e+03 9.372323850125651461e+02 1.034471705194554225e+00
1.077465840885384296e+03 9.611406624250225832e+02 1.251423217109450370e+00
1.130798473995539325e+03 9.949067029285597528e+02 4.489812819316344461e-01
1.116452818198123168e+03 1.044381278370566179e+03 3.116230333858824419e+00
1.259932035556699020e+03 1.144229569518516882e+03 1.960088015335179845e+00
1.337579025463528069e+03 1.159371353898226062e+03 2.494434763781064657e+00
1.255467171580735567e+03 8.762555073580401768e+02 6.856753186191636429e-01
1.391043658517774702e+03 9.041742879168987201e+02 2.182334173541090827e+00
1.491058790132515242e+03 8.921182850504762882e+02 3.005394820035435899e+00
1.290930642915141334e+03 9.379498587638254321e+02 1.005996627510310937e+00
1.358250965875439306e+03 1.033228016042358149e+03 1.409823965513987490e-02
1.493376529070429797e+03 1.049340165022029169e+03 3.062599778509031978e-01
1.394069230135480211e+03 1.102220886200452924e+03 2.562744506922840060e+00
1.257899454803724439e+03 1.144919461552176699e+03 1.857023153686681693e+00
1.339698499162985627e+03 1.160680324440414324e+03 2.597902830085131232e+00
1.590774545164055553e+03 8.793174089550125245e+02 1.703769777923974660e+00
1.390026127049760817e+03 9.054059910030432548e+02 2.229646877591037413e+00
1.651736803236821515e+03 9.084980431673275234e+02 1.281856902032593837e+00
1.492652877157115881e+03 8.956153032128725044e+02 3.032372668805223270e+00
1.532830438192909696e+03 9.578784712297579063e+02 3.738395262158486498e-01
1.588536307317951241e+03 1.008075589155157559e+03 1.439339105168944588e+00
1.355038715624792303e+03 1.035000713548627346e+03 3.132578346470905828e+00
1.494504069248165024e+03 1.050153347569701964e+03 2.700438560504424546e-01
1.613883716128301330e+03 1.090694357590637537e+03 1.458975906093413988e+00
1.393016659652789940e+03 1.102311994125285310e+03 2.581768624946309210e+00
1.516214178152996737e+03 1.102805589714512735e+03 1.177686763092259614e+00
1.589396360881202327e+03 8.781817315677940314e+02 1.678497452809572854e+00
1.763934336936800946e+03 8.741193787675001658e+02 3.100850894572094507e+00
1.653340951436430942e+03 9.045288857851869579e+02 1.231155786753546977e+00
1.715018518222595503e+03 8.973237980243557104e+02 1.962463585700582325e+00
1.531029586411212676e+03 9.583579393606437407e+02 3.269157955998275855e-01
1.587450863480170028e+03 1.008360639089074994e+03 1.400987976906426846e+00
1.721616892926669379e+03 1.005212274433527455e+03 2.476532555513850653e+00
1.665075544816315187e+03 1.039915553404724506e+03 2.305387644246532641e+00
1.506550297086529326e+03 1.080020138477427508e+03 1.024479356735945368e+00
1.613347311841249393e+03 1.090852166090969604e+03 1.427599571736149153e+00
1.761837268141649929e+03 8.739417513300643350e+02 2.189736784070298814e+00
1.716775908987444836e+03 8.993748525081305161e+02 1.814191230091202867e+00
1.847844477637469481e+03 9.442291881799958446e+02 2.167478090583388806e+00
1.722072699253679502e+03 1.005878193889317572e+03 2.484132088545396133e+00
1.846379781716826528e+03 9.448881501280034172e+02 2.249409306638747275e+00
3.074279939952373866e+02 1.185691663838358409e+03 1.321284706783782514e+00
6.635506066981000117e+01 1.215121958362867645e+03 1.528792232856429623e+00
2.265259534793719922e+02 1.287874330685229324e+03 3.092827539364363387e-01
4.901400390965222869e+02 1.086950508809836947e+03 8.724001392402601640e-01
3.902684994652137220e+02 1.101116915345004145e+03 6.028825234623913509e-01
5.284491037093634986e+02 1.162113579416373113e+03 2.233310211532122114e-01
3.060694435588193301e+02 1.185914378563712944e+03 1.283107463964044515e+00
4.927896244882297196e+02 1.226842569936701921e+03 2.057369902981610821e+00
4.180027663432944109e+02 1.284910560682077630e+03 1.419089359542186513e+00
5.869398005961963918e+02 1.056341342948578358e+03 5.633236337333665800e-01
4.925268991959873119e+02 1.084538690807902185e+03 8.630951074235534426e-01
3.896953690766968066e+02 1.097831915374274104e+03 6.543081247704083392e-01
6.193432946378685529e+02 1.103942339824585133e+03 3.924223583240258884e-01
6.551326229655685438e+02 1.144781777495161577e+03 2.997765821529272845e+00
5.312136015175573220e+02 1.160931892308651641e+03 2.647423433887698407e-01
4.926671925114058013e+02 1.225670561518055138e+03 1.972710333158870233e+00
6.101098486322916870e+02 1.236831494534875901e+03 2.441153592337585554e+00
5.520194024705025413e+02 1.278720056426799601e+03 1.560861436951081815e+00
4.169801012428243894e+02 1.284360388418804405e+03 1.377458450340105944e+00
6.032462620691962911e+02 1.339687183939790430e+03 7.880995703676795250e-01
5.846000478295823086e+02 1.053346623155398902e+03 7.299269081407174786e-01
7.348289153515445378e+02 1.070382115006859294e+03 2.813648419606466167e+00
6.179142657933691680e+02 1.105181746989439489e+03 5.218522147059244665e-01
6.586914982517710087e+02 1.146433454562556335e+03 3.073282668547944407e+00
7.143375695237605214e+02 1.213955425375286040e+03 2.987491755476384903e+00
6.100307136023973271e+02 1.237528440733521393e+03 2.369786480716756571e+00
8.380564518070592612e+02 1.238984174581619072e+03 2.721548568183274508e+00
5.486254623619438462e+02 1.276911511110251013e+03 1.529847353064166082e+00
7.064859106654794232e+02 1.302986257036060579e+03 2.405960728413579108e+00
6.026836731229611814e+02 1.337820396191490090e+03 7.913946313638987595e-01
7.341693728232967260e+02 1.070322720646347307e+03 2.576049902858243978e+00
9.939485195801312329e+02 1.083071891316048777e+03 8.220527903153069804e-01
8.833803956233775807e+02 1.082715162039988400e+03 3.566267184710804616e-01
7.132948155325657353e+02 1.214507825782536884e+03 2.992934455346061284e+00
8.376178699505259146e+02 1.239485909974656579e+03 2.734004331653274722e+00
9.001550837795496136e+02 1.318766377576700052e+03 2.795258611723190789e+00
1.119099456583923256e+03 1.042536882626136730e+03 3.285476187565104095e-02
9.928398144893235440e+02 1.083792488107335203e+03 7.356676026052673123e-01
8.817143215013065856e+02 1.082340479358731045e+03 3.440240406451158806e-01
1.096497074633244665e+03 1.238751460496115442e+03 2.123173210027862190e+00
1.171223734576468587e+03 1.262089769915728766e+03 1.570196629437902169e+00
8.971072207949305266e+02 1.319916155196019645e+03 2.818324484083995607e+00
1.102309078878416358e+03 1.332092566728848396e+03 2.992595843755058382e+00
1.115928040433654360e+03 1.041965434613425714e+03 3.117356086590989950e+00
1.259050679394345934e+03 1.140556217885952037e+03 1.891618528934045695e+00
1.340941194048989473e+03 1.159433836307954834e+03 2.628955140857661910e+00
1.094923120274225766e+03 1.238167215714056283e+03 2.147188495946482423e+00
1.246268799905290734e+03 1.249701760979274695e+03 7.374131288388755534e-01
1.168731117676866006e+03 1.263331045525177842e+03 1.492221603340741831e+00
1.336665425011590969e+03 1.282906392857853234e+03 1.269192675133485437e+00
1.254540168945983396e+03 1.304178416708411078e+03 8.153083700962862057e-01
1.104505712218204053e+03 1.334741060140913078e+03 2.936171514612476940e+00
1.358908846399837785e+03 1.029636881791069527e+03 1.776687289640711126e-02
1.488582604147668007e+03 1.045821693763983603e+03 3.729802104195319434e-01
1.393815224555629584e+03 1.100993139498471919e+03 2.596194457869640981e+00
1.258245408427028678e+03 1.140729685769432308e+03 1.882508521287405312e+00
1.338692310744150518e+03 1.158452734566687695e+03 2.653413521327870672e+00
1.245118869988830511e+03 1.250748799679508011e+03 7.524475407327332332e-01
1.388242274243353222e+03 1.272195795080517655e+03 1.789691522844680582e+00
1.332562972227120781e+03 1.282966440350710172e+03 1.352227000598656970e+00
1.253854056883403018e+03 1.301498077483165389e+03 8.253510452349729354e-01
1.363013649144042120e+03 1.032366135997171341e+03 2.609571970896514270e-01
1.493813587434188094e+03 1.048128285780718898e+03 2.735901579897186964e-01
1.614936607007349721e+03 1.085680636903673530e+03 1.431744667836011509e+00
1.517570889757389750e+03 1.099916772235675353e+03 1.112617803866299493e+00
1.394267606205083666e+03 1.101754313693658787e+03 2.625463984043571841e+00
1.586682741897438063e+03 1.244323534299912808e+03 1.661436501206539296e+00
1.385135071994494638e+03 1.272376492292300782e+03 1.817658863897621879e+00
1.665165160798217585e+03 1.039733166876344967e+03 2.385438513873717081e+00
1.613523399482936384e+03 1.089676363708256076e+03 1.440738342418253159e+00
1.515058681199340299e+03 1.101287555978651199e+03 1.107819088970825039e+00
1.585730937992024110e+03 1.246447585016318499e+03 1.680542691072544503e+00
3.058401318592818825e+02 1.186748894208322554e+03 1.316550375507181458e+00
2.264485386858227685e+02 1.287387921058145594e+03 3.843333397581948918e-01
3.169704057610280188e+02 1.356265245292492637e+03 2.950029062393277890e+00
1.503615764701685293e+02 1.450250313036016223e+03 1.968700265477978828e+00
3.041050017851046050e+02 1.186576925748918939e+03 1.185070794294564189e+00
4.947381958426052506e+02 1.229201706027284445e+03 2.028257191589200481e+00
4.179046796061541045e+02 1.285200906896869355e+03 1.313515784866970293e+00
5.128151930203912343e+02 1.354132139475810618e+03 2.193381853321881181e+00
3.144370320624250326e+02 1.355990473282132825e+03 2.985881860333477800e+00
4.451840173624003683e+02 1.369877526148772404e+03 1.553364192257649989e+00
4.865076379111135338e+02 1.480383924541096349e+03 2.211648901200287565e+00
4.922714291861498168e+02 1.225157215586104485e+03 1.997499072890423166e+00
6.093938193932287959e+02 1.235640883099167240e+03 2.550855095114918925e+00
5.510398512617811093e+02 1.278028523967422188e+03 1.496086227200679630e+00
4.163770782888982467e+02 1.284318617236398495e+03 1.347926136556960364e+00
6.002819617919807342e+02 1.337791375426588957e+03 7.014186590466028326e-01
5.110631093423561424e+02 1.351271200107629738e+03 2.217654163138599088e+00
4.444884292162312249e+02 1.367542904179270863e+03 1.528280320044835383e+00
6.287239248891690977e+02 1.421245142990263048e+03 2.633718609103717689e+00
6.981461921459924724e+02 1.412259349140132599e+03 4.791121771010857788e-01
4.850295866883890312e+02 1.483072557410767786e+03 2.194851632934452290e+00
6.384879403107140661e+02 1.471761802657049657e+03 1.931128905211689784e+00
7.139005767685688397e+02 1.213264886547184688e+03 3.030813280231857032e+00
6.075502958225200700e+02 1.235635958761030906e+03 2.474861862648371602e+00
8.377415559102130374e+02 1.236818407574968205e+03 2.817384586627995180e+00
5.473389831332041240e+02 1.277827941964088495e+03 1.509270395032318746e+00
7.065121439174199622e+02 1.289366952268835803e+03 2.455546002527028815e+00
5.993891828848346677e+02 1.337820713188180662e+03 7.623838678139152059e-01
7.853052836355916497e+02 1.371479947260569134e+03 1.484368987437547638e+00
7.031355222297612499e+02 1.340626374092084461e+03 2.396158981123474696e+00
8.451285349075177464e+02 1.400150230570103759e+03 6.514693973308394170e-01
6.284075304249607825e+02 1.422531850426885740e+03 2.572398958909970279e+00
7.078323514739338407e+02 1.419095396421874739e+03 2.310998887234095633e+00
6.395253064487540087e+02 1.476428848864698921e+03 2.342628231761743951e+00
7.172974700702704922e+02 1.212189953405155393e+03 2.960546753810788356e+00
8.367910579462716214e+02 1.237650460097999485e+03 2.772359771896926617e+00
8.998686808230979750e+02 1.317096568174162257e+03 2.809201393482283926e+00
7.841092778603140232e+02 1.370269606789842101e+03 1.499074848714673447e+00
9.765047233369948572e+02 1.372002569049765725e+03 3.414798274356365959e-01
8.431230114805812264e+02 1.398540250000060269e+03 7.530039536656438770e-01
7.108109697157449318e+02 1.423716954800350322e+03 2.253106592180707413e+00
8.797822217340710722e+02 1.447704851712321442e+03 7.040219510571213979e-01
1.001562490744009892e+03 1.441789035434899915e+03 3.107497488577986466e+00
1.095700475762479982e+03 1.236627702168696032e+03 2.094880448878842838e+00
1.170299437425728911e+03 1.261448766928881469e+03 1.526708879026958066e+00
8.974454803932135292e+02 1.316628373975817794e+03 2.809572719897973414e+00
1.106294991081470016e+03 1.329657202906745169e+03 2.997629425289014105e+00
9.740163267746365818e+02 1.372531312970405679e+03 3.183230418744316115e-01
1.119483512432888801e+03 1.403451190170817426e+03 9.697502004351328253e-01
1.000640363762113111e+03 1.442000903842042590e+03 3.070795887180774120e+00
8.795620698214431741e+02 1.446379644036886930e+03 6.702920631998608991e-01
1.093346930968485367e+03 1.235348695511596816e+03 2.203162535045239068e+00
1.246687432929409397e+03 1.249633467575924669e+03 7.367031363215623685e-01
1.168945296860139933e+03 1.261082794397449106e+03 1.536851800693875836e+00
1.334538165152073134e+03 1.280833975710542290e+03 1.358679283181573272e+00
1.256178351349184368e+03 1.299231586013928109e+03 8.262610557230761765e-01
1.103856148834878923e+03 1.329944068616596269e+03 2.971609118337093847e+00
1.220846570201528721e+03 1.409753858764830056e+03 1.471888070715871022e+00
1.117356673057268836e+03 1.404239599822531773e+03 8.774812815558614698e-01
1.289285517193055057e+03 1.480803090599097914e+03 2.927866924771201695e+00
1.246399324127510909e+03 1.249505439773063699e+03 7.252187873292277320e-01
1.387348913004457472e+03 1.270781808349846642e+03 1.852268248542374929e+00
1.333087656085435810e+03 1.280788230537372328e+03 1.315149946049476659e+00
1.254721054715798573e+03 1.300393528406416863e+03 7.825854175928554923e-01
1.424256241595138363e+03 1.362776271732318492e+03 1.528661798327836108e+00
1.483723016829659173e+03 1.374107408016881891e+03 2.230481210616153120e+00
1.218809046293793244e+03 1.411556725889478685e+03 1.431044959664732552e+00
1.353375964724784808e+03 1.408784928684096712e+03 1.982914262689819740e+00
1.449738136911129914e+03 1.485044064630897537e+03 1.815781343359931910e+00
1.292327885897061151e+03 1.476814285486171912e+03 3.091168741289828326e+00
1.586765283161327943e+03 1.242386742038333296e+03 1.605644554843413063e+00
1.385114128947567679e+03 1.269850510700321365e+03 1.798698481413910644e+00
1.548843705580928145e+03 1.350124827249858299e+03 1.592441570233728454e+00
1.422458850910368710e+03 1.363077675823767095e+03 1.435908056132230382e+00
1.480778785684520244e+03 1.371595733642872801e+03 2.176677289547783722e+00
1.639766943337367593e+03 1.401081053687694521e+03 2.447946451004927582e+00
1.350863712184380802e+03 1.409261096635220611e+03 1.973446595940280268e+00
1.447811662441270755e+03 1.485976052477850544e+03 1.714410109247002323e+00
1.604929643707546575e+03 1.492853951608697571e+03 2.563557597509069197e+00
1.585708191076244702e+03 1.242460435370449204e+03 1.609852245074288479e+00
1.547966942982412320e+03 1.349973182037518654e+03 1.603709225805689531e+00
1.638573051385261806e+03 1.400804171831689928e+03 2.447200666528634549e+00
1.603860083916797521e+03 1.494892542024808790e+03 2.627751747145900652e+00
3.180194595083218019e+02 1.354146319499487163e+03 3.048626873320801067e+00
1.500836483841825384e+02 1.449603209029676464e+03 1.962103374046935800e+00
3.129534276635803849e+02 1.354924086525336179e+03 2.971535368112806275e+00
5.145014132509536466e+02 1.357040616644650754e+03 2.161720686671343650e+00
4.445637450296080715e+02 1.368464768566944713e+03 1.547661122524709887e+00
4.867702762711471678e+02 1.482606462732332147e+03 2.213526168441110720e+00
4.839126588010251453e+02 1.555151954064644997e+03 2.663335195923074217e+00
4.855254525625248334e+02 1.619415922194685663e+03 1.429894679431834570e-01
5.108510249814677309e+02 1.351224428323620259e+03 2.087176249234424574e+00
4.433075196597870899e+02 1.367889443191329292e+03 1.511130013848651421e+00
6.290096907827189625e+02 1.420849171325389989e+03 2.607102273486688215e+00
6.963081541087816504e+02 1.409819744955877923e+03 8.967343903346608469e-01
4.864877466372065555e+02 1.483670702352182388e+03 2.154392115417877562e+00
6.443255042771097578e+02 1.485127010805440250e+03 2.514865122294822175e+00
5.763985272325222695e+02 1.511952635681445599e+03 2.843620909429510402e+00
4.829832956463873188e+02 1.555228840546214769e+03 2.524046236432919255e+00
6.162032268526609187e+02 1.587092855504434283e+03 2.546167401753206772e+00
6.961462569934283238e+02 1.585875111684816602e+03 2.334473137318568092e+00
4.829940864648054912e+02 1.617474747090758001e+03 1.326275522577289590e-01
6.044597746003208840e+02 1.635919788596448598e+03 3.007060450339521296e+00
7.858902707378855439e+02 1.370649478832864816e+03 1.476996308828990356e+00
8.376646970496102540e+02 1.399313899176287350e+03 5.769817114647727285e-01
6.281375300894876545e+02 1.421324677448265902e+03 2.592834565130930358e+00
7.066702006048726616e+02 1.417632538834801835e+03 3.125566576500012239e+00
6.423470074029282841e+02 1.482261038517374118e+03 2.483384605630620801e+00
7.349876033175549992e+02 1.509410406075831816e+03 2.227644656958541969e+00
8.047127846414238093e+02 1.511163060949094643e+03 1.940376994510950137e+00
5.757732478267722627e+02 1.512252958645181934e+03 2.875922164733165420e+00
6.949482030540636970e+02 1.585531552999046426e+03 2.403386949602886791e+00
6.136831770169469564e+02 1.588246727735746390e+03 2.431888610797177108e+00
6.004877681340609570e+02 1.635953172322957471e+03 2.945390403661110934e+00
8.163303417382949192e+02 1.653929364838853644e+03 2.733178015098694846e+00
7.839808125637597414e+02 1.369211308765032300e+03 1.518888586269800500e+00
9.753804068131735221e+02 1.370908722070460044e+03 3.852479654482966476e-01
8.415455306157028872e+02 1.398585325880492292e+03 6.949921716307023711e-01
7.135068115495506618e+02 1.430602541666361276e+03 2.161232125548138150e+00
8.787391247761679551e+02 1.446647084114795462e+03 7.190794407164528002e-01
1.002460213154482290e+03 1.441722988696026277e+03 3.036686805141124879e+00
7.333620186337444693e+02 1.509116983093183990e+03 2.211954750678731152e+00
8.034385364860656864e+02 1.510664702197069801e+03 1.950943206994183443e+00
9.269399596118796580e+02 1.515829696913962607e+03 2.803379377138946360e+00
9.008821325571764191e+02 1.560957343181386932e+03 3.134006902020406438e-01
9.849019134920642955e+02 1.598961671027620241e+03 2.158093002456450138e-02
8.922903796018479170e+02 1.605971250675151168e+03 3.926984708803275548e-01
8.180648969711331802e+02 1.657723703928916848e+03 2.741185686237453734e+00
9.752668446679740555e+02 1.371710252040126306e+03 3.431025191861313273e-01
1.119517798031408347e+03 1.402196420525993062e+03 1.018529154950443383e+00
1.001376157342861688e+03 1.442144272239083648e+03 3.005226714296068469e+00
8.744293247358023109e+02 1.445880037696566887e+03 7.415971472903353234e-01
1.118088108398163286e+03 1.509060107669481795e+03 2.232448872141002738e+00
1.177144722896710618e+03 1.515393810955712070e+03 1.785129623024668932e+00
9.271046777734773059e+02 1.516451195668418904e+03 2.736945940607902195e+00
1.029359519877905768e+03 1.513127623293845545e+03 2.815643506776559946e+00
8.972703037474291250e+02 1.563380538520940945e+03 4.894605631236330079e-01
1.076750369165161828e+03 1.565684524262929472e+03 1.128862293267859050e-02
9.852197642488233669e+02 1.598098331913143511e+03 5.147525416463581693e-02
1.152488116519760524e+03 1.621798492672011207e+03 1.247762353633995874e-01
8.906175364765013001e+02 1.605133627384299643e+03 8.913217277899704305e-01
1.117916109239215530e+03 1.402935979630398833e+03 9.743724388318220075e-01
1.220641611363703305e+03 1.408586002132147541e+03 1.483806754496697078e+00
1.294044261891056976e+03 1.477136122550109576e+03 3.089250747252263007e+00
1.116910600649739990e+03 1.509858393271251316e+03 2.326294318380673687e+00
1.175311227517952830e+03 1.513918617457457685e+03 1.825828991746312413e+00
1.028376324026240582e+03 1.514263562449548999e+03 2.860438319954842434e+00
1.263749591668493849e+03 1.520826627064638160e+03 2.488644141308578028e+00
1.076053620248121433e+03 1.567332066278774164e+03 1.072512053229775913e-02
1.261754736788378295e+03 1.594430600709488544e+03 1.943804025006577729e-01
1.155302016442592048e+03 1.620346457324069434e+03 1.165972709813639929e-01
1.249380072258388736e+03 1.653084569205887874e+03 6.683270495273843093e-01
1.424660957192805199e+03 1.361650530914834917e+03 1.426262402861168344e+00
1.486993811643892968e+03 1.376561399127959476e+03 2.292694196808021889e+00
1.217612369686680722e+03 1.408096827034225726e+03 1.459507067925899459e+00
1.353524427985558304e+03 1.408188597567623219e+03 1.988220056712451278e+00
1.448214024422338753e+03 1.484784494844446954e+03 1.812014326348622362e+00
1.294315816368339711e+03 1.476109857670454630e+03 3.063016517981784315e+00
1.371445611259910038e+03 1.522857212085139736e+03 1.106361905303343329e+00
1.261849439790936685e+03 1.522344876755146970e+03 2.681419768894549360e+00
1.407161123177332001e+03 1.596430582632445748e+03 1.405956742397345138e+00
1.261434587752416064e+03 1.594674287290453321e+03 1.521202101065455281e-01
1.349269387660644043e+03 1.623473094841115199e+03 1.145779582255258777e+00
1.483919053052541130e+03 1.636941453088643811e+03 2.312058174933635080e+00
1.251121255749813145e+03 1.644241477270390988e+03 7.190079337359970291e-01
1.422644188051168385e+03 1.362581117143991150e+03 1.436176976378893633e+00
1.548300463421731138e+03 1.351364064777854082e+03 1.667499424177169010e+00
1.481235737142733569e+03 1.371840678836543702e+03 2.124688848586775425e+00
1.641592160122512269e+03 1.400626783474328931e+03 2.447542524761807670e+00
1.351921098460031544e+03 1.411974156777263488e+03 1.925034005223518196e+00
1.447939997573903838e+03 1.484902652922805828e+03 1.729435183726767411e+00
1.606616146992223321e+03 1.493989544829208171e+03 2.627121008324948992e+00
1.369756504260987413e+03 1.523907210692659191e+03 1.040321688578344617e+00
1.404869117513590254e+03 1.598092824908880857e+03 1.301236740414261517e+00
1.347591465750895168e+03 1.623610967229607468e+03 9.810493567211435728e-01
1.486472057791280122e+03 1.640274420994876891e+03 2.339182265497926849e+00
1.546629465803456242e+03 1.355061985978704342e+03 1.563269217378503662e+00
1.638552870351100410e+03 1.401097207768747467e+03 2.410478162850380635e+00
1.604657252632240670e+03 1.493229786747656135e+03 2.639515083800207940e+00
1.701462027949363346e+03 1.549653047435307826e+03 2.116252351505161222e+00
1.700581643675855048e+03 1.549795012334358944e+03 2.194001422298459847e+00
4.853348191305851742e+02 1.551275394538349929e+03 2.697624095741661954e+00
4.843585835312826475e+02 1.618391376023074599e+03 5.292627093865507476e-02
5.774113397080172945e+02 1.509766219050160998e+03 2.917324858902857088e+00
4.839887568907975037e+02 1.558214627090113709e+03 2.526930329328001879e+00
6.161444166202741144e+02 1.586892903025526039e+03 2.668666918746184447e+00
6.997363328357287173e+02 1.585025103715704745e+03 2.312830552766303338e+00
4.827296350933243048e+02 1.618449891824330280e+03 6.414501921141060881e-02
6.034759693759493757e+02 1.638361693647436596e+03 2.897537386706051876e+00
5.781191007969375733e+02 1.512396216983714112e+03 2.879773417307968320e+00
8.063729752173513816e+02 1.513308475265447896e+03 1.931114427110699916e+00
7.364405518347570023e+02 1.512278877879796482e+03 2.203567171646273692e+00
6.970793861693005056e+02 1.584711445758065338e+03 2.298876335853822894e+00
6.147393192930678651e+02 1.586464260547276126e+03 2.525939459088694772e+00
6.023030502903353636e+02 1.636815775093637967e+03 2.959807954232933191e+00
8.228762758666075570e+02 1.655771321162612821e+03 2.802511849476843508e+00
7.306586359549946792e+02 1.686112849844388393e+03 2.461407380717100857e+00
8.294561711727581041e+02 1.722384203388700826e+03 2.770911988499131784e+00
7.641017646848079039e+02 1.768217593655739847e+03 1.266328762014119202e-01
8.032140802346777946e+02 1.510420394547113574e+03 1.899469283323488744e+00
7.374650792151193173e+02 1.515977744422715659e+03 2.208170053027134649e+00
9.288466962064594554e+02 1.515065970037150464e+03 2.951776771885439743e+00
8.996372259632009900e+02 1.558859809223431057e+03 3.765445798284222101e-01
9.849347542694411004e+02 1.596649870501135410e+03 8.635927896297092288e-02
8.916348293371268028e+02 1.604425283000435229e+03 4.182301951446480981e-01
8.216228517732754426e+02 1.656472542413010842e+03 2.685572573960953058e+00
9.254832643162235399e+02 1.668345808113432213e+03 9.881040595370004231e-01
7.282010178701467566e+02 1.685260118038557493e+03 2.450137953293271220e+00
8.271898987023351992e+02 1.722173068109359519e+03 2.631996125022915134e+00
9.495093716039896208e+02 1.734971149803931439e+03 2.565048977428249777e-01
7.603323806658163448e+02 1.768481704818419075e+03 1.381052538043593403e-01
1.027479798832908727e+03 1.508435106023530807e+03 2.806982435596354630e+00
9.342182156383196343e+02 1.517511350596485954e+03 2.982850108771178732e+00
1.122670978603375261e+03 1.508465465554055527e+03 2.351081837396908014e+00
8.990074405575182936e+02 1.553671157333400060e+03 6.314873087185444156e-01
1.074999508983446731e+03 1.563330982311501657e+03 3.201105704189170092e-02
9.843808712013787954e+02 1.597047885760482586e+03 7.176618548046499735e-02
1.155814623755947196e+03 1.618637003306128236e+03 1.737664286799995017e-01
8.883251083233578811e+02 1.602227641722323142e+03 3.010383114654327397e+00
9.239592816659494474e+02 1.669057621539394859e+03 1.047390595961737114e+00
1.118884029486488544e+03 1.674556051404501204e+03 2.498190556038750287e+00
1.039574483743930386e+03 1.681165024558973073e+03 2.811137353954406226e+00
9.480197303963996092e+02 1.735173593136493537e+03 2.452597677420466082e-01
1.067059037924499307e+03 1.756185263546343094e+03 1.250035477508594228e-01
1.177382848153110672e+03 1.775237105278823492e+03 2.020362961798137125e+00
1.263435719009214608e+03 1.520513122542637575e+03 2.401434613360556192e+00
1.124898796437038527e+03 1.506781723944000760e+03 2.249440626724892756e+00
1.175320753241428974e+03 1.515020567669327647e+03 1.778024198311629167e+00
1.074525864566178370e+03 1.565891292356151098e+03 1.127755826011199274e-02
1.261416447388840425e+03 1.593103608324751576e+03 2.055420004660116207e-01
1.154049248585315127e+03 1.619188025309929117e+03 1.261435736280639153e-01
1.250096068821437484e+03 1.648636526411598197e+03 7.018270877780043993e-01
1.116764941264537356e+03 1.674135210162255362e+03 2.564475405477756098e+00
1.038487162673023931e+03 1.681620488869878727e+03 2.855646136477124841e+00
1.307273946051063376e+03 1.728113592014969527e+03 9.042898526340616971e-01
1.213925142743383049e+03 1.746203256963555987e+03 2.253183025515477667e+00
1.063010273355549316e+03 1.757648004491941037e+03 9.865013226703409077e-02
1.174539729644269755e+03 1.779855121813280675e+03 1.950363366018961875e+00
1.260757576018849477e+03 1.522228154506267401e+03 2.505994666064180976e+00
1.371218730647063694e+03 1.520944398955949509e+03 1.186567543061801011e+00
1.407401707991477451e+03 1.593936713448450519e+03 1.477285099982709404e+00
1.260849745570196546e+03 1.593876217144163547e+03 1.251914378932129923e-01
1.349102988555873480e+03 1.621714205001273513e+03 1.207210813748517575e+00
1.487774211415783839e+03 1.641148352899251904e+03 2.334888962014740166e+00
1.249078488595328054e+03 1.648746686112297994e+03 5.721892743755601085e-01
1.380157053306420039e+03 1.721962905421677078e+03 1.327706264306630635e+00
1.306144165416585111e+03 1.727111666613109492e+03 8.471135711837833870e-01
1.211081232009491259e+03 1.745660805526908007e+03 2.353756222800461817e+00
1.369450516582998034e+03 1.520351399586918433e+03 1.026607275422695142e+00
1.406911029371990026e+03 1.594109874125763099e+03 1.383279282389240805e+00
1.486272349064663786e+03 1.637566671853134949e+03 2.334603379660642908e+00
1.581400568943789722e+03 1.709440837278317076e+03 2.293698740104641143e+00
1.380068605139867714e+03 1.721043631498826699e+03 1.272329513451472716e+00
1.526007580610836612e+03 1.809188331707261113e+03 8.882154696275048611e-01
1.701407556413024622e+03 1.548195992039490420e+03 2.174262714426140608e+00
1.580132866107035397e+03 1.710068025564972004e+03 2.291616228065215033e+00
1.696165869199599683e+03 1.777232143743870665e+03 1.722757182691096123e+00
1.529884531811941088e+03 1.804726869147486696e+03 8.444285351594398303e-01
1.700927061167097463e+03 1.550025270517907757e+03 2.279545879277472320e+00
1.694265496574917279e+03 1.773627276162800626e+03 1.843465583272605679e+00
7.291525344228682570e+02 1.685517241632442847e+03 2.445062048801626808e+00
8.284278339731163214e+02 1.719475903084215588e+03 2.644129453166507826e+00
7.636183441665641567e+02 1.768627206570031149e+03 7.833745882649043035e-02
8.313841078351047145e+02 1.826950752736181357e+03 3.300875995695825016e-01
9.232141365645145470e+02 1.671224041586312978e+03 9.356326677058680596e-01
7.332519811576888742e+02 1.689684242303066412e+03 2.448406566213662927e+00
8.302119567303429903e+02 1.722919570495157586e+03 2.653906732024614357e+00
9.513092359774291253e+02 1.736041813711496161e+03 2.945243336734392203e-01
7.633074714886673746e+02 1.768433373143557219e+03 4.641882648657876670e-02
8.307989150207083640e+02 1.827034364583853403e+03 2.718618706062547741e-01
9.538729592715039871e+02 1.840698270009367207e+03 2.176764370804089133e+00
9.226858103546712755e+02 1.668627386189398976e+03 8.981545569715013722e-01
1.120647141776558783e+03 1.674094689033227269e+03 2.495235488048632710e+00
1.038785065250310254e+03 1.679407108933362451e+03 2.818166314872681877e+00
9.498026383263024854e+02 1.735242645808688849e+03 2.792235051774776267e-01
1.067650961513721313e+03 1.755254954301213729e+03 1.210053189845278487e-01
1.175522324000885419e+03 1.780609609048278799e+03 1.989781250331113416e+00
9.526374966897114973e+02 1.839976901132945159e+03 2.186204544296679320e+00
1.071269725915373101e+03 1.829808677124100541e+03 6.707847979746082157e-01
1.118042750291632501e+03 1.674748384023622293e+03 2.468102569446995798e+00
1.051765937736420028e+03 1.680503357228081313e+03 2.799393814375752410e+00
1.305426671689518571e+03 1.727453114504079849e+03 9.217172076597673902e-01
1.215637401363856043e+03 1.742836639839952113e+03 2.233416109671481298e+00
1.063776282273508741e+03 1.755369643907913542e+03 4.741108724342552039e-02
1.172596547447069497e+03 1.779809220260267693e+03 2.011310258381917571e+00
1.068740080935858714e+03 1.830369309007848869e+03 6.173841275908633630e-01
1.239758103257338007e+03 1.849297555461018646e+03 1.101563321218133940e+00
1.300500511559069309e+03 1.842164938164887644e+03 1.633189857339548468e+00
1.339541786306132281e+03 1.920371048345406962e+03 5.565173480727668709e-01
1.250180633088281184e+03 1.979729698324815217e+03 2.816889721870719510e-01
1.380340735397587196e+03 1.720898607909367229e+03 1.328816775280356799e+00
1.305994933916915215e+03 1.726513883774460282e+03 8.580619179607383851e-01
1.212360196723728905e+03 1.741582575617338080e+03 2.346381864363956016e+00
1.351361163516878605e+03 1.820138856066719654e+03 2.356971078049676649e+00
1.432136108200621493e+03 1.826248430057474025e+03 2.255757735099714001e+00
1.240057780909032999e+03 1.847824039765554289e+03 1.049729416967040141e+00
1.298606483227875742e+03 1.840564945393419976e+03 1.673095557297166858e+00
1.472691318716223577e+03 1.924047191091848617e+03 1.162265093207090816e+00
1.341636025965098270e+03 1.916979474314333402e+03 4.421887785716858699e-01
1.407728937098651613e+03 1.930642032569436196e+03 1.223807624051209242e+00
1.251849401027981003e+03 1.976998086880553728e+03 2.612498046298947219e-01
1.378155796428950680e+03 1.719681341324895357e+03 1.271447994759743683e+00
1.581275073184147459e+03 1.709230287679242792e+03 2.308288183348000011e+00
1.526694076937897762e+03 1.806800086498280052e+03 8.842190412464719929e-01
1.350759014456907380e+03 1.818864653868490677e+03 2.382169026706623782e+00
1.431817861605060216e+03 1.825594944915973429e+03 2.262161455841519508e+00
1.547679272947581921e+03 1.912996863141635458e+03 1.201178888773589248e+00
1.469806652033846376e+03 1.921451583371431298e+03 1.093285281546268806e+00
1.405849393052412779e+03 1.930048484579474461e+03 1.188402748301822687e+00
1.595799254628177096e+03 1.977859240767906158e+03 1.900195348978399368e+00
1.580039344332397832e+03 1.708240231627330331e+03 2.343992818344068141e+00
1.696208991353859119e+03 1.774511039498914897e+03 1.819039696537463779e+00
1.525490398283767036e+03 1.807322006926227914e+03 8.812668885809723518e-01
1.546339278537766631e+03 1.912716215598031340e+03 1.232515645667072945e+00
1.595062742841024601e+03 1.977437732458454320e+03 1.866290104157234175e+00
1.694247860256385593e+03 1.776777095508538423e+03 1.826098460680017466e+00
8.234164005432535305e+02 1.827770402478404321e+03 1.862235401596230855e-01
9.553665588085279978e+02 1.844014290258975279e+03 2.347424216549777398e+00
9.525107894144653073e+02 1.841458996272592458e+03 2.361142425939918521e+00
1.070697722943418285e+03 1.829862114419619957e+03 6.241057999700361236e-01
1.078472624539329217e+03 2.019228672636184911e+03 1.974194000120746528e+00
1.068876674437723295e+03 1.829254390420007212e+03 6.342825010008112940e-01
1.299392043062435732e+03 1.847038946418046180e+03 1.671758083029473374e+00
1.238111040818117544e+03 1.850155438440190892e+03 1.114342133306929217e+00
1.338739364940796804e+03 1.918196068540140004e+03 4.912358722285216639e-01
1.250613198500503131e+03 1.975737528848307647e+03 2.907925326909596153e-01
1.076582970692475101e+03 2.018711334428195642e+03 1.990963167051378990e+00
1.307098001266327174e+03 2.056366529811599776e+03 8.743936445889455289e-01
1.298292025405376762e+03 1.839513287639922055e+03 1.781793488475910570e+00
1.433265357322972250e+03 1.828085701829803156e+03 2.262184557702950904e+00
1.234845324598878051e+03 1.851082605820301978e+03 1.106128863075154234e+00
1.470267481889261035e+03 1.921884091215089029e+03 1.264495752292399633e+00
1.408090715283089139e+03 1.929872392815533658e+03 1.278704753905997471e+00
1.340339840679858753e+03 1.916837609586154940e+03 4.685417041031172403e-01
1.250323838366252176e+03 1.975340763189507925e+03 2.522367647899808052e-01
1.432107821743165005e+03 2.001757423638210639e+03 3.954211305168963131e-01
1.304502416768768398e+03 2.056003439795293616e+03 9.271765605226487406e-01
1.348067263423675968e+03 2.089957712274932419e+03 1.049964653148308447e+00
1.361721874030126173e+03 1.830069435737334288e+03 2.308485879337593971e+00
1.432408343046929076e+03 1.827887536298472014e+03 2.306878824128137495e+00
1.547819255898715710e+03 1.912298912534320152e+03 1.257216367867964646e+00
1.470032840341161545e+03 1.920670126385356980e+03 1.156968669885786616e+00
1.407448762362128036e+03 1.928847159061922866e+03 1.209710364936116056e+00
1.595295834292840937e+03 1.977001105400182041e+03 1.979411575392592715e+00
1.432183945512033915e+03 2.001569397281821239e+03 3.688902026830628289e-01
1.515058134935361068e+03 2.018372349704241515e+03 1.092846490068127174e+00
1.348416330634277983e+03 2.086293509916380572e+03 9.230898987817233170e-01
1.546677870938140131e+03 1.912446951259122670e+03 1.229899982903258859e+00
1.594525669239078070e+03 1.977534026822749183e+03 1.989588961973358217e+00
1.513269770969261117e+03 2.018886584570124796e+03 1.122617690846728244e+00
1.078197984070789971e+03 2.016859852926025269e+03 2.042353951434496828e+00
1.075630955957215747e+03 2.020100080831051400e+03 2.034859366560170635e+00
1.305819425981789209e+03 2.054887089680438748e+03 9.102528060619886618e-01
1.430519931344236284e+03 2.003055906727609454e+03 4.301633563809342808e-01
1.304175546167687571e+03 2.053769848083730722e+03 9.431339965502657519e-01
1.348499969134006733e+03 2.088973394970115351e+03 1.067100369343897626e+00
1.431271416641535779e+03 2.001541026111845895e+03 4.836495716263431444e-01
1.514541753136845500e+03 2.019126467848825541e+03 1.151819117819894434e+00
1.346789155458538971e+03 2.087860778156627021e+03 1.015242463395768624e+00
1.512980512395449296e+03 2.020035125696726482e+03 1.186826447086436476e+00
