9.292531111993437207e+02 4.873852177428836967e+02 1.899252347236405125e+00
1.017737451678693560e+03 5.052725907011440540e+02 5.232572512881265014e-01
9.286120153841375213e+02 4.888436799394590935e+02 1.892907204423826650e+00
1.025918893547087464e+03 5.034920361672836862e+02 2.939620322217287307e-01
1.033477532578395994e+03 5.021841345766806626e+02 4.278060823436977689e-01
1.612417403019675930e+03 5.331710251298289904e+02 9.154069576747223547e-01
1.727793015632242714e+03 4.922437761150138158e+02 7.899087168603970976e-01
1.611646907995705988e+03 5.312488796373318110e+02 8.307060978777246474e-01
1.875246386211705612e+03 4.452302326767251088e+02 2.546486129982952207e-01
1.727346146712063046e+03 4.921937270082127043e+02 7.875792204970828436e-01
1.831356700072591366e+03 5.096961495852336839e+02 2.539335815077013780e+00
1.915701763828991261e+03 5.099432935880790865e+02 2.795176502985125655e+00
1.875027436989822263e+03 4.460232678656290091e+02 3.147239833871400827e-01
1.830149122510342750e+03 5.124024957754955949e+02 2.549106239277296293e+00
1.915525665681520877e+03 5.117144183669997801e+02 2.881581809368009228e+00
9.284246936964134420e+02 4.858604978938809609e+02 1.900969595940362300e+00
9.988892114272459821e+02 6.725048819272941500e+02 4.718067055669286081e-01
9.286230251959468660e+02 4.863434330046632112e+02 1.886502871369633683e+00
1.025856966574684066e+03 5.021890961398419222e+02 2.120575598265534989e-01
1.129678250192514952e+03 6.116251178653251372e+02 7.845832605101714652e-01
1.001887291515760126e+03 6.702873215425549915e+02 3.701703643643465269e-01
1.103393635251290107e+03 6.933216267650170721e+02 5.278981452696764887e-01
1.026876261801231749e+03 5.014580185248976250e+02 2.243903079205464834e-01
1.130812169095949685e+03 6.117374912306449914e+02 8.228059194191628123e-01
1.104912626360673585e+03 6.910283332179292302e+02 4.554408741473839894e-01
1.425187059665649031e+03 6.008610780800461271e+02 2.471678395814053408e-01
1.490681514307091675e+03 6.610546312478597883e+02 2.973516917846981578e+00
1.349349601749156136e+03 6.826365597768481166e+02 8.349860344230393139e-01
1.611343105511795784e+03 5.293437496836742184e+02 8.281666349216156853e-01
1.647618551097056525e+03 5.863433958104826615e+02 1.998420660150836414e-01
1.421772652842686966e+03 6.006741674252425582e+02 2.276211010263680390e-01
1.497029048967854351e+03 6.653304652906693946e+02 2.963248714551346641e+00
1.348656870450657834e+03 6.807708859104087651e+02 8.082640005431889207e-01
1.622824603165522149e+03 6.957404731525700754e+02 4.224257763034233171e-01
1.727110088149806415e+03 4.936553936184184295e+02 7.970263851649925790e-01
1.611003572887751261e+03 5.298893132101339916e+02 7.874497942354377056e-01
1.725489092093451518e+03 5.481690227184485593e+02 3.067270909070891172e+00
1.650109147697711023e+03 5.856000811154847270e+02 1.209791431396253780e-01
1.690225000851792402e+03 6.454908093348681177e+02 4.112736310432574260e-01
1.625320129591398882e+03 6.954969731233370567e+02 2.852889710733511608e-01
1.876867121160513307e+03 4.448701939630668676e+02 2.269155113187592276e-01
1.726795430349188109e+03 4.942707191016052093e+02 8.274908222169496952e-01
1.831511432856697866e+03 5.073807548957888685e+02 2.509758713726984336e+00
1.915463537335634101e+03 5.092179515520722362e+02 2.721521370319033295e+00
1.725004471924506106e+03 5.482226993457172739e+02 6.152363414069670494e-02
1.940096018716723393e+03 6.023850702338407928e+02 2.285155349149084358e+00
1.885003361414963138e+03 6.196319922936061175e+02 2.257206339299361986e+00
1.691532583379683956e+03 6.449461425898743983e+02 4.199749042792346176e-01
1.849327392579873049e+03 6.683246618189980381e+02 2.826014274509816016e+00
1.718951461553977424e+03 6.983882184091851286e+02 5.958011420911554223e-01
1.872943906333551240e+03 4.443424925497653248e+02 2.938417855676485058e-01
1.915038453198578281e+03 5.098182982871488775e+02 2.809029861783882254e+00
1.829951204289886391e+03 5.083110281918609417e+02 2.545487706847266995e+00
1.939312435238369744e+03 6.024479166669101460e+02 2.225808209731232168e+00
1.883200458214744685e+03 6.203940266060195654e+02 2.191657326193428901e+00
2.093690796787572253e+03 6.204437001143302268e+02 2.921887033028210290e+00
2.022777023280165395e+03 6.415804635019785565e+02 2.094487277876290854e+00
1.847448575074752171e+03 6.697612204313998063e+02 2.901497543064226470e+00
2.091935250748099861e+03 6.197355477569825553e+02 3.002103667096610362e+00
2.018950489737299449e+03 6.427435215288980999e+02 2.259853159919731347e+00
2.154525712951256992e+03 6.971132647446858073e+02 2.620048868718885426e+00
5.030129369600017526e+02 7.449076524806470161e+02 1.561626002835764915e+00
5.218389718109447131e+02 8.105818146468266150e+02 2.602997110706123607e+00
5.048528840541609952e+02 7.470229977351887101e+02 1.447498567956656323e+00
6.245152912576477320e+02 7.173283453408012065e+02 2.989459535777817312e+00
5.266811994975503239e+02 8.188227541701924110e+02 2.864803477939126264e+00
6.229876346649984953e+02 7.167627675116426644e+02 3.018667681651491019e+00
8.450007996666522558e+02 8.069631293836332588e+02 1.590364100957962101e+00
1.002569960437853297e+03 6.694576825711225183e+02 3.051033248199194747e-01
8.997477655125130696e+02 7.081710247982440478e+02 1.527921615620779106e+00
9.440550730768079575e+02 7.770072454712403669e+02 1.514353525462302175e+00
8.411222090393132476e+02 8.097147869422344684e+02 1.568568694993980772e+00
9.945168945641860319e+02 8.183591030766526728e+02 1.038930230912747277e+00
1.130244099617099664e+03 6.102655518290584951e+02 6.882943289065954762e-01
1.001704013693436764e+03 6.694278477810887580e+02 2.763200537611025798e-01
1.104725532069711335e+03 6.893953726133008786e+02 3.955945821600861390e-01
8.996286992549291881e+02 7.080733784532683330e+02 1.590901958086996082e+00
9.440927702827436860e+02 7.768959849885611675e+02 1.579676599302596518e+00
9.925189927749709113e+02 8.168115413780543577e+02 1.073452974231537294e+00
1.106221398076116202e+03 8.380021241186644829e+02 7.972785200535358330e-01
1.176731549659931716e+03 8.547264074937008900e+02 1.007759890438231221e+00
1.129669528715835440e+03 6.104090722106403746e+02 7.777517801694525668e-01
1.103413303003449755e+03 6.894974666894177062e+02 4.364934903513576492e-01
1.103084246583103777e+03 8.368488724227387365e+02 8.821018380617438037e-01
1.170301400623110339e+03 8.518874177230069336e+02 9.897383010052255292e-01
1.423023863266099397e+03 5.999487529772047765e+02 1.859760050086213534e-01
1.494332290967367499e+03 6.617651847125866880e+02 2.960819327819570468e+00
1.348265235074368320e+03 6.816694227876448622e+02 8.216973823102391439e-01
1.354452342264949266e+03 8.109057464452992008e+02 3.869034689728026999e-01
1.461085684273080687e+03 8.242162505841429265e+02 1.886835387088597882e-01
1.643608190802835452e+03 5.823586857906751675e+02 2.101561794254587501e-01
1.422678058957701751e+03 6.004895103603341795e+02 2.020516849107564239e-01
1.497818037612761373e+03 6.646984675185909737e+02 2.878226048703840245e+00
1.629129146998519218e+03 6.918898387719975744e+02 3.579238948563315259e-01
1.516967908738951337e+03 7.164919142111382371e+02 2.949528155758657011e+00
1.556463888591677915e+03 7.863493687793745721e+02 5.882871455320699827e-02
1.354804460014101551e+03 8.103296651677260343e+02 4.597526422864366413e-01
1.647576557386026707e+03 8.179363796962143169e+02 1.894189300972591861e+00
1.460245315431840027e+03 8.224420890502067323e+02 1.925791856962242865e-01
1.548975184088519654e+03 8.449038565017542624e+02 8.444450880024305661e-01
1.651750028919374245e+03 5.852729903940258964e+02 1.041659478159985552e-01
1.689918382964890498e+03 6.461046772156045108e+02 4.161740542205895066e-01
1.511085396780020574e+03 7.014330716841922140e+02 2.884360426721454207e+00
1.628764070243111291e+03 6.919296502262288868e+02 3.637145923614810705e-01
1.716721704605752848e+03 7.057478976142756437e+02 6.724586336229060324e-01
1.718759843445662909e+03 7.546578572310108939e+02 1.009296958751899342e-01
1.553825056224472064e+03 7.874295175433373970e+02 2.619796510718318955e-02
1.645404593522066989e+03 8.189066059075589692e+02 1.826531707157427853e+00
1.785438453478906922e+03 8.303115058567298092e+02 1.424384539378719561e+00
1.696845031721967644e+03 8.048680443440061936e+02 2.328118144020261404e+00
1.550471977677795621e+03 8.397461254881989134e+02 7.546041398047875770e-01
1.735863649165189145e+03 5.490068904588691794e+02 5.621046333982239462e-02
1.943941328190829609e+03 6.027643121538021660e+02 2.332306452265252350e+00
1.885276606166819647e+03 6.190640640174074179e+02 2.268745195394640923e+00
1.689497675688691061e+03 6.448394205502397654e+02 3.670447133937518314e-01
1.850330239567188528e+03 6.672506245234037578e+02 2.873431486997506390e+00
1.713903577982605839e+03 7.055162552351883960e+02 6.585670393643227039e-01
1.828059613331088713e+03 7.272939257125285621e+02 5.637042966553815898e-02
1.946000265135674908e+03 7.260303724418661204e+02 2.949770166337624122e+00
1.717283392583646901e+03 7.545121699982914834e+02 1.618111122034869842e-01
1.885575915448867136e+03 7.778847050331186210e+02 3.065657193092156341e+00
1.782428889227432137e+03 8.313983721086228798e+02 1.383119833279380373e+00
1.693888561547291374e+03 8.077933566033559600e+02 2.441265844461279144e+00
1.958910619806441900e+03 8.582629522818773466e+02 1.722104563359849072e+00
1.938616340732625758e+03 6.018017549284725192e+02 2.271183813972470933e+00
1.882802666462065417e+03 6.183720343501097432e+02 2.260942573724133542e+00
2.093188306100874797e+03 6.194970053570680193e+02 2.961700558843637587e+00
2.022332502343105716e+03 6.382326656463799281e+02 2.122921735923232411e+00
1.849246959085986418e+03 6.666027761723221374e+02 3.134355475091383347e+00
1.943424071793207986e+03 7.259380300569546307e+02 3.026837718224646867e+00
1.827299314196451405e+03 7.272758899134449848e+02 3.106934255694441815e-01
1.886013557404880430e+03 7.784780722371621096e+02 7.481083128138320271e-02
1.997530039126177144e+03 8.023632340323662220e+02 2.593573059104077760e+00
1.835605515693810275e+03 8.545981127556035517e+02 1.128491130125099717e+00
2.092134678668512151e+03 6.184797313590818248e+02 2.983892296672602473e+00
2.020983443513586735e+03 6.393562472113521835e+02 2.187971448421542675e+00
2.155673401541924250e+03 6.960101782203564653e+02 2.604646096993342486e+00
1.996637011890332360e+03 8.036775158399898373e+02 2.644590368784133005e+00
2.141805630624848618e+03 8.383564070801929802e+02 1.684351777015105078e+00
3.105143537201828394e+02 9.077674039136079500e+02 8.027751500386366423e-01
5.066991491544724795e+02 7.527091135412147196e+02 2.170360406507556128e+00
5.256208385808811272e+02 8.143506087050162705e+02 2.657391007539376737e+00
4.176401258794946898e+02 8.955583171246430538e+02 5.693026824167294331e-01
3.083099861936690331e+02 9.086262354248672182e+02 7.507085937009562171e-01
4.947747309225733261e+02 9.594096812861530452e+02 1.569756078553088630e+00
6.247499649829824193e+02 7.140495403943276642e+02 2.979143062110364504e+00
5.063345298383493400e+02 7.464365386170572947e+02 1.554948909704222615e+00
5.265630390193092580e+02 8.186057603245470773e+02 2.829213409212953056e+00
4.182780967316310807e+02 8.950508681075596087e+02 5.569085534024961204e-01
4.945170710480541629e+02 9.569300779478137429e+02 1.472498030489299392e+00
5.699234389987040004e+02 1.006932609354902070e+03 1.992045383157609262e+00
6.229417473503759766e+02 7.143479013403463114e+02 2.979701413360084761e+00
8.431878018271079327e+02 8.066063016723006740e+02 1.548239958527759752e+00
8.172348844775189036e+02 9.620361715459512197e+02 1.002203257567841760e-01
5.654158606738246817e+02 1.001121143002757435e+03 2.008222958996134011e+00
9.000344288484284334e+02 7.063765222513019353e+02 1.507726964410257109e+00
9.445459580222664044e+02 7.762301675853238976e+02 1.550586068753825986e+00
8.416185981954663475e+02 8.090137532387041119e+02 1.591640170736926985e+00
9.936520536938783152e+02 8.155247355712187982e+02 1.011778530802391440e+00
8.795946607321061492e+02 8.837653051931765731e+02 7.395697906385702014e-01
1.018788054273252328e+03 9.037608719401071085e+02 1.516769544761314092e+00
9.489025013037223744e+02 9.365738045386704016e+02 1.464001555605644489e+00
8.128538864037453777e+02 9.620417273857569853e+02 3.137429000770228349e+00
9.984800647248162022e+02 1.012077695440604884e+03 1.793718919639884779e-02
8.614051081253720668e+02 1.019900747397821760e+03 5.858303058186526552e-02
8.962573837890820414e+02 7.080479527003094518e+02 1.506201989597308222e+00
9.444119662213850006e+02 7.769390043406277755e+02 1.604001239040597104e+00
9.916836452543341238e+02 8.157956108592643432e+02 1.007614792738336540e+00
1.105855984492970947e+03 8.348790818021763016e+02 7.022374684743898365e-01
1.173053294846227800e+03 8.484007120278070033e+02 8.013809883794591471e-01
8.777341632354232388e+02 8.839462907182353320e+02 7.146541509792968538e-01
1.015962145500268207e+03 9.033340135443695544e+02 1.513148637222504922e+00
1.071968526794589707e+03 9.351804689900218364e+02 1.383325696449445363e+00
9.484930523986367916e+02 9.368060215387758944e+02 2.276854642918009652e+00
1.004033418854104411e+03 1.013780059172744814e+03 3.078570979978220823e+00
1.103466437718668885e+03 8.342568028839411909e+02 7.803247625469060811e-01
1.170837377764710936e+03 8.489190133560164213e+02 8.692788613603673609e-01
1.319442810576672855e+03 9.059840798634172643e+02 2.322584286658908592e+00
1.071595229464101521e+03 9.344993905241276480e+02 1.400256218058083091e+00
1.197199640577857281e+03 9.990065680578959473e+02 6.142497336305036137e-01
1.354884203869309886e+03 8.098257345004456056e+02 3.508696619857275545e-01
1.462211966306168051e+03 8.215857029574428907e+02 1.684955573673248830e-01
1.345600509952827451e+03 8.575683679011160621e+02 2.985985968259084800e+00
1.318091677077441318e+03 9.092523939105815316e+02 2.356250595048625662e+00
1.420178307488221890e+03 9.853644070317639034e+02 1.349292199374550139e+00
1.496235370180836981e+03 9.839393264855880261e+02 1.249502240500960148e+00
1.194946530573794234e+03 1.001940564341985009e+03 7.115039833875581587e-01
1.516566966489273454e+03 7.138686808672028974e+02 2.913865493176209576e+00
1.556056584459279975e+03 7.854534706344373944e+02 3.696356041218344657e-02
1.348884235061172831e+03 8.238477241247269376e+02 3.131577269026770138e-01
1.648044448516147895e+03 8.180315877113288252e+02 1.861717535423970338e+00
1.461836901507607536e+03 8.218669918166689285e+02 1.556052373961444302e-01
1.550800978594846583e+03 8.399776774879642289e+02 6.271568024914445649e-01
1.511357252663591680e+03 9.080498565204522947e+02 2.628342914191462043e+00
1.633288916354186540e+03 9.226043622180898183e+02 6.216007935983757227e-01
1.419385766333067977e+03 9.855817503585751638e+02 1.328309957751901749e+00
1.525269643574437168e+03 9.658365303741495609e+02 2.942747336086676935e+00
1.489011703869046869e+03 9.958029559100143615e+02 1.865167789118482577e+00
1.714706140417557208e+03 7.099374199907157390e+02 1.117223584674352566e+00
1.523769351881667717e+03 7.205881495093972262e+02 2.812668817099833962e+00
1.717012787813358045e+03 7.537388892294186462e+02 6.318355092370671333e-02
1.552650975714547712e+03 7.845847302214318688e+02 3.113316599003349783e+00
1.645799809935867415e+03 8.170142021894448590e+02 1.840632912268797217e+00
1.783609281519505657e+03 8.306477850697204985e+02 1.401920744826860021e+00
1.695973762503706439e+03 8.051271325969690906e+02 2.400159981779035334e+00
1.548019780487678872e+03 8.397506978835781410e+02 5.732126169856803788e-01
1.740492259982298492e+03 9.237382711006562204e+02 2.340323041932627746e+00
1.629558802675040170e+03 9.226366020343457421e+02 5.976256676632042408e-01
1.718672150043034890e+03 9.717047748447907907e+02 3.125768660111029273e+00
1.530366587105632334e+03 9.700842833743431584e+02 2.987046015713948677e+00
1.681560354610717468e+03 1.002668307796675208e+03 1.786256102051495986e+00
1.828626133913786816e+03 7.258671088353786445e+02 8.611906546240656601e-02
1.947680529354957343e+03 7.241098930739811976e+02 2.901937386921095374e+00
1.719476684074672676e+03 7.560950518300782051e+02 1.063119202526390666e-01
1.885740600835776604e+03 7.772192408893287165e+02 3.079627419773859565e+00
1.782226430310302021e+03 8.305235449410477031e+02 1.355093323543454797e+00
1.694835889403176225e+03 8.064276403945560787e+02 2.471145547294751665e+00
1.955079231788114157e+03 8.707883656954645630e+02 1.781943242724864707e+00
1.835878771511970854e+03 8.638750106222952354e+02 1.366248186399298792e+00
1.898988534259473909e+03 8.771019553199521397e+02 1.720992164907904964e+00
1.738984012196460753e+03 9.239235665885846629e+02 2.385102952963599421e+00
1.847924017613712522e+03 9.600551569383405877e+02 1.443338740820374611e+00
1.716837914759839350e+03 9.713004901030831206e+02 5.276375427858921718e-02
1.830998464459974230e+03 7.223764481644836906e+02 5.693805496373759434e-01
1.943393140576039059e+03 7.248095858632925683e+02 2.978536720070644517e+00
1.885294794373537115e+03 7.772649968180417090e+02 5.926983726408822234e-03
1.998311886490210782e+03 8.018873872341089282e+02 2.653606840077551432e+00
1.831753105156292577e+03 8.644271753050384177e+02 1.299341809964223993e+00
1.954819791173539215e+03 8.699752307737753654e+02 1.700581337756396527e+00
1.896052411690931422e+03 8.750226211066149062e+02 1.777429881671665601e+00
2.088108996581445808e+03 8.829963965012116205e+02 2.129293661359363377e+00
2.029681874520635120e+03 9.020815189142344934e+02 2.496860393121539179e+00
1.846340973618939870e+03 9.592583952827617395e+02 1.369374100557936069e+00
2.001158106690529621e+03 9.631741328168354812e+02 1.813576978767220460e+00
1.998986649347718412e+03 8.030756385657922465e+02 2.678525397266001029e+00
2.141446368587519373e+03 8.369400456777608497e+02 1.693279763659959469e+00
2.185834217586221257e+03 8.692261014526663985e+02 1.496518118529869046e+00
2.086943423344171606e+03 8.825402611049221377e+02 2.126785535631157575e+00
2.027965717989121003e+03 9.022021250994841921e+02 2.452252984719003326e+00
1.998828523187366955e+03 9.655065290387783534e+02 1.959278313355643064e+00
3.111760507703979215e+02 9.063972566196257503e+02 8.213044225077255067e-01
9.916495869860216317e+01 1.152654406716392714e+03 2.718215020111959035e+00
4.184533981681299792e+02 8.936067461203228959e+02 5.342726564797362077e-01
3.095015860081667824e+02 9.069580206593045659e+02 7.146176743012259136e-01
4.941941233006156153e+02 9.550941693236172796e+02 1.553693112986307412e+00
4.806891222786174467e+02 1.150389156032442997e+03 1.799593297220878130e+00
4.171236084791471512e+02 8.919170932395431919e+02 4.588792710658183283e-01
4.941353594002290492e+02 9.545465560160425866e+02 1.418443101974797393e+00
5.691603334833966983e+02 1.005121002171149030e+03 2.011309204108718607e+00
6.764617602911257563e+02 1.060293997953969438e+03 1.229783867395696006e+00
5.541787196659522579e+02 1.097736523370535224e+03 2.267363187076550712e+00
4.795046084259635109e+02 1.150087124247298561e+03 1.690971001370222382e+00
6.454969037685834792e+02 1.158678768193264432e+03 2.745700776534759413e+00
8.153318297492708098e+02 9.604035476946874041e+02 8.629606144511105248e-02
5.675162491460986303e+02 1.003839665118959601e+03 1.981546266685834112e+00
8.616609582343980946e+02 1.015578053020471998e+03 1.684816150620778163e-01
7.457601699310255299e+02 1.040481945665000694e+03 1.110566210529448927e+00
6.748846637091393177e+02 1.059695986024393051e+03 1.298102998221202675e+00
5.509654066500822864e+02 1.097345231915899603e+03 2.182864346306222281e+00
7.983361803243226404e+02 1.106810212326932970e+03 1.430286629989782288e+00
6.453580207767475940e+02 1.161223059920094101e+03 2.621258341969975536e+00
7.451398955562964375e+02 1.173319372219367779e+03 2.623592135397835534e+00
8.813005551007163376e+02 8.804648231641606344e+02 8.300694259900321947e-01
1.016567544964585068e+03 9.030664163288524833e+02 1.616438725526829323e+00
9.497166295866793462e+02 9.341914201238550959e+02 1.493132170336701092e+00
8.130077953881274198e+02 9.608276323049151415e+02 3.135630520968120116e+00
1.005679951796652404e+03 1.010347276423181256e+03 3.063007821004648967e+00
8.601118713428792262e+02 1.015720486635315638e+03 4.796457151987355144e-02
7.440256178175795867e+02 1.042030405728390633e+03 1.170232451229335613e+00
9.325169994261825650e+02 1.075881782939029563e+03 1.175481996924138794e+00
9.902075659912197807e+02 1.093969116719579688e+03 6.850452374766633490e-01
7.977255368985868245e+02 1.107690667602762005e+03 1.529818852466779289e+00
9.859489027214249290e+02 1.159449338067191547e+03 2.877641099494373300e+00
7.398827819712024620e+02 1.174537062761314246e+03 2.571872993840937038e+00
8.760338919849123158e+02 8.779684278217077917e+02 8.000404371036763385e-01
1.015890759774243861e+03 9.016034515909757374e+02 1.511198781745312969e+00
1.071471253465309701e+03 9.329758105908676953e+02 1.397409699837015573e+00
9.487902489872681144e+02 9.345044382240612322e+02 1.480574886656320199e+00
1.004942008588925546e+03 1.010699470440754340e+03 3.079479469973838146e+00
1.109814975863146174e+03 1.025372924695137954e+03 1.008783687040103461e+00
9.314664707832700969e+02 1.077303202962155865e+03 1.200638928417195883e+00
9.851740464980957768e+02 1.094308956764450159e+03 6.380681681415216744e-01
1.078312398184106542e+03 1.114511685372760439e+03 3.020087346680062068e-01
1.174426310853581526e+03 1.144120651942403811e+03 2.059948050037104572e+00
9.850792038025779220e+02 1.159562869343832517e+03 2.969329478099374864e+00
1.070629196807773951e+03 9.312973257281021233e+02 1.406846728741198316e+00
1.320918283757387371e+03 9.091022803670393841e+02 2.372398632611912639e+00
1.197986187747253325e+03 9.985656263870171188e+02 6.258825619333243662e-01
1.108624621330352284e+03 1.025197004139830597e+03 9.964469862126544841e-01
1.209434029355419625e+03 1.077155832977190812e+03 2.947494854975069689e+00
1.076971126614078003e+03 1.114982521225810387e+03 2.889827047681657879e-01
1.173049124844533253e+03 1.150295742948620273e+03 1.982228684913038164e+00
1.262239815462661909e+03 1.167203136276470786e+03 1.241452895440481319e+00
1.318206064405850157e+03 9.087056799258643878e+02 2.393286883024226430e+00
1.420990597395410759e+03 9.810214814644914441e+02 1.310143037699372348e+00
1.493500966635479926e+03 9.904961003382391027e+02 1.829656863908835085e+00
1.194414094056877957e+03 9.994191062181259895e+02 1.380317905158551461e+00
1.205134652958623974e+03 1.076954967569538894e+03 2.973551207649513195e+00
1.448477886480247207e+03 1.099018131422694751e+03 6.816571280538719080e-01
1.260122011760929354e+03 1.166847667096413488e+03 1.209861964228360121e+00
1.324149830883228788e+03 1.177480068693013891e+03 8.274851222137918905e-01
1.509843006610018165e+03 9.061629907374351660e+02 2.777538084255757767e+00
1.631053192537389350e+03 9.215723220345678328e+02 5.098840698309911046e-01
1.419090027201409839e+03 9.823989258503147539e+02 1.285945301723412593e+00
1.523471928786993431e+03 9.638715709276498274e+02 2.957164798765254510e+00
1.486940812187688834e+03 9.960758213186577450e+02 2.059289011909314127e+00
1.565428110475086669e+03 1.032763258654052834e+03 8.417455539000125997e-01
1.597545756394093587e+03 1.088046154209552697e+03 9.771405327147471009e-01
1.445525899075844791e+03 1.100611102109235162e+03 6.315618637107967004e-01
1.506403822456422176e+03 1.147729709249075540e+03 1.704628730460601593e+00
1.621451319151658709e+03 1.172361569158279053e+03 1.555199318383096774e+00
1.740644188865774368e+03 9.218363632637233422e+02 2.490146927648233977e+00
1.630663857673670464e+03 9.208036395131948666e+02 5.554029807783517070e-01
1.509592129579549692e+03 9.160611209623170907e+02 2.414762134042935049e+00
1.721895102711761638e+03 9.726328642380783549e+02 2.509705839883413336e+00
1.526324613757364205e+03 9.650785881971291928e+02 2.974641884549423576e+00
1.679509705766492061e+03 1.006741884989477967e+03 1.834503999856277989e+00
1.564881070666733422e+03 1.032575445216390335e+03 8.502307001944143794e-01
1.596439066703688923e+03 1.087685293380524172e+03 9.670426435676758858e-01
1.728086427815671868e+03 1.099855891185000473e+03 1.419931852624711999e+00
1.668960901558838714e+03 1.098862469744300142e+03 2.090399801297420979e+00
1.618868368557948088e+03 1.174542995520511568e+03 1.529932641732279164e+00
1.956566520113926344e+03 8.735289895859668832e+02 2.051411859082026279e+00
1.901801616280916278e+03 8.803197504448232849e+02 1.804918542397511816e+00
1.738955155555465126e+03 9.216487292311828696e+02 2.545371700550614680e+00
1.848429431226905081e+03 9.595822297088077448e+02 1.429998380951899684e+00
1.721590027676230648e+03 9.759142152559572878e+02 2.583414900824730687e+00
1.675575340165396938e+03 1.009594171267021238e+03 1.899311710364109951e+00
1.727173128095345191e+03 1.101159367235826267e+03 1.381051668341564564e+00
1.952826269542380942e+03 8.708876515407907846e+02 1.808708509515747132e+00
2.090180452988105117e+03 8.830287169178670865e+02 2.281069784618860563e+00
1.900421783599067112e+03 8.795806146999946122e+02 1.805836252982971235e+00
2.030059784717198454e+03 9.024777631644801659e+02 2.615554420331642316e+00
1.845614131753718311e+03 9.589786979665527724e+02 2.206607676531719520e+00
2.000820875369701298e+03 9.656098557927909951e+02 1.936768159783648580e+00
2.023968388613603565e+03 1.103761359442284402e+03 1.589512553690391572e+00
2.186829706619555964e+03 8.710678989134073618e+02 1.553059360529179589e+00
2.086174061701017308e+03 8.826419420175882351e+02 2.259470008722566092e+00
2.030072883877915046e+03 9.014807169027906184e+02 2.617757315251334038e+00
1.999044110950129379e+03 9.658741754377037978e+02 1.982862519891962938e+00
2.022972928057833997e+03 1.105395637292691845e+03 1.573165415878778672e+00
9.923335817526083247e+01 1.150471153144374057e+03 2.656396167117850204e+00
3.401104996351523937e+02 1.201289422329828540e+03 7.701723703898636364e-01
3.036141044130931164e+02 1.285081565842699092e+03 5.976702927896477835e-01
4.802327260121890049e+02 1.147868589497745688e+03 1.768859493280987571e+00
3.384893627553848319e+02 1.201153511048487189e+03 6.593288237730734469e-01
4.937653640963940234e+02 1.246568788916164067e+03 6.427500533988483866e-01
3.020795542999542249e+02 1.285086927309908560e+03 4.924321785427090425e-01
5.095409018318709968e+02 1.340959713223483277e+03 2.027466670121461867e+00
6.759570394856126541e+02 1.061029420488530150e+03 1.198899577482277712e+00
5.537816858406514484e+02 1.095605804466163818e+03 2.189753348356894946e+00
4.793042697659818714e+02 1.147901432100542479e+03 1.645643004961828915e+00
6.468109460076548203e+02 1.157375932971347538e+03 2.705479706617503588e+00
6.280581801892521980e+02 1.226667233594671416e+03 2.400613906588814572e+00
4.923670700244917953e+02 1.247368324670244874e+03 5.794825305800868076e-01
6.130345390988554755e+02 1.281252363305305153e+03 4.218697614313883515e-02
7.447141551171935134e+02 1.040303898636725307e+03 1.075365366077758233e+00
6.757834613133144330e+02 1.058456943468885811e+03 1.266547985402591170e+00
5.519675452186669418e+02 1.097283557602635483e+03 2.193553620858480713e+00
7.980867180304593376e+02 1.107223121292714040e+03 1.409792477492122886e+00
6.450726215408585631e+02 1.157918058419132421e+03 2.701977032842808324e+00
7.441813119522909119e+02 1.172295539727450887e+03 2.706052965841137414e+00
8.468842603959662938e+02 1.195644061359212174e+03 9.832120022471410037e-01
6.269718368220269440e+02 1.228075339546443502e+03 2.297074416085823856e+00
7.415116332635559502e+02 1.239665009786776636e+03 2.719955260711986789e+00
6.111913627883768640e+02 1.280925558877782123e+03 7.581915454095190798e-02
7.140178558756358598e+02 1.304229602799987106e+03 2.280068622076772300e+00
7.896457872541984671e+02 1.334966373052267272e+03 1.216941064128943539e+00
7.403747949031904909e+02 1.039282889186885768e+03 1.094320722813900248e+00
9.324306251535538195e+02 1.074789587237826026e+03 1.173442868469213307e+00
9.861939808935135261e+02 1.092353114275324515e+03 7.072931949820288056e-01
7.975165837908823505e+02 1.107083013101301276e+03 1.499284281396479290e+00
9.871755350949699732e+02 1.156487290051758009e+03 2.984901407083060398e+00
7.434687109542351209e+02 1.171985932275350478e+03 2.633104387317530826e+00
9.294796566955665185e+02 1.185649295586561493e+03 2.333813988276950635e+00
8.442299455384431894e+02 1.195785484592232024e+03 1.056389359646735304e+00
7.388969589462008116e+02 1.238741512496996620e+03 2.650880795686005875e+00
1.001413766652138293e+03 1.246337942090234719e+03 8.025089970456170674e-01
8.877104925664334587e+02 1.258483971681108869e+03 1.333532381386930421e-01
7.080265302530016243e+02 1.303469798419468589e+03 2.244092377804239646e+00
7.875288839256795654e+02 1.334979224706321475e+03 1.324458366009134469e+00
8.771790435240873194e+02 1.323888755190233496e+03 4.063308097840458433e-01
9.317700136055541407e+02 1.073669850665877448e+03 1.269530727281787508e+00
9.856179292284839448e+02 1.093007012336190883e+03 7.020641645064572556e-01
1.078502281830913262e+03 1.113224934327977735e+03 3.476687532387069957e-01
1.175872581217845891e+03 1.147394581473173730e+03 1.936834905371303206e+00
9.854887272195394416e+02 1.155994565802837087e+03 2.920159850187855621e+00
9.281612447840784625e+02 1.185182846359517953e+03 2.275820687806870968e+00
1.111508920855365432e+03 1.196669874852479325e+03 2.826058450665278166e+00
9.977381327112843792e+02 1.245790715111289501e+03 8.878949452779341112e-01
8.872461550392802110e+02 1.260803481253529299e+03 2.664110368648421878e-01
1.177525907682221487e+03 1.265592133203942922e+03 2.587490234967796177e+00
1.064974965482836524e+03 1.285482641763491301e+03 4.070277887739117140e-01
8.836147635270203864e+02 1.313391187403385175e+03 1.540325798480778330e-01
1.097409701799503182e+03 1.336318836404035437e+03 7.693542632915298940e-01
1.208550355309179167e+03 1.076624784921517630e+03 3.011352067724226700e+00
1.078038044512975830e+03 1.113057090908429927e+03 3.795617882579789271e-01
1.172100857567132380e+03 1.147724059139531619e+03 1.907029747076385728e+00
1.261892143441129065e+03 1.163896850407461443e+03 1.208116948947044689e+00
1.325152494160401147e+03 1.176083822794088746e+03 8.762192918605036240e-01
1.110720414740438855e+03 1.197234272559005603e+03 2.860945786447605332e+00
1.179950018416815965e+03 1.267908738536174496e+03 2.721840096833231026e+00
1.262164016695030796e+03 1.278939799286627931e+03 2.351802403977565348e+00
1.063962845460462177e+03 1.287319589311974141e+03 5.181808587888222517e-01
1.096132397397226669e+03 1.333435064820293746e+03 8.271023494815512578e-01
1.207781818903206386e+03 1.076618902569144893e+03 3.031217496069134931e+00
1.448849485096908211e+03 1.098328811374477027e+03 6.944175012995532636e-01
1.259304857575677261e+03 1.164563087696352568e+03 1.164129612448265627e+00
1.322981328375542489e+03 1.176427634720687593e+03 8.191147695357896552e-01
1.389894867559969043e+03 1.196233677442307226e+03 1.225860132907031330e+00
1.444511605706838282e+03 1.199846828715051288e+03 1.561617216036504274e+00
1.260454503312689667e+03 1.278320731186117882e+03 2.368724996280120454e+00
1.447348628357456619e+03 1.290631008095019979e+03 3.882094038991146245e-02
1.365612298461010369e+03 1.320858271834466677e+03 2.604996802063030525e+00
1.566517701903928355e+03 1.030373177483590553e+03 8.206856004214710953e-01
1.597949064768274638e+03 1.086132795954464200e+03 9.531367599417763792e-01
1.446947490509554200e+03 1.098995725185649690e+03 6.199198209245486701e-01
1.506243228870527673e+03 1.146024632771863480e+03 1.711273561046703140e+00
1.619645948702418764e+03 1.172503778412292604e+03 1.572019292992575368e+00
1.388714953469755756e+03 1.196730309536071900e+03 1.249106244214799766e+00
1.442461575806109295e+03 1.199975923657202657e+03 1.636747447602623140e+00
1.444532440285591292e+03 1.289765354611437033e+03 3.127190904033405605e+00
1.585070199655001488e+03 1.315729379783389732e+03 1.932765862343647223e+00
1.515238163965166905e+03 1.327621416349317769e+03 9.111967365138775587e-01
1.361943557951723051e+03 1.323439988320684961e+03 2.625442513963200941e+00
1.564107738801851156e+03 1.029115252693278990e+03 7.595764289724032947e-01
1.729346213410517976e+03 1.098134708469825682e+03 1.394306213646448134e+00
1.596589176898889491e+03 1.087099307547665603e+03 8.975736675665744180e-01
1.668938638093445434e+03 1.094971799312442727e+03 2.067801227172700429e+00
1.619271735093775760e+03 1.172811795071929055e+03 1.510221425189927524e+00
1.583150362516477344e+03 1.316169694413633351e+03 1.885371972493761650e+00
1.516147108934184416e+03 1.324376517951886854e+03 8.059445098902027205e-01
1.728189874460615556e+03 1.099100764480773250e+03 1.431469772879175428e+00
1.671199577049614163e+03 1.109090090870297672e+03 2.203986089895315637e+00
2.023522086560825301e+03 1.099867832799583311e+03 1.641479466382601782e+00
2.022188668519360817e+03 1.099784715753978844e+03 1.671579602320861557e+00
3.363679525809425286e+02 1.202585764934625104e+03 6.623742961649696781e-01
3.029931830664694417e+02 1.285031687015012267e+03 5.518606857208100402e-01
3.380454607783410097e+02 1.198512668972548681e+03 6.752335649041435461e-01
4.935128326754800128e+02 1.246438067144597653e+03 6.062516781626455797e-01
3.014152232082077489e+02 1.284600498064329031e+03 4.910933070969102920e-01
5.071851009227989380e+02 1.343571154044958121e+03 1.827988482820075422e+00
4.430412975747325390e+02 1.369147770838637371e+03 1.672981526011293463e+00
5.286012821329707094e+02 1.448941468274011413e+03 2.499466636534531716e+00
4.100851845456891169e+02 1.495210816717423768e+03 2.459288766961117201e+00
4.903211000320068251e+02 1.489224095003003640e+03 2.688183004310489732e+00
6.285019972105483248e+02 1.220285021196712705e+03 2.421646447233902766e+00
4.925592012631726675e+02 1.246326130104280764e+03 5.691186237037031415e-01
6.130974836620804354e+02 1.279709002310837832e+03 4.986141770694545172e-02
5.066198760759995139e+02 1.343494783953173965e+03 1.796221860063065945e+00
4.428455773375521858e+02 1.368609130726667217e+03 1.628291026016429832e+00
5.691921772224411598e+02 1.371369965948875006e+03 1.746382586188347963e+00
6.277096271293753489e+02 1.382073927169880790e+03 1.868159493201728250e+00
5.311343133049261951e+02 1.450180254741466342e+03 2.596863238331200474e+00
6.225064307992286103e+02 1.482614146799360924e+03 1.990483367354261235e+00
4.041132247691573411e+02 1.497874776107541493e+03 2.503074688511734536e+00
4.921446078629297745e+02 1.491421466354804579e+03 2.912920846768716210e+00
8.419626977572369242e+02 1.199454070692942651e+03 9.911053701508891756e-01
6.242224903611091804e+02 1.225159642344584881e+03 2.195624509648641087e+00
7.401041448528118281e+02 1.236934981310515923e+03 2.710040417385843892e+00
6.115543785511792976e+02 1.278669269114472172e+03 7.220289453018943759e-02
7.125236929088180204e+02 1.301082140783936893e+03 2.276344829604671105e+00
7.877406298196685839e+02 1.332490288241112239e+03 1.202025717219311840e+00
5.668068366872743127e+02 1.371252366750867623e+03 1.760812750774389590e+00
6.255763860361624893e+02 1.382095544507519662e+03 1.864117724666535469e+00
8.232580432294666934e+02 1.421360770815215346e+03 3.074916197587107991e+00
7.042502399350696578e+02 1.450833377754207731e+03 2.048471860769231156e+00
6.192644599433215262e+02 1.484807558168579817e+03 1.966957089275234161e+00
7.955334457220957347e+02 1.464625924759862755e+03 3.076106090370989588e+00
8.442621807006605650e+02 1.192903345797269822e+03 1.093938133486948905e+00
7.382354314030709475e+02 1.236663442869887604e+03 2.636574873670212149e+00
9.969061288881223390e+02 1.244564415119048363e+03 8.510022131815317969e-01
8.871736363943693959e+02 1.258471977375379311e+03 3.823157692853588197e-01
7.098946510813668738e+02 1.299954320990348833e+03 2.190637455461393657e+00
7.868161637533752355e+02 1.333100078029375936e+03 1.278698409095637700e+00
8.792777893755626337e+02 1.322904798280599834e+03 4.049035540183106296e-01
9.814344032070162029e+02 1.365845503991269652e+03 2.854565025014353719e+00
8.642471331110668871e+02 1.384610358124956292e+03 2.497949105804850412e+00
9.633767898452974805e+02 1.414488466686646234e+03 2.519389089934763071e+00
8.235022338384558225e+02 1.418902996017295436e+03 3.100479220280721204e+00
7.947044849933325850e+02 1.467743030432019168e+03 2.892515856563796284e+00
9.617787876383722505e+02 1.477445608688289440e+03 3.140086568712240567e+00
8.751816202992531544e+02 1.495418384505722997e+03 2.610464732445571201e+00
1.112019521872682844e+03 1.194165558177237472e+03 2.863399131199209080e+00
9.976986461439068989e+02 1.244078951619901773e+03 8.792742479875113037e-01
8.909119849973922101e+02 1.262455966691803724e+03 6.129682107321585693e-01
1.179973009960018089e+03 1.263625666101803517e+03 2.659959923701402218e+00
1.064379700836736220e+03 1.284033197660873157e+03 4.120620486415297323e-01
8.803005877019907075e+02 1.314881351390420605e+03 2.136002200100295678e-01
1.096465724740680344e+03 1.333612081886853275e+03 7.406050915435670179e-01
9.803991896673569499e+02 1.366652965686160314e+03 2.834255914158279932e+00
1.176936197680658097e+03 1.384524750599841127e+03 1.262842012485558829e+00
9.626059694753796521e+02 1.416521773245236318e+03 1.691337659869299292e+00
1.081540886545331432e+03 1.442002677285719301e+03 1.706815775545041936e+00
9.598621705088678482e+02 1.480392298813199204e+03 3.030179335807496432e+00
1.109988854102091864e+03 1.195167072728355151e+03 2.906900725620628290e+00
1.179735212544551814e+03 1.266254024530600645e+03 2.787449327210052896e+00
1.261461020038166907e+03 1.277133517450972477e+03 2.418465086034159217e+00
1.062331842310972888e+03 1.284374275248467029e+03 4.333101655302916688e-01
1.094639268814935804e+03 1.333973538604028590e+03 7.188709105393958909e-01
1.250704458731298018e+03 1.377830687723861502e+03 1.617104201131077668e+00
1.173786713819296665e+03 1.382095095077396536e+03 1.183760399898239335e+00
1.098693317330232503e+03 1.438754037946435119e+03 1.532915245870136056e+00
1.301906984478575851e+03 1.444698869865615052e+03 1.522383376839429703e+00
1.039609535092951546e+03 1.445031015651460848e+03 2.458542690558775945e+00
1.204362768737676561e+03 1.484733299057328622e+03 2.305906521391283270e+00
1.390701030940034343e+03 1.194073118015592399e+03 1.160514014847326747e+00
1.442920334142281945e+03 1.200533293409302814e+03 1.538455697856511151e+00
1.260632331837074616e+03 1.277915052551502640e+03 2.428020938726668465e+00
1.447228461102379015e+03 1.288563474532036253e+03 4.224953018593554516e-02
1.365238700529131620e+03 1.319372228466497518e+03 2.641242437847904689e+00
1.249730366172449294e+03 1.379764241908558915e+03 1.635605511751776708e+00
1.362153519781219757e+03 1.430964907986033950e+03 1.538851631849802892e+00
1.298063256579466724e+03 1.443953336977533127e+03 1.476871562165552598e+00
1.200332774753564536e+03 1.487032719780906064e+03 2.379963806149587136e+00
1.386686410471123054e+03 1.197015966232474739e+03 1.160098578981923145e+00
1.442883527694152008e+03 1.197740631958630047e+03 1.593186543805050759e+00
1.446226247246770754e+03 1.289160990080386682e+03 5.677796918484227101e-02
1.586051620539440592e+03 1.313178232619020946e+03 1.781415805137218422e+00
1.517394540037215393e+03 1.325218825865214512e+03 9.162750176348952724e-01
1.363244533079391204e+03 1.319490796556523492e+03 2.641065352890830553e+00
1.361859958968308774e+03 1.428201049114258922e+03 1.518885232925475171e+00
1.584806997447877848e+03 1.312968181598218280e+03 1.812200023575728292e+00
1.513866305997679319e+03 1.325697779444613388e+03 9.494478132865702413e-01
5.107847580207313740e+02 1.346676290591607540e+03 1.719758329115605999e+00
4.431406354262579725e+02 1.368855329091880094e+03 1.650390952824138058e+00
5.322618757890754750e+02 1.449777404245684238e+03 2.553434361378049910e+00
4.102057227583798067e+02 1.495565853587765787e+03 2.453900521249761102e+00
4.947571683048674913e+02 1.490639147616954233e+03 2.777288242080456548e+00
4.418943056466249573e+02 1.368788267861111308e+03 1.577646992054586805e+00
5.695352108691376998e+02 1.371280711427016286e+03 1.684376649697601147e+00
6.280334997652514630e+02 1.383379054776949033e+03 1.802158970629422763e+00
5.309942638933894159e+02 1.449908656928601431e+03 2.587158622081282111e+00
6.232660183711643640e+02 1.485241547099878289e+03 1.974467688731073922e+00
4.101102621238720758e+02 1.495272186889602381e+03 2.507752941535433600e+00
4.945176171020381162e+02 1.490390143506384220e+03 2.864745608156687329e+00
6.895554683704806394e+02 1.528207952272912280e+03 1.680140247023473421e+00
6.214562681798864787e+02 1.579827335595484328e+03 2.969375481471992373e+00
5.937022475280284652e+02 1.618649681121053845e+03 4.097257360000516185e-02
5.666471665987597817e+02 1.372914574655761726e+03 1.607166556531300028e+00
6.251859326920024387e+02 1.382739961321181681e+03 1.877316482782892537e+00
8.240159625198989488e+02 1.418309549600832270e+03 1.601678024876905179e-02
7.044217335059116749e+02 1.450986014245363094e+03 2.033779629259170996e+00
6.216215777776133109e+02 1.485682246927358165e+03 2.016157194485339588e+00
7.988991693227476389e+02 1.466058576319685244e+03 2.941228044254441176e+00
6.855342353513300395e+02 1.526652481311875817e+03 1.706789924257540170e+00
7.984313188230262313e+02 1.531842491722531577e+03 3.086564100795458288e+00
6.187612576766155144e+02 1.581121988535237733e+03 2.885383809976886038e+00
7.674095596602264777e+02 1.592592452446000152e+03 3.981135380709784344e-01
5.884995961274997853e+02 1.617226821272641473e+03 3.056240851224146571e+00
7.218399359344992945e+02 1.636554147758633007e+03 3.446046527151892525e-01
9.797772957203844726e+02 1.363869150534981145e+03 2.721825120221372796e+00
8.602176222068857214e+02 1.385036641886687221e+03 2.854508989908845606e+00
9.618575702396806264e+02 1.414062272627531229e+03 2.408690120467805507e+00
8.237324165602517496e+02 1.416482380377041409e+03 1.387820326187943869e-02
7.949840193784873463e+02 1.464539242623801783e+03 2.930535680018448108e+00
9.629513862858709672e+02 1.477604404187674390e+03 2.963900133189080410e+00
8.763558950933459073e+02 1.493182532234921155e+03 2.631404476682825955e+00
7.956177058719729303e+02 1.531037464417890533e+03 2.233396635969468580e+00
9.351922654978529863e+02 1.578852530625425743e+03 2.696396214266103986e+00
1.021730986228659276e+03 1.574838182695543765e+03 2.935167934634867581e+00
7.658216127730439666e+02 1.591856599321570229e+03 4.027577213628438790e-01
8.961606193844386326e+02 1.608818514826898081e+03 2.549686006246318470e+00
7.214386715583807472e+02 1.634331651449080709e+03 6.781034583395239013e-01
9.796952972638828214e+02 1.365041103074484454e+03 2.919268505502464084e+00
1.171482566741377923e+03 1.385961145023647759e+03 1.184276088044842634e+00
9.618440344259543053e+02 1.413577165697005967e+03 2.496755148824890469e+00
1.093585137021304945e+03 1.440642496776721600e+03 1.089565220501943488e+00
1.045499790383157688e+03 1.442123087176868921e+03 2.373923488113681035e+00
9.618359770893030145e+02 1.477419598649444652e+03 2.989776989685967834e+00
1.142658346879753935e+03 1.512890240608408703e+03 1.669790404865172162e+00
8.765172352782099097e+02 1.494078303992939709e+03 2.646790950886631855e+00
1.086217633039857674e+03 1.552016699976119071e+03 2.266459470983975599e+00
9.350756982968682678e+02 1.579135939890686586e+03 2.696915571755450269e+00
1.031855430158932222e+03 1.576525770843245937e+03 2.980391919575892334e+00
8.920843543666692312e+02 1.610871936447411372e+03 2.365520483650456640e+00
1.057030190740865010e+03 1.629661281625951460e+03 7.066516714340275174e-01
1.144841809607247342e+03 1.651367310108098536e+03 7.311686056278543511e-01
1.173978299355828767e+03 1.380601093433622509e+03 1.214236498176642920e+00
1.250195011662330671e+03 1.375164963135501921e+03 1.660753807124572434e+00
1.094373842144293803e+03 1.440032510431000446e+03 1.288525395214080715e+00
1.300859171879499172e+03 1.440389334055344989e+03 1.476809346404899692e+00
1.044428660529162698e+03 1.442610287063422902e+03 2.561551627864289582e+00
1.203070221885195906e+03 1.483216833156458733e+03 2.362359316456159153e+00
1.141728150548395661e+03 1.511490221383853395e+03 1.757066026218046417e+00
1.084766164786846502e+03 1.551646195258898388e+03 2.402136269851225858e+00
1.333281072487032134e+03 1.544234478239580312e+03 9.299637164234948461e-01
1.220788364392446056e+03 1.572117153995481885e+03 3.717252818567858275e-01
1.027736628937641854e+03 1.575775104602293140e+03 2.984773731867922830e+00
1.325430307171056484e+03 1.626197932301871788e+03 1.213273872191766189e+00
1.055348444653352544e+03 1.630248938351939842e+03 3.989534848854962013e-01
1.219347251105994928e+03 1.641109974200556962e+03 6.091749582091291471e-01
1.141615578440102126e+03 1.649726679032592301e+03 7.017103707601367590e-01
1.249682303275221329e+03 1.376742462209002724e+03 1.650650512262572533e+00
1.363380202649694183e+03 1.428408425241148962e+03 1.550276310755927867e+00
1.298658278590418377e+03 1.442284372360798670e+03 1.488929732324480337e+00
1.203152730721104717e+03 1.483054885271102876e+03 2.403979807358707976e+00
1.391987590570488237e+03 1.536704883220593047e+03 1.669725947811952160e+00
1.329094375336992698e+03 1.543315414547358841e+03 8.953140420470826477e-01
1.219869089326448375e+03 1.570675571935651305e+03 3.271238581377953203e-01
1.323351514760777263e+03 1.625571549249305008e+03 1.115144334110561797e+00
1.224614973825977359e+03 1.636465961328392723e+03 4.938703932067335378e-01
1.360196437464413066e+03 1.429868057555797805e+03 1.524301288117108522e+00
1.590645997546726221e+03 1.532330959171112227e+03 2.122087138065253953e+00
1.391053943239533510e+03 1.537405106110506949e+03 1.584516966420489448e+00
1.541956004415562802e+03 1.587694410429567142e+03 2.049883881585406797e+00
1.589551296087608534e+03 1.531378902508804003e+03 2.120771385648835938e+00
1.538723133460899135e+03 1.587293841603259125e+03 2.045485894296217300e+00
6.886567448959917783e+02 1.536020219503810949e+03 1.856943739031147844e+00
6.226113971863850338e+02 1.579350437561293120e+03 2.821431445060903265e+00
5.925666262031226097e+02 1.619066848066825287e+03 3.093873429078695114e+00
6.861901158531366036e+02 1.527664224992380014e+03 1.754037087486530311e+00
7.961378897960510130e+02 1.532424438285713677e+03 3.042072612638548001e+00
6.217934692592390320e+02 1.579022511011251709e+03 2.723774633299764325e+00
7.671455252078935700e+02 1.593225746774351364e+03 2.491841907448535121e-01
5.897092429833145388e+02 1.618416743730414055e+03 3.000467687890754576e+00
7.200854621353473703e+02 1.637786089057063009e+03 2.791495521224018339e-01
7.953048298056638714e+02 1.532238108992222578e+03 3.060291669513787838e+00
9.372696580279127829e+02 1.576877349123326439e+03 2.567333627854447187e+00
7.653389659550846318e+02 1.592288131430878593e+03 3.299932872912696991e-01
8.943418109178360282e+02 1.610426073769547429e+03 2.506534875227234949e+00
7.208508414224020271e+02 1.635615170042666705e+03 4.116921987807035666e-01
8.760053910083506707e+02 1.671116201796202176e+03 3.096059679169234080e+00
9.787235198914654575e+02 1.728145429810257383e+03 1.989144923246103591e+00
8.756617528227675393e+02 1.734607575832392286e+03 3.067699855733043712e+00
1.139534280581249050e+03 1.515808114960780813e+03 1.815225805532868275e+00
1.086575655877389863e+03 1.549423067753286432e+03 2.341805012560559174e+00
9.357973293438731162e+02 1.576891528910504576e+03 2.645450078958685225e+00
1.031774191671052449e+03 1.574620650646124432e+03 2.952825780889149598e+00
8.941108712144048241e+02 1.608871807865990604e+03 2.550742640538061323e+00
1.057779089184646637e+03 1.628383717044099967e+03 6.449814860405342909e-01
1.143035361952492394e+03 1.646995395033622572e+03 7.577876398920876388e-01
8.721239314928191106e+02 1.669223382302646314e+03 4.589647456893208161e-02
9.775190600228229414e+02 1.726727660973809407e+03 2.049721699436031663e+00
1.038236210201528593e+03 1.727597388976167622e+03 2.288887039233719278e+00
1.136408805433650514e+03 1.733402666852495258e+03 1.028999409946235843e+00
8.731577118282721131e+02 1.732994774415333723e+03 3.023340969366477449e+00
1.028638021137360283e+03 1.819177969092681906e+03 4.811406154285102210e-01
1.140739039904998663e+03 1.511952201545581374e+03 1.787343574785362765e+00
1.083624622244127750e+03 1.550191543814901024e+03 2.437071916152427242e+00
1.329812354804380220e+03 1.543968979227972341e+03 9.894475721909645749e-01
1.220869300888216458e+03 1.570841058658839302e+03 3.840187307713023301e-01
1.032566707932366626e+03 1.580572095502040838e+03 3.036017871650131816e+00
1.325082008778906584e+03 1.622281885792531284e+03 1.208666274946529118e+00
1.055329336254884765e+03 1.629213975208084094e+03 5.031042995088559344e-01
1.220294433012345735e+03 1.638962048565187160e+03 6.129663910196614385e-01
1.143023971722211627e+03 1.647082033912102588e+03 7.185072913212249279e-01
1.227800335263173565e+03 1.698949900359777303e+03 8.610649634073775927e-01
1.036207043078718243e+03 1.731087480560159520e+03 2.355152804823513080e+00
1.136368828379679599e+03 1.732748692926127887e+03 9.985735867071579008e-01
1.252925060356950098e+03 1.794983725095097725e+03 1.518096555108900070e+00
1.391424038979607303e+03 1.534246853166596566e+03 1.730904018816835421e+00
1.329061716953322048e+03 1.541913130724063421e+03 9.508104119965087309e-01
1.218348173429004419e+03 1.567580365052707521e+03 2.578314680001166925e-01
1.323639618007990066e+03 1.623199615076626742e+03 1.184867216157192038e+00
1.220436329197244504e+03 1.637006837744338327e+03 4.775789765224152661e-01
1.226369426815463612e+03 1.699364247010057397e+03 7.460048990269831926e-01
1.467616763622674853e+03 1.728590065720249868e+03 1.485605366300347008e+00
1.357950666068756391e+03 1.774222195904134651e+03 1.258026505923213634e+00
1.251894907366419602e+03 1.791924172429249211e+03 1.463151958053408697e+00
1.591292538917459524e+03 1.529636296854157763e+03 2.185815036235509101e+00
1.390076907903350957e+03 1.536207968330732911e+03 1.647092126026843406e+00
1.541461093731276378e+03 1.585227974101109567e+03 2.098612711026178523e+00
1.466640273287732271e+03 1.727605252692559816e+03 1.358211384797629817e+00
1.609684248246176594e+03 1.749913990520905372e+03 1.319779308790131500e+00
1.357868131777576309e+03 1.772039529447198220e+03 1.133480358590738035e+00
1.589740016491380629e+03 1.531339848393088687e+03 2.168986968507959467e+00
1.540189461353335219e+03 1.585635272424871800e+03 2.058078063499783283e+00
1.608655524265822351e+03 1.750743995945287224e+03 1.307032181657053815e+00
8.757825275341381257e+02 1.667885493798843527e+03 3.090877315064094244e+00
9.776586506560704493e+02 1.725550312296268203e+03 1.999936199769539291e+00
8.740893480687973351e+02 1.735016492457919185e+03 3.117144603581574636e+00
1.007853667620287069e+03 1.890264025295496594e+03 2.782660503051531897e+00
8.773691241470019122e+02 1.671164091781796287e+03 3.048802953673031446e+00
9.756218455956325215e+02 1.725232184726006835e+03 2.020673028653215297e+00
1.037530988636883194e+03 1.725187545279032975e+03 2.260955657579574840e+00
1.135934331953380479e+03 1.733210009373170351e+03 1.024032352490084508e+00
8.749415411143966139e+02 1.732526832259679395e+03 3.000105298496119843e+00
1.027111815057601916e+03 1.816066205067087139e+03 4.743299631257772986e-01
1.094428503693343373e+03 1.834589694693568845e+03 1.135001491172708654e+00
1.011447719769473906e+03 1.889987281365612944e+03 2.781079495804130275e+00
1.158206808053269697e+03 1.892186318720876443e+03 3.085966065308524797e+00
1.142771778517850635e+03 1.943226229096914267e+03 6.381309036751456887e-01
1.228118284269664628e+03 1.696954717480231466e+03 9.039439488324139127e-01
1.038095788982068370e+03 1.730287907201083044e+03 2.312256939579613757e+00
1.136425994666824636e+03 1.731527020805300936e+03 1.009789981047598317e+00
1.252707415573279377e+03 1.790951456990882207e+03 1.429697803265866929e+00
1.191050343265642141e+03 1.826462197239998432e+03 2.225714198580625691e+00
1.029828279692972728e+03 1.815583362956517931e+03 4.072856031936343824e-01
1.091793816482212833e+03 1.834014376570080003e+03 1.253096522640394284e+00
1.275756105724393137e+03 1.888794210682793164e+03 5.559407263977644842e-01
1.158456775133230167e+03 1.892723467131364941e+03 3.042918146647858535e+00
1.147096605662830370e+03 1.937840507110289764e+03 5.418539044946019123e-01
1.234065054758120368e+03 1.963622555305642436e+03 2.586683276946040166e-01
1.226354839895556552e+03 1.697468766881643660e+03 8.418471207010433943e-01
1.467889644770366885e+03 1.724882958341027233e+03 1.501658893564821184e+00
1.358077466652223166e+03 1.771886856182635711e+03 1.280478422920292791e+00
1.252257307099373065e+03 1.789355376273250613e+03 1.431062213077661349e+00
1.187258900037036483e+03 1.825128416058555786e+03 2.268488685481355294e+00
1.421976794101737823e+03 1.857181630889848293e+03 1.269814809532423316e+00
1.276166262431048608e+03 1.886990937661506450e+03 4.715367234017995290e-01
1.414620963327926347e+03 1.924330617106569207e+03 3.042653238067663413e+00
1.233804092650949997e+03 1.958205979157975435e+03 2.728623404842087652e-01
1.362861315882757708e+03 1.978036664695080617e+03 3.103934629806871293e+00
1.466855321241441288e+03 1.725154651295231133e+03 1.478747191895451119e+00
1.610013596300508652e+03 1.747713704713392872e+03 1.445360765196995301e+00
1.355113672354952541e+03 1.771645431856086816e+03 1.299764561164014953e+00
1.420619393576757830e+03 1.856957687124888935e+03 4.372245877615977827e-01
1.565585132840361666e+03 1.869463652631489367e+03 1.059275882858019768e+00
1.412616029831799551e+03 1.924832114197302872e+03 3.053035743311235617e+00
1.363707709244906710e+03 1.974930535483876611e+03 2.943918542667016691e+00
1.608139472522177357e+03 1.748559819654394005e+03 1.423115120794761435e+00
1.563225004159784248e+03 1.870392486236509058e+03 1.059177368041182010e+00
1.007509835458101406e+03 1.886965915035186299e+03 2.823716594020569293e+00
1.091563037388829343e+03 1.834927983393384238e+03 1.264988932084963658e+00
1.010385798964195146e+03 1.889999450386425906e+03 2.733263989405407823e+00
1.156478965172873131e+03 1.890291781278782310e+03 3.089133330948315326e+00
1.146681176723695671e+03 1.937693496366472118e+03 6.040224913522785899e-01
1.092881553228349276e+03 1.994748221841524810e+03 1.352648753519631632e-02
1.094522804901514291e+03 2.059993349406550806e+03 3.095375366844654419e+00
1.149713320197949997e+03 2.129878863888684464e+03 2.041918864687728707e-01
1.090145065090977141e+03 1.834016547640424960e+03 1.281849464321962229e+00
1.274668468555849358e+03 1.887952363520437757e+03 6.809004998208696424e-01
1.157092817986829232e+03 1.890260937900038243e+03 3.013141453762189226e+00
1.146097390953037575e+03 1.936545886219656040e+03 5.987678419894266746e-01
1.232565647549960204e+03 1.958486671925380506e+03 4.097454340245880178e-01
1.092679342435636954e+03 1.994347204515904650e+03 3.104677592316718471e+00
1.234810831772141682e+03 2.011217953981573373e+03 7.248160871787004966e-01
1.316115305176226229e+03 2.039102470696413548e+03 5.690576718296093128e-01
1.093804812978739392e+03 2.058358153523331566e+03 3.025133782693897988e+00
1.150965556461662800e+03 2.128015471355489353e+03 3.119500888682800621e+00
1.193811177194511629e+03 1.832900593069261504e+03 2.275219163887609142e+00
1.420378913228417787e+03 1.858937332278014765e+03 6.543052003497904501e-01
1.275136227704716021e+03 1.886550761234789206e+03 5.212294210278554107e-01
1.414418211796822561e+03 1.922953486088083537e+03 2.973211479800473622e+00
1.231995338933000085e+03 1.957599754623731769e+03 3.019227857424441885e-01
1.360830022296842799e+03 1.974800545238844279e+03 7.006898675023793925e-03
1.234165399143189688e+03 2.012163335923356499e+03 6.435849596298902631e-01
1.314337796703966205e+03 2.038730621063181843e+03 5.508634666662087787e-01
1.388174996430730516e+03 2.049347207904439529e+03 1.193294343939200752e+00
1.421523549884390150e+03 1.853623659421764160e+03 4.755662635638395197e-01
1.565805557474815714e+03 1.868516582680412057e+03 1.117636127448663697e+00
1.414875111942228386e+03 1.923776356801532984e+03 3.011329783055440856e+00
1.358872723367007438e+03 1.975045243305718941e+03 9.355298568806967585e-02
1.388636178754231423e+03 2.049033891209589910e+03 1.166413391437651992e+00
1.562585627917537295e+03 1.869084446230918729e+03 1.146788921256777005e+00
1.094722343923652716e+03 1.990323468404599225e+03 1.731228869954485328e-01
1.095159647117857276e+03 2.058815266614091797e+03 4.256045496905297258e-03
1.153338141658087352e+03 2.124390267137341198e+03 1.243800680256803293e-01
1.093410087368590894e+03 1.992078356101287682e+03 3.091065375768473178e+00
1.234945266822449184e+03 2.010810172655885708e+03 7.900033870238000189e-01
1.312620310816877463e+03 2.040872056802324551e+03 6.322372126550525051e-01
1.094555193380473611e+03 2.059396060637449409e+03 3.094509720402308428e+00
1.152946063141171408e+03 2.125657977172846586e+03 3.471146215414368935e-02
1.233477658981681316e+03 2.009562358808811496e+03 7.491603125178500910e-01
1.314054255560408819e+03 2.039195515916361273e+03 5.866441729766564972e-01
1.388939384068906975e+03 2.049316412137075531e+03 1.185553463584005485e+00
1.386952146021720182e+03 2.048628993085952061e+03 1.180168260760676269e+00
