9.879510350714808737e+02 5.214600967672336083e+02 1.672397767266212032e+00
1.113469959778657540e+03 4.465144830553068687e+02 1.361428278380942825e+00
9.867830229930082169e+02 5.253682625841632898e+02 1.733991307226202538e+00
1.112311206999885371e+03 4.467622052505302008e+02 1.359205108094103442e+00
1.325688323203236450e+03 5.285704777361634115e+02 8.654069056094980672e-01
1.327214141494902378e+03 5.232763259603309507e+02 7.991784590990148596e-01
1.415988959239971109e+03 5.272806584141775375e+02 1.048127772846140227e+00
1.417121315933874712e+03 5.237163508806431764e+02 9.985211279737045142e-01
9.865663173971588549e+02 5.245658273313962354e+02 1.682921335559371068e+00
9.981781958858239250e+02 6.975198081521944005e+02 1.160487739801993934e+00
1.113112502096792241e+03 4.453608243913156457e+02 1.346811435152274639e+00
9.863358358441635119e+02 5.261302624646086770e+02 1.661588481056233135e+00
1.168700101993327735e+03 5.643655714738796405e+02 2.269071401975182756e+00
1.048439474363207637e+03 5.565362178801094615e+02 7.057916723183303986e-01
1.072627233797222289e+03 6.234301865627130610e+02 3.133564128057090947e+00
1.112787746792042753e+03 4.457353837181459539e+02 1.399023919646569691e+00
1.327653136506527972e+03 5.240427491060688681e+02 7.794061430432279725e-01
1.168021159691036473e+03 5.641063621858264696e+02 2.270222699320815440e+00
1.047100261845657997e+03 5.574018625018690045e+02 7.190827858826837060e-01
1.072779660749940604e+03 6.233954052878792709e+02 3.125104547595317417e+00
1.246777849810004682e+03 6.837637930486918094e+02 1.172804462494468680e+00
1.325157639179524949e+03 5.247400868444528896e+02 8.123046352914166102e-01
1.413290179501776947e+03 5.261193708434294649e+02 1.028194741064748952e+00
1.468046071271182200e+03 5.591068825678734129e+02 2.922749003484132468e-01
1.425326536781341474e+03 6.366652022322234643e+02 4.256408233529028196e-01
1.246357214059751414e+03 6.806460637290622344e+02 1.152200057303947034e+00
1.411935722560954218e+03 5.263490542921859969e+02 1.044739829567503886e+00
1.466762429081551772e+03 5.590665680877693831e+02 3.145157157408206561e-01
1.524894584318795296e+03 6.351343541612376384e+02 4.803779719110261026e-01
1.423939507593094049e+03 6.368753201117558547e+02 4.433811943202462524e-01
1.527097585856300611e+03 6.333694452949637252e+02 4.328989783022187954e-01
1.663709830778975856e+03 6.650560533615307577e+02 5.742643221120471431e-01
1.978720717459800653e+03 6.530269078760653656e+02 2.951619324179663550e+00
1.982203496752161300e+03 6.588400641858472682e+02 3.051293374981656648e+00
1.986105549477334989e+03 6.623317312559561287e+02 3.027295869668126471e+00
7.819385497901279791e+01 8.336806575770918926e+02 1.401787492497663434e+00
5.961951328018698177e+02 7.342234586786051977e+02 1.607922822782344108e+00
6.745854731337290104e+02 7.567672045873550815e+02 1.242742685903503785e+00
7.561191918893939601e+02 7.176209403388832015e+02 8.528605913629658808e-01
5.961394428762822599e+02 7.343532167678778251e+02 1.613606005924402176e+00
6.736835744296373605e+02 7.568115333626719803e+02 1.247193076438236403e+00
7.469150490488044625e+02 8.054717835216538333e+02 1.044860924455420365e-01
7.433997457654372738e+02 8.539327483557044616e+02 2.368078573075421467e+00
9.938469163856343584e+02 7.066050733979536744e+02 1.357245693157237643e+00
7.544053854047098184e+02 7.183317567046651675e+02 9.051512444908323962e-01
9.323753728301603587e+02 7.241772575221125408e+02 2.077245978861975928e+00
7.439482898757837575e+02 8.035232195851153847e+02 1.160257894321976846e-01
9.896216834431043026e+02 8.537951462934906885e+02 1.198374256552362516e+00
8.927141592875377683e+02 8.578340721647364262e+02 8.954188254354931154e-01
7.418486598851975486e+02 8.601574646880355886e+02 2.482081200244096397e+00
1.049109285454946075e+03 5.550527849733402945e+02 7.130463836548390777e-01
1.171505952355666068e+03 5.641217606962238733e+02 2.283976894767581811e+00
1.072978269522912797e+03 6.226429059447674490e+02 3.086730160767797493e+00
9.931561770292951223e+02 7.078168361796361978e+02 1.330979461135551434e+00
1.145253244913031722e+03 7.043666590664936393e+02 2.091534997437536347e-01
9.321770657048698467e+02 7.248091329176620548e+02 2.040461912007741851e+00
1.048103216940550283e+03 7.363513057688792287e+02 1.168518974038461833e+00
1.104561339503698491e+03 7.990869186246452500e+02 3.068353081571578489e+00
9.873865875331698589e+02 8.590481021702406679e+02 1.371126280965480726e+00
8.922653403475135292e+02 8.573572335500180088e+02 8.886228017991812944e-01
1.046967733550797448e+03 5.524559837340310651e+02 7.054024991999851002e-01
1.168359312342182875e+03 5.637747670806600127e+02 2.270764505363477515e+00
1.073702169356453851e+03 6.226172470169589133e+02 3.114122777189158420e+00
1.246844831541680833e+03 6.806116410723916488e+02 1.100555035390334169e+00
1.145132315814575350e+03 7.043695001353236194e+02 2.060125147991681005e-01
1.046715758072505423e+03 7.366561133745542520e+02 1.182924449390840849e+00
1.324392179386651605e+03 7.847487971380626277e+02 1.154778622007936129e+00
1.104306666449305794e+03 7.990777517967593440e+02 3.072939628859097994e+00
1.461503328524937160e+03 5.577753028555715673e+02 2.722815432139100156e-01
1.424188234030250669e+03 6.366179513142939186e+02 3.892012748798235333e-01
1.244034730421930817e+03 6.828433314220573038e+02 1.112766025836976480e+00
1.320854968399397194e+03 7.843854256284884059e+02 1.104908409480051645e+00
1.359152530945886156e+03 8.253173966714746257e+02 8.564245053979029354e-01
1.495589198754024892e+03 8.406415489581208931e+02 6.861550239697734588e-01
1.463952281780353132e+03 5.564317606080821861e+02 2.566013135544480961e-01
1.523806089119717853e+03 6.346161591260913610e+02 4.466506541128421603e-01
1.423628131054714686e+03 6.361281716035770160e+02 4.301691016251940058e-01
1.551122685601425019e+03 7.491588863421249016e+02 2.212550275299119296e+00
1.639688261162898925e+03 7.576084652978940994e+02 1.257296722371353592e+00
1.361235876529344523e+03 8.187372468165958708e+02 8.343157095398305856e-01
1.496715741549663790e+03 8.362279996810768807e+02 5.687991333277585548e-01
1.634222257741210569e+03 8.551789289194368848e+02 2.659281946594687085e+00
1.520954640744280823e+03 6.336729807070319112e+02 4.409850708654075024e-01
1.662062135680546135e+03 6.645696792483297486e+02 5.490980412480369610e-01
1.549722215580814009e+03 7.481025459475868047e+02 2.206789168812381075e+00
1.743640136726626679e+03 7.426337726733045201e+02 3.009139589444030705e+00
1.637329779719745602e+03 7.560281026055805569e+02 1.203011094008476833e+00
1.707609692228917538e+03 8.079949980155495268e+02 2.923361000126582177e+00
1.800710805954164016e+03 8.085088438064544789e+02 3.088556280394350040e-02
1.636037329586932856e+03 8.552550001262283104e+02 2.816902462469688118e+00
1.937311003298691503e+03 7.405112048442213109e+02 1.769342905481115613e+00
1.857144374860498147e+03 7.507409130868104512e+02 1.796989837102143772e+00
1.742547941889835329e+03 7.418387346492805818e+02 3.043064415120944499e+00
1.703970395427129233e+03 8.084428796133356627e+02 2.962112927103242921e+00
1.799629861694194460e+03 8.031746085004618863e+02 3.079000170380824741e+00
1.980816253294749913e+03 6.574073929695650804e+02 3.064011238027438022e+00
1.935768461093524820e+03 7.405615489347939047e+02 1.729756014335249059e+00
2.000908586817382457e+03 7.234841187064855603e+02 2.633984181840148153e+00
1.856482425174484888e+03 7.511842068590037798e+02 1.759232830239775058e+00
2.099822133066727474e+03 7.792659391324098124e+02 2.454532551030965237e+00
1.990850391620153914e+03 8.074341414907923991e+02 1.849994553219084015e+00
2.067588168981146737e+03 8.301255135912448395e+02 2.358063395454943922e+00
2.001096442710591418e+03 7.236841900379288290e+02 2.666443469723486448e+00
2.100536565447308931e+03 7.800659321221006621e+02 2.454536382155068974e+00
1.989689335272982134e+03 8.076403631587504606e+02 1.928020255426178053e+00
2.066052599827008635e+03 8.305839595428431039e+02 2.343730581569961391e+00
7.140505353255338150e+01 8.427538406466778724e+02 1.340196916806174032e+00
1.817494361491421841e+02 8.799217862372377112e+02 3.550688816111016721e-01
5.960889685560453017e+02 7.336631008870521100e+02 1.626036095045151342e+00
6.739796411963823175e+02 7.569019612882382262e+02 1.182253711332406310e+00
5.505339947899127537e+02 8.775973895869155967e+02 1.940378093377908675e+00
6.077929675716704878e+02 8.791948852737311881e+02 1.517639622794870080e+00
6.810892095017612746e+02 8.856264913339930445e+02 1.665485373421388804e+00
5.891592783983401205e+02 9.971352217294781894e+02 1.085082616359576368e+00
7.565730338225532705e+02 7.171490533401721450e+02 7.932188052046627025e-01
5.945142401860807695e+02 7.335918825700667867e+02 1.635455393693638015e+00
6.756911921619374652e+02 7.556777695314456196e+02 1.165445579526036557e+00
7.466071037107437860e+02 8.048519384189654602e+02 1.476845242071734010e-01
6.064669072061390125e+02 8.798776597557571222e+02 1.497996099524562696e+00
5.481155624195943119e+02 8.775520915791735206e+02 1.980890228475105985e+00
6.797534833155400520e+02 8.849484976750654823e+02 1.613781862257620769e+00
7.451104392540540857e+02 8.573937617104548963e+02 2.457263866745290404e+00
7.198453828552009099e+02 9.717482468888224503e+02 1.793872236791202335e+00
5.892115203810561752e+02 9.957973870831813201e+02 9.960573126268192912e-01
7.527536044247891596e+02 7.174256629828685163e+02 8.782915948182083987e-01
9.921310198039072930e+02 7.097064587386462335e+02 4.896957004645994260e-01
9.355552845515785521e+02 7.243198930922795853e+02 2.115631459055153929e+00
7.456228256389388207e+02 8.045422789086486546e+02 1.269207650085580341e-01
9.879770313608664765e+02 8.598354696050405437e+02 1.338018716577274336e+00
8.933666310107903428e+02 8.554472017694181432e+02 8.591281176251912566e-01
7.453736214689146209e+02 8.584658809287650456e+02 2.400293015004833830e+00
1.011931942531159621e+03 9.205004762480236877e+02 1.003041644652159059e+00
7.167173562709371026e+02 9.696428496356284086e+02 1.860493542618075091e+00
8.811447097388631846e+02 9.937717483058852395e+02 3.953959023271930717e-01
9.917390158150815296e+02 7.062847102002336896e+02 1.337666162758230470e+00
9.317065151605513620e+02 7.254660440289259213e+02 2.153646827343494330e+00
1.047643775895291583e+03 7.344378822799017144e+02 1.163560315319647875e+00
1.104017552722681557e+03 7.983183610999773236e+02 3.031706363575831453e+00
9.871714269705605602e+02 8.606600389691877808e+02 1.391116743302575287e+00
8.911888254963987492e+02 8.562116345989880983e+02 8.415400593675802510e-01
1.174959710399259166e+03 8.619987917715914136e+02 9.747900345613388362e-01
1.009690323699591545e+03 9.173175779633806997e+02 1.095705594054487086e+00
1.062300347637208688e+03 9.536373918703779964e+02 1.045192497420431188e+00
1.099530810130640702e+03 9.949079387370445602e+02 5.658021885082766822e-01
8.809369796100183976e+02 9.953223470422256014e+02 4.340720450888675974e-01
1.044173303924133734e+03 7.342279036801551229e+02 1.227359398443781169e+00
1.323698386024107549e+03 7.812172703699459362e+02 1.062467831206508118e+00
1.104653064646516896e+03 7.982201850978586890e+02 3.035371290232868446e+00
1.173096624693312606e+03 8.623068407467364977e+02 1.032147058083541014e+00
1.061794665488914234e+03 9.550061418554130341e+02 1.157939583132282957e+00
1.197449331175335828e+03 9.451902701230144430e+02 2.504532521840119319e-02
1.104149742731258357e+03 9.894548848245340196e+02 5.729356129382335849e-01
1.321134510693771290e+03 7.816270856132163090e+02 1.106882857594674530e+00
1.359881860983040042e+03 8.225274478922270873e+02 8.588173323685752703e-01
1.498718396644136192e+03 8.341632479903830699e+02 5.865953899282616568e-01
1.380564807777750048e+03 8.769157166471416076e+02 7.948660899235522603e-02
1.500711769356025343e+03 9.188310869583049225e+02 1.761901709935737026e-01
1.196837342431823572e+03 9.453037999945224783e+02 3.139951763819131436e+00
1.442018499957061522e+03 1.001252711412762210e+03 1.516296376448719174e+00
1.550532934525874225e+03 7.474492114499071249e+02 2.209838812942668262e+00
1.637698379655961844e+03 7.577105781991084541e+02 1.248961052568538399e+00
1.354911600072395458e+03 8.215540879750899421e+02 7.630274441291273746e-01
1.496105676137328373e+03 8.355237900292885342e+02 5.768342703818160055e-01
1.638557018904343067e+03 8.517208839913799920e+02 2.782194502790898305e+00
1.378154163056402922e+03 8.764107874130118034e+02 1.022836615832875828e-01
1.574328262088149586e+03 8.797843755200456144e+02 2.961680670156446649e+00
1.500456490934582462e+03 9.186470472743976643e+02 1.683994233034339094e-01
1.646738028883669131e+03 9.491730196673918272e+02 1.069743702709413435e+00
1.565008725318848064e+03 9.546364163487039605e+02 7.591522452376797681e-01
1.440472444033744750e+03 1.002162080987150148e+03 1.460756146900257457e+00
1.550515533695436034e+03 7.492973297999880060e+02 2.242439350468381942e+00
1.637862176106595371e+03 7.559106614179310100e+02 1.260662786733107277e+00
1.737380843032657367e+03 7.395739259452581109e+02 2.951246000021849447e+00
1.802421504293540693e+03 8.058115480787769229e+02 1.865580017074199570e-01
1.708732036647496216e+03 8.081486593949138069e+02 2.938266025980341922e+00
1.636320588365004824e+03 8.522381392078928002e+02 2.823579940057649562e+00
1.785234647074443274e+03 8.615949006447465308e+02 2.995655993459434452e+00
1.574312004713589886e+03 8.808965515076756674e+02 2.987433972172264252e+00
1.750063787902308604e+03 9.052622337382845217e+02 2.198155015765941744e+00
1.646365072771219502e+03 9.461774242754368061e+02 9.927336102539361384e-01
1.694624455969599239e+03 9.562043051956852651e+02 1.676554081287755960e+00
1.564126250081524176e+03 9.537790713259978475e+02 7.174677727575030639e-01
1.748055498151308711e+03 1.014477619243554727e+03 7.978075111702724875e-01
1.940296237699706580e+03 7.407126919113972008e+02 1.717340088483957805e+00
1.745177232756078411e+03 7.465929387869404081e+02 2.987670439013557999e+00
1.857296843248132063e+03 7.510864990017993250e+02 1.789370053678348782e+00
1.707941724126535064e+03 8.080958487259325693e+02 3.005799158918078806e+00
1.800278898651306463e+03 8.047237199692031027e+02 7.323016889360517423e-02
1.785391422435167215e+03 8.619040751279358119e+02 3.082236857010465680e+00
1.968402471456980948e+03 9.053977245208511704e+02 1.731495269343894305e+00
1.856093431143997122e+03 9.223969629497423739e+02 1.919468430651254665e-01
1.749561374421779647e+03 9.056628279209360244e+02 2.271653775552751053e+00
1.688454689463114391e+03 9.532570106607386151e+02 1.564133712573682500e+00
1.937585028769166911e+03 9.822155466399324268e+02 2.440141561889174415e+00
1.748810794517004751e+03 1.011052019417904148e+03 7.259458939704409586e-01
1.936634290876266277e+03 7.406159639722634438e+02 1.733671509412302081e+00
2.001012988368366223e+03 7.238617400201123928e+02 2.660766636054442635e+00
1.854341720262726994e+03 7.517309997767356435e+02 1.749264583479238189e+00
2.102496977322754901e+03 7.811113289483868130e+02 2.562908866831842492e+00
1.991449590605252070e+03 8.064410422947680672e+02 1.892720102234362489e+00
2.067000722155484254e+03 8.295610145273295757e+02 2.432653573802290747e+00
1.965516556588363073e+03 9.055540039844886451e+02 1.627066205044527036e+00
2.032095628223025869e+03 9.086412000897582857e+02 1.679604269956792573e+00
1.864388209207329965e+03 9.050919989276267188e+02 1.305631230562455392e-01
2.100352684100993429e+03 9.660292431627353835e+02 1.456956149159786218e+00
1.935992774886751249e+03 9.825592186732781101e+02 2.542656484677977780e+00
1.840942859693026321e+03 9.501984008580066075e+02 2.024982818367602633e+00
2.002513859038843293e+03 7.253936952679201795e+02 2.752903653568492537e+00
2.099771227161404113e+03 7.786929407933305356e+02 2.548685509053878473e+00
1.988312556203979057e+03 8.061284366897793916e+02 1.966462127044321218e+00
2.065814598732342347e+03 8.290490949653622010e+02 2.442419872101208256e+00
2.032223522138145199e+03 9.081434119061887031e+02 1.690241239977885446e+00
2.228302723525077454e+03 9.063108214596891230e+02 1.955597716897137239e+00
2.098530980067070232e+03 9.641119626151605644e+02 1.407319958791925618e+00
1.802812140608725713e+02 8.771070609483549561e+02 3.582730294367417745e-01
5.106334502423849244e+02 1.034531024007377027e+03 1.072476019806242631e+00
4.320914850750272080e+02 1.051462885547268343e+03 1.589989872103471980e+00
4.676123741376676435e+02 1.135510226672060526e+03 9.764533229619929422e-01
6.059998472757324635e+02 8.780379008930772216e+02 1.523227063926179570e+00
5.522345453842661982e+02 8.755358016737284288e+02 1.936066665122494923e+00
6.800393032702240816e+02 8.915621250846934345e+02 1.728166876908515226e+00
5.893568059485075992e+02 9.967924596507286878e+02 1.064031903130224332e+00
5.104090253247532019e+02 1.034997722275707474e+03 9.301238800744414670e-01
6.754938296797495241e+02 1.045240100354900278e+03 2.226141875018961880e+00
4.328288644303949013e+02 1.052113543508479324e+03 1.509263945706225574e+00
6.159594659255531042e+02 1.122505914306139175e+03 2.198901685108919146e+00
4.673937680563368531e+02 1.135897188234420582e+03 8.569511605202340121e-01
5.441929208325694844e+02 1.144002499737536255e+03 1.500341610655087754e+00
6.040418933509369026e+02 8.789115792920647436e+02 1.333162811784158963e+00
6.796170206417293684e+02 8.840683569027742124e+02 1.534527750750037445e+00
5.506401249131432678e+02 8.813244662389097357e+02 1.245415219360246128e+00
7.193856810231530972e+02 9.709034726186498574e+02 1.718954890126912716e+00
5.889701975817844186e+02 9.971672738464164922e+02 1.050154811619367079e+00
6.741749404032078701e+02 1.045292743987405856e+03 2.133513570084208943e+00
7.999750982121786365e+02 1.045656916152891654e+03 2.400336224450234646e+00
7.700978428891218073e+02 1.080859722039664575e+03 2.970417942476210715e+00
6.145290622911412584e+02 1.123352425962938241e+03 2.119264780640538248e+00
7.515438516411616092e+02 1.149830838645184940e+03 2.849593565235699621e+00
8.496100969642025120e+02 1.156110014422380573e+03 1.553109869208933125e+00
1.008402268897949625e+03 9.216900423222296013e+02 9.652146823335583381e-01
7.161129642181009558e+02 9.684115309463709309e+02 1.802557811040156999e+00
8.803491247483741517e+02 9.934105162959472182e+02 3.780804362934401253e-01
7.985551948701428273e+02 1.044548441586033050e+03 2.384865002690319979e+00
1.019917138755493397e+03 1.061710321046008630e+03 1.641757772154281314e+00
7.676982149278215957e+02 1.080792081195086212e+03 2.860513694775451476e+00
9.078236815566581299e+02 1.100465638961911282e+03 1.576897320272000469e+00
9.576611858889075393e+02 1.152044538449299580e+03 1.023439126767541119e+00
8.464703449875886463e+02 1.158309755297771744e+03 1.718727892898276766e+00
7.491718159858781974e+02 1.150838772164224110e+03 2.721299299966015717e+00
1.010321274805119856e+03 9.150929410151647971e+02 1.072612896440067853e+00
1.062688145781013873e+03 9.515136012246982773e+02 1.017836885480549292e+00
1.104280334264530211e+03 9.895149844212601238e+02 4.700975711249059663e-01
8.793206180530758047e+02 9.927552456918738244e+02 3.195604909940671368e-01
1.016941542155542948e+03 1.060358477842477214e+03 1.648920555190890758e+00
1.093580484224536576e+03 1.041726346950790003e+03 2.758370309387784047e+00
9.064803215961610476e+02 1.099630587692003019e+03 1.637797585321210114e+00
1.046157947437692883e+03 1.134509846411418266e+03 8.349290920730660925e-01
1.173562526863887342e+03 1.137627613825563685e+03 2.116469326450927113e+00
9.560013176729551105e+02 1.151866571974843737e+03 1.054151301968174526e+00
1.059705458837816195e+03 9.511533737826262040e+02 2.786510697324717234e-01
1.197461066872181846e+03 9.442824996984309109e+02 5.382614043186454561e-02
1.104443632098193120e+03 9.888841075379482390e+02 5.454037954898691698e-01
1.093824091688070439e+03 1.043973490996748978e+03 2.789684698144476283e+00
1.223166421013718036e+03 1.062829800716672935e+03 6.522751968744165685e-02
1.258486586331972831e+03 1.126777652161999868e+03 1.148154670798069654e+00
1.172958762222307087e+03 1.147707541041982040e+03 1.998539020358854446e+00
1.047981444976992861e+03 1.131900749348274076e+03 8.264740787313712422e-01
1.331291816972375045e+03 1.139342974208394935e+03 8.286208757745565645e-01
1.376581394061112860e+03 8.722976450785936322e+02 3.096939927885824950e+00
1.498700950920255764e+03 9.168132900623506885e+02 1.773933088169764583e-01
1.196893015962205936e+03 9.441309082152297378e+02 1.295068762392320889e-02
1.441659755116703764e+03 9.987427059272022234e+02 1.455862895961749226e+00
1.219396690100443038e+03 1.063064372445927575e+03 6.352550236930191996e-02
1.413130583066819554e+03 1.111940659123169326e+03 1.153811383829775883e+00
1.256262812629506243e+03 1.128253278463886545e+03 1.120833315317094181e+00
1.328111725701153546e+03 1.137455817941360465e+03 7.320312353390879823e-01
1.458727674784413466e+03 1.154091247397662755e+03 1.450008862788526143e+00
1.378864107464848985e+03 8.752438311228131624e+02 7.292468787872685709e-02
1.575974469304215063e+03 8.776835081171541333e+02 3.015060406193373677e+00
1.499873055176805110e+03 9.176565870253357389e+02 1.142659928246406720e-01
1.642896022722780572e+03 9.462572444798611286e+02 1.067695461075450325e+00
1.564791357613526543e+03 9.528892010034851410e+02 6.816386111555831073e-01
1.440502075130620824e+03 9.990700846340353110e+02 1.465422681338118815e+00
1.506511605747303520e+03 1.036550646950347527e+03 2.198947594057707011e+00
1.591458990655834896e+03 1.054411532262588480e+03 1.022581691768340351e+00
1.411532638617848079e+03 1.113140994063164044e+03 1.123908891359104212e+00
1.514003095619685610e+03 1.113621068000597461e+03 2.574217027628404431e+00
1.629058879481311351e+03 1.130992507454967154e+03 1.657689517878880414e+00
1.455504363999753423e+03 1.153038248280612606e+03 1.515732950116501332e+00
1.576807600796872521e+03 8.799602574941889088e+02 2.943315564038509802e+00
1.749269607255823075e+03 9.054082717354804117e+02 2.303048351048174958e+00
1.665722077503736500e+03 9.486337236671818118e+02 1.032267257315384157e+00
1.563792876954685880e+03 9.513373967977152006e+02 6.537485668725651067e-01
1.743567427507901130e+03 1.013059363704581074e+03 6.870963514875007006e-01
1.660234607969762237e+03 1.060270250619905255e+03 1.568616569071022981e+00
1.589993870261644361e+03 1.054010311026327827e+03 9.927955988496947048e-01
1.738072478948782191e+03 1.077135979682327843e+03 6.296389861526616727e-01
1.511252717017237956e+03 1.113695302306214444e+03 2.560990301153680981e+00
1.773893646639426606e+03 1.120759558141545313e+03 1.152193856564299956e+00
1.624711273094138278e+03 1.135367526832014391e+03 1.718680994280391783e+00
1.694453961551307430e+03 1.179430682880979930e+03 1.276909814899760853e+00
1.967189362453549620e+03 9.047428447558509106e+02 1.753691294907667064e+00
1.747129506145639425e+03 9.080982308246343564e+02 2.330336044321148048e+00
1.866305132985971568e+03 9.060428222530824769e+02 1.465304168543670182e-01
1.690883640071859645e+03 9.546279284671336427e+02 1.619113229914266094e+00
1.841944756919283464e+03 9.354031797976647340e+02 1.547174465848273561e+00
1.937668361334474412e+03 9.833732398732809088e+02 2.486784356160581577e+00
1.743178819413344627e+03 1.013430472654394634e+03 6.959808368293483039e-01
1.834032819399796153e+03 1.031632945611794412e+03 2.158236909591392028e+00
1.906935819464131328e+03 1.065239216290200147e+03 2.291553952170418018e+00
1.736284254383527013e+03 1.077785606000341204e+03 6.566966877473864317e-01
1.773762546767440426e+03 1.120958697140703180e+03 1.036315211645357781e+00
1.897040679316010937e+03 1.141248523559054320e+03 1.979194313035749442e+00
1.828270284841187731e+03 1.161510012416116297e+03 1.368120221257822289e+00
1.965144779056200150e+03 9.041565761983029006e+02 1.637555503857189176e+00
2.032219020679119240e+03 9.075147110892614819e+02 1.688816507439007131e+00
1.868147005892127254e+03 9.037072963096627518e+02 8.322857409025741227e-02
2.099749235494818549e+03 9.640059251274578855e+02 1.448033524163875763e+00
1.935553834745906443e+03 9.815615417238966529e+02 2.552057695362472067e+00
2.132461605979638534e+03 1.040725776149670992e+03 1.336552358874296464e+00
1.830481481226541746e+03 1.031237703998349843e+03 2.223401951394352150e+00
1.906979161114615181e+03 1.064394423360499786e+03 2.403279494255134985e+00
1.987595400369728850e+03 1.098943104612803836e+03 2.014938734934254683e+00
1.896045908618082649e+03 1.143665546586953951e+03 2.018651099441310492e+00
1.827032790480012864e+03 1.154829056282639613e+03 1.267464730176961485e+00
1.845604587262937457e+03 9.504279273046422531e+02 2.682305363535727238e+00
2.031569023013458263e+03 9.079817252999223456e+02 1.754905170163100880e+00
2.227934165459455016e+03 9.055601448974925916e+02 2.044199648256810775e+00
2.098584725659213291e+03 9.642202917922156757e+02 1.459215313047300233e+00
2.129518354415331942e+03 1.040803688351569463e+03 1.370425675576117275e+00
2.138541193627825123e+03 1.150160332749998815e+03 1.580996768971655753e+00
1.641519614252347878e+02 1.184648936396172985e+03 1.481153618256855875e+00
5.066891622840034870e+02 1.039548573055637917e+03 1.009915343967675128e+00
4.320053636549391740e+02 1.050788324116436797e+03 1.518235857653440490e+00
4.674924962504601353e+02 1.134665730230666895e+03 9.119501373359918395e-01
4.990880900836991714e+02 1.221615266418956480e+03 1.837727946263649548e+00
4.302802481397720840e+02 1.229255344414745196e+03 2.598955340411143400e+00
5.374326104245445777e+02 1.318459796788021094e+03 2.222730502587068280e+00
5.102875320777719708e+02 1.032476764596314524e+03 9.662510792331158171e-01
6.770297398527050063e+02 1.043654253027730192e+03 2.324011031880141687e+00
4.298511016139556205e+02 1.050923151230940221e+03 1.420978339479056274e+00
6.152279125216666671e+02 1.120720555178720133e+03 2.171600554620984891e+00
4.674397458514589516e+02 1.134338913839011411e+03 8.700393848247406359e-01
5.439101377225500755e+02 1.142331643393763443e+03 1.447449401337202124e+00
4.983519537202129186e+02 1.221022705747327109e+03 1.764525681226181808e+00
5.745651021944959211e+02 1.220263866583563413e+03 1.558620642878961293e+00
4.308241642309808412e+02 1.228967511202141850e+03 2.705143005775575649e+00
6.396872080717996596e+02 1.244743062297319057e+03 2.007114647993824441e+00
6.964650629749230575e+02 1.261119940005443596e+03 2.633332160701579827e+00
5.380939099731359647e+02 1.324497442864595087e+03 1.965665550496148439e+00
6.734844793035515522e+02 1.041433832379385422e+03 2.102539460619892608e+00
7.981312384574889620e+02 1.047033303660298998e+03 2.296902992928497422e+00
7.705151549152094503e+02 1.078724577853831079e+03 2.997667591368091689e+00
6.142493832952069397e+02 1.120550733584801947e+03 2.086488455877867132e+00
7.513412493398068364e+02 1.147707056881284643e+03 2.834701888102333367e+00
8.499234439004835622e+02 1.157441725668470099e+03 1.669688111368750727e+00
5.733458844384391568e+02 1.220550225588084686e+03 1.516810646121101946e+00
6.386936279662916149e+02 1.244997044100892026e+03 1.921450982723691858e+00
8.247410414209718965e+02 1.265200266639079018e+03 1.701845098470576856e+00
7.035450458622054839e+02 1.266581298546776225e+03 2.514034928680025427e+00
7.746551781107534680e+02 1.281441186375908273e+03 1.817282811804001641e+00
6.010063767217753821e+02 1.341700906547169325e+03 1.384942632466351853e+00
7.944839972533926584e+02 1.046013918272209139e+03 2.357529721650484689e+00
1.018342874886171103e+03 1.062170534237782931e+03 1.662478915376803146e+00
7.675398378019000347e+02 1.076749921064619912e+03 2.946643093310589379e+00
9.079492501565428029e+02 1.098269345612877032e+03 1.578831569360024556e+00
9.575424289993907223e+02 1.149723976241025412e+03 9.759628971943951070e-01
7.489373236902627013e+02 1.147243845706438378e+03 2.773839572142556165e+00
8.463751547438882881e+02 1.156420696397409074e+03 1.709348679622075373e+00
9.811434932129513982e+02 1.214173525016127769e+03 3.093247715210612481e-01
8.933463248151826974e+02 1.236396093995801039e+03 1.999410018745778173e+00
8.238249782964311407e+02 1.263746118696578151e+03 1.793791349870493379e+00
7.727454977226605024e+02 1.281515962535988365e+03 1.895061739751898733e+00
9.488507733430408280e+02 1.328522497167063648e+03 1.555460976179945165e+00
8.952684657700160642e+02 1.337073784340716429e+03 2.172481744675906157e+00
1.094844089607934393e+03 1.035086178197765094e+03 2.659788063705793792e+00
1.016867521073987746e+03 1.058598078707542982e+03 1.635691101227957134e+00
9.059041141918605717e+02 1.096658896862716347e+03 1.653876686424115006e+00
1.045904832809870186e+03 1.132614416005468456e+03 8.441083152606679851e-01
1.174716902603684957e+03 1.144996919158166065e+03 2.021026028104429884e+00
9.563264298604906344e+02 1.150210017528621620e+03 1.039154769080281149e+00
1.136275682500746598e+03 1.183442779543133611e+03 2.804694567209990108e+00
9.791765779209101765e+02 1.214430964300147480e+03 2.784232894666041069e-01
8.912116424195880882e+02 1.236803933050184469e+03 2.050718832131288138e+00
1.091965708846480993e+03 1.230723839537832191e+03 2.828000112756007822e-01
1.165303971096251189e+03 1.258440085375661283e+03 7.098397386080491644e-01
1.053418724187722319e+03 1.287925733741232762e+03 2.758747168407651440e+00
9.503476713682207446e+02 1.329626081422999732e+03 1.581576648168153465e+00
1.009979693846985356e+03 1.331856600699944465e+03 1.786463312338850695e+00
1.095670294160647472e+03 1.045058528716720048e+03 2.737631322438995873e+00
1.223176838974462044e+03 1.062764376442752791e+03 3.722396149334989551e-02
1.258937319683689338e+03 1.125693604915256856e+03 1.239702934065536333e+00
1.044196904842664935e+03 1.132590625354048370e+03 8.369448731225572757e-01
1.171558184550307260e+03 1.148420520713686528e+03 2.017142524222504285e+00
1.329975086165030007e+03 1.136350710419783582e+03 6.872502330555237959e-01
1.133899174403610004e+03 1.184357194730903757e+03 2.753166673129717967e+00
1.278326608900276824e+03 1.211193522188933457e+03 6.017716001357177324e-01
1.090548481971169622e+03 1.230717502343108890e+03 2.568565950338227988e-01
1.319398171361031473e+03 1.254857370253485897e+03 1.091145649622880187e+00
1.165003570749656092e+03 1.257683290524767017e+03 6.360274294419092644e-01
1.052373024984555286e+03 1.288665870987136259e+03 2.672951757365893855e+00
1.236055072021263413e+03 1.317851415238059190e+03 1.770791971263212528e+00
1.220265362771074251e+03 1.061252357901743380e+03 5.334836406379419443e-02
1.414413233377142205e+03 1.110745403429974431e+03 1.111209846185968075e+00
1.257316712045652594e+03 1.126007419367514785e+03 1.128385268104929562e+00
1.328177161544763976e+03 1.136191751258454360e+03 5.922989120069998004e-01
1.457115699143845632e+03 1.150017067017951604e+03 1.518624241634378702e+00
1.276562537050412857e+03 1.211459584310951641e+03 5.486278063305294328e-01
1.384805589901004623e+03 1.251241007032453126e+03 1.309911919763501409e+00
1.316983667596136002e+03 1.253905890842938334e+03 1.020368743657437793e+00
1.448667190504987275e+03 1.269697717103511422e+03 1.566368908628848144e+00
1.234030236011080660e+03 1.316123586438354323e+03 1.840373907420661315e+00
1.493319601803342493e+03 1.330098315530235141e+03 8.690528805692873116e-01
1.507156489620605498e+03 1.038715568306198975e+03 2.337195069373330991e+00
1.592814254754449848e+03 1.051858518731621189e+03 9.110084850230126818e-01
1.412287907693088528e+03 1.111260716604505660e+03 1.077085850097655229e+00
1.514980657654351262e+03 1.113958073153842633e+03 2.651918723216649010e+00
1.625650220237939493e+03 1.134106206626340736e+03 1.776345718173012900e+00
1.455405715445149326e+03 1.150756782870617826e+03 1.498072063454626512e+00
1.532026850027802539e+03 1.188439775630256690e+03 4.337834393679116940e-01
1.381719105692147195e+03 1.252828834116417966e+03 1.281663716968152622e+00
1.567286103879336224e+03 1.252376026051804729e+03 1.408031415721334501e+00
1.447023805649053884e+03 1.269869259175222396e+03 1.511748243875873809e+00
1.625668089638703805e+03 1.325074597473336780e+03 2.164631554974905558e+00
1.484703437812238690e+03 1.327964224812997600e+03 8.396172998462196890e-01
1.589200067060750598e+03 1.050715863044755679e+03 9.747811402170606376e-01
1.661612841111024863e+03 1.059590951707678414e+03 1.686552460503581985e+00
1.736671910863909261e+03 1.075613474710903574e+03 5.881317785268879161e-01
1.774940579405140170e+03 1.119603377430080627e+03 1.024152917453359013e+00
1.513044633798093628e+03 1.115094848420606468e+03 2.661131307385042888e+00
1.623979131215649659e+03 1.136027751529752322e+03 1.749014273494585048e+00
1.693380805436104311e+03 1.179587318911925422e+03 1.230497605285554741e+00
1.527985490698775038e+03 1.189339205630970810e+03 4.300181205106782256e-01
1.565174971882637919e+03 1.254167369568385539e+03 1.363763179720576701e+00
1.624754757373818848e+03 1.328921668257364217e+03 2.124606615824752076e+00
1.834556853768445308e+03 1.032606469660418952e+03 2.225881960398051529e+00
1.909783589674511859e+03 1.062972297615732032e+03 2.430020153878488909e+00
1.735690080554169754e+03 1.076649803147549392e+03 5.950415905467442146e-01
1.774560533242664178e+03 1.121306474708079804e+03 1.002696323994812788e+00
1.898324041609856977e+03 1.141993924121192094e+03 2.077933358717733547e+00
1.829423143882549311e+03 1.160223486591545225e+03 1.316800803948376064e+00
1.693235974148316700e+03 1.180478767030034760e+03 1.195260040931879875e+00
1.850164009616196381e+03 1.237226187444247671e+03 1.285543480534658611e+00
1.834505706188684371e+03 1.037740798593756153e+03 2.231428125438608578e+00
2.130107482656819229e+03 1.047989162671021177e+03 1.176809016790851814e+00
1.908088471909856253e+03 1.064830201596527786e+03 2.436694480220102488e+00
1.988345317731710566e+03 1.097593718117367416e+03 2.013085117760136100e+00
1.897436242657885487e+03 1.141195555647708488e+03 2.047765727519827550e+00
1.826206149378868076e+03 1.156807209801685076e+03 1.321149468383861381e+00
2.141950085850214236e+03 1.148445724838330534e+03 1.524134487592402554e+00
1.848383378819835571e+03 1.236760243623561792e+03 1.270293696247797977e+00
2.129123714273118821e+03 1.039862406079431366e+03 1.380905828538418145e+00
2.138005571324445555e+03 1.148649226044110492e+03 1.555979590497936771e+00
2.189173438413713939e+03 1.302529685891847976e+03 2.572924451149413372e+00
3.442610873881465068e+02 1.413054954492488378e+03 2.994841679676721657e+00
5.001754115376803611e+02 1.223009209860085775e+03 1.766301221752164974e+00
4.306201335601188021e+02 1.228839310460623437e+03 2.604848525674663851e+00
5.406341009248355931e+02 1.325270744031935010e+03 1.897702319507735158e+00
4.781227617569720678e+02 1.351303089235076413e+03 2.040053047100804484e+00
3.431146786813856124e+02 1.412928347579878846e+03 2.978190993736079317e+00
4.986671308088793921e+02 1.220775971025565696e+03 1.720664101848310645e+00
5.743503562577125194e+02 1.219450070748630878e+03 1.491469758735108009e+00
4.308280022928869357e+02 1.228994002990120862e+03 2.664261865525694439e+00
6.390505338666448552e+02 1.244699451950268667e+03 1.866836042541754281e+00
5.379455541085229697e+02 1.325547480446457030e+03 1.858492986998776297e+00
6.059666327847398861e+02 1.345331244369815749e+03 1.699335217554312827e+00
4.789397100184290821e+02 1.351017651755249290e+03 2.077329136952199118e+00
6.588829436001364002e+02 1.361650781738087971e+03 8.657893363813430332e-01
5.686987602407334634e+02 1.431345419255458410e+03 3.122032178901540167e+00
6.832153117016948727e+02 1.454106873682409514e+03 2.581361297266373089e+00
5.727679126730289454e+02 1.219555312622906513e+03 1.405289253835270369e+00
6.380414756501349984e+02 1.243185875814442852e+03 1.892372420442013148e+00
8.259093297101829876e+02 1.261382925250485641e+03 1.731738576767543503e+00
7.034119891990094402e+02 1.265398888391647915e+03 2.452342798361478060e+00
7.742074766333098523e+02 1.280157283177265072e+03 1.773510547022680184e+00
6.049947835441004145e+02 1.344561715447141978e+03 1.681059136438628032e+00
6.613084254646656746e+02 1.359068818253431346e+03 9.089978427351346202e-01
7.432935967495072873e+02 1.380369158082803096e+03 2.110582946510451308e+00
8.600424524345027066e+02 1.386295352289453604e+03 2.274506558741978601e+00
8.122707368766266427e+02 1.421882683799701908e+03 2.248609783824695452e+00
5.643678283655449377e+02 1.432279023514610344e+03 5.283349743359682521e-02
6.897737603554669477e+02 1.458781935601299210e+03 2.643133931662848823e+00
7.758586249656669906e+02 1.476996617222924215e+03 2.712401104615431713e+00
9.790430954744167593e+02 1.211984662064793838e+03 3.622289685720570529e-01
8.932722940994117380e+02 1.235539605184448192e+03 1.931232703577866916e+00
8.230787022514591627e+02 1.262775019132133366e+03 1.759620738550972119e+00
7.719036230667304608e+02 1.279507766135838438e+03 1.811391126186558509e+00
7.102908336722581453e+02 1.273361592165395678e+03 2.685094147530802999e+00
9.472479089003422814e+02 1.333167955334199178e+03 1.492953928396582031e+00
9.002728403672692821e+02 1.338034184155410003e+03 2.236432476399467184e+00
1.011752455718944020e+03 1.331920794142920158e+03 1.703539723261572991e+00
7.413583609353704560e+02 1.377896513151134741e+03 2.169659454889700800e+00
8.560012851859310103e+02 1.385918837461083513e+03 2.395356404650808457e+00
8.100206467731757130e+02 1.422473217375634476e+03 2.271768186996594441e+00
9.975479308993506038e+02 1.440623457526020047e+03 2.208277942148170858e+00
9.498626719890169170e+02 1.451984474043324099e+03 1.694239458965211220e+00
7.705579278963763272e+02 1.479086640437923506e+03 2.729196698521515696e+00
9.786282313176500338e+02 1.213297033282182383e+03 2.909456170820359788e-01
8.913336484651101728e+02 1.242701486924806204e+03 1.933730849966166510e+00
1.091205405639430410e+03 1.227402184002843796e+03 3.076301660425790896e-01
1.162121856858567753e+03 1.256846175451776844e+03 7.035584680619726416e-01
1.052896714932864370e+03 1.286771293274852951e+03 2.780634189883638641e+00
1.155284468067712396e+03 1.352591469355673780e+03 1.102297679730593449e+00
1.007310840725770959e+03 1.331306312757521937e+03 1.806738908575793001e+00
1.076515860061401554e+03 1.396698176169937142e+03 1.281034496728807648e+00
1.161487973111793735e+03 1.426840330423297473e+03 1.130788075616651067e+00
9.996279014177487170e+02 1.442724775310432278e+03 2.152011651732112618e+00
9.485708386085179882e+02 1.451516309858826844e+03 1.968332672583626763e+00
1.077255302388167365e+03 1.461009743094431997e+03 1.347872064549207272e+00
9.001503365283274434e+02 1.337803384889294193e+03 2.255806418130998914e+00
9.404389581417358386e+02 1.332630727509785174e+03 1.623154467128675726e+00
1.277553236428625951e+03 1.212131855134429088e+03 4.697939527782479807e-01
1.088839030134189443e+03 1.225376628953540148e+03 1.881518970783928879e-01
1.317048973092669712e+03 1.253615601026951026e+03 1.027261213808518647e+00
1.164829887602126519e+03 1.256389264735465758e+03 5.667109046718772358e-01
1.051006664458272098e+03 1.287081769149091087e+03 2.713685258938458134e+00
1.235394022480539206e+03 1.317873457140691016e+03 1.808120569913171050e+00
1.154359421667414608e+03 1.352564268561692188e+03 1.112877126030641595e+00
1.074991118015660959e+03 1.398399803782385334e+03 1.364141121127893319e+00
1.160190027759716713e+03 1.423608978613088766e+03 1.041724084585222254e+00
1.260588650180114200e+03 1.438878719380779785e+03 1.173686710858119930e+00
1.074725394074020414e+03 1.456452957835490679e+03 1.523776679239297271e+00
1.273374204901293751e+03 1.208345725191972633e+03 5.200720575225282749e-01
1.384377452213874221e+03 1.249978946607420767e+03 1.296958292758038978e+00
1.315883380741197698e+03 1.252535854717990333e+03 9.781702365799844756e-01
1.448239995480496646e+03 1.268326549407465791e+03 1.524758504386103164e+00
1.234120874268465968e+03 1.317353178147841845e+03 1.794658336241847563e+00
1.489280707432712916e+03 1.324061339515204281e+03 7.865030188970980607e-01
1.352339849609217481e+03 1.374292398744714774e+03 1.609693210013916298e+00
1.412671863495067100e+03 1.380833443689498154e+03 1.796929145898624514e+00
1.259231284735739564e+03 1.438663754014747155e+03 1.048606737846221604e+00
1.533135206182865886e+03 1.187129965537418229e+03 4.747126138246895999e-01
1.567536788037357610e+03 1.251750390496452383e+03 1.330062232700752967e+00
1.380491629624487587e+03 1.248860128267020400e+03 1.274016441438702740e+00
1.447605752260097006e+03 1.268200541477452362e+03 1.456557581890627118e+00
1.627029370940332001e+03 1.326801370850717831e+03 2.197532700990548538e+00
1.486351158883587232e+03 1.325824402643772373e+03 7.797701462509317727e-01
1.348661049898983038e+03 1.375624709026034907e+03 1.543889069249165358e+00
1.411915790228535343e+03 1.381591715440578355e+03 1.754616008479259248e+00
1.556239752775094985e+03 1.395939709879291286e+03 1.750082409642875980e+00
1.502334014048434710e+03 1.414065049089690319e+03 1.462994143503376643e+00
1.566981275591333315e+03 1.252102811385559335e+03 1.343804592114116625e+00
1.625913397789302962e+03 1.326865563010560663e+03 2.130784622758365998e+00
1.557936571814985427e+03 1.396070558578643386e+03 1.715115559225242725e+00
1.849842433116565871e+03 1.236456121125678465e+03 1.340557279791130929e+00
1.848606507926384438e+03 1.236939466754652813e+03 1.384096665062336307e+00
2.188006219150433481e+03 1.300567526048267382e+03 2.529059243918133415e+00
3.439748031996921895e+02 1.411442863412382621e+03 3.003409130834511664e+00
4.792522488649223078e+02 1.352839045898586619e+03 2.096702304140110940e+00
3.426569265290088424e+02 1.412313177329545624e+03 2.989323069942184219e+00
4.773482154265076360e+02 1.352340823076018751e+03 1.968347237633313096e+00
6.237256122048820544e+02 1.355491877612524604e+03 1.517045658660141072e+00
5.677552462385224317e+02 1.431472158347903587e+03 3.130048146774357054e+00
6.893993577291398651e+02 1.457236928083745170e+03 2.580997283293240407e+00
6.561188758713448124e+02 1.515932991095129864e+03 2.587881786085870051e+00
6.680543255640722009e+02 1.585616600037424860e+03 2.186884520257874054e-01
6.479897724002672703e+02 1.357469238928981895e+03 9.294710313578302685e-01
7.429193966611514952e+02 1.380355068465546765e+03 2.028701216133157459e+00
8.602830489785441159e+02 1.385405420673013396e+03 2.295731885705388997e+00
8.116403731223360865e+02 1.422902812785345304e+03 2.157005804283879780e+00
5.652368927806053307e+02 1.430083449362795591e+03 2.245049040084897904e-02
6.895380786840034943e+02 1.457073457216753241e+03 2.543130969220182891e+00
7.748812864325492455e+02 1.476165257462296722e+03 2.589581588110776433e+00
6.562590860058268163e+02 1.514729659885224692e+03 2.523485140457802256e+00
7.893693377053875793e+02 1.561406796968498611e+03 2.652254582989318266e+00
6.677529202049607875e+02 1.583960686735797026e+03 2.226586533388849876e-01
7.438351707637391428e+02 1.382450742027371916e+03 2.210861770301379092e+00
8.548195576427242486e+02 1.383899376048493423e+03 2.320730585604635632e+00
8.083843569389534878e+02 1.421222378894987742e+03 2.962317845544319095e+00
1.003619910118654388e+03 1.440678174451110863e+03 2.103181343299100448e+00
9.468737583010406524e+02 1.451620338459549430e+03 1.673792059996700887e+00
7.726052060630654523e+02 1.475272411863232264e+03 2.619954613322051706e+00
9.038418384627468640e+02 1.524809995018313884e+03 2.946251696046418012e+00
1.017355886227678639e+03 1.531490350394994039e+03 3.097200460511469355e+00
7.863944732847517116e+02 1.560449663171984412e+03 2.673965172589194417e+00
8.867743869486016592e+02 1.603047295583479809e+03 2.126081478509095568e+00
9.935101788344361466e+02 1.596348022899338275e+03 5.804374035623018901e-01
8.637640032301873134e+02 1.658744008520974148e+03 2.631943872122913253e-01
9.975650986949526668e+02 1.661860645689562716e+03 6.234377456959933061e-01
1.151375896253136034e+03 1.357472418867371971e+03 1.093845393726256443e+00
1.076462996174715499e+03 1.396215192947968035e+03 1.319131056608713104e+00
1.159975538250378577e+03 1.422932021349586648e+03 1.114012896734912550e+00
9.997273933702126669e+02 1.440872273961079600e+03 2.140746676915776803e+00
9.465339043613985268e+02 1.451843461270170792e+03 1.763579116637693955e+00
1.078057969062396296e+03 1.459929403108339784e+03 1.291304042136558250e+00
1.159514925328892105e+03 1.504246649620021572e+03 4.904618330134560278e-01
9.025456604828311811e+02 1.524964315539791642e+03 2.866832000464081265e+00
1.017347715167527440e+03 1.535569102129590647e+03 2.957204189375871817e+00
1.163720765147822704e+03 1.569925722718368888e+03 3.117815398930618986e+00
8.826610060690127284e+02 1.601398495358686660e+03 2.180355910793032148e+00
9.931997189556432204e+02 1.593230384339673265e+03 5.654039353534836554e-01
1.096578343389847078e+03 1.604834726396373071e+03 1.097299555816485389e-01
1.003859338764297718e+03 1.656838214937654811e+03 3.623605058013898428e-01
1.154816658556213952e+03 1.349311855588781100e+03 1.107251077395198680e+00
1.075048023095497911e+03 1.395282190232284393e+03 1.361884574534690806e+00
1.160203026470742316e+03 1.421859209846772501e+03 1.056549145855545824e+00
1.261301772805058135e+03 1.436501510088331997e+03 1.145045514635080197e+00
1.076364288251395237e+03 1.459419226238737110e+03 1.327489454479044317e+00
1.157990214600634999e+03 1.504994634582373692e+03 4.603627817631770758e-01
1.270422114535877654e+03 1.525497058795305747e+03 2.789269519579968271e-01
1.162744411633050504e+03 1.570538862222870648e+03 3.071638481729022097e+00
1.097296239029662274e+03 1.605145211859575966e+03 9.017018959595855809e-02
1.208813778137389590e+03 1.608561585731296873e+03 8.575480839992671855e-01
1.235556382738520369e+03 1.650547246272156599e+03 1.782967761498047032e+00
1.351892545414312281e+03 1.372023246661631219e+03 1.585481566700136291e+00
1.413357170857432948e+03 1.379494143648117415e+03 1.753388599416824567e+00
1.260098431283914806e+03 1.436560596128628276e+03 1.077861479509369058e+00
1.268949844320293550e+03 1.524946979840247650e+03 2.711791197785159979e-01
1.344154274521943080e+03 1.558433594447039923e+03 1.308104566134969282e+00
1.495758167722317012e+03 1.569519638988803990e+03 1.534839314467328464e+00
1.202774275444130126e+03 1.599411930512497520e+03 2.518887071083241835e+00
1.236572059517279740e+03 1.644851339621721991e+03 1.505921137882145988e+00
1.348621905241896229e+03 1.373140201184578700e+03 1.447564308909586872e+00
1.411490285252774811e+03 1.380342974518106530e+03 1.769023780356887121e+00
1.558512658830748023e+03 1.394121097295843583e+03 1.755050668532108782e+00
1.502139053966074698e+03 1.412946008071284950e+03 1.466651358460204113e+00
1.493203396060770956e+03 1.570052397619214162e+03 1.527479703306799275e+00
1.555446685583935732e+03 1.395312067788417380e+03 1.758961534882727884e+00
6.551617469131103917e+02 1.514533405489186407e+03 2.668147781529286888e+00
6.655647671033776760e+02 1.584548731338379866e+03 1.728977519963594556e-01
6.538400894817735889e+02 1.513802868148365178e+03 2.522526476259637551e+00
7.867792689128976917e+02 1.561673601387884219e+03 2.644652724975309788e+00
6.664074732062258590e+02 1.584136627770802534e+03 1.887313971094289611e-01
8.316636322101935548e+02 1.717837654738293168e+03 2.866808771194684358e+00
9.044549166656784109e+02 1.521641008730101930e+03 2.844840973410090790e+00
1.011846392991482162e+03 1.527949809379927729e+03 2.925468202321951594e+00
7.867311678493423415e+02 1.559320721545685728e+03 2.594635110717651738e+00
8.870771593434508304e+02 1.601334100288856234e+03 2.124504473589283293e+00
9.918854934873427283e+02 1.593116864753436630e+03 6.424930407989226655e-01
8.675336571802281469e+02 1.655917020628394994e+03 1.479744083915764952e-01
1.003498934902638894e+03 1.655293679701710971e+03 5.255223643871795858e-01
8.343225103264373956e+02 1.717465687585430942e+03 2.820929901723208566e+00
9.345911079575694203e+02 1.713667648738937032e+03 4.492824936540958103e-02
9.459414803803194900e+02 1.782047698035946269e+03 3.090819339599648163e+00
9.080867998839030406e+02 1.523738612796067173e+03 2.714554421998525147e+00
1.017290828785344047e+03 1.535476140484266352e+03 2.926329262207189252e+00
1.158855973812489538e+03 1.567927973669721268e+03 2.060232541906441284e-02
8.848996520419921126e+02 1.605333102333995612e+03 2.133279155109989667e+00
9.929150916441046775e+02 1.592010232336816671e+03 6.075428328158539726e-01
1.098056411751066662e+03 1.603243364350460752e+03 1.436859019505460078e-01
1.004213129961756295e+03 1.653696635762761616e+03 4.556803667162464544e-01
1.078906671433234578e+03 1.677012193926049349e+03 6.993739227407848036e-01
9.334038149222412812e+02 1.713691530781673464e+03 3.126821459786639057e+00
1.114789621036146627e+03 1.736177403023878469e+03 1.471004961060983218e+00
1.045746376348153944e+03 1.775767224428494728e+03 2.150730412987211349e+00
9.426777186567269382e+02 1.782174016462266536e+03 3.110518249514969469e+00
1.137605072141539722e+03 1.797466584265309393e+03 1.194807777187975262e+00
1.269507302533583925e+03 1.524580738425680465e+03 3.082667954799559462e-01
1.161287795570584194e+03 1.568181737395068922e+03 3.095557737680295407e+00
1.206436450167494741e+03 1.606145701737547142e+03 9.034784992465351161e-01
1.096823577000487830e+03 1.602844368370828079e+03 7.799217408380669514e-02
1.239669123137663746e+03 1.650765128303012943e+03 1.348021767095711088e+00
1.077317671253538947e+03 1.677258423476620464e+03 6.558367760246294198e-01
1.113320079060766375e+03 1.735712317680417527e+03 1.386789533006631325e+00
1.042568367209847565e+03 1.776078111873164289e+03 2.177577534907117141e+00
1.136383373092891588e+03 1.797558855639195372e+03 1.324064313188777486e+00
1.196139634825778330e+03 1.814997402024493340e+03 2.089817126276069637e+00
1.268295528512415103e+03 1.523456273465788627e+03 3.040635250939428547e-01
1.344247566551714726e+03 1.557197426831551411e+03 1.297266443572763217e+00
1.494104760186594831e+03 1.572240346090016601e+03 1.618754976275663227e+00
1.203686391848301582e+03 1.605391688748631168e+03 8.710823649893129073e-01
1.240022829146902950e+03 1.651406899102627904e+03 1.306468963441633102e+00
1.481970384949263689e+03 1.713633895810502281e+03 1.535750091027119124e+00
1.189346010767439338e+03 1.807596249326295492e+03 2.358449448219224198e+00
1.492953663728990023e+03 1.567730067548856141e+03 1.517575604096483843e+00
1.479084614160377441e+03 1.710523936756781268e+03 1.463523787152021249e+00
1.536832585840984621e+03 1.718314586400296093e+03 1.850367761584257087e+00
1.534597140025055069e+03 1.717161765477711015e+03 1.879138036801464517e+00
8.291437532959889722e+02 1.714067346469724498e+03 2.887273131059114650e+00
8.334107793943857132e+02 1.716690564790424787e+03 2.764570047449609103e+00
9.343724308183593621e+02 1.713071312892928290e+03 3.550474898603623447e-02
9.441675417797882801e+02 1.780399965432380895e+03 3.069797892564995578e+00
9.202411996905054821e+02 1.871615639013822374e+03 3.242567048304214605e-01
8.880589118064717695e+02 1.953911189891631693e+03 2.039398257817381099e-01
9.912021094131050631e+02 1.971568902239206636e+03 4.659720356384551287e-01
1.078455901072212100e+03 1.674122407512718610e+03 7.527328469805691924e-01
9.318951515054970969e+02 1.712613478287636553e+03 3.106526634404087162e+00
1.116399838718994943e+03 1.733632876522762217e+03 1.446150469269845917e+00
1.045268438633060896e+03 1.773557209496609858e+03 2.141384967329447164e+00
9.435238107379902885e+02 1.780619846062849774e+03 3.056938946363544574e+00
1.137958274763893996e+03 1.795378506144809307e+03 1.319027823213293260e+00
1.044650904409715167e+03 1.850980553783951109e+03 2.932159550670850212e+00
9.180593564931591573e+02 1.871604700823520943e+03 2.683208425741998027e-01
1.160126896266390759e+03 1.904410194732676700e+03 2.455155032964666806e-01
1.026650173949269401e+03 1.902824693985850899e+03 4.012385786735079840e-01
8.838245919608530130e+02 1.957874236146073599e+03 2.814060253775172438e-01
9.928735562228255276e+02 1.970676701365563986e+03 6.072808320578824137e-01
1.127409161085583264e+03 1.980306409675024497e+03 1.040473018197007327e-01
1.078354951391269651e+03 1.674518502889118736e+03 6.995215361353513961e-01
1.114491424445049461e+03 1.733673971751503132e+03 1.331698552798378898e+00
1.042983495863057442e+03 1.773248971236080251e+03 2.198410140649177613e+00
1.136959167923617542e+03 1.795506750763182254e+03 1.265718004724919243e+00
1.198060930368939808e+03 1.814572182475322734e+03 2.043326107974607453e+00
1.043509210534383556e+03 1.853217719169407474e+03 2.962916791221648971e+00
1.165199944797067701e+03 1.902896323060119812e+03 2.193060611909176394e-01
1.252964545975159581e+03 1.917568582622760005e+03 9.028604050611664933e-01
1.027496893344984528e+03 1.906216884839827799e+03 3.101327710622922229e+00
1.332992819659283441e+03 1.935920327802112297e+03 4.412906941959333640e-01
1.481405483931713889e+03 1.711563436241467571e+03 1.550531358490758516e+00
1.196463717567571166e+03 1.812115355773227066e+03 2.111295080674701730e+00
1.385810581262800497e+03 1.865105499868326660e+03 4.815801050456987031e-01
1.455523491812680732e+03 1.892204305559453132e+03 1.208309454362841873e+00
1.252106703347904158e+03 1.917600002266665342e+03 9.377056482826678918e-01
1.333328856221015940e+03 1.933167763671074226e+03 4.313144458511573576e-01
1.479079068692137980e+03 1.708566664350473275e+03 1.519011168749883955e+00
1.537255002206313293e+03 1.716397128418301236e+03 1.845138207471890057e+00
1.383537468461245908e+03 1.865590780264463319e+03 4.776593473173934012e-01
1.454951345967712086e+03 1.892224034269592266e+03 1.163631995474804226e+00
1.535399019167140978e+03 1.719013449136777808e+03 1.884658944406631953e+00
9.198286808289990404e+02 1.871086923513422335e+03 2.788262078223018858e-01
8.883136531766235748e+02 1.952488639969312317e+03 1.489115905084833769e-01
9.951819623954361305e+02 1.965641062762409092e+03 4.416494282968118634e-01
8.862932245379802225e+02 2.012627863745498416e+03 8.542868709097053981e-02
1.021612274364101268e+03 2.020460122721839525e+03 5.832565163166373301e-01
1.044470808306043182e+03 1.849516469604166559e+03 2.896197037837866528e+00
9.186831067607990917e+02 1.869545806153252215e+03 2.669543089519533230e-01
1.025801347074780324e+03 1.902192713296660713e+03 1.787237023390614021e-01
1.160351259968750583e+03 1.902511709987220001e+03 2.047085230587774307e-01
8.872458566954219350e+02 1.953728298547503982e+03 1.435577406961632274e-01
9.950156093706887077e+02 1.965809752988609034e+03 4.506896941979574578e-01
1.138015274426760470e+03 2.006395241601368070e+03 7.293394593766897582e-01
8.847150571207159828e+02 2.010940775749244949e+03 7.038890313143157662e-02
1.022634723780656941e+03 2.019364420108462127e+03 5.735726357473270864e-01
1.051439588390894414e+03 1.856379876446313347e+03 2.904373811314486353e+00
1.164533606718126521e+03 1.901545949698842833e+03 2.007479909711335497e-01
1.252921401293806866e+03 1.916384068154322449e+03 9.779982055779403716e-01
1.028372112335878455e+03 1.903692748771158676e+03 2.932072622642758031e+00
1.335170888950958897e+03 1.932098590049852191e+03 4.713416763642322427e-01
1.137957887872960555e+03 2.006414634895550080e+03 1.339135964212139485e-01
1.267775051997927903e+03 2.001547992868002439e+03 1.409345085601657610e-01
1.201175075809953114e+03 2.101022933527502573e+03 1.142334664995644955e+00
1.203444885509158439e+03 1.826778194602009989e+03 2.061698739820409187e+00
1.385324764327685898e+03 1.864391478260665281e+03 5.207516074049590715e-01
1.455866805597598841e+03 1.889935047150838273e+03 1.290801648416908698e+00
1.252526324740066912e+03 1.916120384784335329e+03 9.800277506563306318e-01
1.333648970800001052e+03 1.932138676639926871e+03 4.484795092819124918e-01
1.266844237134314426e+03 2.001430788193365515e+03 9.275476985726710533e-02
1.201436545095355541e+03 2.099717025589812238e+03 1.137133490269363723e+00
1.387078332032616800e+03 1.863450123437038883e+03 6.095828611639925176e-01
1.455035826859632152e+03 1.892110619605917691e+03 1.245712602406723768e+00
8.851341552801638954e+02 2.010779188453433107e+03 1.845550998882358185e-01
1.017525365580461312e+03 2.019906475050559038e+03 6.046023998513470055e-01
8.852377848471569450e+02 2.010959672737889377e+03 1.056686898716537176e-01
1.021302847909508728e+03 2.021140741638007057e+03 5.299062050392508993e-01
1.134705950260447707e+03 2.038686510869846643e+03 7.758653907734655020e-01
1.137702886997557698e+03 2.018830218031776440e+03 7.958861053333696756e-01
1.266822666982587862e+03 2.000923635135335189e+03 2.365261855154944248e-01
1.200590514213241931e+03 2.100193725000383893e+03 1.105954403207995096e+00
1.267310607706557903e+03 2.000411007840164530e+03 1.775224989841519552e-01
1.198956558526589333e+03 2.100131199212994034e+03 1.152831310674596654e+00
