4.780165886207988706e+02 1.588927402059536007e+02 6.883624380930325470e-01
4.767890962014093930e+02 1.588534978102824766e+02 6.892107890774034074e-01
1.091070861297679130e+03 3.331318213038532008e+02 1.158852872111990395e+00
1.091873483286924738e+03 3.309700582599245422e+02 1.147556352475236796e+00
1.425309053353709942e+03 3.153272614991362275e+02 2.911748802735808495e-01
1.593536439483268168e+03 3.180540643676023365e+02 9.920771321988799407e-01
1.423577875575062080e+03 3.151006233976249860e+02 2.268168218583127005e-01
1.641685009169073965e+03 3.613973958590020175e+02 1.037326170457212093e+00
1.810959231341111945e+03 2.844769170426441747e+02 9.154943280065728217e-01
1.590892057517342209e+03 3.178738877920109758e+02 9.547213112020125347e-01
1.811363129331112304e+03 3.271338073768318395e+02 3.194193818535130958e-01
1.638095448359086731e+03 3.607951909653910434e+02 1.029476044962022385e+00
1.825049687193730733e+03 1.252681910472821869e+02 2.783451909916004663e+00
1.810891293856886023e+03 2.823177500335832519e+02 9.083738337501412463e-01
1.812916667487612131e+03 3.290903109795350474e+02 2.867988436895996807e-01
1.957532655953746143e+03 3.804740382008353663e+02 2.745401453847776452e+00
1.829480329591507143e+03 1.259496122728743899e+02 2.862032020182987413e+00
1.828792777207486552e+03 3.321278048182390421e+02 5.143908605601382744e-01
1.960569643259982968e+03 3.811056223439047699e+02 2.917483184215019953e+00
9.452146270239152273e+02 5.202265680836948150e+02 1.652053744356687170e+00
1.019218943808238691e+03 5.215138390974469758e+02 1.133354142245110996e+00
1.090823676084193721e+03 3.313093815006342311e+02 1.143002593051479554e+00
1.101254293227583503e+03 4.059670429476562958e+02 7.406090671816818460e-01
9.441910206431030019e+02 5.233888772330827805e+02 1.747754410448264739e+00
1.013715902323756609e+03 5.273872524272408100e+02 1.257943634543705391e+00
1.176871576405320411e+03 5.145036724579483689e+02 8.610726768182928037e-01
1.089410258691700619e+03 3.319392676705207350e+02 1.189364274223175810e+00
1.099441982695871957e+03 4.066073981199765512e+02 7.870395556882190391e-01
1.265780340023355166e+03 4.631362136489302657e+02 9.147536169761155689e-01
1.174142503205712501e+03 5.110503242735156846e+02 8.198472518015138544e-01
1.272217056962462266e+03 5.327536333037523946e+02 3.309795990553586198e-01
1.424976511355562707e+03 3.143036110251776449e+02 1.493161901837163352e-01
1.436511719227182084e+03 4.177904494139253302e+02 1.179810459047055726e+00
1.362352211576607715e+03 4.155103794698309230e+02 9.327158131692253606e-01
1.264847400562725625e+03 4.636416753339987054e+02 9.902084694296817702e-01
1.471468186890872857e+03 4.577304134140979386e+02 4.172930303103533634e-01
1.360527247972288478e+03 4.893069249256463991e+02 3.014103605231626126e+00
1.272503023758368499e+03 5.308855032950972372e+02 3.666314279992806124e-01
1.464454651203223875e+03 5.288361979293080140e+02 4.255359203773789178e-01
1.594544909074570114e+03 3.176494211694098908e+02 9.851819496505949125e-01
1.423282787144059512e+03 3.144219957173111197e+02 1.643116468310621137e-01
1.642018723496168604e+03 3.586921012334885290e+02 1.023238373032966830e+00
1.434868322143963042e+03 4.185267096055927141e+02 1.186978682743461189e+00
1.543553141639070191e+03 4.048293839160470498e+02 2.659434837987573186e+00
1.360955115334947322e+03 4.171158924812945088e+02 9.576191590785837482e-01
1.469533733485892753e+03 4.582688265145108062e+02 3.609730971223521490e-01
1.585801222021694002e+03 4.713032870930487661e+02 4.471069481278758945e-02
1.360932344173133515e+03 4.902004989878832930e+02 3.095188959707539933e+00
1.655024725340997975e+03 5.264416619236773158e+02 2.732536118347880461e+00
1.462289311648201874e+03 5.292485205731263704e+02 4.422000713487482249e-01
1.813213758907430019e+03 3.138208110540010125e+02 4.462855312027823040e-01
1.592242787572690531e+03 3.183367856697446427e+02 9.823206369277807104e-01
1.638334990296105616e+03 3.589736383134309108e+02 1.060586833108041693e+00
1.694712272781817546e+03 3.841334881464131286e+02 8.032892908183263403e-01
1.540887060153730090e+03 4.045116151980816994e+02 2.676325638035986998e+00
1.737980584667124731e+03 4.299095076215689915e+02 7.936689563606461606e-01
1.583323816796950950e+03 4.714506941334808516e+02 7.948563492574399481e-02
1.749443629502432486e+03 4.877764551186589870e+02 3.216656158482382628e-03
1.662123226969591542e+03 5.281585460527586520e+02 3.082747468560393944e+00
1.811691385691676032e+03 2.820865832454549036e+02 9.249292348463457047e-01
1.812369352419427287e+03 3.279285507766850287e+02 2.094864428035950465e-01
1.693871184918275503e+03 3.838853434977667121e+02 8.105356940376029495e-01
1.960153405597729488e+03 3.790573159047780791e+02 2.777552932610207304e+00
1.854922474014108275e+03 4.078980366383077580e+02 2.047966519876433800e-01
1.737074509827622251e+03 4.297834766830642366e+02 8.060471247488002478e-01
1.836372962352648756e+03 4.562683331438296364e+02 2.938104201542948601e+00
1.972221460374751132e+03 4.790683062374652081e+02 9.295058471339898709e-01
1.750263474333775548e+03 4.886081726505271945e+02 6.275120605842647581e-02
1.667342717768807461e+03 5.271888248724117148e+02 2.861418080408010489e+00
1.834480744997004422e+03 5.279529226402827362e+02 3.125466112251738870e+00
1.960153543350869768e+03 3.793568259741475686e+02 2.826236263419647177e+00
1.853707804728884184e+03 4.076088434929520190e+02 2.488882212058314281e-01
1.971611832038453485e+03 4.773139003327853516e+02 9.058369070597744876e-01
1.836604812852630403e+03 4.571367647734366528e+02 2.929314260407645421e+00
1.844476461557749190e+03 5.263427501999942706e+02 2.868635523137398113e+00
4.401903829769601089e+02 5.626466332405567528e+02 1.068892843234809931e+00
4.389258264624595540e+02 5.623906448889140393e+02 1.064304649971728356e+00
9.445372160282925051e+02 5.242151152559213187e+02 1.642733387528549471e+00
1.015359519250349877e+03 5.278423566768050250e+02 1.250499591799089538e+00
1.098507514087971913e+03 4.065992220412608731e+02 7.634403741256354792e-01
9.430470787529022800e+02 5.256916859407731408e+02 1.678476232875951935e+00
1.174530850183821940e+03 5.119362424014553881e+02 8.052316128791722205e-01
1.012543847541108789e+03 5.284972930342058817e+02 1.263913573341809649e+00
1.158000746988260289e+03 5.847790301790381591e+02 3.979182393073315560e-01
1.097884340960846885e+03 4.035034190507184348e+02 8.827173040832581030e-01
1.265906555256362481e+03 4.632016842592483954e+02 9.864612808733852489e-01
1.174413032476954868e+03 5.109595431189028432e+02 8.985144587409270578e-01
1.273365687199791182e+03 5.298808841484191134e+02 3.691575284308602489e-01
1.157931317327731222e+03 5.834781279403722465e+02 4.278445569049556529e-01
1.208451459099754402e+03 6.357865033796135776e+02 5.461258161714974135e-02
1.362808262487364800e+03 4.157000063474816898e+02 1.888685036082873303e-01
1.437810614868038783e+03 4.185941160500979095e+02 1.327325003456884867e+00
1.265192205822898813e+03 4.642029810385014343e+02 1.034200465213705344e+00
1.469372027030496611e+03 4.554361252824703570e+02 2.981597335717190989e-01
1.360607859152596347e+03 4.883373621553554358e+02 2.969808536656493025e+00
1.272310607085343008e+03 5.295100235106698392e+02 4.059588349628356907e-01
1.466127364244240653e+03 5.260744739454272576e+02 3.556439609528274093e-01
1.358871110099961925e+03 5.845305531628981726e+02 3.248106865369388974e-01
1.207201011927511900e+03 6.356560177995804679e+02 1.144696002619078057e-01
1.543511568054632562e+03 4.022799500417875151e+02 2.685038289661073829e+00
1.359977656594150176e+03 4.131241316818732230e+02 8.795757467457929746e-01
1.434720810321501403e+03 4.153491304635849701e+02 1.201346074022949129e+00
1.468675946471793168e+03 4.570877973222518449e+02 3.774346520089388868e-01
1.585706821835911342e+03 4.694307142044978036e+02 8.631835635674979523e-02
1.358263361019890908e+03 4.873924156133762153e+02 3.083775330627885225e+00
1.464018466542398528e+03 5.259183825326136912e+02 3.887234321741401821e-01
1.528053602866196798e+03 5.565012847284849613e+02 1.334871280317228681e+00
1.355023502084753773e+03 5.849929077138747289e+02 3.965073793575731864e-01
1.574192137197769625e+03 6.168871729140281559e+02 1.753533475006799236e+00
1.639113275135533968e+03 6.169560971093295620e+02 2.049791943039289244e+00
1.515574573800657618e+03 6.747426761079609605e+02 2.752750526659510921e+00
1.544880468721679790e+03 4.056845913169131563e+02 2.694783709692205154e+00
1.736830244603124129e+03 4.283689799369907405e+02 8.364875150309598606e-01
1.583497310437244550e+03 4.695904704049202110e+02 3.772378316377957702e-02
1.751612376947603025e+03 4.866076402877877172e+02 6.971097143621207692e-02
1.662152679470934800e+03 5.284652249306236627e+02 3.095456676777557536e+00
1.525908957278371417e+03 5.574889779753198127e+02 1.324511839919689349e+00
1.776465409340798487e+03 5.643240093720380628e+02 5.767006461461238881e-02
1.678543817495429721e+03 5.837358370414474393e+02 3.102594932385365212e+00
1.573224962935310259e+03 6.171144375875896912e+02 1.775274719197155848e+00
1.636758913982830563e+03 6.193199871290805731e+02 2.114344213230394232e+00
1.760414607419374079e+03 6.199916128639396220e+02 2.190948407458760405e-01
1.516416895246893318e+03 6.901678980146394906e+02 2.271188119536463823e+00
1.756052167045657370e+03 6.800588433196196547e+02 2.200327355531104048e-02
1.855387639121175653e+03 4.090020116357723055e+02 2.271594947859891245e-01
1.735281147738141726e+03 4.269597354413026551e+02 8.057418636159279224e-01
1.836156652266465699e+03 4.550614547926146543e+02 2.900981577045369075e+00
1.972089529041448714e+03 4.762482255961226656e+02 8.714422557124771318e-01
1.750965392794486888e+03 4.878919980055942460e+02 3.138102094584462431e+00
1.835492335988624973e+03 5.225701379940337574e+02 3.023839106204625704e+00
1.775004010731197468e+03 5.636718174081102006e+02 3.122423308070375381e+00
1.682027546518627105e+03 5.831526153520389926e+02 3.075399615488403793e+00
1.758799374698691281e+03 6.200420650888094087e+02 1.547904198540754894e-01
1.862856527239848901e+03 6.290477262859778875e+02 6.636830366208958942e-01
1.952414692856913916e+03 6.920786822052180014e+02 2.078111161242500948e+00
1.752378330757848062e+03 6.845166026314803958e+02 3.107478561008303775e+00
1.863788844447861493e+03 4.014381528283826128e+02 2.069897133407871681e-01
1.838378989337130633e+03 4.553603529391492657e+02 2.937370205946274737e+00
1.972055790443781916e+03 4.763871858481709296e+02 8.700863220450191227e-01
1.838704377672009514e+03 5.232366032016441295e+02 3.052167043627100895e+00
1.863784696057052997e+03 6.284769461419218715e+02 6.543267553952636373e-01
1.952492332757045006e+03 6.933697687962046530e+02 2.137040749538194895e+00
4.386979497380799558e+02 5.622680883990675511e+02 1.027118906932023901e+00
5.313896140232734524e+02 7.555371281700383861e+02 2.497177955159334939e+00
4.371912841594391921e+02 5.625803546444749372e+02 1.011143582771806715e+00
5.309789304580053795e+02 7.564676501431804354e+02 2.473182649915071529e+00
1.151903818424364545e+03 5.843575792294587927e+02 4.929100259970587983e-01
1.158525899287865059e+03 8.084107234350486806e+02 2.615763686942232269e+00
1.157224934074893554e+03 5.823746731877145066e+02 4.775573543089420836e-01
1.207900299776444626e+03 6.349561135993670860e+02 1.355140842245879107e-01
1.201373652612505339e+03 7.323041636420686018e+02 1.717289487670363934e+00
1.286139128676527889e+03 7.426020185420629787e+02 5.589578384872171402e-01
1.279200477642770011e+03 7.903731935346556838e+02 1.793733738995277327e-01
1.161796279784304033e+03 8.100704009595960997e+02 2.512763328865993628e+00
1.288546903695197443e+03 8.602853367213998581e+02 5.161218430015050984e-01
1.358755241442888746e+03 5.830737586721716070e+02 3.658184128921037059e-01
1.206603656184375950e+03 6.337088965388126098e+02 1.548880175963980033e-01
1.199060412008514049e+03 7.326712345251030456e+02 1.697966675179926055e+00
1.286021367739023617e+03 7.411231110560501065e+02 5.589457308959218107e-01
1.277744076939674642e+03 7.903587910654985080e+02 1.680425202290186382e-01
1.433076396773876468e+03 8.495028532469693801e+02 2.572999852588847780e+00
1.290047609233579806e+03 8.578836646646045665e+02 5.812666197946237956e-01
1.526696063843000957e+03 5.555491265956848110e+02 1.285291002901602919e+00
1.356763811288047918e+03 5.827296122831774028e+02 4.499160339400258279e-01
1.573088192490489519e+03 6.164212759312534899e+02 1.729369633956499230e+00
1.640487879881801973e+03 6.203982108497091303e+02 2.085174098222091210e+00
1.514473132861897966e+03 6.724672850022035391e+02 2.844879227270234789e+00
1.507710681325322184e+03 7.295143516884522796e+02 6.042126943713077569e-01
1.609703888372408528e+03 7.491262551748967553e+02 2.920805153812048083e+00
1.581235509145543801e+03 7.867255831367097016e+02 2.169094069557874427e+00
1.431930453010262227e+03 8.519356491932646804e+02 2.660019581702979252e+00
1.521802248145787189e+03 5.552441051618959591e+02 1.175551265417745572e+00
1.773152988817820415e+03 5.613016205718043921e+02 3.871128782844347055e-02
1.679349428481289578e+03 5.828943335959339720e+02 4.111166124783233178e-02
1.573158422467895207e+03 6.161211828794191661e+02 1.733493583446441333e+00
1.636987073450986372e+03 6.190999342612880127e+02 2.113020483123815296e+00
1.759681740332339587e+03 6.184713101569931268e+02 2.353234500423107001e-01
1.513535059145257719e+03 6.772091346995406411e+02 2.789076587161666509e+00
1.754734565510908169e+03 6.788660626600697015e+02 1.441662872809374163e-01
1.661942342899521464e+03 7.085945954680100840e+02 2.511352086720556542e+00
1.763788089511930139e+03 7.430909649445812875e+02 2.759209462863916773e+00
1.607586279741547742e+03 7.497240145372053348e+02 2.985490155158458503e+00
1.580425254179774356e+03 7.851668543932277089e+02 2.119766122222872973e+00
1.755675407030602400e+03 8.237650561668471028e+02 6.051516209596680129e-01
1.799329452994611756e+03 8.478694275741133879e+02 1.128834177084500512e+00
1.774785636101317778e+03 5.593365080535326115e+02 2.013082956945215218e-01
1.684423469581538939e+03 5.819171115860732471e+02 1.151997203654227114e-01
1.758817756959128928e+03 6.187639410280150969e+02 2.209750244541990039e-01
1.863011524201351904e+03 6.277018869335921636e+02 6.206107054023023428e-01
1.952121947050488870e+03 6.928780900975646091e+02 2.148844170671531550e+00
1.754251003303037805e+03 6.800154659504210031e+02 1.050979297207900315e-01
1.845014979973166874e+03 7.277473451942864813e+02 1.605753094660412827e+00
1.763497413498342439e+03 7.444465421570666877e+02 2.762333884770726389e+00
1.752036514821628316e+03 8.223943866940478529e+02 6.662055767330677947e-01
1.798440621187650777e+03 8.506954690958814354e+02 1.383514874449925047e+00
1.861515888653408410e+03 6.274005810596875108e+02 5.871207054256483149e-01
1.950991441178796777e+03 6.916834422953639887e+02 2.176229262793612396e+00
1.843972091479201936e+03 7.278368894378065761e+02 1.619375899864149648e+00
1.320352624102093841e+02 9.194481609801216564e+02 2.384367063765164385e+00
5.318251113654005167e+02 7.527544654937328232e+02 2.399934158876380064e+00
4.644741470543085597e+02 9.670134271452600387e+02 2.758147220114836040e-01
5.299594014590295501e+02 7.535227017524312032e+02 2.396918166261396976e+00
4.645912964716344504e+02 9.671447744304562093e+02 2.685829290546991044e-01
9.896952562257604313e+02 8.966486016383328206e+02 1.758074956869345007e+00
9.535877672101880762e+02 1.019072945008830175e+03 1.632381896421520873e+00
1.164344421054108807e+03 8.074482856604553263e+02 2.713959409455389160e+00
9.887856624754149379e+02 8.973255220713911058e+02 1.711052957589356716e+00
1.123906816791421079e+03 9.655742904218270724e+02 1.489010735053760914e+00
1.058867804206612163e+03 9.650956881618171792e+02 1.888350033365823633e+00
9.517273302410385440e+02 1.020078989756110786e+03 1.546170191198064092e+00
1.201376643459435627e+03 7.284564461296602076e+02 1.723809515153963634e+00
1.286660760406793543e+03 7.432551629443853471e+02 6.099196053287485597e-01
1.278718161365432707e+03 7.879487878044188847e+02 2.227965806648091462e-01
1.161151899756820512e+03 8.074856485445036469e+02 2.610800572210516091e+00
1.291829405313588722e+03 8.554004589593944274e+02 4.288326295503062102e-01
1.297124006089669365e+03 9.550654794208335261e+02 1.850081180760184685e+00
1.122805079559524756e+03 9.653297268548865304e+02 1.454940766564076782e+00
1.056941527014308804e+03 9.674526805985667579e+02 1.851340817466332167e+00
1.198641873753406799e+03 7.326881901659312462e+02 1.649290134602608981e+00
1.286228636380318676e+03 7.407423011514382551e+02 5.432237549427072487e-01
1.277405685978130350e+03 7.884107494282577591e+02 2.376861312826683836e-01
1.435246139462693918e+03 8.494913480782344095e+02 2.692662937750455399e+00
1.290632265150971079e+03 8.556022758923047604e+02 4.895848417993660107e-01
1.372569144925891351e+03 9.297294683809709568e+02 1.611470688991731848e+00
1.295821042895253413e+03 9.540718122043624589e+02 1.788890683756845013e+00
1.452775897232814259e+03 9.646083550357705008e+02 2.014952023391195723e+00
1.510645839642990722e+03 7.262818746930504403e+02 6.225080955149290274e-01
1.613907715705139708e+03 7.473543522675904569e+02 2.920118591487456783e+00
1.581520670742761922e+03 7.847519141052600844e+02 2.171213869958263043e+00
1.434590113993614750e+03 8.499192714635499897e+02 2.680362021950262630e+00
1.370615839812340027e+03 9.322284237709245645e+02 1.593205048195303730e+00
1.452763923346329420e+03 9.679239026998016016e+02 2.200420512089716230e+00
1.510250216420988181e+03 7.204992306633880617e+02 8.687505837248217233e-01
1.662883368527353923e+03 7.085048101349485705e+02 2.568162522143961013e+00
1.764147103351097485e+03 7.406202163998956394e+02 2.819091933552645202e+00
1.608973176518314858e+03 7.490385096474094553e+02 2.883886103313543892e+00
1.579863456117743681e+03 7.869483447174785624e+02 2.160229696335029370e+00
1.751596792468051717e+03 8.216043786295979316e+02 6.785933481749673035e-01
1.799383708855319583e+03 8.519505760297734014e+02 1.333395645660921724e+00
1.844911631616440673e+03 7.272680300191647120e+02 1.655095470992024920e+00
1.666556059810010083e+03 7.174005392741127025e+02 2.587751181313847848e+00
1.762225502138488991e+03 7.434727783287912644e+02 2.819968625216598301e+00
1.751151965303653697e+03 8.214439684897959069e+02 6.347182303992540131e-01
1.798904427401496832e+03 8.507099827086218511e+02 1.325602431879264964e+00
1.844281981919034934e+03 7.315076906401511678e+02 1.537915339364462897e+00
1.323970478365073973e+02 9.172436736034346723e+02 2.367796480344126930e+00
7.006274504863702646e+01 1.152177556537059218e+03 1.151924277605360869e+00
4.660225829674607212e+02 9.650456805315257043e+02 2.594194858331014819e-01
4.398200686121251692e+02 1.160077469592074976e+03 2.452797169251448306e-01
4.654813663966536978e+02 9.651002264435601319e+02 2.472291504884709390e-01
4.397487511706765417e+02 1.159786947819065290e+03 2.303816386419101914e-01
9.888801136728916390e+02 8.992830606245433955e+02 1.790785871787165640e+00
9.524543229746143425e+02 1.021331730492478073e+03 1.617061280762601916e+00
1.021166688033910987e+03 1.043041872172585727e+03 1.609681905509462663e+00
9.647831416995281870e+02 1.139082943658407885e+03 2.490316586097902629e+00
9.890954097080921201e+02 8.971163055448228079e+02 1.779901690693689531e+00
1.123816810801281463e+03 9.650740816021343562e+02 1.453195685376727830e+00
1.059779872743904662e+03 9.651250810827962141e+02 1.935419739423550167e+00
9.529766784824223578e+02 1.021669543026583369e+03 1.618168494838915672e+00
1.020503409601772319e+03 1.043637314664445512e+03 1.595250746322594448e+00
1.062821464739350176e+03 1.089010459376825565e+03 9.433066154048075358e-01
1.122225128488079463e+03 1.117523142839966113e+03 9.978847289856398461e-01
9.654451717869685581e+02 1.139827955644612985e+03 2.480239532321931062e+00
1.296743637582823339e+03 9.533834516044412339e+02 1.916737488603686534e+00
1.122850521315767310e+03 9.653781379816941808e+02 1.479046948780585735e+00
1.058810594528641104e+03 9.648707398124333849e+02 1.973932967949016737e+00
1.179465283518894239e+03 1.024382770242258175e+03 1.622470274500298792e+00
1.245526695836592125e+03 1.028256998320141520e+03 1.774831518429502042e+00
1.060439986291148671e+03 1.089364411149028911e+03 9.581302206546716826e-01
1.292908279235666669e+03 1.097314394310497164e+03 1.200486484497446105e+00
1.120895684741693458e+03 1.117462260224142256e+03 9.953527678311586691e-01
1.372697394915303903e+03 9.290177477624442872e+02 1.599901256597630717e+00
1.295540531486505643e+03 9.531392966868074836e+02 1.809169695067560202e+00
1.448958379258556306e+03 9.734604035069505699e+02 2.126500617770635593e+00
1.244051792749893366e+03 1.028900954440753367e+03 1.689276583377176788e+00
1.391670104020721510e+03 1.056268093705667070e+03 2.928459371458815852e+00
1.291314101992388714e+03 1.098074894637135685e+03 1.175942598039939835e+00
1.339852577733487578e+03 1.149210221101187926e+03 1.684233481673568678e+00
1.416953634303132958e+03 1.138544327749741342e+03 2.685441180172659426e+00
1.465197778505536235e+03 1.140895544206553268e+03 2.926099643942028372e+00
1.371270315185514846e+03 9.281060036787191621e+02 1.582822152162248530e+00
1.452169245842515465e+03 9.680108439962530156e+02 2.060548354660086012e+00
1.391388070687620257e+03 1.056030964856108767e+03 2.922635926669740147e+00
1.600842546931161223e+03 1.103030852652000021e+03 3.038900426022805856e+00
1.413577328627663746e+03 1.139826890179605925e+03 2.607867233810826413e+00
1.479684684824942906e+03 1.137280477913224559e+03 2.531761926385483807e+00
1.599217557954740641e+03 1.103913568597418362e+03 3.039088144882314158e+00
6.664792892518491385e+01 1.153710395789562654e+03 1.203633880340241769e+00
2.986891517980251365e+02 1.184118337400472228e+03 2.468403325223392120e+00
4.382729358087524361e+02 1.158308630732996107e+03 2.928913436897197520e-01
2.961843822640331609e+02 1.183280824547616476e+03 2.397302280696822052e+00
4.062523038410704430e+02 1.333797293674656430e+03 2.710603421211310149e+00
4.374645557685239510e+02 1.157786728943383878e+03 2.487387873023992613e-01
6.058633592410642450e+02 1.230777517406694187e+03 2.515380886864100329e+00
4.012064887532268358e+02 1.335281157097887444e+03 2.661418182105604213e+00
6.035489701090963308e+02 1.230116455105591285e+03 2.578320134902435168e+00
8.260523425673590054e+02 1.330349170236875580e+03 1.039366686633228287e+00
9.667813724720745086e+02 1.139318722155589967e+03 2.399267657273982834e+00
9.244946550234576534e+02 1.218797602953968408e+03 5.991638134746402056e-01
8.224572416376888668e+02 1.332662108610988753e+03 1.021876833040416654e+00
1.020388317642943321e+03 1.041192721122841704e+03 1.631620819883619955e+00
1.063431029990176285e+03 1.087565269671473970e+03 1.029183948909018875e+00
1.122756469495740248e+03 1.115996205249010018e+03 1.074076844347872761e+00
9.662412877003764606e+02 1.139509064533973969e+03 2.410787216765856389e+00
9.234123992591451042e+02 1.219111302296622853e+03 5.240316630037289425e-01
1.090398250991292571e+03 1.233755563676688780e+03 1.123870520508221560e+00
1.134951659746090627e+03 1.321294098079647028e+03 7.296427457794172344e-01
1.244561138439147953e+03 1.027202988805451014e+03 1.876423559120418139e+00
1.058625202501996455e+03 1.086231273759005944e+03 9.660997615861955934e-01
1.292875439394488922e+03 1.095539495929812574e+03 1.247272274276576720e+00
1.121115855272641966e+03 1.116625518645779721e+03 1.047773400797218812e+00
1.089175021312393483e+03 1.234450615861921506e+03 1.101801633994209384e+00
1.298572069553075607e+03 1.270268128368953967e+03 1.321801128052789487e+00
1.212097333678906807e+03 1.308823322830862253e+03 1.026350314516282003e+00
1.132697052596760841e+03 1.320705734042077438e+03 6.470362451660344183e-01
1.333172819147936025e+03 1.318801788221145216e+03 1.022347152541257742e+00
1.242533121822725434e+03 1.026403689231848375e+03 1.707696598998334592e+00
1.390459688239950765e+03 1.054959105746026125e+03 2.888790358611064590e+00
1.291379500628731876e+03 1.095645192034386810e+03 1.224747224867106299e+00
1.414725569652045579e+03 1.136218271521460792e+03 2.620264844402565352e+00
1.339544696125847622e+03 1.146201945491763581e+03 1.696740926756951762e+00
1.479749413343203287e+03 1.135803087326221885e+03 2.651403957963980762e+00
1.296545889437839605e+03 1.267131571202721261e+03 1.206102844856800971e+00
1.482892890998231223e+03 1.257989485024582336e+03 2.564662823296561367e+00
1.437810447490058323e+03 1.284484512730668484e+03 2.316226536610970221e+00
1.210840881560353864e+03 1.306134387646448204e+03 9.398150878241052775e-01
1.330926883504137777e+03 1.315417301153921699e+03 1.016898460614660049e+00
1.386134171722247629e+03 1.336495958906629085e+03 1.475934870916111308e+00
1.391166712849619444e+03 1.054606806797521813e+03 2.930583529260367470e+00
1.600703125534523451e+03 1.102104931205383309e+03 3.031175227872289657e+00
1.414850067794403913e+03 1.137369033224876603e+03 2.554371027465593524e+00
1.479440120365911753e+03 1.136207451262468339e+03 2.511313383433110946e+00
1.534295437068807360e+03 1.225313666869983081e+03 2.779030737225032244e+00
1.485348523150925757e+03 1.258843503379972844e+03 2.454935169584577359e+00
1.435137449155864488e+03 1.284030402077972440e+03 2.168255591886522726e+00
1.631151578099254721e+03 1.311023682432960868e+03 2.523406095980825992e+00
1.384206139433254975e+03 1.334511119454853997e+03 1.399604172207199460e+00
1.599158732234374611e+03 1.101139672856896595e+03 3.074290988953344517e+00
1.531336050409508971e+03 1.225055055152879504e+03 2.827618123055680055e+00
1.634136237768203955e+03 1.311996094852914894e+03 2.624976184552479275e+00
1.722708691767921664e+03 1.315758258130452759e+03 2.228889998877204626e+00
1.720442937580825173e+03 1.313272412631970383e+03 2.437750861212288012e+00
1.567735894927097888e+02 1.392150632778018462e+03 2.344546314074615057e-01
4.056269213397310978e+02 1.332204827993063418e+03 2.752987350855240489e+00
6.050480746168901760e+02 1.229794200743591318e+03 2.558455172383246268e+00
4.042510419558893773e+02 1.331154498312637315e+03 2.719532865338962324e+00
5.598867924869716717e+02 1.362789443934724886e+03 9.314889237690772150e-01
6.588359772583692120e+02 1.420533479870001429e+03 1.401020341269626046e+00
6.090556712322596695e+02 1.421889029300692073e+03 1.629670263067301672e+00
7.016855442135149588e+02 1.488543153591051123e+03 9.144770909014986460e-01
6.037962231971866913e+02 1.229169405294205262e+03 2.545496687150415216e+00
8.258201782362916674e+02 1.330636838870161000e+03 1.031524495100379246e+00
5.574021025528982136e+02 1.363733981281899560e+03 9.342778356535585971e-01
8.340913946202406350e+02 1.376679505248340547e+03 6.871183006057705045e-01
6.582342734870831009e+02 1.419806750621635956e+03 1.462078002922500231e+00
6.073540936127573104e+02 1.422177282475879110e+03 1.730941174775656011e+00
6.993914829075255284e+02 1.482524948454060677e+03 7.520030951738334579e-01
9.266414331569944807e+02 1.216364068288857197e+03 5.928144543282357626e-01
8.243015418903273712e+02 1.332054767699215063e+03 1.068353822355178950e+00
9.810510435875098665e+02 1.355209774176990550e+03 1.848072668786150841e+00
8.326807726661381821e+02 1.376199681000717874e+03 6.953672748804305970e-01
8.630291114613921764e+02 1.445857916879015647e+03 6.202921351006089878e-01
9.233414950506125933e+02 1.215340935770422902e+03 1.403934220504764241e+00
1.090784237961560848e+03 1.231364867328999253e+03 1.194695545671918602e+00
1.135679961261701919e+03 1.317556263963017500e+03 8.095949560198090200e-01
9.805568882841505456e+02 1.355630401474960536e+03 1.837004244791689667e+00
1.083741067223450045e+03 1.414415367065889313e+03 3.031344606960376664e-01
1.160923869192235998e+03 1.475215105247080373e+03 1.320502528090866101e-01
1.088891913076058700e+03 1.229742285322044836e+03 1.232880485040294793e+00
1.298270656342349866e+03 1.266175805317492632e+03 1.347602245128395104e+00
1.212303121138830193e+03 1.306847384964946286e+03 1.134148951366879210e+00
1.331368588216485477e+03 1.313529775756085428e+03 1.132738225436644930e+00
1.133643795956181748e+03 1.318132346561950271e+03 8.035109491821238459e-01
1.214540544919160311e+03 1.373200257016303794e+03 2.722194531350490831e-01
1.081607967779363662e+03 1.414634138224308572e+03 2.968565257246987832e-01
1.315812916229562688e+03 1.440283340632152431e+03 2.119948469000987767e+00
1.162226147954977250e+03 1.472935057579669547e+03 7.878398850294994482e-02
1.296717006455155115e+03 1.266425407959525046e+03 1.222659237370110175e+00
1.486892806778720342e+03 1.257582024689755826e+03 2.582687833582170356e+00
1.435811850938585849e+03 1.282567631167946047e+03 2.322045046883068231e+00
1.210707637497198903e+03 1.307268067602184601e+03 1.013301781320235406e+00
1.330925306595796201e+03 1.314026463822372079e+03 1.022311095686612159e+00
1.387743118626815885e+03 1.337622901243037859e+03 1.527724085047764024e+00
1.212522500349256916e+03 1.373777894621346604e+03 2.671003814094528583e-01
1.489255753357609592e+03 1.411548384091313210e+03 1.978212079197316786e+00
1.421575082113739654e+03 1.413618319071902306e+03 1.443293014701724664e+00
1.314040038507161398e+03 1.440342039884506903e+03 2.171684926121040249e+00
1.532932255933164470e+03 1.224479895177870276e+03 2.837445687895124635e+00
1.485020745149196273e+03 1.256729939363167432e+03 2.559725757855503936e+00
1.434515900606704690e+03 1.282074514861064699e+03 2.226026866562267337e+00
1.634495886149157514e+03 1.311990954520767218e+03 2.633115180892188434e+00
1.386736469514467899e+03 1.337647399460969154e+03 1.409337116909799237e+00
1.486906401784158788e+03 1.410517372679580149e+03 1.825073710678820404e+00
1.420419508651672459e+03 1.413258714426349570e+03 1.357551938362361543e+00
1.558882367295324684e+03 1.401291702435314164e+03 2.741391674608166795e+00
1.643064459988624549e+03 1.408431882684308903e+03 2.331474796501650459e+00
1.535436178342112726e+03 1.226153614677860332e+03 2.939473465527187468e+00
1.633672014301109357e+03 1.311216188013993360e+03 2.651784243129385654e+00
1.721673397061387504e+03 1.313936593489313282e+03 2.265354467054468746e+00
1.557965550763431565e+03 1.400169067753373383e+03 2.749013196118553548e+00
1.640531730842508750e+03 1.406904211281938160e+03 2.303594988299816126e+00
1.717116548495783718e+03 1.397440401040285906e+03 2.633744124866697067e+00
1.720681505870907586e+03 1.312957787957853043e+03 2.314613081043444875e+00
1.716023305037124601e+03 1.396672591643841770e+03 2.659188309729813238e+00
1.855433226025991189e+03 1.481232974548929178e+03 2.836483473136301559e+00
1.856854344036080647e+03 1.479151858050960072e+03 2.859337250125073115e+00
1.575194064978447841e+02 1.390207170325305924e+03 1.841645141314616207e-01
3.561659731712011308e+02 1.583137169896163414e+03 1.236755475686694750e+00
4.616436743443372279e+02 1.506366223807038295e+03 1.601302937882908006e+00
5.324320491423472959e+02 1.567394117216118730e+03 2.177612792345754222e+00
3.533692597790837908e+02 1.583181675711515936e+03 1.093291213742249912e+00
5.595713762977964052e+02 1.362490876678626364e+03 8.708817415438273590e-01
6.571780497716392802e+02 1.420244447157931290e+03 1.390208624958713557e+00
6.091363542857180846e+02 1.420718831660141632e+03 1.635789838143023811e+00
6.979843250454522376e+02 1.483624082128792452e+03 7.314571506101281706e-01
4.609286678222348428e+02 1.507523778086645052e+03 1.573824153777583446e+00
6.181957050190419523e+02 1.551180392788952759e+03 2.505616727609135896e+00
5.326444423032808118e+02 1.569813165552176770e+03 2.233436246334093322e+00
6.050511169021831392e+02 1.608654483161079042e+03 2.175008084664423524e+00
5.554511105039728136e+02 1.360302477741741313e+03 9.337516241260555017e-01
8.331823562903106222e+02 1.377771894134502190e+03 7.393594887964566320e-01
6.565713923948203501e+02 1.419342497572066804e+03 1.423942916583456508e+00
6.082835885654478716e+02 1.420067379919365067e+03 1.740691863522904281e+00
6.986853226333106477e+02 1.481771144469287492e+03 7.433959408066559416e-01
8.096710015493779338e+02 1.519496664986084852e+03 7.792355868449206413e-02
6.153669209799207920e+02 1.551431087136406632e+03 2.405272743188602735e+00
7.061730043001455215e+02 1.558561929575017075e+03 1.182207651918010471e+00
7.876028031806285981e+02 1.566369361685692184e+03 2.608350496948510511e+00
6.021006202244007000e+02 1.603872893025737085e+03 2.121090873643309394e+00
7.705735213160369312e+02 1.625494123412657927e+03 2.785576014791097954e+00
9.828908255381600156e+02 1.357563181085858560e+03 1.810274004976216711e+00
8.357751474395188325e+02 1.374080608912934849e+03 7.669395696947239882e-01
8.642392216161117631e+02 1.444146047407895821e+03 6.606910191925374765e-01
8.094283994174400050e+02 1.518944038704450122e+03 4.864291101102521941e-02
9.664125454770623946e+02 1.532573492002255989e+03 3.469801746437606998e-02
7.861019969663572056e+02 1.567218571181231937e+03 2.327726244502974495e-01
9.381561613760018190e+02 1.573001949121119196e+03 2.564143108535779536e+00
7.684892436231082229e+02 1.626514533831431663e+03 2.763177171704251922e+00
8.727573879039518943e+02 1.660013145336911293e+03 2.535044862236342844e+00
9.793923137231279270e+02 1.353746039965680438e+03 1.777133970033893284e+00
1.083432368563182081e+03 1.413593662632320274e+03 3.665312987413657519e-01
1.163936410586938109e+03 1.472297391315368031e+03 1.618020988471605692e-01
1.087500021018992356e+03 1.545323081971829197e+03 1.344487762390841779e+00
9.627979537890003030e+02 1.532344652413070662e+03 5.216466595504647835e-02
9.355247101128177292e+02 1.573038617178775894e+03 2.593524281720481550e+00
1.139709744515740795e+03 1.613169185217970607e+03 2.100440002206128476e+00
1.111423319404137601e+03 1.659062200289703696e+03 2.481727425039137902e+00
1.214030680925942761e+03 1.370810486641052876e+03 2.503956557237747016e-01
1.081881958870092831e+03 1.413034770043845356e+03 2.827791684521281934e-01
1.316985318541110701e+03 1.438630725283093625e+03 2.174301168690818908e+00
1.161986393909325670e+03 1.471768037273273876e+03 8.153692374388329944e-02
1.086739405940324104e+03 1.545394066603700367e+03 1.386377943665896728e+00
1.268501368207063479e+03 1.543653945492099183e+03 9.312450026035073991e-01
1.190402119950280621e+03 1.566245267295986650e+03 1.636159664330946395e+00
1.332607797191388499e+03 1.578847907656544749e+03 7.100074026398189853e-01
1.138316610555514444e+03 1.613096609392026494e+03 2.121498757542705782e+00
1.218018330823309952e+03 1.641099926526150512e+03 9.647942594652922921e-01
1.214915888247129715e+03 1.370696294809465371e+03 2.584302847481480536e-01
1.421332655753199106e+03 1.411547051893354592e+03 1.473131983786312382e+00
1.489067052623962127e+03 1.412568673916275657e+03 1.972014672604539554e+00
1.313785718162896501e+03 1.439742882135464242e+03 2.182186556570130165e+00
1.463233610622053675e+03 1.513547851072457433e+03 2.472865371604860696e-01
1.266779049153589767e+03 1.544486737567060118e+03 9.050641795690749225e-01
1.187289873650201798e+03 1.564997855864401345e+03 1.621505754401320498e+00
1.331297493986758809e+03 1.577659520562162925e+03 6.945902063863973463e-01
1.465060233355436367e+03 1.571770648285126981e+03 3.052504698705494679e+00
1.219133709234454500e+03 1.636887032006911340e+03 9.389041130106888788e-01
1.359759230729211140e+03 1.629567204697722900e+03 7.049723280684395688e-01
1.430036225814719046e+03 1.648298684820433436e+03 6.156499241123353228e-01
1.420737677787016764e+03 1.410302018209469452e+03 1.410355192833974813e+00
1.486628909917281362e+03 1.408139012396017506e+03 1.896822686313698103e+00
1.558710897421819482e+03 1.400216606868945064e+03 2.714753584768430983e+00
1.642840524149480643e+03 1.403751491168788334e+03 2.387449287186887759e+00
1.461860050882046835e+03 1.513263304195359751e+03 3.062162855944096651e-01
1.618560825268051531e+03 1.545405969269095067e+03 1.988990925999899462e+00
1.567676107398996237e+03 1.563695979344161515e+03 1.361402078116757064e+00
1.463630793212293383e+03 1.574459712742157080e+03 2.916144457420539668e-02
1.378133311517595530e+03 1.630511562840212719e+03 8.491669944461737174e-01
1.430774464934752814e+03 1.647643201594327365e+03 6.927298349019634927e-01
1.585568488392237214e+03 1.658946327361482872e+03 1.394063499210159929e+00
1.558557239304655468e+03 1.400635307338121265e+03 2.826907076480367209e+00
1.639772928668054419e+03 1.405932152872604092e+03 2.412031501893565633e+00
1.716022057284553057e+03 1.397341042380806130e+03 2.660039937904821183e+00
1.757446191326342614e+03 1.507005744094314196e+03 1.963452233908653755e+00
1.683292363754270355e+03 1.535397669857679603e+03 2.045367065564723141e+00
1.616829073901193397e+03 1.545608199710434064e+03 2.041857674722184157e+00
1.565998495704870493e+03 1.564181564530989363e+03 1.301543613560853130e+00
1.582366137633082872e+03 1.658406163173706318e+03 1.318239715403741741e+00
1.716923897118775358e+03 1.397928851680797379e+03 2.692561580694125212e+00
1.855778607724351787e+03 1.479206507819924809e+03 2.929436720174740660e+00
1.756635461998652318e+03 1.507359529814914140e+03 1.924362327896628200e+00
1.833888771663866009e+03 1.521173028797409643e+03 2.384953999126870450e+00
1.681019055527080809e+03 1.535278814974389661e+03 2.056907328711321981e+00
1.822746795693962440e+03 1.601965923830095107e+03 2.179537744626968809e+00
1.854559062159804398e+03 1.479525147084538048e+03 2.881630467940362816e+00
1.832031805397974267e+03 1.523561400160728454e+03 2.387421834360310857e+00
3.558849118918374188e+02 1.581099731441378253e+03 1.140688814040473842e+00
2.807250589852950498e+02 1.676318989407577192e+03 1.160971382981057731e+00
9.346826686862411293e+01 1.682889637182327306e+03 2.042252170116233057e+00
4.612630016936477659e+02 1.508130801808785918e+03 1.729830435670990152e+00
5.360940217552069953e+02 1.571373941182256431e+03 2.300322695709928311e+00
3.536463136593945364e+02 1.582774029263554212e+03 1.122874538149877921e+00
2.788565177302950815e+02 1.677591606392480344e+03 1.172879989902095188e+00
4.593719512534005389e+02 1.508213689459619218e+03 1.573590188860556793e+00
6.168619818820146747e+02 1.551134394513419238e+03 2.456188427369932814e+00
5.317988148536666131e+02 1.568876867757888476e+03 2.149482538107570839e+00
6.054032658503613220e+02 1.609821119759928706e+03 2.126515627197163916e+00
6.991506754136789823e+02 1.675727176140575011e+03 1.721018155234287639e-01
6.576016666528370251e+02 1.724223557880857697e+03 2.103311742458938427e-01
7.922135654157599447e+02 1.555950193899891246e+03 2.631482454098034385e+00
6.163048516781519766e+02 1.550267245164420729e+03 2.364579061184231001e+00
7.057121612376928397e+02 1.558633920820337835e+03 1.199475474213811843e+00
6.039285565068988717e+02 1.604526094166664734e+03 2.082531385006221925e+00
7.731490270018309729e+02 1.625659247743005153e+03 3.913735761107375311e-01
6.995923978516020725e+02 1.673128507201396815e+03 2.047374553931220198e-01
7.896426564698318771e+02 1.703193518943307708e+03 3.223595567453764188e-01
6.582010444971047036e+02 1.723292788499310518e+03 1.732583568917500927e-01
8.574174578947404370e+02 1.774051495930289548e+03 1.350556121376099261e+00
8.098705310903540067e+02 1.515976658385248584e+03 2.639185076568992261e-02
9.459773601622139267e+02 1.560009807111363443e+03 2.680528731069948822e+00
7.863009309834193346e+02 1.567149157081847989e+03 2.544723098394650052e+00
7.688204802267629248e+02 1.622594077285577214e+03 2.812618863290031967e+00
8.728749524512306834e+02 1.658174131744938677e+03 2.535864419938564485e+00
7.910812250108089074e+02 1.647373217844869487e+03 2.408534798795672671e+00
7.897935364466849251e+02 1.702773763340615460e+03 3.434034464659076469e-01
9.367624708011835537e+02 1.753020723527566133e+03 2.706638605299341638e+00
8.552207564130305855e+02 1.773382249811973679e+03 1.378832944670153493e+00
1.087465755767198061e+03 1.544618307661046401e+03 1.321366084585531286e+00
9.639215463229318175e+02 1.531571930343023951e+03 9.984471676261910678e-02
9.357386090257641627e+02 1.572356473243116397e+03 2.572643709621559083e+00
1.139005723324879455e+03 1.612015272282256774e+03 2.005585094476401764e+00
8.703243924641990361e+02 1.657432080694918795e+03 2.545692462735789974e+00
1.115716905708854711e+03 1.665607170750266278e+03 2.486002457982061653e+00
1.081443660903343243e+03 1.708660677700574297e+03 3.041944933807951695e-02
9.340897645187203580e+02 1.752071828626670822e+03 2.743038432816892858e+00
1.044487727357494805e+03 1.753701291745985372e+03 2.255743250746106821e+00
1.084695130932692791e+03 1.542453605825816112e+03 1.419222271960876691e+00
1.267565790387788638e+03 1.542629597446654316e+03 9.041629476047109426e-01
1.189821070351418030e+03 1.564936119256165512e+03 1.596310210227031234e+00
1.332049943788763812e+03 1.577795970909365906e+03 5.653153416991242297e-01
1.137954588569000634e+03 1.611625051689447446e+03 2.113851705407138404e+00
1.217937981285625483e+03 1.638519232866872699e+03 8.716094210404974341e-01
1.113231554850571683e+03 1.665763218580271541e+03 2.492787440713340796e+00
1.207004021611965300e+03 1.719147941153300280e+03 9.282264307837827522e-01
1.077080534062262132e+03 1.707633885922016134e+03 3.068765919573739787e+00
1.292470481591831913e+03 1.772726899114381467e+03 2.169466895936532858e+00
1.040178217131101519e+03 1.756996716312858553e+03 2.217564270213659317e+00
1.208163939829063338e+03 1.798233533717502723e+03 2.999153926698700179e+00
1.459377613712967332e+03 1.516936878066772806e+03 2.821700239130696453e+00
1.267196644150975317e+03 1.540810804770054801e+03 9.819632530031087159e-01
1.331604293896678428e+03 1.576125942215291616e+03 7.170854841555029946e-01
1.462671760744710127e+03 1.569163449122161410e+03 2.999969529688312875e+00
1.217482939150950642e+03 1.638024147702963319e+03 9.279276622186806156e-01
1.359233376917562964e+03 1.627975337526260319e+03 7.253548047904969653e-01
1.427767718449277254e+03 1.647541859298997906e+03 6.738152018064188509e-01
1.496788068691664193e+03 1.672137992488794680e+03 6.784437116797761291e-01
1.205818121894962587e+03 1.718575983257905364e+03 1.001615921454557023e+00
1.376727359539742110e+03 1.713866734210342656e+03 5.604398893612235755e-01
1.291300177339011498e+03 1.772739193393206278e+03 2.179599743868165795e+00
1.205893891004809802e+03 1.800472133822067462e+03 2.865890959082673994e+00
1.410577850999416114e+03 1.812638478019648574e+03 2.908877404337514072e+00
1.460803210280272879e+03 1.511528443062907627e+03 2.257212302320096009e-01
1.567006288321218108e+03 1.563387098835370580e+03 1.430468565943627590e+00
1.626433021722056310e+03 1.549233417357389953e+03 2.204278947180615678e+00
1.463130432080033870e+03 1.573443242016466911e+03 3.032787618133791163e+00
1.354951257742449343e+03 1.628674658291818787e+03 6.520765739555861584e-01
1.425825876273705717e+03 1.647608508365585749e+03 6.150324898087232706e-01
1.583750794893115199e+03 1.659952287665490530e+03 1.456764101897743746e+00
1.493720393420488790e+03 1.672401872723267843e+03 6.847020429382004725e-01
1.375435738658272157e+03 1.714091351078918251e+03 5.868605408822430425e-01
1.517211788489417586e+03 1.735270600563535481e+03 1.366201705277275469e+00
1.612699512112899356e+03 1.778364141614362325e+03 2.249746425083381407e+00
1.565144157337274237e+03 1.817407784333841619e+03 1.859549455433842979e+00
1.410055411506752762e+03 1.812273657948519940e+03 3.026101248012802447e+00
1.758814031437961148e+03 1.506976343859400231e+03 2.185239289564025800e+00
1.683036044869736088e+03 1.533750150250412389e+03 2.134040673432613389e+00
1.618087657414066825e+03 1.544245638648001204e+03 2.163159882964463154e+00
1.565223878449378844e+03 1.563254046870659067e+03 1.356851871736606485e+00
1.582592661839494895e+03 1.660177531384492568e+03 1.328783829397115923e+00
1.668491191233184736e+03 1.680392342371588256e+03 1.264235097817397957e+00
1.730754025970357588e+03 1.737004948883409043e+03 2.283505865701502824e+00
1.514303386429215152e+03 1.732372517746264066e+03 1.285683075682531928e+00
1.611519562249797673e+03 1.777416019442702236e+03 2.338131793176113415e+00
1.561986364842299963e+03 1.814910592023305753e+03 1.161554396659574273e+00
1.756621577940247334e+03 1.507804930969734869e+03 2.076403018446580262e+00
1.833604829843585776e+03 1.519888194528374470e+03 2.442840497535878175e+00
1.684110891800635272e+03 1.539908856437707982e+03 2.184444648637717812e+00
1.822313840982852980e+03 1.600811745159012844e+03 2.276179288160141478e+00
1.730268999575677753e+03 1.737136386842942102e+03 2.297852449308137590e+00
1.890753832149933260e+03 1.752052698827872746e+03 1.572920177696291999e+00
1.824833727572309726e+03 1.755974411988337124e+03 1.399075582632536285e+00
1.835124825183139365e+03 1.530685933129329669e+03 2.557035284578855094e+00
1.890832458571279858e+03 1.751716585206421541e+03 1.669881560568107437e+00
9.242499720315032619e+01 1.684652732864071822e+03 1.911234756509077926e+00
2.800246549746649976e+02 1.676191689032448267e+03 1.194961895649719885e+00
3.006286111793619966e+02 1.900254148678809543e+03 2.811127890406248664e+00
2.365960798382049575e+02 1.945566647493379605e+03 2.858567305529263525e+00
2.786259879604741627e+02 1.676679552884811073e+03 1.236014022124647171e+00
2.998635290039627534e+02 1.899851717775205543e+03 2.800550263883391899e+00
2.360502912046056849e+02 1.947783315657527055e+03 2.828534623575654106e+00
6.908655999171230633e+02 1.675475465121246316e+03 2.683997870759899040e+00
6.563280263203207596e+02 1.722752054583959762e+03 1.799488374097428511e-01
6.532300510758473138e+02 1.866598307227426631e+03 9.323297684811944208e-01
6.994331919666137765e+02 1.670241507302010405e+03 1.724945850324423324e-01
7.891504999199510166e+02 1.702652605832307017e+03 3.145159424113539437e-01
6.574928636329980236e+02 1.722406570553811207e+03 1.364670731771891743e-01
8.552181544194980916e+02 1.773240363231375113e+03 1.418610152185217022e+00
7.658322874201014656e+02 1.828813326777852808e+03 2.945660557300318949e+00
6.519018532917301627e+02 1.867187920536298634e+03 8.514413480749868368e-01
8.221056847616974892e+02 1.922022884285539476e+03 1.815376218871982861e+00
7.575140598225962094e+02 1.931976945045589673e+03 1.486664321524063137e+00
7.887838683705382437e+02 1.700441615759559454e+03 3.795807475619406568e-01
9.358234964357561694e+02 1.751659939498186986e+03 2.736470202335211432e+00
8.547747857865783772e+02 1.771890181485926632e+03 1.336823747875573343e+00
7.655453756282835229e+02 1.828707318394345293e+03 3.031524815566331021e+00
9.567648202323375699e+02 1.835749349110103140e+03 2.732418891122655680e+00
9.213699398606750037e+02 1.877320728335168269e+03 2.892842502314067588e+00
8.208878416554384785e+02 1.920230159209133944e+03 1.738978761945961793e+00
7.564694677439860016e+02 1.932839988169795561e+03 1.445902336323162007e+00
1.115420305468346896e+03 1.667419976074534816e+03 2.430280934960733497e+00
1.080687036259409979e+03 1.706697548216161522e+03 1.998245275047799696e-02
9.333347106806575084e+02 1.751266859758656892e+03 2.687937994637412231e+00
1.043934964704111280e+03 1.752029234894031788e+03 2.210191134235861110e+00
9.545179037657212575e+02 1.835982725769948502e+03 2.619193322423206016e+00
1.033137414354695693e+03 1.821681962931877024e+03 3.140669726402602002e+00
9.180701706394975190e+02 1.877572808436047353e+03 2.822283972849017442e+00
1.071908001128326987e+03 1.890586940934390441e+03 6.816392615251349874e-01
1.162659895822818726e+03 1.910282061248743958e+03 5.741851370993777959e-01
1.112882702939877618e+03 1.671468393058184347e+03 2.404730398460650509e+00
1.207812109789444776e+03 1.717863526511929422e+03 9.971958869861485830e-01
1.081069925982732457e+03 1.700145629886465258e+03 3.024004769037360152e+00
1.293978180392317654e+03 1.773019633713044414e+03 2.131265197214644136e+00
1.043321774491940914e+03 1.757094691534341564e+03 2.168688418156426323e+00
1.211725247732882053e+03 1.798207818453293157e+03 3.018847091140034689e+00
1.033237221957707561e+03 1.821042232630068156e+03 3.044317725688483467e+00
1.267915748083025392e+03 1.860088179088098286e+03 2.136779694492517978e-01
1.070948570641337255e+03 1.890858192169922404e+03 6.470611105687112952e-01
1.162948336516055633e+03 1.907492892893526459e+03 5.288163202042241995e-01
1.309807326372785155e+03 1.964734877076069097e+03 2.766146805483733040e+00
1.488008521605936039e+03 1.671388263536538261e+03 8.621379246030936860e-01
1.204756671649719692e+03 1.716610513076805546e+03 1.043361103053725758e+00
1.376205404324048459e+03 1.713183598439237585e+03 6.496790507294097905e-01
1.291536046832813554e+03 1.771294644239172840e+03 2.113635391231031058e+00
1.207070795078057017e+03 1.797381461922621156e+03 3.040901139101687800e+00
1.411430854062266008e+03 1.808090922118701201e+03 3.050559557859105375e+00
1.264537799361261932e+03 1.860447568505856907e+03 2.334997569760997593e-01
1.408593910683699050e+03 1.868534275608797998e+03 1.544906197353328736e-01
1.429606874699406717e+03 1.920064991938415005e+03 7.889598602447176479e-01
1.308971217328009516e+03 1.963430994978576564e+03 2.972884862019314234e+00
1.493631294409675320e+03 1.669359147186092741e+03 7.206743166195684891e-01
1.377058376586104714e+03 1.709155556568765633e+03 6.547782642503070516e-01
1.516540258314017592e+03 1.736274004056959257e+03 1.304514227654292258e+00
1.613292104749894179e+03 1.777611070140209222e+03 2.290754841479602177e+00
1.563224923099898660e+03 1.816200087428130928e+03 1.841890917427863039e+00
1.411355203016048563e+03 1.808217154558833727e+03 3.071267495874628217e+00
1.518245541863390144e+03 1.873348289282886981e+03 1.727048103653650468e+00
1.407747413013233199e+03 1.869933550009719738e+03 1.230599118100677430e-01
1.427978837031814919e+03 1.921038306733841182e+03 6.436783611967399343e-01
1.445217872021298035e+03 1.980016666216260091e+03 9.582033803732837862e-01
1.668106916187003435e+03 1.679830535606109379e+03 1.292309876095768306e+00
1.731036581862548928e+03 1.736783800825812477e+03 2.271892552809986920e+00
1.514376517618593425e+03 1.737283693732466418e+03 1.269028169381029025e+00
1.612572366246325828e+03 1.776489251263343704e+03 2.311523004063891662e+00
1.562218862885553563e+03 1.816224579271574612e+03 1.871807669563150700e+00
1.730418990651783588e+03 1.824421791010007382e+03 4.729980783802469890e-01
1.515550558700790589e+03 1.874242338227508981e+03 1.787870491761926584e+00
1.729337564653408663e+03 1.735278255031308618e+03 2.283776381949192746e+00
1.890984843980969799e+03 1.750158431726899607e+03 1.620806272012992100e+00
1.824225577355108953e+03 1.754336176467024188e+03 1.469188971515572373e+00
1.728634328966165413e+03 1.824602936938294533e+03 4.909267236542003143e-01
1.889854427784123800e+03 1.750994176053262890e+03 1.670230429267899774e+00
2.999229890980179789e+02 1.898469558437624073e+03 2.799615093715581704e+00
2.359809373518456823e+02 1.943985961928268807e+03 2.839480496683114197e+00
2.993819510748707557e+02 1.898513726958143707e+03 2.809289235681632135e+00
2.353841975348379378e+02 1.944223961005096953e+03 2.859776532479200828e+00
6.506510374300057720e+02 1.867900141595972855e+03 9.488861998833483247e-01
7.659167449190915704e+02 1.827484903574075133e+03 3.004723260605353552e+00
6.534225142738332579e+02 1.866036621293588269e+03 8.061440696305671727e-01
8.223455091741996057e+02 1.921244311656815171e+03 1.825166764588802781e+00
7.575998620427010337e+02 1.930282770017660823e+03 1.473881549392885848e+00
7.699182453804131683e+02 1.829984431449417798e+03 1.270292320276852037e-02
9.577019633362501736e+02 1.834542507849092544e+03 2.778215151427663177e+00
9.200878954408565278e+02 1.878089461300949097e+03 2.893556636812326666e+00
8.214850096339717993e+02 1.920828546820413067e+03 1.756267079543842202e+00
7.562525039690542599e+02 1.930859193704620338e+03 1.439320548851791726e+00
9.608116774181880828e+02 1.834107832609798152e+03 2.730524426724015186e+00
9.182881508729553843e+02 1.875745953659723682e+03 2.727004080947294185e+00
1.072631794277690915e+03 1.890323872850885891e+03 6.867282469732727268e-01
1.161516427983975063e+03 1.908495613066975693e+03 6.395136009429801538e-01
1.036213662459980696e+03 1.994399123993279773e+03 2.946229439098930758e+00
1.148708158003629251e+03 2.017148281801466055e+03 4.687725923804844652e-01
1.267901730994905392e+03 1.859177278701475643e+03 3.177395116295224087e-01
1.070299705168422861e+03 1.889000939827267302e+03 7.189104907899109831e-01
1.163000082802015186e+03 1.906477066800870489e+03 6.183581734180323419e-01
1.311829860290263468e+03 1.961493628469657779e+03 2.933108438784088889e+00
1.033670443460016031e+03 1.993119919319492510e+03 2.923158591618560731e+00
1.147611859002528718e+03 2.016741237880528843e+03 4.699818379077829733e-01
1.266393186462122912e+03 1.859662959490866797e+03 2.289097663205461042e-01
1.408241918948036755e+03 1.867934683135528758e+03 1.594091916048988866e-01
1.429613111757834986e+03 1.919896530294677632e+03 7.194773501437862206e-01
1.310894561158866964e+03 1.962022419953286317e+03 2.986747194505749992e+00
1.448151214550931400e+03 1.980178189361893146e+03 1.031775323483959950e+00
1.518359803010969699e+03 1.873036769977975155e+03 1.757577138384566862e+00
1.406974785517230657e+03 1.867857347756895933e+03 1.557603584024029875e-01
1.428095665917916449e+03 1.921216328307666572e+03 6.293415646190564372e-01
1.446972555209599932e+03 1.981460842838314420e+03 9.407570954217360226e-01
1.517511227706873569e+03 1.879147656383743197e+03 1.730981510634380438e+00
1.033913265446361493e+03 1.991419365523554006e+03 3.075808254311405143e+00
1.142322660037040350e+03 2.018586816804435784e+03 5.676459075051814018e-01
1.038350323647310006e+03 1.992668287520588365e+03 1.673388774218634995e-02
1.146532421687965098e+03 2.016703178598968407e+03 4.980451722862420105e-01
1.442695848909508413e+03 1.988343770633969143e+03 1.013335714007159938e+00
