1.144278815572794656e+03 4.537932336738191452e+02 1.061516384309622030e+00
1.021172434186966257e+03 4.768248361676207878e+02 1.571253286918751657e+00
1.144957730952701240e+03 4.526641684345702288e+02 1.075951824860452266e+00
1.385597661492932048e+03 5.007692800330720502e+02 8.157375901882271130e-01
1.478625892271527619e+03 5.339212405498523140e+02 9.923276409700392264e-01
1.386994396079462831e+03 4.972358690944045065e+02 7.613734684015978083e-01
1.478557552638784273e+03 5.339655081036659112e+02 1.125847124258092968e+00
1.021806906154298076e+03 4.758407426094726134e+02 1.564464420723769233e+00
9.746929689925909770e+02 6.779008001695356143e+02 1.929437020516765688e+00
1.144487667870102541e+03 4.514136354209481397e+02 1.038136093534208326e+00
1.020891360117857403e+03 4.759380756025122992e+02 1.544806186031826956e+00
1.097324350039161345e+03 5.441280973741844491e+02 4.312497806639032927e-01
1.151369891490742248e+03 6.441143774362274144e+02 2.778142008844840305e+00
1.038150591141586574e+03 6.649324094320356835e+02 1.116069506770791531e+00
9.734049148448564210e+02 6.813397765856991555e+02 1.912024705253832835e+00
1.144005871773706531e+03 4.528271581607447160e+02 1.031069010163540689e+00
1.096891917772893521e+03 5.445751345994447092e+02 4.765974867496405865e-01
1.212686011886169126e+03 5.975629056826846863e+02 2.296950074404248365e+00
1.292355192482225448e+03 6.160567550007397131e+02 1.239655194914348391e+00
1.152536898175194892e+03 6.450748089434064241e+02 2.769535490264993793e+00
1.039760028338316943e+03 6.626601318073858238e+02 1.122022003038684712e+00
1.384313097648264829e+03 5.005194892978861390e+02 7.592481069219536582e-01
1.488605702314837572e+03 5.389339598743358692e+02 8.648978144197674300e-01
1.208894533692111963e+03 5.964513147353618479e+02 2.344824502200564709e+00
1.290702288419511888e+03 6.159788302122806272e+02 1.265853857151547857e+00
1.501084844954827986e+03 6.267100769896275096e+02 4.111719903336323312e-01
1.383452122034402691e+03 5.005705366941069769e+02 8.354427052129237419e-01
1.477447299381169614e+03 5.335910829095297458e+02 1.097587932257630738e+00
1.521027507568148167e+03 5.596502599470923087e+02 4.175181798276516032e-01
1.502622585078520387e+03 6.248779998177606103e+02 3.738633341669286292e-01
1.625365766867610546e+03 6.392470058671444804e+02 3.630964154599854998e-01
1.524471439218204296e+03 5.601474614878579814e+02 5.010905754182916061e-01
1.624033321327892281e+03 6.378875999896521307e+02 4.384437347568970744e-01
1.738049664395226955e+03 6.705187303985599101e+02 5.491031010691423964e-01
1.736404776273006973e+03 6.690660754239056587e+02 5.625166404431206635e-01
1.129390348949726786e+02 8.189965193265493326e+02 9.874480790194912760e-01
6.078594605723293398e+02 7.442699448293299156e+02 1.448421802324210805e+00
6.448493813261128480e+02 8.345935249447014712e+02 1.352230889796263602e+00
5.554517950607001922e+02 8.350775835836008127e+02 2.238979877397198059e+00
7.809786595838111225e+02 7.162800600879564854e+02 1.077740885470310772e+00
7.131725427918494233e+02 7.355844885373836632e+02 1.477075526876817424e+00
6.078440523785727692e+02 7.445119569250723544e+02 1.485848002210389041e+00
7.906939597050463817e+02 8.021083211353002298e+02 3.039494217409902888e+00
6.434507804036701373e+02 8.358658637242579061e+02 1.397611247323231831e+00
5.510450257494155721e+02 8.325079371092249403e+02 2.231826063308617769e+00
7.092154932224199229e+02 8.559573094842978662e+02 1.449015450908499814e+00
9.742259484458925272e+02 6.786828649374836004e+02 1.894436528381591600e+00
7.790802200944796141e+02 7.175142528704702727e+02 1.120897873708774917e+00
7.091276345284936724e+02 7.375539550754881475e+02 1.475283533926256441e+00
9.337673936343314836e+02 8.112458220154642277e+02 1.068999559892740203e+00
1.013686534843269101e+03 8.164534193662343569e+02 1.384782676404468837e+00
7.892077930559719334e+02 8.022105646641696239e+02 3.017086151804822425e+00
7.075356578232753009e+02 8.468989125164034704e+02 1.512334824027920632e+00
1.153524155194989362e+03 6.444753958063897699e+02 2.755493679756284120e+00
1.038503893233138569e+03 6.647314749674654877e+02 1.123968334466632690e+00
9.732699305733215169e+02 6.791306002710111898e+02 1.861848837627160247e+00
1.081763540815952183e+03 7.137270867796861467e+02 8.552497188397721883e-01
1.179524005369653423e+03 7.209043737091393496e+02 2.911970114361161599e+00
1.122013378697540929e+03 7.880383753034927850e+02 2.884608824469620192e+00
9.323752579433394203e+02 8.130419561780842059e+02 1.106003170961490145e+00
1.011868260288139481e+03 8.208420569537236133e+02 1.452368118670361419e+00
1.212515530707741391e+03 5.964973025611473076e+02 2.258187547166694564e+00
1.293151279532380613e+03 6.142192493799668682e+02 1.244748743294604498e+00
1.152627819629373789e+03 6.438822283171854224e+02 2.745675855389320130e+00
1.035143940306963259e+03 6.655379546456379103e+02 1.085857680906037182e+00
1.081814024349082274e+03 7.138602570787427339e+02 8.814220403816449556e-01
1.180384685743184264e+03 7.212363205145908296e+02 2.933888552373136616e+00
1.122812631505399850e+03 7.883397840287392455e+02 2.893197027322934822e+00
1.211243261765600892e+03 5.984307017064608090e+02 2.297413015924941515e+00
1.291294108246080214e+03 6.163130906176347708e+02 1.246123425935373730e+00
1.501715360389814805e+03 6.247787707529132604e+02 4.268719120351368024e-01
1.371995673106999675e+03 7.181632612440680532e+02 1.327131252553332308e+00
1.403977882050049402e+03 8.040370411124256407e+02 3.079351661156610742e-01
1.519485816820509172e+03 5.560400860244785690e+02 3.478433565321829013e-01
1.502994148657384585e+03 6.236904333231517512e+02 3.974972531795280539e-01
1.623279898910650445e+03 6.369862721225780433e+02 3.785312739102998925e-01
1.371671452125900259e+03 7.158014366678067972e+02 1.371625675354309903e+00
1.549706055962217761e+03 7.304854372246841194e+02 2.469889363946389249e+00
1.644253436703000489e+03 7.767692108836388343e+02 1.010150431103298718e+00
1.400300836965802773e+03 8.055985930536464821e+02 3.385864419576470330e-01
1.528423018200258412e+03 8.504183131566624070e+02 5.063287936675325840e-01
1.524756415261789698e+03 5.563252527410958237e+02 5.311250064392962766e-01
1.621850443237162153e+03 6.368590310185608132e+02 4.413648619972456721e-01
1.735876749947099597e+03 6.678576432641101519e+02 5.461504749016727889e-01
1.548121610596487471e+03 7.298825609020721004e+02 2.484480263332520256e+00
1.642201915583310893e+03 7.743674184911653811e+02 1.019482697522832382e+00
1.753603696728396699e+03 7.863093459828660343e+02 2.722287461672306730e+00
1.705472657398457613e+03 8.389400578784552636e+02 2.822703240795418456e+00
1.529334589136477007e+03 8.478746376876219983e+02 7.097011336497291989e-01
1.734573687647887255e+03 6.675079744327556455e+02 5.037612280669580000e-01
1.840013033610140155e+03 7.724194545923962778e+02 1.877962986901899001e+00
1.958015387921070669e+03 7.817298980810435296e+02 1.308296399551021283e+00
1.752760260334332997e+03 7.851645804617228350e+02 2.776155715031396465e+00
1.701709162883291810e+03 8.388663306817161356e+02 2.854288929353959503e+00
1.800764914278459628e+03 8.488909441065952706e+02 1.469836448856445266e-01
2.025994823641245603e+03 7.088097926815447636e+02 3.047646477765936002e+00
1.836665193589234377e+03 7.727059025228925293e+02 1.848431193576624665e+00
1.954864385705370296e+03 7.818173835186172482e+02 1.268201846408497424e+00
2.038606727429320927e+03 7.849865731442725973e+02 2.411851743260628123e+00
2.131674098290241091e+03 8.347417090133562851e+02 2.541211684708580609e+00
1.992423521105569762e+03 8.379706323661520173e+02 1.595919216729774437e+00
2.025383573293075642e+03 7.095195446044619985e+02 3.099432428221517544e+00
2.036798946390827950e+03 7.850755678884079316e+02 2.393393058697263154e+00
2.133154603469223275e+03 8.371185460787799002e+02 2.599193730966932847e+00
1.986053597858246576e+03 8.315641267559226435e+02 2.041043136258563706e+00
1.095004101821435825e+02 8.223784927228284687e+02 9.806132918566365930e-01
2.387391258718894846e+02 8.663542615927979114e+02 4.301449411332766148e-01
2.357668820684695561e+02 8.655177982612608503e+02 4.508842009542027296e-01
5.302375656584221133e+02 9.835583899071243650e+02 1.225878998959441857e+00
4.532737343462086983e+02 1.012611673936432226e+03 1.462529575171700236e+00
6.085316003533137064e+02 7.439568632070037211e+02 1.499169408274850568e+00
6.445412320390465766e+02 8.348019604556591275e+02 1.390771866352592756e+00
5.562158285763439380e+02 8.346516350726915334e+02 2.233814699931188752e+00
5.962083399843836560e+02 9.645599342419377535e+02 1.188663220505322693e+00
5.262594714862965475e+02 9.855628030152479369e+02 1.093527605886417620e+00
4.518111805425903640e+02 1.014010847697814370e+03 1.458551617170076087e+00
6.939770518465413716e+02 1.010872719314349752e+03 2.266690809541211049e+00
7.801059490053695527e+02 7.159833476156952656e+02 1.027794163915602743e+00
7.145564167727353606e+02 7.341249524724140656e+02 1.398074202998667914e+00
6.067425276251158266e+02 7.421170809727053665e+02 1.487722903610649627e+00
7.899799463247093172e+02 8.024963907733191490e+02 3.073588818669610312e+00
6.445340933547321356e+02 8.352650930796108923e+02 1.352869698265232845e+00
5.533473364375337269e+02 8.344221696240949768e+02 2.231802690291482705e+00
7.083624844859881478e+02 8.577876965655603954e+02 1.381618047460990706e+00
7.886497287715059201e+02 8.728850141887137397e+02 2.361027042102477935e+00
7.389984061991129920e+02 9.516521784124111036e+02 1.548618751132057492e+00
5.939533175472429321e+02 9.658479751533818671e+02 1.089561959601376584e+00
6.947342642593185928e+02 1.020334989407504736e+03 2.141298115165888305e+00
7.766726337556757471e+02 7.157471537518417790e+02 1.103127527441366107e+00
7.093389621580921585e+02 7.358250101237864556e+02 1.358991949488166817e+00
9.348080679139748099e+02 8.101677822712977104e+02 1.050288955491026410e+00
1.014102406833509576e+03 8.194684029685575979e+02 1.482310123715351979e+00
7.889165336226794807e+02 8.014996424547737206e+02 3.015449961563231973e+00
7.881130165055790258e+02 8.729298665531282495e+02 2.304425991690343345e+00
7.367906481500788232e+02 9.530276510962921748e+02 1.560334186479118923e+00
8.996799827238164653e+02 9.738345263372812042e+02 4.483344128215593360e-01
1.082016027482938625e+03 7.110917524178637450e+02 8.967239363972967503e-01
1.178092552173592367e+03 7.131737460051722337e+02 2.560437489471232730e+00
1.121927571987994725e+03 7.871002367368030264e+02 2.837728594042536745e+00
9.328199460020009610e+02 8.114075583034764350e+02 1.110822639245995003e+00
1.012038858135394548e+03 8.198097774064277701e+02 1.504054208082794108e+00
1.180168921386333523e+03 8.770268209641833437e+02 8.344577294962015612e-01
1.032226619854710179e+03 8.928192228073046408e+02 8.494587423717049335e-01
1.075351773307812664e+03 9.310167908211783470e+02 7.819558995706700211e-01
8.966276311545896078e+02 9.747073697432947483e+02 3.984327226468220018e-01
1.128712875876031831e+03 9.851999655084982805e+02 3.729092541686874207e-01
1.081263279952667972e+03 7.095254901597758135e+02 9.502614395004131964e-01
1.181086187787526569e+03 7.204739945410748305e+02 2.882995467944916346e+00
1.122989439922708016e+03 7.870227163578501859e+02 2.818489130531788955e+00
1.179585247262446501e+03 8.765080895223595689e+02 9.069942775662556134e-01
1.032141839663107930e+03 8.929184069298942177e+02 9.107272512868487269e-01
1.076276390522231850e+03 9.300877418411960207e+02 8.635966128061293157e-01
1.232297337548966425e+03 9.409602010436569799e+02 5.160910647708763510e-02
1.132051214444943298e+03 9.782971389142546741e+02 4.010572286448290114e-01
1.371907640389156995e+03 7.145904855002055456e+02 1.367896963702026403e+00
1.404626005102893942e+03 8.019297794831787769e+02 3.148284055857774044e-01
1.408789997454766308e+03 8.618801297568539894e+02 2.847102419328352951e+00
1.228270808834383388e+03 9.412378281819503627e+02 9.192111662082716461e-02
1.366389841237836890e+03 7.151237672093575384e+02 1.314622856205875046e+00
1.548673858527161428e+03 7.278365617679755815e+02 2.440843141762920165e+00
1.641527530726279792e+03 7.753279013463562706e+02 1.044510805091720229e+00
1.401379744284476374e+03 8.033766693405714250e+02 3.456224603291997433e-01
1.528829071163409708e+03 8.466902564738588808e+02 4.646062948699526407e-01
1.405430351595173988e+03 8.604297659176845627e+02 2.845188434572940572e+00
1.653020407575995023e+03 8.778839124996363807e+02 2.563979258378001447e+00
1.578242190241854587e+03 8.981471461439562063e+02 3.039946320380364941e+00
1.507402062109468943e+03 9.324214557714317380e+02 8.810549862120094222e-02
1.564415555936036071e+03 9.781224530992240034e+02 8.902030718133033815e-01
1.640891198895548314e+03 9.784723279068571173e+02 3.151950155612806559e-01
1.548836190968686651e+03 7.295791104690825932e+02 2.448604138649320472e+00
1.642582842494841771e+03 7.737909735678551897e+02 1.006760109037262207e+00
1.746632680298354217e+03 7.793791371236540044e+02 2.731373838886107297e+00
1.774975253085309987e+03 8.098440346892972457e+02 1.994238162954633520e+00
1.705797455449653398e+03 8.379000402214734322e+02 2.855959788396159382e+00
1.528508821783059147e+03 8.473715760046743526e+02 4.820698185669043401e-01
1.651314539203774984e+03 8.776745220121351849e+02 2.585306921948681946e+00
1.580037176499860379e+03 8.984702189630315843e+02 3.075782443025533386e+00
1.786851146555023888e+03 8.905036466260148700e+02 2.804821928428205879e+00
1.748373531375490984e+03 9.331412915466535196e+02 2.084821168131690605e+00
1.509819855385765322e+03 9.335800489583270974e+02 1.108259614101575474e-01
1.563769416312490421e+03 9.785388949944206161e+02 7.763877563707695106e-01
1.640157263853082441e+03 9.764233464534854647e+02 9.942919729732864198e-01
1.689632153149201486e+03 9.916696545207162217e+02 1.468282128827725019e+00
1.805528039345779916e+03 8.499245437733646895e+02 4.190787590140575558e-01
1.840504134788837518e+03 7.731446666962829113e+02 1.815867930498442417e+00
1.960980054438059597e+03 7.805958759112565986e+02 1.212366179231595176e+00
1.755554698625374613e+03 7.888745028643628530e+02 2.781611939587495197e+00
1.704867864344949112e+03 8.379530918759544420e+02 2.926075764454812322e+00
1.801112767071315830e+03 8.503111924432945443e+02 2.790152218608296653e-01
1.937398034284105051e+03 8.979502387643808561e+02 2.050577452639726239e+00
1.757417964009591969e+03 9.229100324125265615e+02 2.189321738125865391e+00
1.852618827649109789e+03 9.689598570061652936e+02 1.634814354650159507e-01
1.683965777691775884e+03 9.824518730443896857e+02 1.155990701115190422e+00
2.028171104809494864e+03 7.080969591451587348e+02 3.130357175475212639e+00
1.837204051528328591e+03 7.733667267422199529e+02 1.901637821206770829e+00
1.955738242182370414e+03 7.819234969264909978e+02 1.266445272636679720e+00
2.037934791193957153e+03 7.846101490664763105e+02 2.450709965750695218e+00
2.137173263341136135e+03 8.382795873603758992e+02 2.627174503118554494e+00
1.992586299972750567e+03 8.371049595088958313e+02 1.576411067608239902e+00
1.937153357158835661e+03 8.994620856906658446e+02 2.089502854397933262e+00
2.064966238110674112e+03 8.948404303167458238e+02 2.065493091326783048e+00
2.014870156241719542e+03 9.249171427495807620e+02 1.359679751307630635e+00
1.858995686156009242e+03 9.487146331085371003e+02 2.037459268401177470e-01
2.088174411607259117e+03 1.021067252634143415e+03 1.264030222395648995e+00
1.846134557364225884e+03 1.001703036965832780e+03 2.587649082210549789e+00
2.028331371314793159e+03 7.099089549953118876e+02 1.294241137765460292e-01
2.038434635991364303e+03 7.852681766832068888e+02 2.447405347377869855e+00
1.989415167842890696e+03 8.354296415235974109e+02 1.665070744951443027e+00
2.133847562191126599e+03 8.373673839048830132e+02 2.635368891989077422e+00
2.064934355489635891e+03 8.947493293289637677e+02 2.071387556452755518e+00
2.012307201841541428e+03 9.263268067045880798e+02 1.405393355073824235e+00
2.209474041802373904e+03 9.623154873031978696e+02 1.484601826447270234e+00
2.086098666616385344e+03 1.020870463633366398e+03 1.345799531104878710e+00
5.283637456398148515e+02 9.833574611975038806e+02 1.179661821653124054e+00
4.525838888426384301e+02 1.012705984963250557e+03 1.448179069842546296e+00
4.835723401541854400e+02 1.087040688409773566e+03 8.958059490442333850e-01
4.335882943653053871e+02 1.172870739875399750e+03 2.578249217150328398e+00
5.142846136908684684e+02 1.176449019136308380e+03 1.777196473788617226e+00
5.962782261575306393e+02 9.627431637148215486e+02 1.143731312413894807e+00
5.269757435401536441e+02 9.841940213710688568e+02 1.066536069239274687e+00
4.524416752769051300e+02 1.013071500090883092e+03 1.398133399519569497e+00
6.972229575928238319e+02 1.019267133327243300e+03 2.171864218010310932e+00
5.623936940169048739e+02 1.084312235397263066e+03 1.317690242610345841e+00
4.830130176566184446e+02 1.086779381054888745e+03 7.988768578474854110e-01
6.280660634715311517e+02 1.097578408312881038e+03 2.067405352314480638e+00
5.114406612334444162e+02 1.179298466864986040e+03 1.585705035393018880e+00
4.317068731169879356e+02 1.172794377638160768e+03 2.592698520638856863e+00
7.921523448414520772e+02 8.748716505304992097e+02 2.352097839271978685e+00
7.387239556247261589e+02 9.501517166787396036e+02 1.525180715203334536e+00
5.954186646068108075e+02 9.635453286432648383e+02 1.122998086376769455e+00
6.942734226304119147e+02 1.019826701973581294e+03 2.022569703163823007e+00
8.162844782669303640e+02 1.027341263147435257e+03 2.397859027639399621e+00
7.826574839038543132e+02 1.064876837766518747e+03 2.814566676476300433e+00
5.595229105629232436e+02 1.085990474962748749e+03 1.222791966468974145e+00
6.263959708336964241e+02 1.098214244262165494e+03 2.003767221340078564e+00
7.639654944107553547e+02 1.121269023350932230e+03 2.873618175899067761e+00
5.765026291092767678e+02 1.179062439570482866e+03 1.253348213733845196e+00
7.890109269696873753e+02 8.755643810301110079e+02 2.334066547112666701e+00
7.368091835396621718e+02 9.471124556230070084e+02 1.568188331972378391e+00
8.998260400301016944e+02 9.727817453049206051e+02 4.745421268491535893e-01
8.155860022099071784e+02 1.025698884711703840e+03 2.340450640684315520e+00
7.805846527375443884e+02 1.064800035416939863e+03 2.760105298155243858e+00
9.188682999904478947e+02 1.089722481470263119e+03 1.472501326296105528e+00
9.666335860363626580e+02 1.124966841290728780e+03 1.016345371899157746e+00
7.611392128203510765e+02 1.122457301973229278e+03 2.784119867348401112e+00
8.627479840485441400e+02 1.133598703849180765e+03 1.818573245463240395e+00
1.032937806854519295e+03 8.897041647321025266e+02 8.564362166594551296e-01
1.176392326525965018e+03 8.765211737146096311e+02 8.280123296960706369e-01
1.075499229391043173e+03 9.292010592793767501e+02 7.619903598522477228e-01
8.978849259421556326e+02 9.726049801403671609e+02 4.045620898214300487e-01
1.132166674234740412e+03 9.778243056046253514e+02 3.140491823830225959e-01
1.041058556525758831e+03 1.033534747452849388e+03 1.380188567941890154e+00
1.126591831170953810e+03 1.030439844180442151e+03 2.681742094957795697e+00
9.176728391344975080e+02 1.090479757351113676e+03 1.585649181558707932e+00
1.054874834680329741e+03 1.109328639321060791e+03 8.921207823038944662e-01
9.638077663094893524e+02 1.123825804577913004e+03 1.073629607665606667e+00
1.173728183856580927e+03 1.119359041497536282e+03 1.429163508168088015e+00
1.129123356672570026e+03 1.165549218199458210e+03 2.656900336752338720e+00
1.180396023755497481e+03 8.726127776408216050e+02 8.756069826542375312e-01
1.032317821821976622e+03 8.876526728718931736e+02 9.305193584092975589e-01
1.072005130782122478e+03 9.282472396480550287e+02 7.682125409133969685e-01
1.231413924836259866e+03 9.402013537373256895e+02 2.598328978417439525e-02
1.131715238687324472e+03 9.776498487465844391e+02 3.631135879950371792e-01
1.038865659245390816e+03 1.033427221907739067e+03 1.354806437113833972e+00
1.126488272541339484e+03 1.032247864130303242e+03 2.679843029710857749e+00
1.250270783435064686e+03 1.056481572098283777e+03 1.416931760832315368e-01
1.053288054591091168e+03 1.108675458778887332e+03 8.870719708023807604e-01
1.172905889901361661e+03 1.133916507691516699e+03 2.058683888979579102e+00
1.266854078832888263e+03 1.118413168179087961e+03 1.060165248123619453e+00
1.327849330735609556e+03 1.144640073817737857e+03 9.203272692878895489e-01
1.131966480123113115e+03 1.168779068428448454e+03 2.723483120527790291e+00
1.227726651470074330e+03 9.400653527041740745e+02 4.254422204175847128e-02
1.445358822077081868e+03 1.024223173571898087e+03 1.293602009718555879e+00
1.246663862506173018e+03 1.056117284320443105e+03 1.767692768193497577e-01
1.411714129118832943e+03 1.129000638733600908e+03 1.140624525720991711e+00
1.264655854797415486e+03 1.119543107489962040e+03 1.005657397382170082e+00
1.324797468522201598e+03 1.142756253635312760e+03 8.703323474318153119e-01
1.580615622640269294e+03 8.962887597250276031e+02 3.085503809505631523e+00
1.508144997294008363e+03 9.315588769854400653e+02 8.369641992746883474e-01
1.638885686017089938e+03 9.753321524762502577e+02 1.075135499577608567e+00
1.564843700020037204e+03 9.769896345817039673e+02 8.059613996736298969e-01
1.444140212672737334e+03 1.025166483175985150e+03 1.274670151683535257e+00
1.507408060279999518e+03 1.062854314613704446e+03 2.061740990748785585e+00
1.586215774692734158e+03 1.079511081011032957e+03 9.638168823299039234e-01
1.654212032345123134e+03 1.081302300198616649e+03 1.625427728511813497e+00
1.418739200356401398e+03 1.145663486797722726e+03 1.220356353402175742e+00
1.500412284445636715e+03 1.136065528552326668e+03 2.395842727226483060e+00
1.609941662452985156e+03 1.179353687379553776e+03 1.714618771591169377e+00
1.650133829261171286e+03 8.737144585052458297e+02 2.600339161936129351e+00
1.584654234406091518e+03 8.964759467073222368e+02 3.070980692862615768e+00
1.512732386417377938e+03 9.298304902969625800e+02 1.640476324289956711e-01
1.747686466983427863e+03 9.317447793231101514e+02 2.141077890292170771e+00
1.563468530452443929e+03 9.763650844958513062e+02 7.574389048979209837e-01
1.640090897279453202e+03 9.738995826042271347e+02 8.419033292801135770e-01
1.687578496215087171e+03 9.911749324705997424e+02 1.301860416661522413e+00
1.737326322603917106e+03 1.051966976454069481e+03 6.746684621966070328e-01
1.649980723828474311e+03 1.081755944674649072e+03 1.583056078668369615e+00
1.585800106825683088e+03 1.078555567940784385e+03 9.151541667272623526e-01
1.724956994736426168e+03 1.108959860542493288e+03 7.045158015604460200e-01
1.819609847941682801e+03 1.079201708038454854e+03 1.855303418550233951e+00
1.754294372762040439e+03 1.169467657325128130e+03 9.413314051400525351e-01
1.607622592978927059e+03 1.175929215748787101e+03 1.678277276045510247e+00
1.940623294635822276e+03 8.965136071332822212e+02 2.149541486918931099e+00
1.784610852394810308e+03 8.910755348720915663e+02 2.796022873639531614e+00
1.744842994823598247e+03 9.347931424448161124e+02 2.196242605746751231e+00
1.860758431239617039e+03 9.481798788942714964e+02 1.614720995330954645e-01
1.687758975040454970e+03 9.896291985136135736e+02 1.230572246213227361e+00
1.842200780111203812e+03 9.961498508725671854e+02 2.490323701205035878e+00
1.935885209015243163e+03 1.027063929931420489e+03 2.390397495805764105e+00
1.736927908642574039e+03 1.051348316141729129e+03 6.947778050026220953e-01
1.817898335753586935e+03 1.079646929840980874e+03 1.811662540774578556e+00
1.889292034059652906e+03 1.113501116786664170e+03 2.208559507087544116e+00
1.722115228387722027e+03 1.108413050176738807e+03 7.841255868285227359e-01
1.752814389728524475e+03 1.169921389281748816e+03 1.036670250466348087e+00
1.936999365334216236e+03 8.988792459332141789e+02 2.104645092620152980e+00
2.065393100285544278e+03 8.942635198590851360e+02 2.099602504225127397e+00
2.014447707022134637e+03 9.247147588883731260e+02 1.354238786820278984e+00
1.860212547852851912e+03 9.479427463144652393e+02 1.881629274228172055e-01
2.086343827006656284e+03 1.022399882600306228e+03 1.333238366328133084e+00
1.843114726971005666e+03 1.000733239462209212e+03 2.672792820256227220e+00
1.934260960617409182e+03 1.026687848961109466e+03 2.396242023031903035e+00
2.127871564591108836e+03 1.094735150731447902e+03 1.306031480926584276e+00
1.888301296372358593e+03 1.111738223768604712e+03 2.241111350286479453e+00
1.957828354291221785e+03 1.130902290429124832e+03 2.162888797452097833e+00
2.063521361659327340e+03 8.939214624477297093e+02 2.199594768987335414e+00
2.010917861807638019e+03 9.277500100285190001e+02 1.416725610186568618e+00
2.209286589737577742e+03 9.620398084249356998e+02 1.548909974940582135e+00
2.085089842361932369e+03 1.022633079377256990e+03 1.371201028994177173e+00
2.125076451688937595e+03 1.095113213243741257e+03 1.358554696018123398e+00
1.802293167184855065e+02 1.226386502471158792e+03 1.709679665494679091e+00
4.836456590711716217e+02 1.086521570542704467e+03 8.604617209301202996e-01
4.341650890918053847e+02 1.172467521530775002e+03 2.556909999918826504e+00
5.112669776423681469e+02 1.177890714984062470e+03 1.612844545936841456e+00
5.384761387679006930e+02 1.284843802557794788e+03 1.968038325980716152e+00
4.812273779976926562e+02 1.307816066623980987e+03 1.872074200351444784e+00
5.628064432469883513e+02 1.082560361351124129e+03 1.217102367457680412e+00
4.831260228084490791e+02 1.085567498472907573e+03 7.885431163134716259e-01
6.274154865319383134e+02 1.095738296318907715e+03 2.039079684940306336e+00
4.339527618666147646e+02 1.171684293636358461e+03 2.640129622718464741e+00
5.115795956080855831e+02 1.178172106525544223e+03 1.518944918729528526e+00
5.783505652197515019e+02 1.184078949285756153e+03 1.389127900485528144e+00
6.465211600251143409e+02 1.219326874730117424e+03 2.203414846000040672e+00
5.382881379834738027e+02 1.286974196043758639e+03 1.944010133094209003e+00
6.124206268842323198e+02 1.305550496370107339e+03 1.754401200951195783e+00
4.808922014151589792e+02 1.307935361604852005e+03 1.850075720864182260e+00
6.602787124073056475e+02 1.326783925810183746e+03 7.670498366666611556e-01
7.834369958281005211e+02 1.062189507469119690e+03 2.873202017298387201e+00
5.591998553595472004e+02 1.081580659612983027e+03 1.158299632349747865e+00
6.258201405834645357e+02 1.095868487612646504e+03 1.971471606702980495e+00
7.640149277150845819e+02 1.119982179323363198e+03 2.881769200165889000e+00
5.773870629249936428e+02 1.184933408496217226e+03 1.395549983645592462e+00
6.453333957727658117e+02 1.220074118430654835e+03 2.187872135517080263e+00
8.309628344723948885e+02 1.231338395385901322e+03 1.679630502153525384e+00
7.166766806266497269e+02 1.232739789559573182e+03 1.985231165234612183e+00
7.783883047545072031e+02 1.250844223877571494e+03 1.648596440091451898e+00
6.104467978344608809e+02 1.306381810442509732e+03 1.688184073252910977e+00
6.578763062826361647e+02 1.327548456209048936e+03 8.129126878684088675e-01
8.090641378971804443e+02 1.027816847975676637e+03 2.416919012728761196e+00
7.803185571579239195e+02 1.060081044584907204e+03 2.793402438776431573e+00
9.200316796761237583e+02 1.090119819153217577e+03 1.508749296432107645e+00
9.643508581771059198e+02 1.121374817354000470e+03 9.404320983068539253e-01
7.611955012544658530e+02 1.120047142775003977e+03 2.789159550496179474e+00
8.639504866294266776e+02 1.132011123778062256e+03 1.806318784760595486e+00
9.072091097929321677e+02 1.209858886012246330e+03 1.849863269902332297e+00
9.998307134053670779e+02 1.193928941055089808e+03 3.121168589715965225e-01
8.295548837126171975e+02 1.229848214035815317e+03 1.688929470603390604e+00
7.121290373116468118e+02 1.232358718864279126e+03 1.986089588363851632e+00
7.770727314590112655e+02 1.250492591162837243e+03 1.667672733532508111e+00
9.471878869964671139e+02 1.307846946516177468e+03 1.425990066072334139e+00
8.932422976768141325e+02 1.317079341052320615e+03 2.049326185499544373e+00
1.015107099402497397e+03 1.305443691550818130e+03 2.668269916467576941e+00
1.040771903892770752e+03 1.032457644016517634e+03 1.358307083701477458e+00
1.126235349126833171e+03 1.026390982892563670e+03 2.680781073024700589e+00
9.185513981572375997e+02 1.089980143165137179e+03 1.576544054212939194e+00
1.054941152859813883e+03 1.107071885904769942e+03 9.029309515151132670e-01
9.632510681717296848e+02 1.121856161463258331e+03 1.023728423914225028e+00
1.176863398393487614e+03 1.121260478023560836e+03 2.142611873045027870e+00
1.136741237828242447e+03 1.167668835660645072e+03 2.782210647391370806e+00
9.059430270174282214e+02 1.209202370963512294e+03 1.892196079383584140e+00
9.982481765239285778e+02 1.194202158226181609e+03 2.827485830875343109e-01
1.095798473027180080e+03 1.217585085570949104e+03 3.428131897107966619e-01
1.075113284138952395e+03 1.274826011359101813e+03 2.815995280210743523e+00
9.453177192800756075e+02 1.309059818435638135e+03 1.455127251138605748e+00
8.906533689658265303e+02 1.310337622228684950e+03 2.091360890936119876e+00
1.012362438455750180e+03 1.310238454007037490e+03 1.793966625505030610e+00
1.127863304708056830e+03 1.032596905400190508e+03 2.657000735032823524e+00
1.251496187679325885e+03 1.055730997737949338e+03 1.440779425200207076e-01
1.050779399490293372e+03 1.106482791160211718e+03 9.251225523764740055e-01
1.172055710449088338e+03 1.134030400870659832e+03 2.047287969791766304e+00
1.267050734245690592e+03 1.116786153551238385e+03 1.091783861220978702e+00
1.325425144538969334e+03 1.141220877583868969e+03 7.696089923848788983e-01
1.134149682664223064e+03 1.168967403350969562e+03 2.710369783062128946e+00
1.092925344411406741e+03 1.217889207599314432e+03 3.381385240009204818e-01
1.276550052317619247e+03 1.227852628875952632e+03 6.429118121319535861e-01
1.182276627687311930e+03 1.237209079480272067e+03 6.728504785262079402e-01
1.315528247583707298e+03 1.270225234446714467e+03 9.800072518340989802e-01
1.073752334431175768e+03 1.275372040581675492e+03 2.746286804778705903e+00
1.231839073172546250e+03 1.328598531535991697e+03 1.719924798762175744e+00
1.162746339581021175e+03 1.338587717323938705e+03 1.077258423040217572e+00
1.246709446654309886e+03 1.053934940502537074e+03 1.248698203033530296e-01
1.412997620191715441e+03 1.129411857594683852e+03 1.107377794146180650e+00
1.265385363231472411e+03 1.117872500281896237e+03 9.937042296730428381e-01
1.323302731408555474e+03 1.141900384991361989e+03 7.341502723981689904e-01
1.439560982716396666e+03 1.178244866560246464e+03 1.416186017589224466e+00
1.274905837983143329e+03 1.227692267414162643e+03 6.197494828963651115e-01
1.312326161924179587e+03 1.269144967297226458e+03 9.529885287402166671e-01
1.372739831466893520e+03 1.280431431368596350e+03 1.425153071242252434e+00
1.445921587049882419e+03 1.300134867163076024e+03 1.745832066289193296e+00
1.228567555929142827e+03 1.326831476297193831e+03 1.785036448059110548e+00
1.507541348079750833e+03 1.063153612396822609e+03 2.147983529214936738e+00
1.651357755126106895e+03 1.082784247869596811e+03 1.811135424554345175e+00
1.587245738287913809e+03 1.077297738875641926e+03 8.594230218049198067e-01
1.411516944312905707e+03 1.129250543669806348e+03 1.054675596474042631e+00
1.500557849513778592e+03 1.135356461344248373e+03 2.459949382302877297e+00
1.609833452797714926e+03 1.182998336571296250e+03 1.673071552426719011e+00
1.438034633498415587e+03 1.178421672270601903e+03 1.378435878955845073e+00
1.517302927852985249e+03 1.215077757372282122e+03 3.120795346172514084e-01
1.368092392669770561e+03 1.281675507450257783e+03 1.318137333364599373e+00
1.445333495548778501e+03 1.300334700761652584e+03 1.757695179793415940e+00
1.567511111192685803e+03 1.299454695473873016e+03 1.840651834288913324e+00
1.487127774929869247e+03 1.331794115445975876e+03 7.353084747935407783e-01
1.736310606499519963e+03 1.053086694376808964e+03 6.704965083044894802e-01
1.649782826956451800e+03 1.081390577657842186e+03 1.651070725812544993e+00
1.583842894740774682e+03 1.078372230296607313e+03 8.940999659385053810e-01
1.820114520523515012e+03 1.083249083414387769e+03 1.997410966735178262e+00
1.722891171883164361e+03 1.108144189956037735e+03 6.390082142145239175e-01
1.752874058193417113e+03 1.166270719979631849e+03 9.580224612979559851e-01
1.608060192993064902e+03 1.184305919446428334e+03 1.672292829228115840e+00
1.669611246107544730e+03 1.207170230870766773e+03 1.115414101132913727e+00
1.793467802936109820e+03 1.214500677002128668e+03 1.079896741607661248e+00
1.512287451454724078e+03 1.216210338449185201e+03 2.684454959327094992e-01
1.564580188833759166e+03 1.301818438913926002e+03 1.811363514636756156e+00
1.736702940962991534e+03 1.048244722369392321e+03 6.280740530275016331e-01
1.938285532139956103e+03 1.027280052888100272e+03 2.447970809102722356e+00
1.817963970579363149e+03 1.080037207515405498e+03 1.850360091671268803e+00
1.889417564507133648e+03 1.110595654829109435e+03 2.298841051291422577e+00
1.721648988489863996e+03 1.108743405307647890e+03 6.448897249885277017e-01
1.961284724542301319e+03 1.131932632199709815e+03 2.216256586186882593e+00
1.751966048191115306e+03 1.166656334192327904e+03 9.084037451381068440e-01
1.865598517875645257e+03 1.186631840133437663e+03 1.958920063158641867e+00
1.667812496408322659e+03 1.207280227085743491e+03 1.077263696192808817e+00
1.792180723650738855e+03 1.214989717215689552e+03 1.019569602666609676e+00
1.822420910851563121e+03 1.282272765574729419e+03 1.449168992260414734e+00
1.933927830304754025e+03 1.026658291546966666e+03 2.467216192776654271e+00
2.085171715369979665e+03 1.026036400036551868e+03 1.318361072910304799e+00
2.126228618159323105e+03 1.095504609366959357e+03 1.331969146427340434e+00
1.888389890662756443e+03 1.110780759512208078e+03 2.225440223331355494e+00
1.958898367938157662e+03 1.130625252088992056e+03 2.145345817673447897e+00
1.865283853672955956e+03 1.186555258581827047e+03 1.950168838034930241e+00
2.124788400775460559e+03 1.093467099702643509e+03 1.350997565312380022e+00
2.141134683458838481e+03 1.199467569823595340e+03 1.623656484676595069e+00
2.210322248402284913e+03 1.322302677923046758e+03 2.509822558267105208e+00
1.804090964845123608e+02 1.225254448802553725e+03 1.644458563236888882e+00
3.512582840336617664e+02 1.378794027707320765e+03 2.579181955169273177e+00
5.406285932338776092e+02 1.287397776331093610e+03 1.874273124739060270e+00
4.799031821372141167e+02 1.307487879626032282e+03 1.774734631155354680e+00
3.490331325823428301e+02 1.379559287381925515e+03 2.547000991592602848e+00
6.483326871478340081e+02 1.219678710802895239e+03 2.163039053461069727e+00
5.388707794636441122e+02 1.286598016825155582e+03 1.860952818281838006e+00
6.344791272550721715e+02 1.318166872462127913e+03 1.001613927076938415e+00
4.801013401392741571e+02 1.307463806906920126e+03 1.764841541644768919e+00
5.537608045199042408e+02 1.386836900940011674e+03 1.203160812259875950e-01
6.808823861013679561e+02 1.423106593807429817e+03 2.533855952750179164e+00
6.332952752741455242e+02 1.468122974945790702e+03 2.438277466356146395e+00
6.451797349750112289e+02 1.218572737776453096e+03 2.134019845125203041e+00
8.318810767629315706e+02 1.230702599400209010e+03 1.637473791065730433e+00
7.159942760317935608e+02 1.231049313566281398e+03 1.911850635803538312e+00
7.781099246492651673e+02 1.248943216819975305e+03 1.545825578935441147e+00
6.352582211737836815e+02 1.317813529875084214e+03 9.240815295185482725e-01
7.427887459016988032e+02 1.353739360035292066e+03 2.219786815627961207e+00
8.105663475080302760e+02 1.379193642535662775e+03 2.107059919595654307e+00
5.498180740022621649e+02 1.387657614120807466e+03 1.628879966959274062e-01
6.810922541746706429e+02 1.424544407706844140e+03 2.606826965981594579e+00
7.659498676575537957e+02 1.450853675292765729e+03 2.470123893117697644e+00
6.316474815779355367e+02 1.469432851985867273e+03 2.431182767096678798e+00
9.971525581158227851e+02 1.191112862959092809e+03 4.034238166920440238e-01
9.069316571948020282e+02 1.209505368545268993e+03 1.765006618197910271e+00
8.288436623556184486e+02 1.229036501953564766e+03 1.662367336338510748e+00
7.134001223065303066e+02 1.236122476929586128e+03 1.900412337722948264e+00
7.762732685466779685e+02 1.248805712385639481e+03 1.587000496127204840e+00
9.426889035966266874e+02 1.308740547734024858e+03 1.249881623198145553e+00
8.927862396416890078e+02 1.317002756055419241e+03 1.998514431380458589e+00
1.013584604402976083e+03 1.310333412117794296e+03 1.713582948490974589e+00
7.416204331064701591e+02 1.353948034956006040e+03 2.261088443746591903e+00
8.093415577943925427e+02 1.379403652425531845e+03 2.163407807499667879e+00
8.650622880367614016e+02 1.368561266093472796e+03 2.164600087497403624e+00
9.967419057616361897e+02 1.418255327567140512e+03 2.103473731138168823e+00
9.438314892810349193e+02 1.426489464466046002e+03 1.429181234193801497e+00
7.619592595770806156e+02 1.453206324392567694e+03 2.495608417168741600e+00
8.817116193168544669e+02 1.501100886106757343e+03 2.981525387478453748e+00
9.966133652361286295e+02 1.190818093471439170e+03 3.019055527510677295e-01
9.041433335166000234e+02 1.217128465517078439e+03 1.795010522908545569e+00
1.092042789317706138e+03 1.215585073406294669e+03 3.903587667664277783e-01
1.181251731294369620e+03 1.237051298411889320e+03 6.609425786000499015e-01
1.075095345676500756e+03 1.274385608616086756e+03 2.811187332936262884e+00
9.421092529731502054e+02 1.307761527021827533e+03 1.413675963845624439e+00
8.919815587659431912e+02 1.315646432065977933e+03 2.090536877800323268e+00
1.010007731540650411e+03 1.311195595119760128e+03 1.789393382030391555e+00
1.161086594572061585e+03 1.339189949081253417e+03 9.966178051173932850e-01
1.078952943945194420e+03 1.370958269897220589e+03 1.180401300912292228e+00
9.969947929843549446e+02 1.420805281672170850e+03 2.050890103048516266e+00
9.424188801139318912e+02 1.427972560393530102e+03 1.584844779781156454e+00
1.153798423611583075e+03 1.422699541945078181e+03 8.826613247481531754e-01
1.070264342714571512e+03 1.440610432991796642e+03 1.080200650484461455e+00
1.144584725343720493e+03 1.498231826265182463e+03 6.076006763154687684e-01
1.095726424084524069e+03 1.210272789988133354e+03 3.135629363583711249e-01
1.277235838738868779e+03 1.225676388635248486e+03 5.356017539458217680e-01
1.181966619817321998e+03 1.235830943010536203e+03 6.158540547895416939e-01
1.314548261752060625e+03 1.266311665271921811e+03 9.525439309811666311e-01
1.073688684271539387e+03 1.274035470066673952e+03 2.757943408999629753e+00
1.231298036293992936e+03 1.327463400060057666e+03 1.740403304251857186e+00
1.159805057360640831e+03 1.339868893422607925e+03 1.028094611589881913e+00
1.077692018428917891e+03 1.371858242704767690e+03 1.259225093626476388e+00
1.153585109413504370e+03 1.420084925856261634e+03 7.917458321260669729e-01
1.264149676536507968e+03 1.436641621948185502e+03 1.363808573694433202e+00
1.070492802234333340e+03 1.435842861943090611e+03 1.426815730839971152e+00
1.138793728132484603e+03 1.496865024415099242e+03 4.019726694990117810e-01
1.273914735455210348e+03 1.225566617941436334e+03 5.807768434623834519e-01
1.372309477021394741e+03 1.279248220460315451e+03 1.396894331895409014e+00
1.311340125943071143e+03 1.267215067642400072e+03 8.993908610423383410e-01
1.446638789618798455e+03 1.299921022223124282e+03 1.764129634494240761e+00
1.230501197062680603e+03 1.327260261613177136e+03 1.707476781938660260e+00
1.486556928295213766e+03 1.329433234437669626e+03 7.490885369096874635e-01
1.400772070962786756e+03 1.406954835660240178e+03 1.665720826883323680e+00
1.348758733060816667e+03 1.415578362763904124e+03 1.158241240614064971e+00
1.262915499293872927e+03 1.436213423931074885e+03 1.255034422947887363e+00
1.493904290523358668e+03 1.444211511278524313e+03 1.590964032472604206e+00
1.517930008396117501e+03 1.214123533326516053e+03 3.204823820692453973e-01
1.369255025828947510e+03 1.277664760923822541e+03 1.382389254861353223e+00
1.445135678456178312e+03 1.299137019121174490e+03 1.690584266582720430e+00
1.567978621011989162e+03 1.298088216415453189e+03 1.831380576298948570e+00
1.486265606249929533e+03 1.331016344621921689e+03 7.481203710180210908e-01
1.632027002615589936e+03 1.382930975934401204e+03 2.205874024770886788e+00
1.400154609696623993e+03 1.407683310662921258e+03 1.593057173416126737e+00
1.539458786078365392e+03 1.418197341852292311e+03 1.738098950014815847e+00
1.347928545022508843e+03 1.415650584690834876e+03 1.193707940149609126e+00
1.490403690738911337e+03 1.445462103186269815e+03 1.600834971493456438e+00
1.671364819787545002e+03 1.207159685332421759e+03 1.105285884452826162e+00
1.792125827216358175e+03 1.217940995310903418e+03 9.258767140830418407e-01
1.516115439868896829e+03 1.215431024241230261e+03 4.081718783039112175e-01
1.567917048088304909e+03 1.298356167198156754e+03 1.825885806788675847e+00
1.630409434860344845e+03 1.382993242055351175e+03 2.182408781080429350e+00
1.538356330945685613e+03 1.419888917995546080e+03 1.694446588305722923e+00
1.866556159154130000e+03 1.187971643064245427e+03 2.015843696957263731e+00
1.791537070632080486e+03 1.214410712384824592e+03 1.047848330598694311e+00
1.822516403604036213e+03 1.282621699597321367e+03 1.460905259746683393e+00
1.864495948780925119e+03 1.192097840039753464e+03 2.146895670954966473e+00
2.140988758696372770e+03 1.197558686459572300e+03 1.589864082240323384e+00
2.208224220458692798e+03 1.319531817717176637e+03 2.487763099379207254e+00
3.501591150451741896e+02 1.377985360322558108e+03 2.614999365829917988e+00
3.496095409245241399e+02 1.378236139756601915e+03 2.579947559290225900e+00
5.534285159614444183e+02 1.386968477439875414e+03 1.811927207485169167e-01
6.838441715661545004e+02 1.423318488147817334e+03 2.497580945314833656e+00
6.318577787152125893e+02 1.468361630440688259e+03 2.340572147691426963e+00
6.463762885215614915e+02 1.550266426291663265e+03 3.121432186621990290e+00
7.425465058526419853e+02 1.352221596740536143e+03 2.138120062952516776e+00
8.105405565050177756e+02 1.380272212361915535e+03 1.857394926541747315e+00
5.532952278830559862e+02 1.387495857606990285e+03 2.993267844927470223e-01
6.803127678843472950e+02 1.422151986684727035e+03 2.489227684944526509e+00
7.662655846687861185e+02 1.450319363037866424e+03 2.388764576126384487e+00
6.310758425155790974e+02 1.466708928370438116e+03 2.330301060746604147e+00
7.749445476074799899e+02 1.533293565025217276e+03 2.681808024210047048e+00
6.446162127748502826e+02 1.548478169145942502e+03 2.485650707562863521e-02
8.286335219638280023e+02 1.631136753134468563e+03 3.331514027023091962e-01
7.437948391051704675e+02 1.355399116389087567e+03 2.134875965445565349e+00
8.078258613563924655e+02 1.376758258918155207e+03 2.035106614301065875e+00
1.000219549137817239e+03 1.417986176661305535e+03 2.036082302656025966e+00
9.421151258158299697e+02 1.425162817074948407e+03 1.492993518803356290e+00
7.642160606614156677e+02 1.449862628887241272e+03 2.391343882961647349e+00
8.825444847155238222e+02 1.498699891338737416e+03 2.997553230712501904e+00
1.008438902509726177e+03 1.510141587987438925e+03 3.043774584078188017e+00
7.719732582217231993e+02 1.531459247047123881e+03 2.671303549283913004e+00
8.710205211291724936e+02 1.572267006348581845e+03 2.155769224037866749e+00
9.778283055586537102e+02 1.566941013012184612e+03 5.423874337932428347e-01
8.376395837795591888e+02 1.626748255739972592e+03 1.722510619304002399e-01
9.655719566480929643e+02 1.638437520234383555e+03 5.400511559880324386e-01
8.644734281616633780e+02 1.368698726580942321e+03 2.094056744279011895e+00
1.079945032033615007e+03 1.370605340177194421e+03 1.280520838019050034e+00
9.972351831397986643e+02 1.419011864034426480e+03 2.030440451447532269e+00
9.415205473686889945e+02 1.425218918092086597e+03 1.564244475552861502e+00
1.152851861354856283e+03 1.418228595811217929e+03 9.157566698178534192e-01
1.072331263625960673e+03 1.436973952942003507e+03 1.155800986384996509e+00
1.141838317816725976e+03 1.492338922196675185e+03 5.021095293592175990e-01
8.802769206421171475e+02 1.498697213744310147e+03 2.917985962223409224e+00
1.007108034722819866e+03 1.511955430009607653e+03 2.905656101948645098e+00
1.152040408578439838e+03 1.554004628403143215e+03 1.682094423565960173e-01
8.661995493775191335e+02 1.573454678842925205e+03 2.152926329677760986e+00
9.780062680827754775e+02 1.566018335502932587e+03 5.114921352559222978e-01
1.073982864390731720e+03 1.590540789744365156e+03 3.134382720507544740e+00
9.677681274108495018e+02 1.635645874219280358e+03 4.155700897313783226e-01
1.077961906873246335e+03 1.368501269899179761e+03 1.268791697016083075e+00
1.153557319313528978e+03 1.418592178187495392e+03 8.215682287355374758e-01
1.264229223432127128e+03 1.434800167291854677e+03 1.329958951502795195e+00
1.071181472478357591e+03 1.436912000284236228e+03 1.203669571068622934e+00
1.140411713915181281e+03 1.493238289089345017e+03 4.316601958117854965e-01
1.248688925882089961e+03 1.527205123018650056e+03 3.002777632071582214e+00
1.151784754594191554e+03 1.556102169195081842e+03 8.223830199310952493e-02
1.309897599314773743e+03 1.584275538860419601e+03 7.156546162518649945e-01
1.072833280843435659e+03 1.591336352800637769e+03 3.117765465467668307e+00
1.182326016083862214e+03 1.593960983676407295e+03 9.502481563796049135e-01
1.204924613932023021e+03 1.648983360405821713e+03 1.189321233110997467e+00
1.062698574735055217e+03 1.661967632317283687e+03 6.923743809004654359e-01
1.403500319951011079e+03 1.405249207944672207e+03 1.669705819123326274e+00
1.348175883809509969e+03 1.414322242768252636e+03 1.245604064402154654e+00
1.263732562750529269e+03 1.434187688706035260e+03 1.288145443289673286e+00
1.492128556540473937e+03 1.445239900809152687e+03 1.658630017368931897e+00
1.247565557841985765e+03 1.526796587390741479e+03 3.020019094877202104e+00
1.307006580645583881e+03 1.583212775325580878e+03 6.970677663149853487e-01
1.207856468870527578e+03 1.645547969550879770e+03 9.610751584530968783e-01
1.481621040324420392e+03 1.655067526978430578e+03 1.244088203025637274e+00
1.632976313161316057e+03 1.382253139986147062e+03 2.244253093396081589e+00
1.400462797392475068e+03 1.406076642190311077e+03 1.654165711994786570e+00
1.541574035626579189e+03 1.415862336363788472e+03 1.790184196028236308e+00
1.489864660040653234e+03 1.444506002962231150e+03 1.616742547518761786e+00
1.477260284434756159e+03 1.660702495094434653e+03 1.368766543515126388e+00
1.630494626904306187e+03 1.381802594562451304e+03 2.161188597720851590e+00
1.537350884138944366e+03 1.415726037022099717e+03 1.797176078524114207e+00
6.437941674367839369e+02 1.549115152329681905e+03 3.349058879196464833e-02
7.741290162584399468e+02 1.533344435117974626e+03 2.623763627007490218e+00
6.444701756612157624e+02 1.549514931133961682e+03 3.099661549125099391e+00
8.385837246940909608e+02 1.627087943122033721e+03 4.260558499459825982e-02
8.011113136201388443e+02 1.676980719493906008e+03 2.756305677533080534e+00
7.737458792541636967e+02 1.531383077715099262e+03 2.534636059871678615e+00
8.716058794708801543e+02 1.571568449231275281e+03 2.149780514470552184e+00
9.771014257123231346e+02 1.566223437979291248e+03 5.103239478099923510e-01
8.390855295817162869e+02 1.625240990808138577e+03 4.502072335166317635e-02
9.693328761377542833e+02 1.635076144733152887e+03 4.519168825686871727e-01
8.002159358765445631e+02 1.674105348237871567e+03 2.663672612533772188e+00
9.067752180400032103e+02 1.682907296899986022e+03 1.012993655242706986e-01
9.307492671674167468e+02 1.746003130091527055e+03 3.017701382258708875e+00
1.005354878962875546e+03 1.510261668069441612e+03 2.947779019247061427e+00
1.145805591009025875e+03 1.548712944805452025e+03 2.833021370315800258e-01
9.774894830533246477e+02 1.565525382815947069e+03 5.087439588673248192e-01
1.073443179670784275e+03 1.589085146760994121e+03 1.309572045083280158e-02
9.679081188667003062e+02 1.634061026053625937e+03 4.080811424767767925e-01
1.056573773897027422e+03 1.659692511390926256e+03 5.227091030159212171e-01
9.056962980494517979e+02 1.683672724225385309e+03 5.207276629976635013e-02
1.093872055650346510e+03 1.723797107297709772e+03 1.495242682563149517e+00
1.028616695142289700e+03 1.755121907454931033e+03 2.001780336894996459e+00
9.286516139855282290e+02 1.745551777464992938e+03 2.990576204509813873e+00
1.114997824798818328e+03 1.785631564726799297e+03 1.392408431662307322e+00
1.250615555124766843e+03 1.524866675689182330e+03 3.037201079122334058e+00
1.168463944785755757e+03 1.576616415812838795e+03 7.182533825916078696e-01
1.307160811081299244e+03 1.582207831185537316e+03 7.383269166710959563e-01
1.072546917488747795e+03 1.588409419698568399e+03 3.098326094154807198e+00
1.207532196105600406e+03 1.647369370968845487e+03 1.100715552544197173e+00
1.055742632281775741e+03 1.659661280793043261e+03 4.646996256313044582e-01
1.092969670248156262e+03 1.724021047053654456e+03 1.468023632781829235e+00
1.026001198989067007e+03 1.756092090483797620e+03 2.030833845310815455e+00
1.113676409924240716e+03 1.783041716789018437e+03 1.431502861259321024e+00
1.177375214578333498e+03 1.797636160669454966e+03 1.871463722555993803e+00
1.248584713289781575e+03 1.525553893861897905e+03 3.102705872935831888e+00
1.307842043836198854e+03 1.582178856578153272e+03 7.278429856296172451e-01
1.206819120003012131e+03 1.646202600484717095e+03 1.120897571693328043e+00
1.477864556770863146e+03 1.656669187325323492e+03 1.452838029555508559e+00
1.453620361975342576e+03 1.788949940111023352e+03 1.315934805253780926e+00
1.477056257042334892e+03 1.656347469030135017e+03 1.392441636637507418e+00
1.449971557629887002e+03 1.787068937559950882e+03 1.249484193524389442e+00
1.503155103381861636e+03 1.799038448637605597e+03 1.808457884980765540e+00
7.974488164754329773e+02 1.673534931503671714e+03 2.826367274615368963e+00
8.542301574551427166e+02 1.936765075752102803e+03 2.900424770399435470e+00
7.992788945881204654e+02 1.674393639923915089e+03 2.625341191260563978e+00
9.089999877780080624e+02 1.680500645923315005e+03 1.873436485858288036e-01
9.309358508155962681e+02 1.745256621390506552e+03 3.059549258606122368e+00
1.010251022705447440e+03 1.835244825169280375e+03 2.585402701592836916e+00
8.990824584618865174e+02 1.840808922412087441e+03 3.127757018546043266e+00
9.897577686523468401e+02 1.887531998030845443e+03 7.423414159026017756e-02
8.576246978109071506e+02 1.936006075688168949e+03 3.132239104820726983e+00
9.740138942742871677e+02 1.954075954234341225e+03 8.076659174605986813e-01
9.054616087763697578e+02 1.679549257964872822e+03 1.414305384778344055e-01
1.094774448332518659e+03 1.721644190708206906e+03 1.458757522622693648e+00
1.028213131104534341e+03 1.752832127304447567e+03 1.991699274810272868e+00
9.295215528041931066e+02 1.744611270667951203e+03 3.005073399866784900e+00
1.115771536472293292e+03 1.781240187358860567e+03 1.349093210072050075e+00
1.180009789679627147e+03 1.795593534595462870e+03 1.860689898061298253e+00
1.010951061112477873e+03 1.836690076382981488e+03 2.592397938458810280e+00
8.986289133576981385e+02 1.841242609960442451e+03 3.100794984413878463e+00
1.127253362790760775e+03 1.886004997523485599e+03 1.418429844363787995e-01
9.906120755115296106e+02 1.887371529792445699e+03 3.562432494789499748e-02
9.733820401465507075e+02 1.954804740000291531e+03 8.555025253329165968e-01
1.079249863943568243e+03 1.974165950155899282e+03 3.067154847888860392e+00
1.093275553948490824e+03 1.720458002351303548e+03 1.465517903628160035e+00
1.113678980883765234e+03 1.781179095337434546e+03 1.366586322005121534e+00
1.177270865990428092e+03 1.795546347558443586e+03 1.818113244909977277e+00
1.328821374090458221e+03 1.869997623296969550e+03 6.111284808413181696e-02
1.128004681386273205e+03 1.886233788040339732e+03 1.107729988947007277e-01
1.198742524199547915e+03 1.926837685300041812e+03 7.348912683527946133e-01
1.284517967256332440e+03 1.943622189632132176e+03 3.878984655166049511e-01
1.082536770973561033e+03 1.975051278148923757e+03 2.991296336172126757e+00
1.451478568987581639e+03 1.784594440024248343e+03 1.319574177045452990e+00
1.326956941648875045e+03 1.869217325183690264e+03 3.903312415315329104e-02
1.401266079969384236e+03 1.925597894264038132e+03 1.032298855874969279e+00
1.198852825885285029e+03 1.926371565486562304e+03 7.888695763083882762e-01
1.282599559037657400e+03 1.940546634847626592e+03 3.532235898562178789e-01
1.450375219660437779e+03 1.784989192749307449e+03 1.273457114963428838e+00
1.503901137201949950e+03 1.797549175853763927e+03 1.774303067662112987e+00
1.399963412406503949e+03 1.926695664052500433e+03 9.878818933620230336e-01
8.574346714614254097e+02 1.937848803882746779e+03 2.926364841518840354e+00
8.493565412891823598e+02 1.976319946514019193e+03 3.147954881074035427e-01
1.004176572902505995e+03 1.828853438419821259e+03 2.505538178063856147e+00
9.002807743089617816e+02 1.840010886423876173e+03 3.105957946134914049e+00
9.894991722391505391e+02 1.887472255922796194e+03 7.601732679656961200e-02
8.589019775948562483e+02 1.935489747306242407e+03 3.052109487952269440e+00
9.755546986886124614e+02 1.951456605207399662e+03 7.227195682134968102e-01
8.475972439285912969e+02 1.978473390833403755e+03 1.210549357990030744e-01
9.669119354979002310e+02 2.004464956658011943e+03 6.631212563865538367e-01
9.021541433823049374e+02 1.839798408453440970e+03 3.070628860148672423e+00
1.011489649611454752e+03 1.837329149980928605e+03 2.511099695766174200e+00
1.128328983952999124e+03 1.884866710629150930e+03 1.023484656363183448e-01
9.895944663785307966e+02 1.885661413618299093e+03 8.437016134020031144e-02
9.748681272649021139e+02 1.952030629373682586e+03 7.540024979120989457e-01
1.080447086334309233e+03 1.969731981307170372e+03 3.032249629258267909e+00
9.659028055564920123e+02 2.003735192029263999e+03 6.905012106891547097e-01
1.093816360072658881e+03 2.031755980050567359e+03 6.076486200565512918e-01
1.174768159272780849e+03 2.091206617945669223e+03 7.834045885003181331e-01
1.324212057095998716e+03 1.868958178430298176e+03 3.104889377135128914e+00
1.127142017444558860e+03 1.884782230991919732e+03 9.511605406397538598e-02
1.199155667259877873e+03 1.925558256835136035e+03 8.587035193859634541e-01
1.283300023069586587e+03 1.939695497022025393e+03 4.100085628217959299e-01
1.080221732339356777e+03 1.969815010654853722e+03 3.023729072502727266e+00
1.225433867782843436e+03 1.997286614683252083e+03 2.158816633217395045e-02
1.093306998446107855e+03 2.031104941114469966e+03 6.306679970697098847e-01
1.174936848718055899e+03 2.087482449724854632e+03 7.430159759205843262e-01
1.327232793977747178e+03 1.868330618953267958e+03 4.123987604313528871e-02
1.401995098098057269e+03 1.924569789051117368e+03 1.094303760258287239e+00
1.195949197990108360e+03 1.925246741171965823e+03 8.397051625754914372e-01
1.283185471520851706e+03 1.939662123520242403e+03 3.859841569934696071e-01
1.223916239244771077e+03 1.997825891223069448e+03 1.450758275765694563e-02
1.399752373587325792e+03 1.926675609482814707e+03 1.026709804953994665e+00
9.620440532073203030e+02 2.009576358914405773e+03 6.227020937512837140e-01
9.645311497678699197e+02 2.003895042578863467e+03 6.905413548145973301e-01
1.093115992125804496e+03 2.031934458930643359e+03 5.605981074194705815e-01
1.173306066824579830e+03 2.089040930864900020e+03 7.334279263959335715e-01
1.225154437656323125e+03 1.996093311265020475e+03 1.007873581374201660e-01
1.092473609227856059e+03 2.029920093463432295e+03 6.127404380379808391e-01
1.174720521735298007e+03 2.086898406523589074e+03 7.283082375901799299e-01
1.229180036647273710e+03 1.995802201633572167e+03 3.244050815002709753e-01
