3.906635829907806965e+02 1.753670995367552905e+02 1.296863465489969114e+00
3.893668259018252229e+02 1.751272891658854860e+02 1.342566772995383184e+00
1.479273824770487181e+03 3.549677205212865374e+02 8.406664654013492610e-01
1.483477471310114879e+03 3.504542746439659595e+02 6.526417682948885135e-01
1.601177919815401083e+03 3.657239026579177334e+02 4.843597599344309779e-02
1.667088984053236572e+03 2.976477251605653009e+02 2.395709304325119859e+00
1.782471749112096177e+03 3.231035339412324561e+02 3.033736832503646230e+00
1.602504667589977316e+03 3.680799779335363837e+02 4.723493114001273835e-02
1.833546943523008622e+03 2.817212737100919639e+02 2.391951733735863395e-01
1.667091117129069062e+03 3.014051048416773142e+02 2.396988728569972693e+00
1.782232987145839843e+03 3.246264679328895113e+02 2.940633323591502535e+00
1.838056404310304288e+03 2.809844763376369201e+02 2.554383313390555799e-01
9.803261784376281867e+02 5.409709031789452638e+02 2.402080637549117714e+00
1.484839510983153104e+03 3.504742706440301845e+02 5.345314259366935605e-01
1.464002917051183431e+03 4.238059070761556768e+02 8.754113057160771705e-01
1.381989394757546506e+03 4.399503344917884533e+02 1.011231574846374937e+00
1.483752641651152089e+03 3.503301828537081519e+02 5.763193673411304285e-01
1.605320251214263408e+03 3.661560327481150807e+02 2.993292041763209621e+00
1.463434873722596876e+03 4.233876792390327637e+02 9.096474909817574561e-01
1.381515178303872972e+03 4.401568299566871474e+02 1.068838504929490396e+00
1.542404550188170560e+03 4.384097862700450605e+02 6.041536835628723567e-01
1.573617355984027199e+03 5.403470383982753447e+02 2.502122093961437477e-01
1.667560391742150614e+03 2.968720075985304447e+02 2.330557506456202965e+00
1.783688971414417665e+03 3.215224285185458371e+02 2.890018386368592651e+00
1.604703670712726534e+03 3.665051646668705416e+02 3.016070096598395089e+00
1.695795040833290386e+03 4.144710719329052608e+02 5.234272518969914634e-01
1.542426233265111932e+03 4.381896798922055041e+02 6.311375309769242659e-01
1.696837069975815211e+03 4.971538757429224233e+02 8.518890969494400389e-01
1.764175139445756940e+03 5.223168613149496196e+02 1.010548800096954691e+00
1.578303576405829290e+03 5.392700379925853440e+02 2.439671799262585206e-01
1.833807054644219306e+03 2.796114863952871588e+02 1.310055979066767351e-01
1.668942225443217922e+03 2.985244383304819848e+02 2.319235274563215654e+00
1.781132263830214924e+03 3.223605674112889119e+02 2.832110165830870052e+00
1.694436996354660778e+03 4.141262339931524821e+02 5.306350696441705095e-01
1.946283199984717157e+03 4.797405099315222969e+02 1.701614704327273631e-01
1.697552731138081981e+03 4.960092752965539376e+02 8.574113388955317827e-01
1.762122428956754902e+03 5.188483651604844908e+02 9.677481165500555482e-01
1.835691718339571480e+03 5.343066408217973731e+02 9.721155861033367040e-01
1.838576040767023642e+03 2.765647710987786354e+02 2.491182860006196931e-01
1.944946874611746352e+03 4.783033304021033700e+02 2.415408966134284519e-01
1.837749933352936978e+03 5.306747497605063018e+02 1.002805460893684941e+00
2.033664214145890128e+03 5.389264162207300615e+02 2.785698868277973084e+00
7.088440569643526601e+01 6.248711434255449149e+02 2.069848173007146297e+00
9.859872103816576328e+02 5.512908813337626270e+02 2.249020567956741434e+00
9.187659062708314650e+02 6.992189030203619495e+02 1.153080080984873579e+00
9.856549524150632351e+02 5.521173001559498061e+02 2.233057233984575340e+00
9.184277975739450994e+02 6.966391225487653855e+02 1.119021960641527036e+00
1.316511800429438381e+03 6.684073623210726964e+02 5.787861930783904096e-01
1.464089300368945032e+03 4.219552194039217738e+02 9.009494120758595459e-01
1.382128110891398364e+03 4.385824377641598630e+02 9.991341773193848086e-01
1.406703337855066820e+03 5.829060274633494600e+02 1.097219487771936564e+00
1.496162978586948611e+03 6.115785373160786094e+02 6.654323817428728916e-01
1.318373664395016249e+03 6.669758941226292563e+02 3.121508064416915196e-01
1.464099468658721662e+03 4.225657331103964225e+02 8.560818380463010024e-01
1.379188062544855484e+03 4.370297082722755704e+02 9.670194446499218444e-01
1.541789872959146578e+03 4.378835335062819922e+02 5.342664124281253368e-01
1.575138765937202834e+03 5.367234718458682892e+02 1.740232816453746723e-01
1.406308453880586057e+03 5.831678744110749903e+02 1.079930151829846752e+00
1.634250215636267512e+03 5.985974100911150799e+02 1.110757463027959968e+00
1.501319486020492604e+03 6.092788393708399326e+02 5.318567727085045105e-01
1.543506547816067041e+03 6.334130841193391461e+02 1.476813785865744411e+00
1.628382126099612151e+03 6.851843811707871055e+02 5.126351874708073159e-02
1.696295931299405538e+03 4.127815801367315771e+02 5.034869584402045239e-01
1.541358385596422522e+03 4.339100817252938214e+02 5.564210250488426102e-01
1.697419106462903528e+03 4.963533165782532706e+02 7.879576993865446966e-01
1.762355557522206936e+03 5.180219932398865694e+02 8.850263005854325238e-01
1.575646592229501266e+03 5.365745986931276548e+02 1.930420305513509960e-01
1.631880548048734454e+03 5.856810409113943479e+02 1.046244318669620199e+00
1.743868836222688969e+03 5.905874023599085376e+02 6.030463198042155387e-02
1.527123977820885102e+03 6.239246409627276080e+02 1.638534801565511678e+00
1.654727067643321334e+03 6.344793984301458067e+02 1.262760469768139659e-01
1.759530286703176671e+03 6.926889752472542341e+02 2.712988443798762805e+00
1.630993309237927861e+03 6.845593932206404588e+02 2.991272536337011623e+00
1.694583961773707188e+03 4.104216692796470625e+02 5.972386754506975315e-01
1.945469354507719800e+03 4.784270485783529239e+02 1.579278459266475199e-01
1.696095195763912443e+03 4.963046418546493896e+02 7.975507654674813818e-01
1.761307455318863504e+03 5.178741243243862300e+02 9.040322450271173205e-01
1.835930713487750154e+03 5.295272912061105899e+02 7.854772758003212285e-01
1.892625282620052076e+03 5.611265646187379161e+02 6.311475303938182124e-01
1.742720376012942324e+03 5.910630264916519536e+02 8.868615853216628153e-01
1.952517869481316666e+03 6.240685003495937053e+02 3.123525314291641930e+00
1.828277442742396033e+03 6.594748186151999789e+02 2.073776683550192068e+00
1.895800518204860055e+03 6.507738189773383510e+02 2.423048221079477926e+00
1.760528507769937505e+03 6.935422848775187958e+02 2.846321078322125775e+00
1.943473798526542396e+03 4.781228756001502234e+02 2.122301578813625411e-01
1.832303696103918355e+03 5.295695395844477389e+02 8.149291307628966363e-01
2.038719769329060910e+03 5.422423914624225745e+02 2.491309922558484935e+00
1.993940976060372122e+03 5.678004808547195807e+02 2.300109545045620152e+00
1.890930446474671498e+03 5.606349780962975728e+02 6.703242946841245775e-01
2.135273264377136002e+03 5.814446264393484398e+02 2.218637939873286946e+00
1.949895263146323032e+03 6.205069921726642406e+02 6.516906476386244429e-02
2.085126211621240145e+03 6.342612471873102322e+02 2.394442805585404344e+00
1.892524114149260640e+03 6.515146483059213551e+02 2.561758051941492642e+00
1.997019329524456680e+03 6.957838640580462197e+02 2.688208545991858767e+00
2.037208070863550347e+03 5.413416487022211641e+02 2.606946492190593823e+00
2.134514210243072284e+03 5.805171833227404932e+02 2.264822603560735281e+00
1.992112609055113353e+03 5.703796645512618397e+02 2.313142966080538709e+00
2.210149197669714340e+03 6.042838848288447480e+02 2.301170467789963148e+00
2.084389749858658888e+03 6.347018044028940267e+02 2.491173122102840587e+00
7.189923604429958459e+01 6.287044569254367161e+02 2.055462887735912680e+00
8.521725238979485084e+02 7.784603086957935147e+02 1.983011952471661399e+00
9.882716282743258489e+02 5.524546945160772111e+02 2.358571150335325051e+00
9.177287965782734318e+02 6.992739403062253132e+02 1.121013464941167825e+00
8.532634008449008434e+02 7.830604840571932073e+02 1.967983189900721408e+00
9.125969234759456867e+02 8.008525660648415396e+02 1.316242973017686113e+00
9.855117304792861432e+02 5.499273271602572777e+02 2.306391851433701401e+00
9.176260379564942014e+02 6.977478759052958139e+02 1.111549120388565237e+00
9.110228810087651254e+02 7.995731493195279427e+02 1.297450888993760820e+00
1.111988987894314505e+03 8.337609863174160409e+02 1.816117107170549305e+00
1.166329676666288606e+03 8.438781136328743742e+02 1.182027670083444226e+00
1.322219004073092492e+03 6.639625683449421558e+02 3.052362545164049590e-01
1.259622343595305665e+03 7.318532640478875919e+02 5.400445240498762400e-01
1.340773757167060012e+03 7.780623563727457395e+02 9.102213587671741379e-01
1.108929934759194111e+03 8.331382090898973729e+02 1.803385760088645373e+00
1.158591380122410328e+03 8.448962016356633740e+02 1.327454709704821711e+00
1.236836066313020865e+03 8.376199746091605220e+02 8.154943988482461492e-01
1.407935023123104656e+03 5.802044953017848457e+02 1.089161982197315082e+00
1.494339759674911875e+03 6.091778449346592197e+02 7.117221829201337835e-01
1.319320465849336870e+03 6.655810800436780710e+02 3.016158120156889333e-01
1.494443498593238701e+03 7.244436128363111038e+02 2.613793899510939767e+00
1.257875313461690439e+03 7.333424178770890194e+02 5.540901172881945724e-01
1.339826243497446285e+03 7.769402781722080817e+02 8.946839310647576315e-01
1.373370121213240282e+03 8.261354230345755241e+02 1.112590981288694714e+00
1.236670123714858619e+03 8.369049188911515103e+02 7.623687725136930604e-01
1.463861804838558555e+03 8.463165795902966693e+02 2.941058346332499074e-01
1.405477967575374578e+03 5.788695231892744459e+02 1.102403752148855887e+00
1.638875951072741600e+03 6.089710355687451511e+02 1.886667303168834797e+00
1.501973023477413562e+03 6.076086143242669095e+02 5.969769244917604301e-01
1.543955879597912826e+03 6.323113114258721907e+02 1.424005702165192400e+00
1.633558693736523765e+03 6.812226470697557943e+02 2.870648503358624204e+00
1.495775351265922154e+03 7.248283057625004631e+02 2.707739760963641995e+00
1.578717647345821206e+03 7.202595668662963817e+02 2.538266196968228083e+00
1.551370793597167449e+03 7.917884240332538184e+02 4.266485532074467679e-01
1.370789645228736163e+03 8.225917663422965234e+02 1.039544224185551258e+00
1.601729861803755284e+03 8.483424607763699896e+02 1.600282122594990364e+00
1.463336412405688407e+03 8.458323337222018381e+02 2.625052510385209592e-01
1.631186517035695942e+03 5.862313424796017216e+02 1.039561808005252441e+00
1.743561836703842800e+03 5.882231905505086615e+02 1.543233134211217938e-01
1.540202667258833344e+03 6.290089387439791153e+02 1.570910912799289516e+00
1.653503433364000102e+03 6.335967686060963615e+02 2.451752515420305145e-01
1.631652824293105823e+03 6.795214407476412362e+02 5.644009631242750125e-01
1.763007078135709207e+03 6.918622078981718460e+02 2.957514173727659568e+00
1.577548466410232095e+03 7.195897072829932313e+02 2.419654832127278166e+00
1.704889360554649556e+03 7.375921846667160935e+02 2.904095799552992019e-01
1.549227308782424643e+03 7.921773250939611444e+02 4.318586755695303925e-01
1.787233090056437732e+03 8.107856952298591295e+02 1.991004825169857106e+00
1.668717214980318204e+03 8.377727790530610719e+02 1.414810168552748770e+00
1.599487100442632709e+03 8.488805152128830969e+02 1.602188112970226896e+00
1.740946585309282909e+03 8.263853874111014193e+02 2.076770751944505111e+00
1.893256788949915062e+03 5.576579922313978841e+02 6.551968895424281625e-01
1.741060020957939969e+03 5.888593444572679800e+02 1.528636820744881664e-01
1.956802604489275382e+03 6.191974853095017579e+02 1.280258332893925988e-01
1.827983861517267087e+03 6.593091972366064510e+02 2.013227915808398549e+00
1.896016727969054500e+03 6.486907162145057555e+02 2.471936450674427910e+00
1.760648740476317698e+03 6.925583870485484113e+02 2.998580876005409568e+00
1.703587139222913947e+03 7.376721511905366242e+02 3.972004882255640301e-01
1.911916785461777181e+03 7.398113502912547119e+02 1.083782282059384955e-01
1.838167196801322689e+03 7.796690987662141197e+02 2.467708896798316953e+00
1.783159332302984012e+03 8.089292084545304533e+02 1.995975603384137598e+00
1.669684123320043909e+03 8.300206755279202753e+02 1.400811243845661025e+00
1.737350163331305339e+03 8.294019804843537713e+02 2.024540019160155246e+00
1.889468788763415432e+03 5.584022135097653745e+02 6.529568489112843599e-01
1.995767387916579537e+03 5.677627640653287244e+02 2.267252855625919938e+00
2.140619377627793710e+03 5.848839408393422445e+02 2.182738371771538066e+00
1.949384988611707740e+03 6.192067578803764718e+02 1.035533360972912681e-01
2.085806992867560894e+03 6.351861996944051043e+02 2.417836681058232795e+00
1.894629443113720754e+03 6.505304711158621558e+02 2.466320336708546002e+00
1.997686600397931215e+03 6.955369478795508940e+02 2.731067411810766288e+00
1.910644412009105508e+03 7.398954657566667947e+02 1.585729324051464995e-01
2.133325463097883585e+03 7.698210472864216172e+02 1.952333898408683766e+00
1.838571074985747373e+03 7.827345120038304458e+02 2.386219762574460113e+00
2.135182660731525630e+03 5.806973564349246999e+02 2.292189091639289078e+00
1.995228147914715464e+03 5.759906445445764120e+02 1.185109838517605985e+00
2.210324313498501851e+03 6.054211439397204231e+02 2.336139653490073353e+00
2.084414746887392994e+03 6.349066194047537692e+02 2.518519411953012987e+00
2.174534211410332773e+03 7.037068049468118716e+02 2.172861073482423411e+00
1.997318559497462957e+03 6.961319082224491694e+02 2.920383726312162587e+00
2.131755394802269620e+03 7.680864954883121527e+02 2.001445049938037180e+00
3.868015693289050887e+02 9.526556041962301151e+02 1.373748075651825884e+00
4.790226865415918382e+02 9.471077365213313897e+02 2.613137466187254621e+00
4.627475058820575669e+02 1.006028904922361335e+03 2.806550346433276832e+00
3.870283970745786064e+02 9.489526703431859005e+02 1.396658734350435305e+00
4.796832904771082440e+02 9.472434404233792975e+02 2.623905362635349015e+00
4.612131744577986865e+02 1.007250350917264313e+03 2.754865432448577511e+00
8.550812328240748457e+02 7.839738539156527395e+02 2.049945927201578755e+00
8.529116696718350568e+02 7.814945434187733326e+02 1.971910381588450445e+00
9.127452466222725889e+02 7.997320975458217163e+02 1.354407132611160414e+00
9.368627353518629661e+02 8.902117611864298397e+02 6.627799230129304275e-01
9.121487667637095456e+02 7.992240345295098223e+02 1.384131184205100729e+00
1.111379194522800617e+03 8.329122959835285656e+02 1.832949829567709576e+00
1.163534862214939722e+03 8.425439918861929982e+02 1.309927925131794124e+00
9.363566681457218692e+02 8.896071912869799689e+02 6.215133683019938848e-01
1.038424655104214253e+03 9.475098292017496533e+02 1.142320572916095900e+00
1.259895758647699950e+03 7.315326089263954827e+02 5.150064380622656479e-01
1.339910892906812478e+03 7.776931082487351432e+02 7.601608793645064921e-01
1.109409274188869404e+03 8.328319285115974253e+02 1.840492894833753112e+00
1.158623940964166195e+03 8.436980218801173805e+02 1.340690330703639743e+00
1.237242672305500946e+03 8.357030449062920070e+02 6.761634676460012150e-01
1.217221753658673151e+03 9.281283404041721496e+02 1.171062435669635082e+00
1.035530566981345373e+03 9.483938318172054096e+02 1.156728304379798900e+00
1.268762401313325199e+03 9.845285918071467677e+02 1.960351514973101672e+00
1.052484487154282306e+03 1.021380399781609185e+03 1.078493097784768207e+00
1.494940464233465264e+03 7.204402809285027161e+02 2.584531051219043363e+00
1.258485478813160853e+03 7.286908947920036326e+02 5.849652100478043293e-01
1.341508011292555466e+03 7.759806188442298662e+02 8.930483752584348345e-01
1.373760536201575633e+03 8.245791215906207299e+02 1.113290673172210754e+00
1.236211993849320606e+03 8.359945892576092774e+02 7.435213179260190541e-01
1.468343479512994918e+03 8.411950662759329589e+02 1.260305853911646568e-01
1.386497319838028716e+03 8.867765204799729872e+02 9.629457088147887200e-02
1.216439338609780634e+03 9.298243157811380115e+02 1.262977426365613276e+00
1.356220304101578449e+03 9.647183746530126882e+02 3.965116059627549205e-01
1.267567789106080227e+03 9.842555840635513960e+02 1.927472020079161519e+00
1.495394670866855449e+03 7.226547182528020130e+02 2.741855568138856558e+00
1.581487930503725693e+03 7.195890022899621954e+02 2.469974401714132739e+00
1.551455633441911232e+03 7.903525646943814991e+02 4.606810850651996692e-01
1.372405476234183425e+03 8.243467492173361961e+02 1.124011830909795506e+00
1.600164584842859085e+03 8.463836662459330000e+02 1.600345128131148931e+00
1.465368865658739196e+03 8.423341080754205450e+02 1.905001676895429763e-01
1.385269272430406318e+03 8.877328414641306153e+02 1.777684452155265105e-01
1.521146214830932649e+03 9.096873058765581845e+02 2.084153596529984137e-02
1.614821562947332495e+03 9.578693524199964031e+02 1.723888534048930721e+00
1.354644394589965259e+03 9.652574697582599583e+02 4.199435562429680857e-01
1.525268963730182350e+03 1.007268503008293465e+03 4.835218404959955585e-01
1.580953230949474801e+03 7.202624511649652277e+02 2.525033650712815270e+00
1.705858505940582290e+03 7.363459734056600610e+02 3.272418446726143570e-01
1.550136337371272930e+03 7.902066423031978957e+02 4.214430545114835613e-01
1.784986515563026387e+03 8.072506093994251160e+02 2.117388128331248787e+00
1.667800232638834814e+03 8.369454958089833099e+02 1.378099164591908288e+00
1.740980836520814364e+03 8.263950984398253468e+02 2.115518956816433871e+00
1.598952872693458175e+03 8.477670109367174973e+02 1.560444857883021230e+00
1.735263225457213366e+03 9.117168640694690112e+02 2.392138282375421365e+00
1.519450097395589182e+03 9.104828791955810630e+02 4.862310446352637733e-02
1.612703068971824450e+03 9.566705545093839191e+02 1.655696861017551758e+00
1.685758732394666595e+03 9.419493923404934321e+02 2.658309654602675653e+00
1.524888268894920202e+03 1.009216339439114563e+03 5.186046432995684574e-01
1.711425532247305910e+03 7.334606227402980494e+02 5.207243279526762025e-01
1.914503567732587726e+03 7.380516137790381208e+02 1.368325213892486736e-01
1.840486026200913329e+03 7.784230079402004776e+02 2.532738999488578724e+00
1.784836080648889265e+03 8.071094207052391312e+02 2.055242002108188970e+00
1.666034583767510412e+03 8.357797638652813248e+02 1.364819669660618517e+00
1.738732696766071058e+03 8.275100616332287018e+02 2.012529376556593697e+00
1.880112218306816658e+03 8.708226460894668435e+02 2.455904078167512772e+00
1.736006167577534825e+03 9.116412411594012610e+02 2.424674628718680669e+00
1.683244104278731811e+03 9.433081141351776751e+02 2.660962452820848867e+00
1.910131086819427310e+03 7.396423820652447603e+02 1.786588909704972528e-01
2.134882212913234525e+03 7.703522495272389961e+02 2.054690767231468485e+00
1.843169380189295680e+03 7.818434775620867185e+02 2.505700622427383006e+00
1.878383340125397126e+03 8.712644995204345832e+02 2.482547461176289882e+00
2.130879574782218697e+03 7.676458042897251062e+02 2.116747811706089166e+00
2.008307761181699220e+02 1.083250556266612193e+03 8.259910723788728426e-02
3.032743922791651698e+02 1.097100796477863696e+03 5.334870391829572567e-01
1.712941823136737867e+02 1.148728759806602284e+03 2.230012394159018196e+00
3.875940876680384690e+02 9.522318052260809509e+02 1.392588251735736415e+00
4.802154944462090498e+02 9.467853759785546117e+02 2.551134780256605339e+00
4.633077328713629868e+02 1.005074638887273522e+03 2.651421068801996128e+00
3.028827404304321931e+02 1.097385177013694374e+03 5.252810996933100496e-01
4.791696839794942662e+02 9.463614849300365677e+02 2.575537296119555286e+00
4.617645698025320371e+02 1.004969206234870853e+03 2.684929494548960349e+00
7.613822483172506281e+02 1.079334490904006088e+03 2.722553132382632968e-01
7.678634233253488901e+02 1.146803973394619561e+03 2.948347719773683817e+00
9.372070847666354894e+02 8.885197266261570803e+02 7.737411203005026827e-01
9.361674807324461653e+02 1.030408592555054156e+03 5.856514768046436892e-01
7.574886369341724048e+02 1.080019329499612240e+03 9.808161511709281855e-02
9.568209751016493101e+02 1.091816530470354564e+03 8.500325907264154601e-01
7.640518106186035538e+02 1.148506746064650542e+03 2.831088093408347994e+00
9.347751992406888348e+02 8.879520734419302244e+02 6.956563024446407173e-01
1.038343863385616714e+03 9.473675307005698869e+02 1.212268423377168558e+00
1.052956815022082310e+03 1.023861469879441074e+03 1.127927141253495691e+00
9.359042351290356692e+02 1.030784181234061862e+03 5.106507764269948568e-01
1.113948546032515424e+03 1.053524296346042547e+03 2.749982205915006972e-01
9.562332028683190401e+02 1.091564761447579940e+03 8.000283600967292852e-01
1.068791401431023132e+03 1.110142596016520201e+03 2.853055838371150621e+00
1.217663932849887715e+03 9.272002617689643102e+02 1.160637579484133264e+00
1.034739533171046332e+03 9.465817881115979162e+02 1.138465181168013984e+00
1.268423071147386509e+03 9.832754106457443868e+02 1.870818426695276537e+00
1.051871437782609746e+03 1.023156232711319262e+03 1.072636785642999024e+00
1.110940284704138776e+03 1.053688560355320078e+03 3.190256860568681518e-01
1.064595095186405388e+03 1.109777203088676970e+03 2.934708023011416422e+00
1.325483478972479361e+03 1.111866160814228124e+03 3.006206917322930217e+00
1.262399662227377576e+03 1.160217472194933862e+03 1.909768873185779148e+00
1.386721424969695363e+03 8.850711314834402401e+02 2.063465294044360410e-01
1.213547388847298862e+03 9.264358084775115003e+02 1.191523042071313432e+00
1.355691620580692870e+03 9.636232494364292052e+02 4.665861647141692492e-01
1.267219575676989734e+03 9.828872929539090819e+02 1.819414878237284316e+00
1.389371789243970625e+03 1.039925341366608563e+03 2.737892012291327504e+00
1.325368720284105848e+03 1.111319002696715870e+03 3.045281768691317836e+00
1.259863179182567364e+03 1.161049397320728986e+03 1.893994148966714697e+00
1.390335042620243030e+03 8.849360735430768727e+02 2.188929540134686991e-01
1.522471935841647337e+03 9.086136660252843740e+02 4.745475381198659137e-02
1.613713483787335008e+03 9.543258956607562595e+02 1.665686286492840340e+00
1.352723652282205649e+03 9.645887677873743087e+02 4.430898301225270064e-01
1.525737982809981077e+03 1.003600982799266603e+03 4.715433451833024869e-01
1.659988285974712426e+03 1.021756910986220419e+03 1.751039261935474212e+00
1.387968521322141669e+03 1.039627823120591074e+03 2.715407665547497906e+00
1.563744558650172166e+03 1.059359709342120823e+03 1.299260981113036673e+00
1.623812808075902922e+03 1.145656351734465261e+03 1.041566317759913041e+00
1.736303722498966181e+03 9.088544185394223405e+02 2.484187275741872369e+00
1.525839954242716885e+03 9.095698593299055119e+02 5.806467668749402261e-02
1.612515165734105040e+03 9.548422743250528129e+02 1.659639389112907315e+00
1.686766278662704735e+03 9.407486449278244436e+02 2.614941030108184350e+00
1.523699442033522246e+03 1.004033985619064424e+03 4.327740778630229102e-01
1.657315958632762204e+03 1.022728122160388466e+03 1.777347626061134056e+00
1.562822111473454015e+03 1.059897427228497691e+03 1.249586916533193426e+00
1.622924939073943278e+03 1.145216432676756995e+03 9.688394064821526097e-01
1.882952870788429436e+03 8.725464855506165804e+02 2.540578020709122420e+00
1.736391192160035871e+03 9.119477516574061156e+02 2.558552062590553788e+00
1.687780058070230552e+03 9.434218941647075098e+02 2.711935477105071435e+00
1.883544002011415159e+03 8.755072175891441475e+02 2.621910209283922377e+00
2.010966466665817052e+02 1.082371140451716201e+03 6.104978282726884753e-02
3.051438519492858177e+02 1.095722502659490146e+03 5.504682972591420365e-01
1.716369036398858725e+02 1.146692257860695918e+03 2.173265386192529292e+00
7.654627247477603191e+01 1.185284491477846814e+03 2.903655628898490271e+00
2.657187868946512026e+02 1.209520491676386428e+03 6.503927903201950356e-01
2.518105294873250841e+02 1.271063357405154647e+03 2.654786514121648122e-01
1.148879836721968672e+02 1.333509868730122662e+03 1.031435184420012030e+00
3.032192750551297422e+02 1.096597040696798786e+03 5.085983329468236613e-01
2.638653775296993444e+02 1.210162345485310880e+03 5.909295188132488441e-01
4.568801895269729130e+02 1.251197207770985415e+03 1.531402842125895392e+00
2.488160818604833366e+02 1.273382737068794540e+03 1.487906823926802291e-01
5.468255448583795442e+02 1.192246425387695353e+03 3.576672820586617174e-01
4.557718216467480943e+02 1.249551748115173723e+03 1.470231027037514515e+00
6.298171741195305913e+02 1.299968250763360629e+03 2.719185054813306301e+00
7.615991752783767197e+02 1.077786490653254759e+03 2.666687179774166472e-01
7.688264894692440521e+02 1.144907268044289140e+03 2.871093875509960203e+00
5.480295912596862991e+02 1.191901827572930188e+03 4.513559274563418433e-01
6.293177462187713900e+02 1.299584672850484594e+03 2.655093063978394952e+00
9.368100251712432964e+02 1.028613640124557833e+03 6.932487575588633932e-01
7.587669586831435709e+02 1.079330180890547354e+03 2.146630027074930003e-01
9.578639984110877776e+02 1.090003203902908126e+03 8.845103371680727022e-01
7.663910589268768945e+02 1.145899508459938488e+03 2.845959512921869994e+00
9.343409436566962540e+02 1.027990060508008582e+03 5.291856826426997173e-01
1.115198698200012132e+03 1.051869012088200179e+03 3.341337376806060022e-01
9.560470428552096109e+02 1.090540996053106483e+03 7.891792600163088922e-01
1.068015451119741783e+03 1.109200566618787434e+03 2.912426338485945898e+00
1.108459626061234758e+03 1.298452325638942284e+03 1.657889960360163117e+00
1.175329996211062280e+03 1.327875244294089953e+03 2.167519976157895822e+00
1.108492277471479383e+03 1.051530908925177528e+03 2.815761916868922410e-01
1.065220993042140208e+03 1.107876723611096850e+03 2.974015287099365690e+00
1.325936829532978436e+03 1.110126518613148846e+03 3.046391530805989678e+00
1.261882797979172210e+03 1.158478394844180684e+03 1.882122320702268148e+00
1.332714743922878824e+03 1.240937103762644483e+03 2.031751781491021092e+00
1.244535944106671423e+03 1.273372484301253735e+03 9.505076551493514270e-01
1.106506892151629927e+03 1.296368077953647571e+03 1.560511919790658952e+00
1.175265000273983787e+03 1.330582295008643314e+03 2.127859368671620288e+00
1.276807678780038259e+03 1.327642347347652731e+03 1.217537610754414468e+00
1.388261065106954902e+03 1.036304390876660818e+03 2.818190221893374314e+00
1.324484046474105526e+03 1.109882592591982302e+03 3.097760938738100656e+00
1.260831554912514093e+03 1.158284211540706337e+03 1.875158276106961175e+00
1.387266595002066651e+03 1.204201328450683604e+03 1.859469505722082250e+00
1.330230718302812875e+03 1.240593399544196473e+03 2.036162140349611960e+00
1.244195663578468157e+03 1.273422909214147239e+03 9.185706523240152466e-01
1.439051991943365238e+03 1.297285825917159627e+03 1.717581267152121338e+00
1.493305594506253328e+03 1.297453642512046599e+03 2.669602803239927713e+00
1.274707445419417354e+03 1.326806780740712838e+03 1.209497268267360370e+00
1.389823858137566731e+03 1.039999836374268170e+03 2.865745637266308155e+00
1.564044801086017969e+03 1.056753612678927539e+03 1.201261702603846793e+00
1.624569139427560003e+03 1.142264210794988458e+03 9.206424068075057532e-01
1.386216727461309347e+03 1.205704193044796284e+03 1.880565203767641691e+00
1.535873138817510835e+03 1.242248688048869099e+03 2.190231725259397688e+00
1.606243207789873395e+03 1.261592208192390672e+03 1.811668281583670881e+00
1.435768280103557572e+03 1.297897204687506019e+03 1.687366730707228868e+00
1.495985144924360611e+03 1.299466526328836608e+03 2.434248760004859680e+00
1.562521725488528091e+03 1.056157558451649720e+03 1.273775773493387220e+00
1.623334773013789345e+03 1.142868835049472864e+03 9.332912971280902248e-01
1.533203083450986696e+03 1.242617442283013361e+03 2.217909777523273007e+00
1.606364942529570044e+03 1.262013320725414133e+03 1.845371675739896800e+00
2.655151334493689319e+02 1.208867635112020707e+03 5.567848148711741496e-01
2.500824917271216918e+02 1.271314322580184125e+03 1.695784774866393174e-01
1.127859688568635192e+02 1.333366994752271694e+03 9.451145403426610692e-01
1.930512755590784195e+02 1.355786313168503284e+03 2.455477441325609189e-01
3.716062735119737681e+02 1.456841932040506435e+03 1.028553466293828489e+00
2.629868051234171844e+02 1.206561543171979338e+03 4.724714383940624707e-01
4.562972750814938081e+02 1.248399458669113756e+03 1.487964976861003707e+00
2.464915752142951533e+02 1.269855113003408405e+03 5.563071156442714327e-02
4.928126831529550600e+02 1.383600033711961032e+03 1.677857187714783649e+00
3.674619023356027583e+02 1.453001156942434591e+03 9.089053823154973344e-01
4.135555166987332996e+02 1.489523801339798865e+03 8.991019673482016916e-01
5.348611280837611730e+02 1.498254686495784199e+03 2.518385919392036598e+00
5.474680001920972927e+02 1.189415208825800164e+03 3.411461379642162783e-01
4.553280899054396968e+02 1.246347782840542322e+03 1.425503899611510805e+00
6.285435950060154937e+02 1.297649565043506527e+03 2.721513285002118199e+00
4.910970209664733375e+02 1.382699300119031022e+03 1.620857516053010761e+00
6.102283614431732985e+02 1.400081296863819716e+03 9.988962433326969981e-01
6.940613496293128719e+02 1.397401048372085143e+03 2.252200896384023210e+00
5.431815427136975813e+02 1.404758380291922094e+03 1.449240244655873422e+00
4.136069236787561749e+02 1.483831563575770588e+03 7.487996190279594400e-01
6.456735276739944993e+02 1.490611375443221959e+03 2.509264063297621306e+00
5.386925320881152857e+02 1.501613609078461650e+03 2.730181826754622509e+00
6.276663738077322705e+02 1.296885979307868411e+03 2.743953607496079528e+00
7.358923677362375884e+02 1.357077375727833441e+03 1.854673044287651562e+00
6.095857592985641986e+02 1.398501372914405010e+03 9.783690064919443596e-01
6.904656358345192757e+02 1.397255470432810398e+03 2.186804222444825196e+00
8.356179701392734387e+02 1.454477949969376596e+03 1.275661480398738945e+00
7.746497305816459402e+02 1.469741536615048972e+03 1.716424806150078419e+00
6.461370245146567868e+02 1.492558411312306362e+03 2.546453574986474511e+00
7.222319333963539520e+02 1.499985735056314525e+03 2.195578735913398472e+00
7.354345964389397068e+02 1.356793572391346743e+03 1.862470895894080547e+00
9.629130380511878684e+02 1.352410478777580011e+03 3.013088222085347656e+00
9.238151344265381795e+02 1.410078466097998444e+03 3.043122650395462259e+00
8.340435029433733689e+02 1.461725980609762019e+03 1.454660774281310243e+00
7.724446140795777183e+02 1.466716475348959420e+03 1.682703018576458875e+00
9.919541951807332225e+02 1.478706752676622273e+03 1.948453599864008179e-01
1.107373938954729965e+03 1.293114916221976273e+03 1.573810497618465920e+00
1.176914252391799664e+03 1.329605225073401243e+03 2.063316501614058218e+00
9.586827094544851207e+02 1.352716084992462356e+03 3.012799576626747911e+00
1.139791531395196898e+03 1.397644939881605296e+03 2.792438488401610464e+00
9.203528599517699149e+02 1.410341677216295238e+03 3.058151524442756841e+00
1.120663216540532858e+03 1.461209375966012431e+03 5.846640959202100696e-01
9.937714530210216708e+02 1.480258223390916555e+03 1.604262792189848075e-01
1.332710298689391493e+03 1.239197039608154228e+03 2.906641670639950714e+00
1.244877746941833038e+03 1.272245960961412266e+03 9.511006781823342360e-01
1.106774407350793581e+03 1.294276208815309019e+03 1.612951749773257504e+00
1.174664604387837016e+03 1.328680434404221614e+03 2.153725542639516100e+00
1.276430830712665738e+03 1.325022361486412365e+03 1.277955944662545917e+00
1.129367458972694294e+03 1.430442530797230120e+03 7.031128841158264253e-02
1.248615316164264186e+03 1.430928106816516902e+03 1.023645394725523072e+00
1.332012332162247276e+03 1.456374830931835959e+03 4.609672400172746265e-01
1.386346479828544261e+03 1.203123234353390444e+03 1.944375687983628032e+00
1.331249408524521641e+03 1.238998278679629493e+03 2.087995887830189190e+00
1.245208398413547911e+03 1.273716973741334641e+03 9.376796581360564709e-01
1.438279889779795667e+03 1.295234343283498674e+03 1.732491249535569544e+00
1.498929471063153869e+03 1.296271789222183770e+03 2.400589780239338999e+00
1.274717275707258977e+03 1.325557541048500980e+03 1.284271153793260067e+00
1.377498844679334979e+03 1.359287467231678420e+03 2.124845069180753221e+00
1.473812463030946446e+03 1.407433990098558525e+03 1.993494404886595239e+00
1.247170323212412995e+03 1.431986218445401846e+03 1.016183636624798936e+00
1.417632693737869204e+03 1.466163095476043281e+03 1.264926321162101575e+00
1.334258019823676250e+03 1.454041661970157293e+03 3.669079585616515371e-01
1.385123102976763903e+03 1.206529771759502410e+03 1.950382731358148325e+00
1.535764986220577157e+03 1.240859855946771404e+03 2.165860794780154031e+00
1.605870942628217108e+03 1.259476303891080079e+03 1.761346974113816133e+00
1.436324176126270686e+03 1.294890143636934681e+03 1.617839716824241991e+00
1.495731496735179689e+03 1.297646608516191918e+03 2.439940183782669969e+00
1.376417331252692520e+03 1.359298404103149551e+03 2.060453646684427209e+00
1.472388569032572150e+03 1.405468807046230722e+03 1.902398041862117806e+00
1.568415350639732196e+03 1.406275025694388887e+03 2.896016640600117320e+00
1.416291620709896051e+03 1.465312087944739233e+03 1.196522864692586730e+00
1.534178339485236847e+03 1.242552548604116282e+03 2.196348367931870715e+00
1.606825347948771650e+03 1.260886341772080868e+03 1.738347964472318541e+00
1.676524185052844814e+03 1.403622075109455182e+03 2.146176628155518795e+00
1.568282775894442921e+03 1.406837785947107704e+03 2.911361197698173697e+00
1.674123206045537472e+03 1.402076549234163167e+03 2.230528024788461572e+00
1.916663329003509944e+02 1.353703120987307784e+03 3.249338653810835975e-01
3.669095881245089004e+02 1.454923456591451895e+03 1.030216274886367911e+00
1.863680011425931866e+02 1.571379333892341947e+03 2.828756876759679795e+00
4.911516144276006344e+02 1.384545175373688608e+03 1.639669517503014706e+00
3.656756702724692332e+02 1.452822410161326843e+03 9.362503080189599203e-01
4.129317654711467185e+02 1.487165504701175678e+03 8.914804797776446632e-01
5.378078428729788811e+02 1.498620060681721725e+03 2.744686683710219288e+00
4.635487610695076910e+02 1.558193914755442847e+03 2.748579689429754946e+00
5.349358982288272273e+02 1.638633108138955549e+03 2.692241180561151470e+00
4.920144693573283803e+02 1.381629565773149579e+03 1.608590139394617813e+00
6.097052807517334259e+02 1.399983534741644235e+03 1.007590502632145668e+00
5.428716811427277662e+02 1.403440132890579662e+03 1.450910643022177871e+00
6.948256606255110910e+02 1.394934957530588463e+03 2.175918420935646580e+00
4.110650943112252662e+02 1.486101272500643518e+03 8.747796562827484523e-01
6.515814849303919800e+02 1.492947526081229626e+03 2.559677580184429591e+00
5.386357698016117865e+02 1.497275137653459296e+03 2.731569590006088344e+00
4.625561808359046836e+02 1.557209917564101033e+03 2.794049608004056218e+00
6.755410967992502265e+02 1.580060072756346472e+03 2.447586794446229508e+00
5.720745203594819941e+02 1.571432269934461601e+03 2.946969890759048916e+00
5.425326540771534383e+02 1.637330228873234773e+03 2.934697405637561651e+00
7.348279664429087461e+02 1.357716053909516177e+03 1.790482866233445547e+00
6.087657925169098689e+02 1.398319605191428082e+03 1.003012923013132385e+00
6.918177994645568560e+02 1.395309852099507907e+03 2.194228068282951138e+00
8.356794242894568470e+02 1.458148669132218402e+03 1.338303936780530723e+00
7.738695598832640599e+02 1.471398552219000294e+03 1.599324532001142440e+00
6.518007219259457088e+02 1.494024632849264435e+03 2.601663220329458959e+00
7.286763081539883160e+02 1.497975102177717190e+03 1.942985216469531151e+00
6.771323847005147627e+02 1.582778087876981772e+03 2.515738799989806207e+00
5.713843348173476215e+02 1.572649451555738551e+03 2.962961296484685203e+00
8.279212542968348316e+02 1.603381994897300501e+03 1.609294843317255586e+00
7.761938758627101151e+02 1.605241341931232000e+03 2.798826854485330529e+00
7.309688326829234484e+02 1.359273052548436453e+03 1.907337920251997110e+00
9.584187660537895681e+02 1.351434576315621371e+03 2.960446843727230881e+00
9.225493510113647062e+02 1.408975685901498764e+03 3.034309069427218120e+00
8.342352458324049849e+02 1.461371088813167262e+03 1.476437749726130955e+00
7.721971687596574156e+02 1.470953379694517025e+03 1.662270419497265284e+00
9.971175057006719271e+02 1.479771077257182469e+03 1.078212879962212184e-01
7.261932764386123154e+02 1.497485679257510128e+03 1.992105873535165994e+00
8.724965203867259333e+02 1.506314841986159763e+03 8.170983538571829907e-01
9.444854210207458891e+02 1.557132813451671609e+03 5.162394071357991748e-02
8.330854042833218500e+02 1.600026817732282097e+03 2.097177671594947057e+00
7.728153625634898845e+02 1.605223049583953070e+03 2.694629083017700655e+00
9.469065863708462985e+02 1.605340531794431627e+03 6.458278519998098544e-01
9.566558038044368004e+02 1.351095689729115293e+03 2.985212178489011769e+00
1.138001687385189598e+03 1.395211876004545047e+03 2.720078947006387082e+00
9.205871688026963966e+02 1.408120457950899890e+03 2.940512088162925419e+00
1.123633717879676396e+03 1.457662417520983809e+03 7.564950145750971577e-01
9.955268467354133008e+02 1.479581907819583421e+03 8.655439508230076961e-02
8.711851509795053516e+02 1.506483958202401936e+03 8.409404592819930135e-01
1.138151453586650632e+03 1.538057418395048671e+03 2.366923415218135762e+00
1.042896410713550949e+03 1.534380038277605763e+03 2.964541902315506849e+00
9.434878723820463620e+02 1.557964091713226708e+03 2.780876190937181178e-02
1.131255438597490411e+03 1.585790177952764452e+03 3.076578801173848632e+00
9.452696934062737455e+02 1.605426321303407803e+03 7.154942700122088883e-01
1.038043448620858953e+03 1.628856332132936132e+03 3.017990129350860973e-01
1.139630622871834248e+03 1.400152377558255239e+03 2.755220365836789753e+00
1.248297960056424017e+03 1.430020187738310369e+03 1.132396183710024928e+00
1.121292625110793324e+03 1.459469076021600358e+03 6.728400927521995811e-01
1.334837912535286705e+03 1.452663438168862513e+03 4.821254614683995188e-01
1.289796188388789005e+03 1.516420201093294963e+03 2.858125654214297207e+00
1.219190785296305194e+03 1.536517287798577172e+03 2.147897950688323565e+00
1.136060827664076442e+03 1.532305678303358945e+03 2.495969381286060607e+00
1.038813402618198097e+03 1.534188563626055611e+03 2.983997675684945339e+00
1.323612749023726792e+03 1.580563636428065820e+03 5.640618230350383788e-01
1.129493058009449214e+03 1.585502600865212571e+03 8.310731142537017280e-02
1.040713876755091860e+03 1.628880823331111060e+03 3.016443192168927201e-01
1.220343247292292290e+03 1.630571095350490396e+03 2.867578865050189885e-01
1.376470014715320303e+03 1.357626790672312836e+03 2.113006053082982394e+00
1.475241589315335887e+03 1.405661884864164904e+03 2.013468338013139736e+00
1.247350175674163211e+03 1.430291531881178116e+03 1.081236581979131639e+00
1.416807393751164000e+03 1.464219729206207830e+03 1.300798970367734508e+00
1.334463435597277112e+03 1.453068433392756106e+03 3.780812400830841358e-01
1.288714346575183527e+03 1.517454636918695769e+03 2.861288931274699632e+00
1.217341989519501340e+03 1.537208150681605048e+03 2.267808211205450508e+00
1.469413671697458994e+03 1.566034628428648375e+03 1.880248503661847925e+00
1.419125147147049120e+03 1.567817391346243539e+03 1.369517661470860181e+00
1.321114974016944416e+03 1.583602087019383589e+03 4.443485268281460177e-01
1.223314049102831859e+03 1.630716804380128451e+03 2.053739562018370712e-01
1.322140000563761078e+03 1.640522178943526342e+03 6.774183745877566665e-01
1.377250381699396030e+03 1.362134255183434561e+03 2.138725643056531567e+00
1.472769338499877904e+03 1.404129317341514252e+03 1.941430409050704409e+00
1.569396483583494955e+03 1.405758312282640418e+03 2.831637158692671186e+00
1.417046678438440267e+03 1.464078929887626600e+03 1.243474088554846757e+00
1.466680932712957201e+03 1.562836546777259173e+03 1.715690967437967007e+00
1.526702248703940541e+03 1.579178078642842365e+03 1.992043118929167189e+00
1.417461358019469571e+03 1.567389186303425049e+03 1.311491869122076492e+00
1.591154759224337568e+03 1.623617682559244713e+03 1.854836215355565754e+00
1.675489999777344337e+03 1.400149218126474807e+03 2.132953425834742234e+00
1.567569878135553836e+03 1.404847775467960673e+03 2.943402121627858303e+00
1.522717853133263134e+03 1.576482799080258928e+03 1.901394082393390139e+00
1.589389777893291694e+03 1.621596047953914876e+03 1.761770658726514061e+00
1.711340843667085664e+03 1.621529643902170392e+03 2.277945500285420088e+00
1.675444443983790279e+03 1.402264857286700362e+03 2.206125243032881933e+00
1.709282198199482764e+03 1.620897219064287810e+03 2.382887803687694817e+00
1.872759593771662594e+02 1.569278460878018905e+03 2.926021453496017610e+00
4.625065193599409668e+02 1.558726640538694483e+03 2.782803357607540384e+00
5.387960793009631288e+02 1.637429648021777666e+03 2.899970935555185925e+00
5.309178808780976624e+02 1.691350460274863508e+03 3.021134001251332801e+00
4.628860398755186907e+02 1.557533039547004819e+03 2.820554817206487375e+00
6.785583459708454939e+02 1.580286507798000684e+03 2.489186577979003889e+00
5.731984927095314788e+02 1.572096290291114428e+03 3.010473229693579444e+00
5.427076358199346942e+02 1.636756104822678935e+03 2.979096696296391844e+00
6.744893431502866861e+02 1.668121033962356705e+03 2.091648259132855792e+00
5.335106625591371312e+02 1.693121849341896223e+03 3.091132426498931274e+00
6.724328122279537183e+02 1.726721000091732776e+03 3.007541038906485387e+00
6.785345317092352388e+02 1.582537458347119582e+03 2.499828819203155028e+00
5.716262984883489935e+02 1.573121145286308547e+03 3.019639980234767762e+00
8.356537916271748827e+02 1.600388958193299686e+03 1.946780131165715133e+00
7.765268134236698643e+02 1.603539100799793232e+03 2.748831965196000038e+00
6.753427765328467558e+02 1.670734690656026032e+03 2.043745876751827062e+00
7.599967472884800372e+02 1.675230518569770766e+03 2.638504339812898447e+00
6.713002113435491083e+02 1.726461724059327025e+03 2.775884144522744013e+00
8.114817832771252597e+02 1.769702929018336363e+03 2.773371804378021555e+00
9.421886219376822282e+02 1.555673542450357672e+03 9.859956526274205046e-02
8.312009107303418887e+02 1.599671886235536476e+03 2.024286142183552073e+00
7.738069669409295557e+02 1.602920976897326454e+03 2.696812998406944661e+00
9.454958843499225623e+02 1.604573988930255382e+03 6.627225937402050349e-01
7.564804487436983891e+02 1.673592666167100788e+03 2.573160280474052097e+00
9.552974378757378418e+02 1.665501419546145144e+03 4.380039712937149332e-01
1.003771161287106679e+03 1.713615125969824476e+03 1.146106029642376178e+00
8.920251230088724697e+02 1.721454358689965602e+03 2.921940298247318157e+00
8.070264062936875007e+02 1.768524824160834214e+03 2.718882397138268292e+00
9.211611403173753843e+02 1.799654289623638533e+03 2.815327371648997268e+00
1.041934805889465679e+03 1.533181524501120521e+03 2.953189965934455152e+00
9.408348389479808702e+02 1.556547742663155532e+03 3.123798674751720128e+00
1.129423787381954071e+03 1.584102821197788217e+03 4.889636213606780857e-03
9.440053798467072284e+02 1.604112936307359178e+03 7.094397280987639887e-01
1.036100539849927372e+03 1.627713032120272374e+03 2.925902465377144268e-01
9.526058767510712642e+02 1.665018642380767233e+03 4.031592966715038528e-01
1.181216210463342577e+03 1.687963512811673354e+03 2.492317389416730311e+00
1.000935728461246981e+03 1.711713483625626623e+03 1.214416313493404287e+00
1.109799039151398347e+03 1.705455027748664861e+03 2.778142085551695839e+00
8.873108906020922859e+02 1.720966303038118212e+03 2.862397289790253652e+00
1.037794997597377915e+03 1.765938845420422467e+03 6.113490685247554568e-01
1.151720481582776756e+03 1.778608059359203708e+03 1.832868296544621911e-01
9.173062645916174915e+02 1.798851056306659302e+03 2.786688607766074188e+00
1.130741680319161333e+03 1.523671837443697086e+03 2.416365684503277933e+00
1.289726136173204395e+03 1.512813963551554934e+03 2.825922962596108423e+00
1.134803378963549903e+03 1.528764839238133163e+03 2.429313540972952712e+00
1.218740700535731321e+03 1.534528408986419890e+03 2.078545459891530278e+00
1.040379631435981992e+03 1.532694203422393002e+03 3.019563136362809264e+00
1.323089245848632800e+03 1.580190940650149287e+03 4.869600296093002378e-01
1.128697421681761398e+03 1.583318657224433537e+03 1.222811088204044522e-01
1.036626814510801069e+03 1.627155236310999044e+03 2.872740185057850448e-01
1.220396939973918052e+03 1.629519458180791617e+03 2.974604270561386765e-01
1.323529951131168445e+03 1.638406127766314967e+03 7.638451605639411390e-01
1.182285934159377121e+03 1.687362354777917972e+03 2.573215533007428668e+00
1.109197251422220234e+03 1.705377903985808189e+03 2.835165264035497401e+00
1.283177887785854182e+03 1.722300632394261129e+03 2.329840441087131175e+00
1.038574201017094538e+03 1.766549239369110410e+03 6.263263640078334804e-01
1.153593747209999492e+03 1.777338658448461729e+03 2.643478688200975868e-01
1.254997408112490803e+03 1.797169523006939698e+03 1.679870481989711006e+00
1.288232054611325793e+03 1.514575270249667483e+03 2.775428878553047873e+00
1.218584585131594167e+03 1.538996313926236780e+03 2.131991055582825645e+00
1.470478597540650981e+03 1.563400036653407597e+03 1.676955688767532537e+00
1.418750516353167313e+03 1.565764892575463591e+03 1.364017789373007883e+00
1.321118371854763382e+03 1.582058454740830712e+03 4.938310463946663509e-01
1.220776215978814662e+03 1.629249675366057545e+03 2.302786202340225130e-01
1.323062306468385941e+03 1.638953440950946742e+03 6.764372749935330109e-01
1.387856535348509396e+03 1.693635110419943203e+03 9.406532760981086705e-01
1.441173252579299515e+03 1.709433950168769115e+03 1.402274802380468977e+00
1.282221998795514082e+03 1.723813910206486980e+03 2.445370983690010824e+00
1.253383559234209997e+03 1.795824339242028373e+03 1.734481865783751520e+00
1.331218869759014069e+03 1.818823605085021427e+03 1.063746827998651723e+00
1.466947712062726623e+03 1.560583335423080598e+03 1.753918566440994420e+00
1.417173058225694376e+03 1.565556577125393687e+03 1.361737198260545290e+00
1.526368414645290613e+03 1.577165769116535557e+03 2.023473904380420407e+00
1.589538849194767408e+03 1.619814385337695285e+03 1.918248975936118983e+00
1.386359098300399864e+03 1.692687508182320698e+03 8.983349059209341236e-01
1.441180860270065978e+03 1.707357116958157121e+03 1.374959440291410928e+00
1.634831595224297871e+03 1.740783183735710509e+03 1.066293611576360156e+00
1.499190740398121534e+03 1.799161249818819897e+03 2.644929691727032850e+00
1.377620076101195082e+03 1.815009979164910419e+03 2.105134216260744484e+00
1.526312141896730282e+03 1.578169397545873380e+03 2.026748623900623603e+00
1.589746926608500644e+03 1.619169689548398082e+03 1.865706830446049569e+00
1.710852836986756529e+03 1.620218563687496044e+03 2.321591458023284371e+00
1.632030682223897657e+03 1.739903903842622185e+03 1.053454389581744532e+00
1.709826989063430574e+03 1.620985970080549578e+03 2.332005826084430744e+00
5.233013293653575602e+02 1.687883297217538029e+03 2.887516682672152335e+00
5.317747499999054526e+02 1.692112324788569140e+03 3.089140620236783707e+00
6.707095875933446223e+02 1.729955093475563899e+03 2.805658991358131793e+00
6.753890718243214906e+02 1.671146311583016995e+03 2.184704422311008809e+00
7.599443426121014227e+02 1.675042107946207580e+03 2.655730523706901991e+00
6.698292247140602740e+02 1.727697978391069682e+03 2.730557384741703508e+00
8.100120398114313502e+02 1.769329156477264632e+03 2.766344378682338512e+00
8.616308295803152077e+02 1.848855943261938819e+03 2.667019590877634516e-01
7.608089442839291223e+02 1.678015615767426652e+03 2.530507732844364366e+00
1.000650201036997487e+03 1.717385450476274855e+03 1.117027109150522834e+00
8.929939007010293608e+02 1.721626864369999794e+03 2.901765660433745619e+00
8.091115467497157852e+02 1.767990794282981824e+03 2.624602035183612347e+00
9.234975804241948936e+02 1.797866071219156311e+03 2.949673675515815496e+00
8.633551489372396190e+02 1.847904283918857118e+03 2.434382378063883745e-01
9.761555619720447794e+02 1.874396162588212746e+03 1.301776024510798990e-01
1.001646362667966059e+03 1.711186162611763393e+03 1.127093748526809991e+00
1.112306850068801623e+03 1.703567445762800162e+03 2.813371450001218577e+00
8.935028744021749390e+02 1.720704684450457535e+03 2.870314632084733031e+00
1.040106778139999960e+03 1.764613677122768877e+03 5.788075673368054952e-01
1.155057872974456131e+03 1.774082912277644027e+03 2.923604903411732292e-01
9.212789763898447291e+02 1.796732057793853301e+03 2.894129687528888439e+00
1.153225926715288097e+03 1.835378584953869222e+03 8.310194909438360922e-01
9.751383289011894249e+02 1.873692022474498117e+03 2.881193731580536377e-02
1.126674718523068123e+03 1.948559881716250402e+03 1.583268334305649061e+00
1.064349297254445446e+03 1.959668729460731811e+03 1.643488137343215083e+00
1.182576998269325031e+03 1.686417047944361457e+03 2.594381424659442104e+00
1.107781957334515027e+03 1.703399579867372495e+03 2.822881953497183183e+00
1.285358832804568920e+03 1.721822280266844473e+03 2.485922520812040126e+00
1.036973537484355575e+03 1.764384424427219983e+03 5.378419356044171762e-01
1.152928016690425238e+03 1.774127058095593384e+03 2.409193046181565823e-01
1.256558825052946759e+03 1.801163342336873029e+03 1.788230794418057545e+00
1.325303743528008454e+03 1.819365328340446467e+03 1.131430634069921837e+00
1.151913816567389858e+03 1.836302227148569727e+03 7.338875228140339102e-01
1.125601219818590607e+03 1.947983949504022803e+03 1.606476733963106529e+00
1.061958238540403954e+03 1.958432098844162738e+03 1.681031415305475507e+00
1.387101023491504520e+03 1.691319463185389850e+03 9.346418052787797137e-01
1.441769848289805168e+03 1.707985168191817820e+03 1.397217829038438719e+00
1.282976419015330293e+03 1.721854047638434167e+03 2.492186969672244068e+00
1.255375483399100631e+03 1.800953936560674038e+03 1.817340359113091441e+00
1.500948570728884988e+03 1.798990018284027201e+03 2.673101914576193394e+00
1.323107868565604804e+03 1.819409776714291866e+03 1.108710435897940938e+00
1.382089213999569665e+03 1.815031223237377844e+03 1.698940507241363695e+00
1.443139697291733000e+03 1.822358190061451978e+03 2.254463266883424577e+00
1.414672061156739346e+03 1.904508110331720673e+03 3.925470187857134086e-01
1.385245518710835540e+03 1.692247370118323488e+03 8.920540839865157556e-01
1.439634465525536825e+03 1.705457034420385071e+03 1.441705571401790786e+00
1.633440129154659189e+03 1.738302083152420209e+03 1.098633257592315227e+00
1.498975629992153699e+03 1.798580743242724566e+03 2.615665214007246941e+00
1.380984088951359809e+03 1.814285458363166526e+03 1.770111135371390754e+00
1.441762244666651213e+03 1.822325947150108732e+03 2.307944097723044319e+00
1.629070874251977102e+03 1.843755707641790650e+03 1.440173510559426218e+00
1.566571818317910811e+03 1.878789847184561722e+03 1.456533097182838521e+00
1.500595836247250190e+03 1.905787754695285457e+03 1.326785017748926432e+00
1.415070150838561631e+03 1.904065788428371434e+03 3.641738051237557450e-01
1.613373811569403870e+03 1.975435862814822485e+03 1.239929101455734317e+00
1.526220613414442369e+03 1.979431541597778505e+03 5.407532206380916140e-01
1.632523495779483255e+03 1.738209555293363110e+03 1.025639116497375047e+00
1.628984218778023660e+03 1.842107254229199270e+03 1.422925967145790782e+00
1.566551486734079617e+03 1.877982170636065803e+03 1.520846325167147794e+00
1.673791604812614878e+03 1.905406660402475154e+03 1.666289638962570763e+00
1.611584941507066560e+03 1.973839533747747737e+03 1.355835399912358685e+00
1.530454464381680509e+03 1.974383173095809980e+03 5.477585474912574082e-01
1.674060456823919139e+03 1.905297874676637093e+03 1.732434100538193134e+00
8.533217784842370293e+02 1.846427733237863322e+03 3.044699083406747331e+00
8.601271121546990344e+02 1.846999117464696610e+03 2.244751579604414848e-01
9.737641298390994962e+02 1.873425003207006966e+03 8.961000369811700228e-02
1.148182051512087128e+03 1.841126575664301754e+03 6.215044021442842626e-01
8.740008412743554800e+02 1.841778386861434228e+03 4.397949294369429829e-01
9.748388750088092820e+02 1.873877062200277123e+03 6.966681059682365562e-02
1.127606189197606909e+03 1.945976217457852727e+03 1.616105957028671769e+00
1.062785624520873625e+03 1.958498181992435093e+03 1.661318036014449495e+00
1.151435691163998399e+03 1.836134793997903671e+03 6.763137222769498580e-01
1.316570946524736655e+03 1.829818255200660587e+03 1.137002713748525684e+00
1.125861707064855182e+03 1.946816279665949423e+03 1.638061751496342255e+00
1.061203194695311140e+03 1.959287595827092900e+03 1.698649920247183642e+00
1.447556056111029875e+03 1.826683754783594395e+03 2.313358809981515218e+00
1.413453421317633001e+03 1.905017623928522880e+03 3.364611134724982411e-01
1.500548463547870369e+03 1.909993457200189368e+03 1.432210928371351777e+00
1.344058340222165725e+03 1.992325938026302538e+03 9.416564504419840942e-01
1.391822781972988196e+03 2.026683603490288078e+03 9.556442083658808206e-01
1.434149834930283760e+03 2.058323043636651619e+03 9.126721206057776259e-01
1.628937958169677586e+03 1.845022342775859670e+03 1.528638627660907412e+00
1.567009335365188463e+03 1.878376939125716262e+03 1.539417839188554904e+00
1.500931854530522742e+03 1.905041569452603653e+03 1.371286596094914323e+00
1.414316734956049686e+03 1.903957749230799891e+03 3.360483975390928246e-01
1.611546724735083899e+03 1.974382384600395199e+03 1.382298284339981587e+00
1.527067048689405965e+03 1.975527180295090147e+03 4.881435870101551999e-01
1.391042793498323817e+03 2.025638677257793006e+03 9.304808881158345146e-01
1.433251455056075201e+03 2.057107137637303367e+03 8.628185798440436427e-01
1.628969149135462430e+03 1.841021723828079757e+03 1.465658838472461145e+00
1.566119608898654860e+03 1.878237426934804034e+03 1.558229656608734359e+00
1.673595254038203620e+03 1.905795159643089391e+03 1.683709964672660542e+00
1.610915501724318574e+03 1.974278657815486440e+03 1.331851256334815936e+00
1.525982265193993271e+03 1.976738154956471590e+03 5.034598037931578007e-01
1.672724601295581351e+03 1.908120929575979062e+03 1.701753693753680352e+00
1.343809132390754485e+03 1.990725518794311938e+03 9.111298638592336685e-01
1.391688424723769685e+03 2.024467090465862384e+03 9.469484795182536718e-01
1.434199477365573330e+03 2.056209881701375252e+03 9.278732367251484314e-01
1.389256494702427062e+03 2.024231236124226143e+03 9.487396677278260304e-01
1.433547088413776009e+03 2.057165813914279170e+03 9.439663567485754303e-01
