1.017561798041876045e+03 2.837366503892823744e+02 2.611718607143659554e+00
1.170724809027906076e+03 1.629960695830323516e+02 7.149168015427439515e-01
1.132267269678934099e+03 2.499499009091726407e+02 3.177923663386839070e-01
1.018907528672044918e+03 2.871349691604388568e+02 2.440414235238210772e+00
1.169757431578448177e+03 3.166986240511316737e+02 7.935371492633008783e-01
1.172843698027144455e+03 1.615910981404674658e+02 7.428265296212860358e-01
1.132544097567762037e+03 2.495017823964574291e+02 2.555694877606997095e-01
1.171609240334573087e+03 3.133021780066244446e+02 6.860640009799157113e-01
1.412924780956868517e+03 3.090060121517658445e+02 1.310096738200604793e+00
1.538353837307923641e+03 2.976818371113545254e+02 1.008287546911879717e+00
1.410945645589013338e+03 3.083961316365455900e+02 1.334313743573018352e+00
1.605841177510357738e+03 3.266703765445103045e+02 6.675648641306739517e-01
1.791459612412394790e+03 2.273267887452250875e+02 2.917023636230305250e+00
1.720840458406585185e+03 2.793948129575483108e+02 3.745260508545218414e-01
1.537197185225108797e+03 2.994253209290611721e+02 1.107490930712558663e+00
1.605398539006297369e+03 3.253946779857701586e+02 7.297042637740548399e-01
1.709904381064016206e+03 3.436487231078514242e+02 3.957023180487679870e-01
1.820422978357640432e+03 3.618400535318886568e+02 2.726606321652289999e+00
1.790690667173793827e+03 2.274595067304953204e+02 2.990121486054316602e+00
1.719260264092543821e+03 2.803952438170053370e+02 4.838854041102668146e-01
1.711284986779491646e+03 3.433017003376784828e+02 4.766089243739622949e-01
1.830731120188573186e+03 3.651508142678867443e+02 2.891365815464870259e+00
1.839808539360744817e+03 3.702681786373277646e+02 2.858119004954246645e+00
3.514579164736893517e+02 3.972496222763846845e+02 2.140998799453478263e+00
3.506121130471983065e+02 3.978134192998415983e+02 2.155427776570752574e+00
1.018525119888696281e+03 2.822852377899408225e+02 2.554380813666902839e+00
9.874987767279644686e+02 5.386451147519197775e+02 1.367048184785867981e+00
1.130001584289522270e+03 2.479804010323779266e+02 1.850736434647174966e-01
1.017865246223545455e+03 2.845770664602636657e+02 2.469482113640476761e+00
1.169286510395812911e+03 3.121491265961256545e+02 6.838684483170937023e-01
1.081009162919676101e+03 4.674082316948312155e+02 8.636228058502163352e-01
1.154824685765438971e+03 4.784585112559344680e+02 1.326985087228259586e+00
9.866851560308764419e+02 5.417300238212359318e+02 1.540304182897747731e+00
1.131299679068640444e+03 2.477528126835861144e+02 1.555549692833743947e-01
1.172165753733338533e+03 3.115673797126662521e+02 5.925437219020336377e-01
1.081596237071025598e+03 4.671362528931922498e+02 8.751466747989199435e-01
1.153479819421109369e+03 4.779442381105798177e+02 1.313995166065942799e+00
1.196280367012213901e+03 5.074673368887447396e+02 7.128519777182422690e-01
1.277735159635155469e+03 5.254585884639164988e+02 1.068218794308527508e+00
1.412340946714411984e+03 3.079591345766899622e+02 1.350132500936346291e+00
1.412033367070381701e+03 3.956294222157418972e+02 9.333704430000586694e-01
1.492638003545481752e+03 3.989306198911527872e+02 5.659929814068414000e-01
1.401333925089533750e+03 4.905227863569300553e+02 8.059060374333331112e-01
1.198259997595972436e+03 5.061649762033443949e+02 6.272577804916756872e-01
1.275916931289799550e+03 5.236203142670783564e+02 1.006822432138420709e+00
1.477494160738541723e+03 5.398823593057356902e+02 2.641392222525194011e+00
1.410597127353970336e+03 3.089767026944290933e+02 1.368867645167588520e+00
1.537751661485464638e+03 2.989878515297869512e+02 1.025511321675143250e+00
1.603917857553846716e+03 3.262086313716510517e+02 6.760466908692508436e-01
1.411134800632413317e+03 3.961107588029994986e+02 9.676605866414546009e-01
1.488394708309457656e+03 4.001308739792436882e+02 5.365240379521390990e-01
1.582284811054536476e+03 4.030803927625304368e+02 4.866069380068366312e-01
1.552827067703646662e+03 4.687595913345165854e+02 6.972167773694352977e-02
1.398460199161892888e+03 4.926195286457127622e+02 8.477193267813349919e-01
1.638146145005185645e+03 5.075404141796469730e+02 8.653858431765427961e-02
1.721585566386933124e+03 2.805029824189286387e+02 3.880136880400066324e-01
1.534822259097293454e+03 2.972443494121217213e+02 1.092241114846823180e+00
1.604307957526659493e+03 3.260326407140764786e+02 7.888925039896858005e-01
1.710632597629493830e+03 3.422449411928491827e+02 4.510916515164716256e-01
1.581492837118880971e+03 4.032938749186101859e+02 5.699229292481312603e-01
1.675384332633266695e+03 4.123954475204807295e+02 7.284112339823887172e-01
1.726680206937810681e+03 4.483736363997029457e+02 3.606385665106576766e-01
1.550649068390616321e+03 4.686277800255975308e+02 1.194401761258824940e-01
1.788118813612033819e+03 5.005123540105987558e+02 1.534950004155740899e+00
1.649524174238667683e+03 5.035871742120260706e+02 2.990210294277147796e+00
1.590284133286973429e+03 5.167033268314318093e+02 4.306907633641069988e-01
1.718825765869997895e+03 2.795546605209054860e+02 4.123244642983645569e-01
1.709551638669042177e+03 3.427848181528268015e+02 4.538137375058108880e-01
1.831458843274626361e+03 3.639383130473667052e+02 2.861399081027522939e+00
1.674536237808457599e+03 4.125892196969133465e+02 8.293230849454779063e-01
1.875595034090111312e+03 4.365190410124937443e+02 2.927844741816941543e+00
1.727568051752401516e+03 4.485791526854631002e+02 4.901696309990295486e-01
1.786090641128956122e+03 5.025020711938532259e+02 1.433690536864865361e+00
1.830939204456399011e+03 3.650101417369705814e+02 3.000324466530499112e+00
1.874345212688274387e+03 4.375917109866917372e+02 3.057751629631049628e+00
3.545143044138708319e+02 3.978160320070481930e+02 2.277931072641728782e+00
1.152444434621006053e+02 6.663151568918951853e+02 2.019843283586070459e+00
3.510157201152873654e+02 3.986028059547153362e+02 2.199864579249712460e+00
8.386868599786689629e+02 6.356429975854331360e+02 1.566651235698656386e+00
9.890127228898759313e+02 5.419957262527460671e+02 1.547735822155255958e+00
9.304270073287573268e+02 5.924515203171745270e+02 1.947779826226679889e+00
8.365585038111669292e+02 6.375461938459877729e+02 1.500284226356681572e+00
9.846384005497723138e+02 6.709242384488550215e+02 1.392639739781016184e+00
8.866586358000176915e+02 6.922182639054019546e+02 1.585310509496699050e+00
1.082624761497782401e+03 4.660442464461415284e+02 7.908982985326071802e-01
1.156635766834637707e+03 4.746244563328141339e+02 1.175381532204391677e+00
9.890257274452428646e+02 5.432399098889977722e+02 1.638006507226681618e+00
1.036134268652184346e+03 5.589611778001335551e+02 6.433098162138417564e-01
9.300586362746398663e+02 5.928662205314262792e+02 1.968590352254167009e+00
1.110707158823616282e+03 5.810182978669707836e+02 5.518807665941982687e-01
9.832762881857411230e+02 6.735109844212244070e+02 1.517457392597297838e+00
8.847160649855411521e+02 6.861321717934963544e+02 1.896863888625644368e+00
1.181212022468338773e+03 6.911630323202480213e+02 1.023923994654431402e+00
1.082313299194684078e+03 4.658618482137753745e+02 8.395821098678261096e-01
1.153836258820145304e+03 4.765939476215884270e+02 1.314497047307859212e+00
1.195347193046888606e+03 5.063628576815794986e+02 6.316505801405737364e-01
1.275833604662320113e+03 5.265532030655961080e+02 1.056059512277585766e+00
1.035509424998479972e+03 5.586958465421488427e+02 6.862164704773240365e-01
1.305346888326325598e+03 5.699286863357096991e+02 1.657965678976075219e-01
1.110134166580335432e+03 5.807081098356144366e+02 5.756239222791309507e-01
1.214929736516391358e+03 5.978718281163680786e+02 2.259905723258224697e+00
1.173825694979777609e+03 6.910700599128349495e+02 1.157618475232259803e+00
1.412368295483730208e+03 3.934387959424137762e+02 9.762173882183597939e-01
1.485971080206337774e+03 3.977582639316315181e+02 6.361644081085684466e-01
1.401634425263887351e+03 4.894653102279644372e+02 8.535081456116085930e-01
1.192176737876499828e+03 5.072805642644360660e+02 6.333493148035598264e-01
1.274017346657884900e+03 5.254431766767568206e+02 1.040926245787243687e+00
1.484471825579645838e+03 5.411291523744107508e+02 2.695939204515284349e+00
1.304136338223021312e+03 5.705094259070326643e+02 2.729097906115803829e-01
1.212360875706832530e+03 5.968091478292427610e+02 2.219605964766837136e+00
1.399510771005220704e+03 7.017421860786901107e+02 1.228764763019080386e-01
1.408995011673699537e+03 3.938868000872636230e+02 1.003247654981505477e+00
1.489287427895123528e+03 3.975475100048385002e+02 6.701859716528002497e-01
1.579927363318534617e+03 4.029440080673136890e+02 6.822633164705143027e-01
1.554059851603719153e+03 4.679747214855891571e+02 3.397280655598224897e-01
1.399574911584438723e+03 4.911137558893829009e+02 8.927878820664668647e-01
1.648410038813238998e+03 5.024191380585363049e+02 3.081807347921575957e+00
1.589678229145950127e+03 5.161519357045299330e+02 4.102208007336284323e-01
1.484451427117043067e+03 5.415331975736852428e+02 2.655040139296556578e+00
1.594276044878663470e+03 5.871144354282891982e+02 2.498186036556929057e+00
1.508645577795757617e+03 6.141035524230287592e+02 2.946258131269516856e+00
1.659246696916331530e+03 6.604033183850465321e+02 2.880322928599157617e+00
1.512145935829189057e+03 6.750623110027388520e+02 1.840757767444478610e-01
1.580255956526614682e+03 3.995463934892039788e+02 6.079989779963127505e-01
1.674961359379784199e+03 4.119282830755767009e+02 7.485518766865006945e-01
1.726276271729573182e+03 4.472306107354243068e+02 4.118022237597462887e-01
1.550834795617056443e+03 4.663847909922789086e+02 2.927904205118314618e+00
1.786142256287746022e+03 5.023331959389354324e+02 1.450452970963726829e+00
1.651018214161658079e+03 5.020287709471044764e+02 3.056393884260790728e+00
1.585797678937620731e+03 5.165284477907783867e+02 3.483937178205659957e-01
1.700865247992661352e+03 5.690915427652736298e+02 1.045427266563341506e+00
1.593504885368873602e+03 5.879347579852185390e+02 2.525702577536435900e+00
1.738232525610193079e+03 6.046143279208695276e+02 4.804964562597869859e-01
1.661816979739533508e+03 6.587598686257854297e+02 1.166066977084265037e-02
1.511914035561755099e+03 6.760797684706058135e+02 2.503893841496109274e-01
1.676304640850843725e+03 4.065820707523096189e+02 8.823581541053668875e-01
1.875350233429262971e+03 4.357817037384058949e+02 2.944348602543387816e+00
1.725155758342669515e+03 4.471793683122465382e+02 4.314517575653138426e-01
1.785697295340841038e+03 5.015242805929512997e+02 1.401747535007561440e+00
1.699858692390212127e+03 5.679431975081503197e+02 9.578862984223858179e-01
1.846961130652275642e+03 5.841633733232015402e+02 2.184459356416379894e+00
1.738309387522853967e+03 6.065280658830732818e+02 4.887468146086438314e-01
1.830833672794377435e+03 6.493529507162654681e+02 9.923968788004480790e-02
1.876376936113036436e+03 4.355268821411297040e+02 3.067514531223158869e+00
1.845888214408104432e+03 5.834570918143102745e+02 2.260923623368712665e+00
1.832558492710033761e+03 6.492742200922655229e+02 2.000242150685351550e-01
1.162928507656132524e+02 6.653940103557076782e+02 1.979993727117632885e+00
3.599362515977834391e+02 8.231824008204207530e+02 2.704083621467789467e+00
3.587884794985380950e+02 8.228375542035690842e+02 2.656828603814466838e+00
4.740752510409298566e+02 8.548000166522842846e+02 1.137974344983446517e+00
4.746362321164629066e+02 8.514970698441879904e+02 1.220234934977357577e+00
8.377784402834010962e+02 6.369166663079172395e+02 1.564202005960751096e+00
9.308530380760962544e+02 5.920097245736970990e+02 1.947765284607568370e+00
8.367894573687422053e+02 6.374271615389111503e+02 1.479314590388852491e+00
9.834614783401077602e+02 6.728469929457427270e+02 1.374887901612088292e+00
8.863779734784852735e+02 6.934740913464919458e+02 1.592064042280268543e+00
1.011423976217876543e+03 7.597554664103282676e+02 1.432911876991318501e+00
9.476378160927833960e+02 8.245071250730459269e+02 2.437201873676504871e+00
1.035321138261347642e+03 5.569949312784094673e+02 6.070676793762866952e-01
1.110700040677012566e+03 5.808534808410719279e+02 5.178431891871657644e-01
9.295462390607917769e+02 5.919215224471225838e+02 1.976597398920415083e+00
9.830696117196307569e+02 6.739556805614673749e+02 1.438327270446406070e+00
8.861812644971166719e+02 6.941909912723438083e+02 1.668950307377113251e+00
1.176343163595076476e+03 6.882659985902837434e+02 9.662279945303495765e-01
1.008924464221061271e+03 7.608702979127245953e+02 1.504318090354911597e+00
9.475728538929204205e+02 8.267715881899175656e+02 2.362180095033117766e+00
1.036648801527160231e+03 5.527036132492160050e+02 7.596364088927585190e-01
1.109059039108710294e+03 5.808578825909526131e+02 5.655330116969368159e-01
1.300674061935846794e+03 5.679983933120648771e+02 3.052845857162312937e-01
1.213909138845204325e+03 5.972576533295545005e+02 2.280282146059694703e+00
1.173364771844276447e+03 6.888483935235855142e+02 1.049189164707923672e+00
1.277673219066515458e+03 7.156219665446869840e+02 1.266934175956882402e+00
1.220475244395623349e+03 8.006155046269052491e+02 2.290782587852752350e+00
1.329363378307672519e+03 7.982485810615268065e+02 2.954797536641123656e+00
1.304924307749581658e+03 5.702461828977707228e+02 2.984810826411473106e-01
1.212678913398373425e+03 5.970324412956024389e+02 2.206119635429499404e+00
1.276545209568282189e+03 7.152167929156296395e+02 1.302652115647726649e+00
1.403333875227413955e+03 7.012283362451502171e+02 1.337247956095762302e-01
1.383940240156908203e+03 7.541819219123851781e+02 3.057111196485058358e+00
1.216574540119844642e+03 8.021515892942566097e+02 2.180400621727668575e+00
1.330688196004838801e+03 7.995112942808768821e+02 2.906854399881879214e+00
1.595449236056137352e+03 5.853937187283241883e+02 2.496910394779380038e+00
1.509085771278068705e+03 6.130365961503759991e+02 3.037664985684588981e+00
1.513415532912951448e+03 6.744832534440337213e+02 2.255582537998750692e-01
1.401183664923624065e+03 7.020590552539815690e+02 1.878315212183517269e-01
1.630059015645702857e+03 7.165128361745046277e+02 2.497921655069487823e+00
1.575631658445979383e+03 7.571935774784074056e+02 1.675891620974463869e+00
1.380895266026910122e+03 7.543012788920025287e+02 4.573725819364480617e-03
1.699474966977213171e+03 5.670247723326197047e+02 9.632777160655763282e-01
1.594456716376080976e+03 5.867775331382795230e+02 2.559922695335576481e+00
1.738939551540771390e+03 6.054562932550195455e+02 5.398429634779201569e-01
1.507971819613518846e+03 6.138613351523922574e+02 3.107198573796624785e+00
1.661399313576881923e+03 6.585461603434252993e+02 4.065690931648537759e-02
1.511344003431360534e+03 6.751563652236735606e+02 2.291166732171101561e-01
1.629097734142884065e+03 7.167071635989213974e+02 2.525785042062590691e+00
1.574968361918139408e+03 7.585322894011311519e+02 1.707554134458379780e+00
1.700384428344071239e+03 5.642824722998852849e+02 8.779457102538410496e-01
1.846517018224254571e+03 5.834104533127864443e+02 2.236262836993677006e+00
1.737540790506737721e+03 6.051403804751018924e+02 4.428353123755653376e-01
1.830231052682002883e+03 6.489584260539073739e+02 1.083391130272147174e-01
1.927776941795725179e+03 7.218761048488004235e+02 1.785042259327235703e+00
1.870411561848285828e+03 7.286807129053141807e+02 1.248173165575502175e+00
1.844764827033830443e+03 5.858358505360446316e+02 2.324541572345284024e+00
1.830609324512530748e+03 6.482569213251999827e+02 1.430605629672665191e-01
1.926258389123162033e+03 7.212574466944669211e+02 1.850711736935465979e+00
1.869734760308851264e+03 7.282884416106297749e+02 1.284688759382116130e+00
3.606432506572796228e+02 8.232567267402201878e+02 2.649533135377179605e+00
3.587865079126738692e+02 8.223774664467466664e+02 2.653737241043680140e+00
4.723478290363656242e+02 8.540871042637342043e+02 1.101001248973314306e+00
4.645504426588069009e+02 1.001059805004987084e+03 1.951957613771825306e+00
4.716613931418741004e+02 8.537719871827362113e+02 1.110410657693281289e+00
4.617223536231574599e+02 1.001004798350192686e+03 2.009023057738686724e+00
7.234481575370077735e+02 9.180209989783038509e+02 1.016873709809757775e+00
8.038835716348376081e+02 9.217147699783388362e+02 6.482087474488171797e-01
1.010324753406028549e+03 7.621393058816054236e+02 1.585083434984190465e+00
9.482445684844033167e+02 8.250396555125057603e+02 2.333538611494212045e+00
7.220609232404520981e+02 9.190847991655020905e+02 9.459190608979763937e-01
8.021197682661891122e+02 9.227144302178489852e+02 5.883528334830749884e-01
1.008630136853552813e+03 7.588359534033801310e+02 1.449319730496708480e+00
9.462090518821403293e+02 8.240925961233260750e+02 2.395583951121874833e+00
1.274624852258021065e+03 7.182877790936192923e+02 1.223381207365861867e+00
1.219256531948307611e+03 7.986194323379206708e+02 2.337988764354145488e+00
1.330514052792507073e+03 7.987268118736277529e+02 2.958948500608270749e+00
1.185257644889184576e+03 8.709632917278570403e+02 1.733197249916343496e+00
1.319801741077142651e+03 8.966199116033133123e+02 1.173103900535420019e+00
1.239438573115754707e+03 9.450864113710456422e+02 1.556482927792166349e+00
1.277297453605692453e+03 1.000306769218059799e+03 8.690149991810872665e-01
1.275822916800661460e+03 7.124932643554235483e+02 1.235446913876451003e+00
1.385083317022910478e+03 7.519072557367620675e+02 3.139735176002237615e+00
1.217565801664700984e+03 7.990928476827486975e+02 2.303914793062083355e+00
1.331245720325674483e+03 7.978248765663435051e+02 2.988166723945642644e+00
1.435078330303739449e+03 8.946109911965863830e+02 2.105799152507403793e+00
1.319650852580073888e+03 8.956589198873321038e+02 1.221103114506367771e+00
1.238315673291001985e+03 9.453101367711649345e+02 1.571174493248455484e+00
1.388478430289854941e+03 9.439836513564068810e+02 2.297209306683319685e+00
1.275874878439561598e+03 9.991936915347846480e+02 9.027474344358942249e-01
1.474787848746563213e+03 1.021140296793264042e+03 2.703750825868615149e+00
1.633419665070374322e+03 7.136926160010028752e+02 2.587143480266394402e+00
1.576162784766806681e+03 7.542702384308655610e+02 1.671672188326096542e+00
1.384466620132221124e+03 7.500212940619144319e+02 3.085817768487112644e+00
1.434838932656545012e+03 8.947731872894046319e+02 2.090095496884149640e+00
1.387354183702258524e+03 9.441522981660100413e+02 2.308333442893292897e+00
1.555327046212811410e+03 9.997013478160977229e+02 2.240818462161671132e+00
1.629243491806448219e+03 7.154914785641800563e+02 2.661898832271588855e+00
1.574911708717641659e+03 7.559898988296090465e+02 1.749386820159226641e+00
1.551334535986600031e+03 9.992157348846712921e+02 2.358993137635954085e+00
1.925687559649146806e+03 7.240849911374095882e+02 1.864029734192881982e+00
1.868326073908257740e+03 7.300353448878319114e+02 1.301801910238146398e+00
1.868015857111251080e+03 7.308862812968194476e+02 1.266560817362354818e+00
1.925539334597536254e+03 7.222755343359501694e+02 1.854237950436842253e+00
4.633112259037425247e+02 1.000327435614937258e+03 1.919337946844763776e+00
3.947168958269728591e+02 1.141244970620210552e+03 2.698265734510797986e-01
5.252655097034490836e+02 1.167288860060810748e+03 2.051492957179997134e+00
4.624505091145093729e+02 9.981012599244434114e+02 1.928523061165012376e+00
3.938805005238108379e+02 1.141550735719432396e+03 2.597323208884230739e-01
5.235794087867684539e+02 1.169346885171724807e+03 1.962581744955359531e+00
6.360916028693488897e+02 1.169955731998062447e+03 1.773222974207550595e-01
7.239264240600850826e+02 9.160519843893036978e+02 1.025767477114210013e+00
8.052524627404519606e+02 9.193524893479902858e+02 6.826786916104962133e-01
6.375365873222685877e+02 1.171086498958570019e+03 1.199269035073486367e-01
7.214200269633953440e+02 9.155730337117765885e+02 9.529145304513629844e-01
8.027715986618536590e+02 9.208545935103907141e+02 6.205542524289801021e-01
9.807054669448248205e+02 1.099819906286095829e+03 1.722272844570686967e+00
9.781806666993538784e+02 1.097200703012695612e+03 1.649037299975663284e+00
1.047156375932914216e+03 1.132733340056864790e+03 1.647618486897827195e+00
1.103247194826660234e+03 1.150584548008313959e+03 1.421377333214143723e+00
1.158663118685729614e+03 1.168081490112992469e+03 1.034108798052561395e+00
1.185562837623705036e+03 8.680942139284520636e+02 1.719349991748586381e+00
1.320114713252150977e+03 8.966034630227461548e+02 1.074020285252084150e+00
1.240181995638238277e+03 9.417706171052441277e+02 1.547297097109100461e+00
1.276170437641959325e+03 9.978378484366571683e+02 8.280971044436158390e-01
1.193983838006323595e+03 1.023038083401449057e+03 1.951429932042866966e+00
1.301920277594352683e+03 1.093504688196445613e+03 2.008699266577976594e+00
1.045808541788637058e+03 1.130787392974619024e+03 1.722308293116714850e+00
1.101241765549830689e+03 1.149795966897690050e+03 1.326656920068232326e+00
1.154164115452937267e+03 1.167828519958477500e+03 1.002721604958719093e+00
1.319568720806908914e+03 8.945144004558480901e+02 1.206059105901788220e+00
1.436412209230538338e+03 8.933019535723592526e+02 2.104599568650658448e+00
1.238381048866431684e+03 9.442579474528145056e+02 1.570035720904974452e+00
1.388277151085001606e+03 9.422536417289525161e+02 2.292980435572102849e+00
1.273958113821436655e+03 9.979459033183245538e+02 8.562308767705861801e-01
1.191190836194205531e+03 1.022738819203491630e+03 1.885461497599583369e+00
1.487965418057504849e+03 1.026631174383272537e+03 2.794837365137305518e+00
1.366350621180733015e+03 1.020143975175745709e+03 1.837540625343570821e-01
1.300954638422097787e+03 1.093937217945207294e+03 1.937659878393002577e+00
1.422784378960205686e+03 1.087724189896456664e+03 2.972092056766217461e+00
1.377646651527049471e+03 1.107300183563411338e+03 1.916586255433730734e+00
1.434724230413261466e+03 8.928658298470738828e+02 2.007959870844189254e+00
1.386608709242320174e+03 9.418430820888941071e+02 2.216940154252438511e+00
1.554063796518437812e+03 9.966259297666583734e+02 2.167144402752573473e+00
1.486214741379160841e+03 1.025548718333853685e+03 2.840005196644195262e+00
1.366023133243551229e+03 1.019905552171902627e+03 2.624556537849618287e-01
1.422853884850011355e+03 1.087519839581145561e+03 2.927041777477430884e+00
1.512536364448881613e+03 1.101781412236992992e+03 2.603269013120866671e+00
1.374955013929145707e+03 1.109373294096471682e+03 1.944619446051200073e+00
1.598236781829090887e+03 1.177207961624058044e+03 8.202029604850626099e-02
1.553768859868074742e+03 9.960594732553820450e+02 2.246612200517165814e+00
1.515017147565248933e+03 1.103166276129102926e+03 2.635288014399807643e+00
1.603756028869530837e+03 1.174206527620954148e+03 3.063943116627698693e+00
2.497619110098048054e+02 1.251940806797810865e+03 1.671139959955332932e+00
3.953169962788817884e+02 1.139077628893045130e+03 2.362925973776211774e-01
5.247474350529460025e+02 1.169191291216119907e+03 1.952343403937942590e+00
2.472607815712350430e+02 1.253181233278623267e+03 1.631364316082388299e+00
4.627182260612157734e+02 1.285569134726979883e+03 4.831093187092605490e-01
3.937809092639218989e+02 1.139537509119010110e+03 2.098527165430054686e-01
5.239850181094052459e+02 1.169677747883518578e+03 1.927241024107231526e+00
6.410464532591358875e+02 1.168046938201470994e+03 1.283988125356852750e-01
6.271406604840150294e+02 1.236184272570874100e+03 8.524259880107404319e-01
4.625222193324403861e+02 1.286808198184151479e+03 4.516301607826694875e-01
6.383444495923588420e+02 1.167917910432342978e+03 1.214894497085851899e-01
6.251328691614402260e+02 1.236534512903514724e+03 8.474747564132762978e-01
8.574248595437441054e+02 1.292310865386833029e+03 9.661364793432097864e-01
9.790267200711939495e+02 1.095565221978868067e+03 1.716222512651824905e+00
1.000843620281700851e+03 1.249260183383294589e+03 2.440082633565217485e+00
8.533392263016398829e+02 1.290755141667667885e+03 8.659186739403923472e-01
1.011461719057622304e+03 1.333832356265434100e+03 2.533061052896097287e+00
9.792062145974391569e+02 1.095184962662769294e+03 1.611988498066629694e+00
1.047889093476569315e+03 1.130263260899025909e+03 1.626354562139211479e+00
1.102656179004504338e+03 1.147101378330067291e+03 1.299151657970108342e+00
1.156698832396728903e+03 1.165761543460104576e+03 9.799540917158250375e-01
1.001275635103395189e+03 1.249513804715275228e+03 2.489599510901829404e+00
1.065777821961939708e+03 1.264230391468528524e+03 1.734957997063639290e+00
1.139882740846086790e+03 1.290302782177429890e+03 1.827556253212080151e+00
1.015702793563404612e+03 1.339671365189021344e+03 2.590588291899285522e+00
1.302945480566923152e+03 1.091277936554811276e+03 1.975527958994044209e+00
1.046727577959464725e+03 1.130109515411260645e+03 1.710237875541421371e+00
1.101556546597622628e+03 1.148149668122530329e+03 1.327344906747636610e+00
1.154347526373835080e+03 1.166855921471695183e+03 1.006918312757285827e+00
1.214703928342320296e+03 1.194670589266000889e+03 1.758772046703373393e+00
1.269922231252773599e+03 1.220930705931401690e+03 8.089777153113720809e-01
1.062749199431471880e+03 1.267968226161320445e+03 1.726842233086756995e+00
1.139401820163481943e+03 1.292591100597770719e+03 1.813864995141175607e+00
1.191608219380010496e+03 1.034798619332945691e+03 2.145008397160331537e+00
1.301027033344898655e+03 1.093189446089543935e+03 1.930115547178868907e+00
1.423662079910045804e+03 1.086357131684772185e+03 2.972601405022604393e+00
1.377315779208154709e+03 1.106913297464255493e+03 1.984982409035388695e+00
1.213500513607421226e+03 1.195025741364082933e+03 1.722109679085704004e+00
1.339968538648140793e+03 1.195707788387074970e+03 1.730610329701458783e+00
1.267698490729263995e+03 1.221693257647242262e+03 8.475005101372852234e-01
1.486763706907216601e+03 1.227390077994237799e+03 2.256337728425321654e+00
1.434614807487399048e+03 1.256894905095727836e+03 2.250013560989181371e+00
1.385432267787217825e+03 1.288123484933429154e+03 1.700422708794069315e+00
1.424604529057871332e+03 1.087128190610181719e+03 2.972535905764490671e+00
1.511769910120188570e+03 1.100570788884997910e+03 2.651368376723490794e+00
1.374781449298007146e+03 1.106102343572436212e+03 1.917760153268453616e+00
1.602221182497815562e+03 1.173774634111408204e+03 3.056171044645672463e+00
1.559412181001311865e+03 1.213547266889103867e+03 1.967992719687450709e+00
1.485219375704788717e+03 1.226216854204161791e+03 2.221128488713043136e+00
1.433979463158573026e+03 1.257343164628347495e+03 2.171947492601715712e+00
1.384718781616661545e+03 1.286113599944866110e+03 1.675817269840594648e+00
1.576429579494505788e+03 1.312241609199416416e+03 2.266722328275797338e+00
1.654863672822628359e+03 1.321834614872309658e+03 2.218553642963437600e+00
1.513596597963480008e+03 1.102902232170027901e+03 2.723841848403388610e+00
1.602002645179747788e+03 1.172599548326889362e+03 3.043298411845459128e+00
1.558167725214146685e+03 1.211490624368212139e+03 2.025334672136696490e+00
1.711243731002097320e+03 1.227317063599306721e+03 2.109284213020008458e+00
1.781222318430617861e+03 1.305555934690376262e+03 2.282175695538149807e+00
1.575094297800172171e+03 1.313920660583822610e+03 2.342510983632116961e+00
1.656765381395822033e+03 1.325033405420786266e+03 2.208395032288561932e+00
1.711646892665049791e+03 1.226661160588727398e+03 2.652163127779591623e+00
1.780318604000252208e+03 1.306338825505982186e+03 2.359365357352571912e+00
2.499679227403120194e+02 1.251421992841891779e+03 1.642898773402062806e+00
3.120370911346346929e+02 1.345014885525592490e+03 2.961432303159844626e+00
3.253471423503751225e+02 1.405157722550826747e+03 2.614214368127573129e-01
2.472042814292771595e+02 1.251959184004916551e+03 1.643139269365065047e+00
4.638966718302664276e+02 1.285444223515139356e+03 5.087434436827494855e-01
3.124242035858614486e+02 1.345708884122264180e+03 2.884448515586171435e+00
4.699227703495995456e+02 1.351603888990429141e+03 1.419140773212859696e-01
3.246695380806796720e+02 1.405511812339500693e+03 2.574899892156712888e-01
4.942135682723665013e+02 1.412634282838212357e+03 2.766986926285209591e+00
6.264520322905353851e+02 1.236070919275434107e+03 8.691012575250836036e-01
4.622331311233958786e+02 1.285801324229503052e+03 4.904886452650262796e-01
4.683331019347990605e+02 1.351605329942290155e+03 2.479835941317874770e+00
4.927669923898954494e+02 1.412437222010830055e+03 2.757763831481436334e+00
6.028107605750712992e+02 1.468472845505744772e+03 7.841669149417222762e-02
6.255584340625453024e+02 1.235098535605554844e+03 8.751844781509533489e-01
8.558428442172944415e+02 1.288534324018408370e+03 9.904045660756127800e-01
7.769239116295716485e+02 1.435970143179963088e+03 2.666734690723953527e+00
5.996942971911406630e+02 1.469035310422626480e+03 1.628708646115206993e-01
7.162000255261719985e+02 1.498095382028292079e+03 3.140208593404332227e+00
1.003293989206363449e+03 1.246914701104171627e+03 2.404978326375018849e+00
8.535362655087086523e+02 1.289631274792992372e+03 8.988855249308169704e-01
1.017835184771497325e+03 1.336743682255984368e+03 2.543915192535674219e+00
8.657200794852619765e+02 1.372738393229039502e+03 7.431514650167614366e-01
9.904462245833442466e+02 1.393147707039427360e+03 2.655322888529251468e+00
7.747153889199971672e+02 1.435224565704476390e+03 2.733586023421731515e+00
9.227481416510170220e+02 1.459127173119468807e+03 2.081710476102483831e+00
1.019585075887781386e+03 1.477666249577018334e+03 7.792699470099564429e-01
7.194866188962081424e+02 1.498013507160267181e+03 2.774168775469678105e-01
1.002952317202008089e+03 1.249566309357584487e+03 2.430131607325594967e+00
1.066111203227492297e+03 1.263013579343741412e+03 1.732512846046043054e+00
1.140089065328516426e+03 1.290242226829805531e+03 1.782203535883169598e+00
1.016514304155449963e+03 1.337180646833061019e+03 2.569830937310782382e+00
9.910494267141768887e+02 1.393787415506048546e+03 2.712773004853871406e+00
1.125790032238130607e+03 1.422065906756342883e+03 1.230853097580874689e+00
9.212917745995232508e+02 1.462193637195231759e+03 2.136761195014342807e+00
1.173323622512038810e+03 1.454434673849057845e+03 8.621845570231541078e-01
1.021867198042997416e+03 1.472821178395008928e+03 6.486425537956200804e-01
1.215650630514673821e+03 1.196145203971977935e+03 1.873316412397324049e+00
1.269599137948505359e+03 1.219387271056069267e+03 8.649416419656056343e-01
1.062899194465192522e+03 1.262369550332568906e+03 1.843492487040437444e+00
1.139585182110113692e+03 1.291737514315446106e+03 1.831297029483940797e+00
1.285091819716628834e+03 1.401597881415228358e+03 1.066547828879483406e+00
1.123691172502855125e+03 1.422926932720019749e+03 1.225160421216247242e+00
1.171160749094713765e+03 1.452108585000628409e+03 6.301277340994384524e-01
1.240881400006107015e+03 1.499407925044509284e+03 3.400781653944537353e-01
1.339748207099467891e+03 1.192518234801557810e+03 1.836413411578775579e+00
1.214533154282241867e+03 1.199315476317523689e+03 2.005221990787119601e+00
1.267064693285650492e+03 1.218632433235220560e+03 9.134078664796159153e-01
1.487508507741929861e+03 1.224262181068407244e+03 2.306486040305047780e+00
1.434709856924328733e+03 1.255432903752747961e+03 2.231306480790529623e+00
1.384572244360972491e+03 1.287009535661912423e+03 1.816465357508329381e+00
1.283699643345806635e+03 1.402169122627237584e+03 1.100096231261301849e+00
1.467098250019570060e+03 1.393704868997223684e+03 3.075976615970082428e-01
1.500994794707219398e+03 1.449473837986842454e+03 3.239294567897875732e-01
1.361119002868588041e+03 1.480642506727088175e+03 1.029887026975292219e+00
1.239874894102210874e+03 1.499191580781061475e+03 3.884207981033577228e-01
1.558604069396204068e+03 1.209462770096664144e+03 1.976341872591240278e+00
1.483997738830273647e+03 1.223788802445419606e+03 2.265139979021934646e+00
1.433039730250175126e+03 1.255285584453141837e+03 2.220510365136261655e+00
1.383713874435042271e+03 1.285379043252977453e+03 1.681325560829719290e+00
1.577112942738039237e+03 1.312107743320639884e+03 2.326882251139395841e+00
1.658007197446313967e+03 1.324421043104259525e+03 2.219717709581008336e+00
1.465511024515573354e+03 1.394017516314914928e+03 3.654824967528708113e-01
1.568152791618575293e+03 1.386803777829189812e+03 2.322030217303395982e+00
1.502921000273239542e+03 1.447944974429686681e+03 2.369258960242955903e-01
1.359361880038106165e+03 1.478012169962927146e+03 9.711765050349536743e-01
1.557666134650256936e+03 1.213541009324949755e+03 1.940855787867628468e+00
1.728979554790536440e+03 1.209036267253310143e+03 2.964879897791281138e+00
1.695142388926459489e+03 1.243653801358920191e+03 1.866245369386933861e+00
1.576196545020862459e+03 1.313366840239832072e+03 2.333920205166362116e+00
1.781321605839298172e+03 1.307582463420024851e+03 2.374201839575835749e+00
1.656026931180321071e+03 1.324497449378332703e+03 2.213485746329160175e+00
1.743119618913224031e+03 1.355979176120658167e+03 1.702079362937391593e+00
1.567635284710989254e+03 1.388024774827113333e+03 2.334135698724032260e+00
1.698689897632622888e+03 1.430866840803940477e+03 2.683439259144450695e+00
1.678225900256095201e+03 1.490634173285539191e+03 2.756870560821505389e+00
1.732099316697710719e+03 1.209333673865929313e+03 2.835339552527753160e+00
1.693314217971545531e+03 1.248326077064493802e+03 1.992231512153180839e+00
1.781221280438497388e+03 1.305895168460805280e+03 2.327070870141892733e+00
1.742180387368662196e+03 1.357090490550026971e+03 1.716978453547532535e+00
1.924495634526505000e+03 1.433917643752949289e+03 2.406355207758667181e+00
1.695388074154318247e+03 1.430999295072637324e+03 2.809700451606968130e+00
1.674178685872450160e+03 1.494156087766192059e+03 2.565874171235426271e+00
1.921862642838817919e+03 1.432744371506376638e+03 2.437568858481252931e+00
3.238022164530916598e+02 1.402241013304760145e+03 2.782725368459929571e-01
3.638306575821079605e+02 1.610920508852840612e+03 3.800195378454239159e-01
3.146323890819547273e+02 1.348687445552523059e+03 3.094602536088204570e+00
4.674927239383748656e+02 1.347790549930529323e+03 1.192669700570792718e-01
3.235403959798771893e+02 1.404513646048570990e+03 2.731442944896235736e-01
4.922347996675663353e+02 1.410408309411333221e+03 2.740927445372251636e+00
5.357448134825210673e+02 1.581828779194090657e+03 2.694146083473329512e+00
3.626080546195209990e+02 1.609892538106319762e+03 3.375523180716907268e-01
4.679847473269588818e+02 1.347586478694076050e+03 2.069595321109029828e-01
4.910543758403184711e+02 1.409988302539696861e+03 2.781145699387004733e+00
6.009695252630349387e+02 1.467010182363408376e+03 1.517365425490166675e-01
6.005647276696877270e+02 1.564247417959035374e+03 1.859423489588358569e+00
6.677490786247190044e+02 1.567855177973358650e+03 1.840431833268318718e+00
5.380322668644903388e+02 1.580878913012107205e+03 2.782517019552473769e+00
5.526297576606450548e+02 1.648397469042962257e+03 2.905440565007571418e+00
6.613154690031410610e+02 1.661589687838510599e+03 1.666292609403112468e-01
7.768424210611581202e+02 1.434937320427686700e+03 2.663123299097385654e+00
6.010243075842389544e+02 1.467104293995355647e+03 1.465742269527416930e-01
7.159170095957293825e+02 1.494396372524782691e+03 1.361514565170767466e-01
5.996534596772777377e+02 1.564615942364873717e+03 1.856977730307339813e+00
7.997802980114329330e+02 1.542968305361957619e+03 3.010631097908731846e+00
6.643783432256838068e+02 1.566061304867662102e+03 1.801196152582945409e+00
7.189572173246210696e+02 1.557703243745292411e+03 2.329061276571929628e+00
8.503399741208033902e+02 1.611856801156925030e+03 5.103892947052948159e-01
8.668923155312800191e+02 1.371814476164804091e+03 7.817977207850950183e-01
9.927272558509100691e+02 1.389297562062251245e+03 2.592015501357661122e+00
7.745036074017925785e+02 1.435005960391936242e+03 2.686485900070458399e+00
9.240256116367552295e+02 1.459853046460163796e+03 2.056013410658533047e+00
7.123464279338257938e+02 1.496306465663261861e+03 1.520038452465973522e-01
9.158911997982409048e+02 1.541070742262098975e+03 2.531261113673456631e+00
7.965707155310229837e+02 1.542915820205495038e+03 3.006610460173303689e+00
7.155008260617214546e+02 1.556323987349411937e+03 2.410211090600987038e+00
8.532224841763567156e+02 1.612775879448895466e+03 4.276939424702296266e-01
9.680470876173808392e+02 1.639006038402832928e+03 2.201877714995118751e+00
8.744117482520043723e+02 1.657380560219962035e+03 8.836971957657271393e-01
9.902364682929580795e+02 1.392063774827978705e+03 2.673611588505518277e+00
1.125620820738016391e+03 1.420920959960280470e+03 1.262067254411191053e+00
9.225731178046014520e+02 1.459531057629593306e+03 2.127627583665442135e+00
1.170166264505810886e+03 1.451517121474789519e+03 8.338061845797754001e-01
1.021695200775848207e+03 1.471884716229027617e+03 6.472353987304945155e-01
1.139349251829660943e+03 1.528914256908487005e+03 1.005508810050982582e+00
9.136559881095115543e+02 1.540870600041000216e+03 2.609476978134598557e+00
1.025970107706037425e+03 1.536792516259973354e+03 4.427670023208270522e-01
1.109004956507833867e+03 1.624076980837911606e+03 1.192286829815181415e+00
9.686963109971252379e+02 1.642810320074973333e+03 2.291218903407897134e+00
8.759847126622175892e+02 1.655890516513167086e+03 6.691532046219073049e-01
1.286052672293977821e+03 1.397761332647080508e+03 1.138261598144340248e+00
1.124526732504652728e+03 1.421053639838094114e+03 1.329539837384383860e+00
1.169407526616125097e+03 1.449982657364962279e+03 6.453100018876377630e-01
1.239982681848009179e+03 1.495594241233421599e+03 3.282501881980089964e-01
1.138671030280939476e+03 1.528273935786019820e+03 1.036064111735213844e+00
1.245907782981342962e+03 1.555225610989634333e+03 2.922216555969112672e-01
1.329806919110963690e+03 1.592831688386962696e+03 1.597675702953757604e+00
1.108354579592070195e+03 1.620977708494579474e+03 1.178227196440233771e+00
1.187037052868433875e+03 1.633864142571293542e+03 2.054519455316603960e+00
1.255370019712903741e+03 1.649123427108517490e+03 1.153081050200311930e+00
1.284230534133964284e+03 1.399079498254686314e+03 1.145086953913636574e+00
1.465296324821142662e+03 1.392599501536170465e+03 3.067222641233280367e-01
1.362288024884541528e+03 1.476896190767359712e+03 1.040025756361944165e+00
1.237922296737745910e+03 1.495832959827243258e+03 3.429561058591088507e-01
1.468078077961246436e+03 1.535431171161816110e+03 2.009473489567398019e+00
1.244131423903651466e+03 1.555727071038120812e+03 3.073397146944487623e-01
1.327369630383802360e+03 1.594608366163837445e+03 1.572027419339109056e+00
1.253917902649528742e+03 1.647360371439749315e+03 1.155121024739913071e+00
1.494779954804538647e+03 1.649070896672795925e+03 1.323139438499427278e+00
1.380997595383686075e+03 1.648355403473200568e+03 4.782523032588190670e-01
1.466495703414998161e+03 1.392574177176504691e+03 3.042197092533776015e-01
1.567725615584188972e+03 1.382042396959289590e+03 2.296131925007073082e+00
1.503267405708122169e+03 1.446668420180469866e+03 1.658675925619566005e-01
1.358629560097434705e+03 1.477983254883147083e+03 9.732699792450190124e-01
1.544766601696093403e+03 1.505213222798159450e+03 1.109518532620449971e+00
1.466782573517366473e+03 1.534781461612832572e+03 1.960778390221733281e+00
1.594034805231282235e+03 1.544879317342581317e+03 1.091490713260032441e+00
1.641327451838943716e+03 1.588125015138685512e+03 1.257253886118541386e+00
1.489195031280254170e+03 1.655422475531973760e+03 1.383658387582334282e+00
1.384696468208950137e+03 1.646060639049954716e+03 4.768319737828862204e-01
1.743071505057816921e+03 1.356043982426164348e+03 1.848966847050208973e+00
1.568254667756678828e+03 1.388743959674719918e+03 2.361976096919074841e+00
1.698929786584587646e+03 1.429881144385630478e+03 2.641762355419545294e+00
1.678251491236724405e+03 1.489270349798992584e+03 2.649050268784808093e+00
1.542786205263521651e+03 1.506426139605200660e+03 1.073385210576059068e+00
1.592139966634473694e+03 1.545491502406493282e+03 1.044928619563049832e+00
1.638787429005228887e+03 1.587986837870159206e+03 1.198772130123800128e+00
1.718652446746664509e+03 1.591316743509369189e+03 1.036314778580550655e+00
1.776275056074546910e+03 1.609656171729177231e+03 1.910451791168342295e+00
1.741245052619915441e+03 1.355902091095575997e+03 1.780905699239538897e+00
1.698303724984570181e+03 1.428856030116582360e+03 2.708677942655423720e+00
1.923507146379027290e+03 1.432919638512098572e+03 2.424529298839485758e+00
1.675731588366055576e+03 1.489367098811711458e+03 2.691863469621063043e+00
1.882885031330707989e+03 1.503738138941057969e+03 2.459231541310757496e+00
1.717099901114885597e+03 1.590946747578722807e+03 1.050075692721874621e+00
1.775729921769677958e+03 1.607361363716432606e+03 1.825974600477465293e+00
1.897768761282595733e+03 1.620981228720743729e+03 1.480180615173737335e+00
1.944088942233368016e+03 1.624757092023046880e+03 1.887141638198437832e+00
1.921128432589803197e+03 1.430886370093855021e+03 2.429706928010643363e+00
1.880898730204693265e+03 1.502243905760486314e+03 2.471569579402228545e+00
1.894625417106196437e+03 1.619300197236122131e+03 1.486370425019242436e+00
1.945537327316624669e+03 1.623848946398851012e+03 1.979103411019097258e+00
3.669203824755348933e+02 1.606986703604366085e+03 3.326751478962469144e-01
3.010599328777345818e+02 1.695648865813656130e+03 1.695184567893444516e+00
5.355328214522592134e+02 1.577444538722990728e+03 2.850878571506555659e+00
3.629392626077271871e+02 1.608362295982941077e+03 3.082695674054730661e-01
2.996577974674539746e+02 1.696808438705690833e+03 1.678787413498357139e+00
6.004683426634542229e+02 1.564072777886546191e+03 1.862161177243041754e+00
6.660653033205123847e+02 1.565987273569624222e+03 1.772113975258980290e+00
5.385809461497030952e+02 1.580593689511400498e+03 2.767056595522951135e+00
5.531709141546164119e+02 1.647720987932193339e+03 2.847127614084357994e+00
6.709421145371659350e+02 1.662762146501965617e+03 3.025702569547374932e+00
5.797852227269954710e+02 1.730720571234435056e+03 2.896918814347816618e+00
5.984375025787870754e+02 1.566184125104815166e+03 1.865436299839440482e+00
8.006675886529264972e+02 1.541328028648435293e+03 2.994973857506471049e+00
6.642928803972433798e+02 1.565894175326956201e+03 1.844210390981717129e+00
7.191537862274776671e+02 1.557231515923044299e+03 2.347471129655674726e+00
8.536354268366779934e+02 1.611459928771981140e+03 3.898743950591370133e-01
5.539461381453447757e+02 1.649953452430349898e+03 2.807275813856076496e+00
6.703008050025291595e+02 1.663082824488173401e+03 2.975208901150875551e+00
7.269190745520634209e+02 1.727604804223725978e+03 1.048738539108021062e+00
5.774437949749777772e+02 1.730542002493949440e+03 2.872588240472579546e+00
9.161988348885847699e+02 1.540358641625459313e+03 2.564299344858425478e+00
7.980100548646787502e+02 1.541699456438365814e+03 3.014367842418972820e+00
7.199951091041378959e+02 1.559062428994333459e+03 2.420379534504962127e+00
8.534344584534276237e+02 1.610631485119769650e+03 4.209836591302426045e-01
9.715949898407905039e+02 1.640096899708301862e+03 2.292453366052415564e+00
8.755174055038196457e+02 1.656035330517305283e+03 8.658720307802972860e-01
9.392801547765106989e+02 1.715379762180255511e+03 1.776254124793812395e+00
7.257341553141700388e+02 1.726705418785306620e+03 1.021913846282692884e+00
8.893203251816371449e+02 1.768989353249088936e+03 3.013596159579698952e+00
1.135864178545100458e+03 1.531970169129382612e+03 1.001088423703722974e+00
9.131748076755616239e+02 1.539336501142770203e+03 2.624975115356368960e+00
1.025930047931593890e+03 1.534874582568319966e+03 4.519896362940855061e-01
1.108544539624909021e+03 1.620002736320480381e+03 1.109461335590470776e+00
9.689218970346285005e+02 1.638999648011744284e+03 2.337337363015411285e+00
8.700951714736524991e+02 1.654575726134023171e+03 8.247977184750638902e-01
9.373189750584356261e+02 1.714611006138814901e+03 1.785940014696626443e+00
1.057391753561473934e+03 1.715572373111562456e+03 2.065148692715751633e+00
1.176451048754940757e+03 1.719560970200978545e+03 2.264432104408530932e+00
1.035130495411385937e+03 1.762668548098764404e+03 2.982040404439865178e+00
8.877189623391095665e+02 1.768904596636702536e+03 3.084907898864062581e+00
1.164681586450131817e+03 1.787181236423854898e+03 2.878369316131308864e+00
1.137718145280173758e+03 1.526808298124217799e+03 1.042357931434654050e+00
1.244637009486156785e+03 1.553023730962767331e+03 3.370194405214381184e-01
1.329427499993122638e+03 1.595078259910283123e+03 1.574046494690216846e+00
1.107373825653680115e+03 1.619815517220617267e+03 1.149234335655868300e+00
1.187049002285820052e+03 1.633703338581943854e+03 2.030462499129924936e+00
1.252451649580114918e+03 1.649712780730856366e+03 1.064928136083475252e+00
1.055059774629425192e+03 1.716462559123672463e+03 2.121121155115964996e+00
1.266703804403836784e+03 1.710916682543545903e+03 1.013095723988926888e+00
1.174713463567939471e+03 1.721459099892267886e+03 2.274327731688847720e+00
1.333347909212028298e+03 1.741804178889440664e+03 7.705011566499080367e-01
1.030331863156872942e+03 1.759047417697741821e+03 1.888011976524882618e-01
1.165214519190423061e+03 1.788110696127617985e+03 2.896335039208402407e+00
1.280891775323355205e+03 1.821408605895777782e+03 5.812618477310578236e-01
1.469938569194218871e+03 1.540112384242511553e+03 2.104824293918365452e+00
1.241353146806002542e+03 1.552883979190526588e+03 2.273175885596096513e-01
1.327278227402295215e+03 1.594293432901724827e+03 1.571548269410098841e+00
1.251591089732100045e+03 1.650031994463357933e+03 1.087965522970587573e+00
1.492423192762268400e+03 1.654659531890374183e+03 1.449024716718617878e+00
1.379585212744237197e+03 1.644633483487950343e+03 4.226543497939218019e-01
1.424878723511358885e+03 1.694267088763906258e+03 1.417574737446713140e+00
1.265597913398283026e+03 1.711318923837764260e+03 1.019951664645118550e+00
1.334040766037461026e+03 1.738745994370714698e+03 7.142838826937863983e-01
1.464020370393527855e+03 1.789758454686041432e+03 3.069526058142244995e+00
1.284762309546343204e+03 1.821054167284873074e+03 4.509653866945875778e-01
1.466507241731466365e+03 1.534662805815585898e+03 2.027357432165640017e+00
1.593853530330728063e+03 1.543998215827109334e+03 1.053240227263957829e+00
1.640013539968829264e+03 1.586079517301746591e+03 1.207179969599776914e+00
1.488250172197147549e+03 1.655043735072588788e+03 1.355511251596922762e+00
1.376339863094946850e+03 1.645516265613337055e+03 4.269055750021487072e-01
1.541683690500087778e+03 1.679500734467205803e+03 1.601064592442008383e+00
1.659330461410496582e+03 1.694027837828471547e+03 1.741073144971510223e+00
1.423130320069353274e+03 1.695374003318103860e+03 1.360800630011540058e+00
1.600149910445379646e+03 1.712844595590398512e+03 1.666264666384924542e+00
1.463715403539395083e+03 1.787512804537028842e+03 3.132567478875207811e+00
1.556857194338587306e+03 1.812566234769854873e+03 1.797413317638578700e+00
1.591626202298960607e+03 1.542178371736406916e+03 1.039721248240224272e+00
1.638744544572738278e+03 1.586043495463845147e+03 1.172305220779993773e+00
1.719135138381395791e+03 1.589143446621738804e+03 9.942160715298419271e-01
1.775733775179297027e+03 1.607439162674316094e+03 1.980384261614834829e+00
1.540276044439243833e+03 1.679963722819741406e+03 1.593708021493815519e+00
1.654980898835329526e+03 1.693217826566065696e+03 1.694840761728264367e+00
1.598666166939982304e+03 1.712611193999224724e+03 1.628524822997352128e+00
1.708238391516150841e+03 1.724845155536585253e+03 1.725820964228039545e+00
1.554288442224648179e+03 1.809165968968192374e+03 1.887841093778612311e+00
1.658750309556163756e+03 1.815140683121436268e+03 2.144506724644192452e+00
1.717692921611909014e+03 1.590459285489150034e+03 1.039641628415076458e+00
1.775597736197618815e+03 1.606574162171248872e+03 1.907390350754041730e+00
1.896121116024087314e+03 1.618482680632283518e+03 1.513511686614247953e+00
1.947866415964227144e+03 1.626059707146195706e+03 2.046769391994716525e+00
1.708304797865844193e+03 1.725032034052986319e+03 1.667303792752133029e+00
1.894657925722120581e+03 1.619189197944602938e+03 1.524870585448056648e+00
1.945486730572238230e+03 1.624276307855494906e+03 2.029419841432567040e+00
3.018074683884767637e+02 1.696032958403126031e+03 1.720329540975608751e+00
2.543164337717347507e+02 1.819730010910757983e+03 1.409282001844130994e-01
3.005960272927122787e+02 1.696425493857225320e+03 1.669977434018850238e+00
2.533852867255739056e+02 1.819993621559417761e+03 1.610801351543082183e-01
5.782852398797483602e+02 1.730243363750459594e+03 2.970609004423859112e+00
7.276803081242476310e+02 1.725708849580370725e+03 1.039339182380539350e+00
5.777830056675447850e+02 1.729944398871782369e+03 2.887084133007448816e+00
8.459621110209210428e+02 1.852701848895058674e+03 1.154344375757727192e+00
7.268678997544525373e+02 1.921477424574301494e+03 5.002411838492135110e-02
9.384360517734426139e+02 1.715265545713819165e+03 1.852131621805777506e+00
7.237941580960994088e+02 1.724863554122133792e+03 1.011290447201080411e+00
8.866673040730897810e+02 1.767664176868346203e+03 2.954190097904870971e+00
8.429470028723537780e+02 1.854195581612704245e+03 1.160506124121530203e+00
1.000957308181766621e+03 1.893769007331031844e+03 4.142474494701198912e-02
7.231859924956585246e+02 1.921140444126328021e+03 3.754351863587381682e-02
9.372230660652064671e+02 1.712867399937000755e+03 1.790412261568487651e+00
1.057337206750285532e+03 1.714478077073980558e+03 2.035980799591747825e+00
1.176319755884211418e+03 1.716927100464252590e+03 2.232072964751125710e+00
1.034442225957995106e+03 1.761129037185413154e+03 2.955635061223636839e+00
8.863416972878817433e+02 1.766857732101824695e+03 3.091493050383180119e+00
1.167165294300401001e+03 1.786259147119180625e+03 2.951599932091712564e+00
1.041287654172617295e+03 1.833732056281043015e+03 2.341447055850374159e+00
1.147927606671361673e+03 1.838209161256003426e+03 2.982458321443414384e+00
1.003263475803384608e+03 1.891771475064444985e+03 9.611843003872373725e-02
1.121102578493042984e+03 1.925217483497031481e+03 1.796980417043983813e+00
1.034379863379800099e+03 1.967844593600628286e+03 7.835700118366935030e-01
1.167404289444785945e+03 1.945601812201527537e+03 1.301721817812045101e+00
1.042925146349040915e+03 1.742487957824856721e+03 1.853944006863017302e+00
1.265982412136212815e+03 1.710541547687464345e+03 1.020957238088911589e+00
1.175064244241400502e+03 1.722887440468906334e+03 2.237902199348261956e+00
1.331438748372350574e+03 1.740064041588510463e+03 7.676855931844078773e-01
1.164995602183204028e+03 1.788263448447296923e+03 2.891012029695097851e+00
1.278872162738267434e+03 1.817171604609987753e+03 6.497235399225560482e-01
1.040284999545242044e+03 1.838501974429794473e+03 2.385935332140998177e+00
1.145964752748410774e+03 1.839792886969658412e+03 2.921302712504241228e+00
1.332116094020512492e+03 1.840531440355918448e+03 1.308529143529171490e+00
1.119488562332000583e+03 1.925662675772548027e+03 1.830070162451345794e+00
1.168060015519371973e+03 1.947252148615512851e+03 1.625720871937277767e+00
1.033925482040936913e+03 1.967869485750766216e+03 6.673568482733877039e-01
1.423779635241995493e+03 1.695255622252196417e+03 1.471415559531600081e+00
1.264791990958074621e+03 1.710541435168216367e+03 1.102075552581320617e+00
1.333010152999341699e+03 1.738279127340165360e+03 7.723187314677952831e-01
1.466197094350241514e+03 1.785940466010253431e+03 3.067622860703775434e+00
1.276888466305706288e+03 1.817766449637920005e+03 6.798505945037447429e-01
1.329909265968352884e+03 1.838325945032633399e+03 1.412580449299166707e+00
1.445491854873879220e+03 1.846786232749360124e+03 1.277214680701106164e-01
1.363160571623278202e+03 1.912534500724549616e+03 7.012605355848413602e-01
1.488633768296601147e+03 1.908426200855581101e+03 6.705804628563108993e-01
1.422921169283844620e+03 1.693659812088202216e+03 1.416600291515345944e+00
1.600244063957993149e+03 1.713339005722855291e+03 1.596183785491157137e+00
1.541942945546186820e+03 1.680141133009256009e+03 1.589009824082801892e+00
1.658405780866956093e+03 1.699024752105890002e+03 1.967694290487374653e+00
1.465236300643021650e+03 1.785880451780420117e+03 3.111885435254277077e+00
1.556654529332224456e+03 1.814000402730425549e+03 1.805264221211787978e+00
1.444718926069006102e+03 1.847016263906755512e+03 1.702941928734215404e-01
1.604863662019545473e+03 1.868283170038871276e+03 1.477225025496453403e+00
1.488446839808190589e+03 1.905803242444197167e+03 5.967856869059121605e-01
1.363409078693764968e+03 1.911814796987488535e+03 6.292687798180253145e-01
1.541196765550529562e+03 1.682442769536509559e+03 1.405663883883522258e+00
1.655828979629326341e+03 1.691245621577898646e+03 1.641129591208020155e+00
1.599427651049597898e+03 1.711739726923098488e+03 1.555529573817064692e+00
1.709882927498057597e+03 1.724769144882432784e+03 1.643801504971631244e+00
1.555786994899295678e+03 1.812150470612054278e+03 1.747229723631877452e+00
1.660668882867727916e+03 1.811723796962680808e+03 2.170927003656149434e+00
1.605410095971038572e+03 1.867610293502363902e+03 1.371802978111629878e+00
1.708859198716105084e+03 1.726493545211494620e+03 1.704189950481814320e+00
8.412372499825174827e+02 1.857174946595305983e+03 1.249790052100945958e+00
7.258591473981186937e+02 1.919925435349412055e+03 1.139362859236679043e-01
8.423224327238372098e+02 1.852668975862990692e+03 1.217479325084644071e+00
9.997950877446992308e+02 1.893061214405122428e+03 4.430937024684217934e-02
7.218579607507563196e+02 1.920052441504094077e+03 6.912027405642610922e-02
1.042064654584061373e+03 1.835844430099657757e+03 2.411977548143262151e+00
1.147999007937534088e+03 1.836381822073318517e+03 2.822146990169243086e+00
1.002769739000580785e+03 1.892330182490083189e+03 3.469579634569912308e-02
1.120262246962635345e+03 1.923893358280386565e+03 1.828580352564767919e+00
1.171949522012495891e+03 1.946032778520824650e+03 1.647062459354273978e+00
1.035935611321676561e+03 1.964134781693463538e+03 7.072910470036867236e-01
1.058094992962167680e+03 2.026481206570021186e+03 5.760982240399938892e-01
1.147082186221616439e+03 1.837052323207700510e+03 2.836664450525323122e+00
1.049297194605745062e+03 1.854318668459797436e+03 2.364629401673866482e+00
1.331749974952459525e+03 1.851298010196073619e+03 1.169253268355018527e+00
1.119469782850415868e+03 1.924541854471988700e+03 1.831258407616873418e+00
1.171268669195138955e+03 1.945684290027500992e+03 1.637596427893426521e+00
1.034216880029232016e+03 1.965308207527058130e+03 6.811081043210628350e-01
1.057178148130139789e+03 2.027090346577798300e+03 5.466049642288988153e-01
1.331423670191905785e+03 1.839192252298082167e+03 1.357241537826834765e+00
1.445783561742708343e+03 1.847888701044828167e+03 2.179152691961178945e-01
1.364072019570374778e+03 1.913460320918547040e+03 7.201317994783037468e-01
1.487590232359657648e+03 1.908179664760768446e+03 5.625778210547776048e-01
1.444091233054798295e+03 1.846965483964775785e+03 1.839922521107092701e-01
1.605358776575713591e+03 1.869818967953237461e+03 1.528311739537668856e+00
1.488779584518742467e+03 1.906253305774175715e+03 6.447368129621087185e-01
1.362740676883842298e+03 1.912228746334388688e+03 6.867961270222419090e-01
1.604794880208595259e+03 1.868990060118316933e+03 1.475356569951517427e+00
1.057014198592474258e+03 2.026058628653107917e+03 6.210794691019516645e-01
1.059324078497087385e+03 2.026030850375698719e+03 6.869764469497936510e-01
