9.424855097720553658e+02 4.738597793449043820e+02 1.736082428522041532e+00
9.416300076515340152e+02 4.746355878546831946e+02 1.728552057195880787e+00
1.032277263934302255e+03 5.048518338582621254e+02 1.531353944714055892e-01
1.038403685060011640e+03 5.045439979241193669e+02 1.957346214627518899e-01
1.764928064126221216e+03 4.927053166614391557e+02 4.124886927828619876e-01
1.644711112319582526e+03 5.326664887401002488e+02 8.910632887612647268e-01
1.903269807643825061e+03 4.754829799634838992e+02 1.809078320227056613e-01
1.763335804214560085e+03 4.918829208584452317e+02 4.520386901260152190e-01
1.862054572934067892e+03 5.353614863173959293e+02 2.412569718525294338e+00
1.903386032946171326e+03 4.757970583671067288e+02 2.208786449936758489e-01
1.858367972925118465e+03 5.339087016269013475e+02 2.454354121352814389e+00
9.415995887117082930e+02 4.718515058808145568e+02 1.745817488117163530e+00
1.015653856180758794e+03 6.637269056103236835e+02 4.521939682269305316e-01
9.113682396326632897e+02 6.913959650555918870e+02 1.473635520914919228e+00
9.413957151593306207e+02 4.719063805447767663e+02 1.744034067725032111e+00
1.031891519947846973e+03 5.033484668861706268e+02 6.609153163668377018e-02
1.158911211390325434e+03 5.975972572569328349e+02 7.827612950309575934e-01
1.022877180004851652e+03 6.614792300114079353e+02 3.259847489018085076e-01
1.128046244933693742e+03 6.753017351690380110e+02 5.185256416266160739e-01
9.108769365708615169e+02 6.898728637461442759e+02 1.552417693442226465e+00
1.032592105930840034e+03 5.031461460370194345e+02 5.934374842377321269e-02
1.158302751679976836e+03 5.974518156740050472e+02 8.416651342421700432e-01
1.029314683362300912e+03 6.613233111719090402e+02 5.076498858463149855e-01
1.129381342032043676e+03 6.730032234889545180e+02 4.720322077441966857e-01
1.472200686542045787e+03 6.039837677472968380e+02 5.569310441230471143e-02
1.378310085922435519e+03 6.647596292266418914e+02 7.428246466824445227e-01
1.489330304400378736e+03 6.808235074923244383e+02 3.029789288071705666e+00
1.644648389968220044e+03 5.334437003224577438e+02 9.698301839265524027e-01
1.651550643626504780e+03 5.913827678397610725e+02 2.483027098979024572e-01
1.468474415407291417e+03 6.031104104152615264e+02 2.387034091986302634e-02
1.377099354822507166e+03 6.645002589108621578e+02 7.237902565528280263e-01
1.497266453558523381e+03 6.822404179814111558e+02 4.511106979122399448e-03
1.622863256138031147e+03 7.007640130615411636e+02 4.028567249462469135e-01
1.765221594663169981e+03 4.907514187552142175e+02 3.760038010911916917e-01
1.644430851107037370e+03 5.339921842892973700e+02 9.164239408461893888e-01
1.747140934725915713e+03 5.549269582024123793e+02 1.089100065548977425e-01
1.659289074204512872e+03 5.948716467022293273e+02 1.508959349555494822e-01
1.696940259721978919e+03 6.506601244296076629e+02 1.609488233455011741e-01
1.629862796682031785e+03 6.988710798849219827e+02 1.258330532968545135e-01
1.904212969234324646e+03 4.749984867086976692e+02 1.523924085324197264e-01
1.764230738220893727e+03 4.910944907025055954e+02 4.475893628238581390e-01
1.861492854461813522e+03 5.326450416273005430e+02 2.350319417215898543e+00
1.944981737870132292e+03 5.438108391632167695e+02 2.598950997875686841e+00
1.746163661223267354e+03 5.542597632975449642e+02 1.963351206642992841e-01
1.668887618766833839e+03 5.973880369540628408e+02 2.864841196719216665e-01
1.944374020313246547e+03 6.261000913185317813e+02 2.077914940040184177e+00
1.892300285526951484e+03 6.359814863593414884e+02 2.304904280634031188e+00
1.699226437664205378e+03 6.527896334203098831e+02 3.554707287144013850e-01
1.863574872880461271e+03 6.826450468937847518e+02 2.724334825266194748e+00
1.901829329308135129e+03 4.746346657884563456e+02 2.206278854019860791e-01
1.860001938867916351e+03 5.334590367755408806e+02 2.398000706411483218e+00
1.943875127602490466e+03 5.434410975597473907e+02 2.689644506421192460e+00
1.946610317711542393e+03 6.272916239108134278e+02 2.137269529982614991e+00
1.890989235044210545e+03 6.363114769270914621e+02 2.311719663339783182e+00
2.115183454665645513e+03 6.409939009854330152e+02 3.000740140739019512e+00
2.043721119834762703e+03 6.632441572547555779e+02 2.483382218720801671e+00
1.863247944984165542e+03 6.830631217532768460e+02 5.875202812008440967e-01
2.117311307581206165e+03 6.416737997163510272e+02 3.020361867843131876e+00
2.042203193905122134e+03 6.654913432835376170e+02 2.542255657464406404e+00
5.267990907232027666e+02 7.383204301832125793e+02 7.331769128719377582e-01
6.429521166321264900e+02 7.193647864126835429e+02 1.439523427315565415e-02
5.269013328615087630e+02 7.384126471754749446e+02 7.072805402098023553e-01
5.663408039621510852e+02 8.178517745944419630e+02 9.963832404215799965e-01
6.420055372201754835e+02 7.191540852703614064e+02 4.762280772060247663e-02
8.563011552813882190e+02 7.764043649891832501e+02 1.598566803496246802e+00
5.670919953294428524e+02 8.099502359090681693e+02 7.567447082449028084e-01
1.020656091065629653e+03 6.613001586297391441e+02 2.273629060717070882e-01
9.117276716724213657e+02 6.899275036794790594e+02 1.502606243343451498e+00
9.532797933196500253e+02 7.587285217456578721e+02 1.516155819551382677e+00
8.520322841394898887e+02 7.783857793997182171e+02 1.571625975293153621e+00
1.009641967338105133e+03 7.971153683562225751e+02 1.082493755922526724e+00
8.951893183664781191e+02 8.587167565932900288e+02 9.717792183938752659e-01
1.156521756482702585e+03 5.982260424098036538e+02 7.166251050946871315e-01
1.022899404505137454e+03 6.607103177481930061e+02 2.253741506954436424e-01
1.130605987308487101e+03 6.706095007359219835e+02 3.983433550310733207e-01
9.112731569479726659e+02 6.898886938035841467e+02 1.561493486640766815e+00
9.530842468938519687e+02 7.584924947101335420e+02 1.574926652375310043e+00
1.007678089153551582e+03 7.945110798230995215e+02 1.093346127063322237e+00
1.123516237267953102e+03 8.230210918316778361e+02 8.216864611725676060e-01
8.946606884765019458e+02 8.561764313334039116e+02 9.726248446724330421e-01
1.157769993195180859e+03 5.964648753604907370e+02 7.840545721702200099e-01
1.129583231480704853e+03 6.715073978445495868e+02 4.124713879780867454e-01
1.120752566553714587e+03 8.211567697270072586e+02 8.772407714496394115e-01
1.198228795893593087e+03 8.250491081092363856e+02 9.795764082615191493e-01
1.471071725421394149e+03 6.020503257245127315e+02 3.618965077053871299e-02
1.376997807666540439e+03 6.639745259377762068e+02 7.239417860432431073e-01
1.494838169770892137e+03 6.801433386784858612e+02 3.112676079354091296e+00
1.368495321829590921e+03 8.150635649662672222e+02 5.225569644454391982e-01
1.196666260238982204e+03 8.221314484213369269e+02 1.016685927179342031e+00
1.464162905020260951e+03 8.303006583733838397e+02 3.691926273545196868e-01
1.650610830901874351e+03 5.884137955211009512e+02 2.161912737803392270e-01
1.469060344835302885e+03 6.029757246584497352e+02 3.101333283801480434e+00
1.376628268339657097e+03 6.648537782754629006e+02 7.230863386645204338e-01
1.498189816579700619e+03 6.812113791846892354e+02 3.074263170992808991e+00
1.631827677107238742e+03 6.959269550373134052e+02 1.830476217345299306e-01
1.539346485750511647e+03 7.260684543384534209e+02 3.116714370819190005e+00
1.555265201897833549e+03 8.212495625466872298e+02 7.923045778776565129e-01
1.369011926711586511e+03 8.129512296106677240e+02 5.244721651548287511e-01
1.648012081172501212e+03 8.255708924800333079e+02 1.899773516414160701e+00
1.463500336858551236e+03 8.288124640272405941e+02 3.064204267447541152e-01
1.745997247934849383e+03 5.528753546173859377e+02 2.153871695994405977e-01
1.660547029585498422e+03 5.932512891553398049e+02 1.248539493496562958e-01
1.697175724827483009e+03 6.495895045683314493e+02 3.153380024376403051e-02
1.531798644583348505e+03 7.187866904216575676e+02 5.522645702247796357e-02
1.632914403281686873e+03 6.955936244076447110e+02 2.333846817585269462e-01
1.731101714305428686e+03 7.104573413590018163e+02 5.111940733570871087e-01
1.719617439910330859e+03 7.593213623086323878e+02 3.087427944862914053e+00
1.555525403785060234e+03 8.129622789565246421e+02 8.925135979738498815e-01
1.646549664283111952e+03 8.290390710363706148e+02 1.779909895041952073e+00
1.783904057820108164e+03 8.392751630819079764e+02 1.405252748650935635e+00
1.699595338318100630e+03 8.158308363402580881e+02 2.290635027658979972e+00
1.746071782305228908e+03 5.516151695641596007e+02 1.586838626325100532e-01
1.673686774584274872e+03 5.973793334439375258e+02 3.687638609609641405e-01
1.947606586686360515e+03 6.259290556945303479e+02 2.063740793095626636e+00
1.894114722758341941e+03 6.361043370811652267e+02 2.375171392879936505e+00
1.695652472578720790e+03 6.488915099655356471e+02 8.680600510200095835e-03
1.865456613335196153e+03 6.811910921605262956e+02 2.809196780500064605e+00
1.728528790442096124e+03 7.102228093432202058e+02 5.252842109066550025e-01
1.834649088500156040e+03 7.379850893923905915e+02 9.682519083756209455e-02
1.961475333651821074e+03 7.468246062597252148e+02 3.038963642163808654e+00
1.718124514944588782e+03 7.590286470728469794e+02 3.131329057972980223e+00
1.880272332142039659e+03 7.961248434523290598e+02 2.912590067107479364e+00
1.781082964851492534e+03 8.423863770514931275e+02 1.406950147043669164e+00
1.697436038171028031e+03 8.190781721187155426e+02 2.353217620857368519e+00
1.946951672836279613e+03 6.267535759269840128e+02 2.134425394440324197e+00
1.891768748034077362e+03 6.352395899740137111e+02 2.369343550268387055e+00
2.118195216814804553e+03 6.414206318217314902e+02 3.015076561170535907e+00
2.044076985920703919e+03 6.614954729271311180e+02 2.478882878284466962e+00
1.864308869202552387e+03 6.812302746304601442e+02 3.120336217007788182e+00
1.834492351575034263e+03 7.391128997704133781e+02 2.761384046143556814e-01
1.957729886157967030e+03 7.459723272971116330e+02 3.699017498049721013e-03
1.880007572941886110e+03 7.974389046749255385e+02 3.102029083684152422e+00
1.990954489557089801e+03 8.235618765599995186e+02 2.554807668244164276e+00
2.127856441949316832e+03 8.458462525841928255e+02 1.577845421638709222e+00
2.116001564763579609e+03 6.403308385690944533e+02 3.009886769614666502e+00
2.042585803825510084e+03 6.625366091211575394e+02 2.534832642883864118e+00
2.173122592259870089e+03 7.274468064720449547e+02 2.434442197364216298e+00
1.990710423934720893e+03 8.265781331780472101e+02 2.636900089841861305e+00
2.125072879150523022e+03 8.504456374905686289e+02 1.611933445274208232e+00
2.945359245837619255e+02 9.271663289275875286e+02 8.281301167464394375e-01
5.233748986582563703e+02 7.397125212776212493e+02 6.168234791375303283e-01
4.447669766013423214e+02 8.803811251833428742e+02 6.542906261768183240e-01
5.102697210279186493e+02 9.322302052069981073e+02 1.573311039827497870e+00
2.912994409788226449e+02 9.284849229530011598e+02 7.943208817801729049e-01
6.423271012615321069e+02 7.170606947392393522e+02 4.370761683683715461e-03
5.268621941571472007e+02 7.380846639842222885e+02 6.253990263887493350e-01
5.677111512598291938e+02 8.158638701628250374e+02 7.685703994271649853e-01
4.451124752397398652e+02 8.799358332754318326e+02 6.104057154725101020e-01
5.851005611690428623e+02 8.783213673035440934e+02 2.335259566369730422e+00
5.095373834336794516e+02 9.298210550731969306e+02 1.447946687854208436e+00
5.765781713468713860e+02 9.961803131134395244e+02 2.051516496491211150e+00
6.392756663466566351e+02 7.168504994922014930e+02 3.115111417253634052e+00
8.545883490404560234e+02 7.771732063287856818e+02 1.568077491043549765e+00
5.652659738351063652e+02 8.127343597123328891e+02 7.581000457330031583e-01
5.847229824410749188e+02 8.774814154886153119e+02 2.347743447480536538e+00
8.504218230587521248e+02 9.421832509718497022e+02 4.049391551192834116e-01
5.731342833876806253e+02 9.914685447888791714e+02 2.068225797458014270e+00
7.755474212048123945e+02 1.018935131479286611e+03 9.960112491919556055e-01
9.534634048133084434e+02 7.576078209894185420e+02 1.552176867208888478e+00
8.523906528114583807e+02 7.773461465839631046e+02 1.587870558828946121e+00
1.008935627619566048e+03 7.943159740343852491e+02 1.094795452329055507e+00
8.957978357612187210e+02 8.568350721090207571e+02 9.391964237413868988e-01
9.580475811921539844e+02 9.206002935352566965e+02 1.741807268400357378e+00
8.499902886609401094e+02 9.417666840023673558e+02 2.362192629770962782e-01
1.011435923349277346e+03 1.006222834847277227e+03 3.008918384209878116e+00
7.730609831282749838e+02 1.019296128606403045e+03 9.290328457599986711e-01
8.913479703982466162e+02 1.009042487375826568e+03 6.978430729112958253e-02
9.532774922577395955e+02 7.581350794988846928e+02 1.613945920220721364e+00
1.007736748633969910e+03 7.930820311867211103e+02 1.061551379860933952e+00
1.122998838105162349e+03 8.197198494883677995e+02 7.375344055140513611e-01
8.947741041956674053e+02 8.567805803600735999e+02 9.453640601945761945e-01
1.023049749176098658e+03 8.892510504053454952e+02 1.419318414913785409e+00
1.080174775793675508e+03 9.169236053176914538e+02 1.146132171094369046e+00
9.576937660119463089e+02 9.204313700244429128e+02 1.779056829783845606e+00
1.130905585862988801e+03 1.009591241524660518e+03 1.159595862339898087e+00
1.017868588416637522e+03 1.004510277842246751e+03 3.045532887822141266e+00
8.937321786170784890e+02 1.008151120545619960e+03 4.375524106309384986e-02
1.120841703931094344e+03 8.194158537200170258e+02 7.815049333185954961e-01
1.197703763917665128e+03 8.235576756361616617e+02 8.618098339508638572e-01
1.326826322824799718e+03 9.057558617926056286e+02 2.238299320731312214e+00
1.079587111322622150e+03 9.168594313330343084e+02 1.174759548733026682e+00
1.204825542536343164e+03 9.922886002532959537e+02 7.190223030783274849e-01
1.127077823013155239e+03 1.009737403430080576e+03 1.271380474255845217e+00
1.369419093050616539e+03 8.139793348736740199e+02 4.862016357555125623e-01
1.192310349286128258e+03 8.243439852258123892e+02 8.750849540271864457e-01
1.465701388851919091e+03 8.277051188645002640e+02 2.872320595682082978e-01
1.354848309096094226e+03 8.581479165336448887e+02 2.931921181792112030e+00
1.323699032640764699e+03 9.150036558571703154e+02 2.245266036275695321e+00
1.431029812455981300e+03 9.942346241167424523e+02 1.411906960769808261e+00
1.202333102505081797e+03 9.940056341639742641e+02 7.780808852827671984e-01
1.501712269470317324e+03 9.931115538317358187e+02 1.020218303708407603e+00
1.537940634346977731e+03 7.232078704158723212e+02 3.092426443052130214e+00
1.556256868749992464e+03 8.231156809859149917e+02 7.582279234804106816e-01
1.362346836936847012e+03 8.282195498164506944e+02 3.309411363453968469e-01
1.649470162646191511e+03 8.273533273149456591e+02 1.750448079812373381e+00
1.464321588437027913e+03 8.281586199723105892e+02 2.626249817605004200e-01
1.506787168276304556e+03 9.158303647301770525e+02 2.614915747019329384e+00
1.637533935125223024e+03 9.308538323707971358e+02 7.418057454400094342e-01
1.429167046784149989e+03 9.945250044346607865e+02 1.386930362243279813e+00
1.531407272192446499e+03 9.818813093395681335e+02 2.865296272299611147e+00
1.493668620928499195e+03 1.009283605998440407e+03 1.824387064287448457e+00
1.546319601884153826e+03 7.283019960048168286e+02 1.893615193496806515e-01
1.717694526919532564e+03 7.581711875140731536e+02 3.096168890440848642e+00
1.553950558782774806e+03 8.285498451809910421e+02 7.377353522696882271e-01
1.646493566344788405e+03 8.272425343664049251e+02 1.749443304100429142e+00
1.781475272564978468e+03 8.409821335926790198e+02 1.385150305348585853e+00
1.699045039182050687e+03 8.170303892908875696e+02 2.390993515873906627e+00
1.736548983360394232e+03 9.287086958434799726e+02 2.265490976899291020e+00
1.633798138357154357e+03 9.306030312109444367e+02 7.344554341115788754e-01
1.708878123166921569e+03 9.895268994860723524e+02 2.619091378733587661e+00
1.533723792372340313e+03 9.846553149481082983e+02 2.931054315515760234e+00
1.672998767937527646e+03 1.017384098112016090e+03 1.705282233664962011e+00
1.729122259807588534e+03 7.131897938021991195e+02 6.529363982880378448e-01
1.834085393187669979e+03 7.369979453220222467e+02 1.198605524253101851e-01
1.960645539036486753e+03 7.453376201284653462e+02 3.081985721200296791e+00
1.720028015255358468e+03 7.591247066366788658e+02 3.124493352239043009e+00
1.880505699596330487e+03 7.952885995263354744e+02 2.987531535218960421e+00
1.780153330513509445e+03 8.409560034720872181e+02 1.333980635338283705e+00
1.697621609545881256e+03 8.181176693421444952e+02 2.429459209325854019e+00
1.829604114940776526e+03 8.797626843224797994e+02 1.289763522345838576e+00
1.948682455405272776e+03 8.934126056352688465e+02 1.770783925418240701e+00
1.891982202579192290e+03 8.962256203067265687e+02 1.749764594387544170e+00
1.735289780738519539e+03 9.292157621991625547e+02 2.284328384890680574e+00
1.835789163911119203e+03 9.738079521352856318e+02 1.351491688263396496e+00
1.706563336132164068e+03 9.896216506842652052e+02 2.689840099634885018e+00
1.836348223827230413e+03 7.366198593513781816e+02 8.090097037612229425e-01
1.958481508452455273e+03 7.453054869278286105e+02 3.126694140216563333e+00
1.880463073267501841e+03 7.959097339221498260e+02 3.057066471249711537e+00
1.991634306895547070e+03 8.233193361864599638e+02 2.608567905826779665e+00
2.128821183275060775e+03 8.536099425637398781e+02 1.708967190256468927e+00
1.826786585075077028e+03 8.799272927611561954e+02 1.253081314431100823e+00
1.948556585638399156e+03 8.923740614605721930e+02 1.690071600529754248e+00
1.888664735065593050e+03 8.945525616047532367e+02 1.843418747824682180e+00
2.079117283316842986e+03 8.980094489413277188e+02 2.038303292910755182e+00
2.024396651033389389e+03 9.178467341535151718e+02 2.295721773163838186e+00
1.833840231742743981e+03 9.710360782730992923e+02 1.217391936313075851e+00
1.990187752376721164e+03 9.875094027562213341e+02 1.716715391965144333e+00
2.174013925740824106e+03 7.288703180888063571e+02 2.513144175589934193e+00
1.993652756143101215e+03 8.249886429168421955e+02 2.668067624974070018e+00
2.125378571911298422e+03 8.503921406038919031e+02 1.614337204061568887e+00
2.078260260754309002e+03 8.981528457796539442e+02 2.039242547959004170e+00
2.166838487531964347e+03 8.928541408966343624e+02 1.513940936540041804e+00
2.022879395260627916e+03 9.187206306441576089e+02 2.283998012183201975e+00
1.987044710108340041e+03 9.846932154596406690e+02 1.946874808220354858e+00
2.954775173858222388e+02 9.255366847381660591e+02 8.181098478903038318e-01
7.774572206027531251e+01 1.126992457515461183e+03 2.607926334414939706e+00
4.448205557929549059e+02 8.786055073439572425e+02 6.218939789180449873e-01
5.091252276853338117e+02 9.294357172187824290e+02 1.493115589110284969e+00
2.921876095849189596e+02 9.270275118624754214e+02 7.479817343258406970e-01
4.870180537395466445e+02 1.128287688490876690e+03 1.893545647270395316e+00
4.426368324726435048e+02 8.777353426956451585e+02 5.456097778091623107e-01
5.856583269416842086e+02 8.774356698546462212e+02 2.398653648160893326e+00
5.094563901982284051e+02 9.279681814515301994e+02 1.351837049299614346e+00
5.761581469279168459e+02 9.945738247727128964e+02 2.043155261047338023e+00
6.915914844413107403e+02 1.040628513103099294e+03 1.138168729590352868e+00
5.608697533669264885e+02 1.084594076993143744e+03 2.501960847908456742e+00
4.872474854088420670e+02 1.127394245976746561e+03 1.810609942193659450e+00
6.480177556525209184e+02 1.142071597294169806e+03 1.238566986161709238e+00
5.848081570148539186e+02 8.782320536640297632e+02 2.368541388550477134e+00
8.509529091249023622e+02 9.408425581537978815e+02 2.899809532689036629e-01
5.744116845972137071e+02 9.934024393032443641e+02 2.044963430780937230e+00
7.730847081753880730e+02 1.020127808170287153e+03 9.632276977761171644e-01
6.888646630588119706e+02 1.040539673230915923e+03 1.219265305668109312e+00
8.077325356285055022e+02 1.086876442583042717e+03 1.313423085576615579e+00
5.571402386545546506e+02 1.084260297214206730e+03 2.465365653514588917e+00
6.532826937339871165e+02 1.130513567233760568e+03 2.405049979478282918e+00
7.541150063511290682e+02 1.168242966368728958e+03 2.485176421691061677e+00
1.020460854715114237e+03 8.925632899419003934e+02 1.480284604068239807e+00
9.594574693958779790e+02 9.159001645337134505e+02 1.737167276463285503e+00
8.497649048023428122e+02 9.401190523054142432e+02 2.711547657501887643e-01
7.718688526801217904e+02 1.021376405819863749e+03 1.030056455419978256e+00
1.017803015015416804e+03 1.003061166747436346e+03 3.014907695374075214e+00
8.902351214397181138e+02 1.005580041122814009e+03 8.916115292399352799e-02
9.416098866762879425e+02 1.065847855914873435e+03 1.066799135171901725e+00
8.067325810725850488e+02 1.086939764862925585e+03 1.412856457992685888e+00
1.002641525568339603e+03 1.096493040891239389e+03 1.019961496935462453e+00
7.485866998599342423e+02 1.168115885454835279e+03 2.423124637691679073e+00
9.441337609562647231e+02 1.174536107087920527e+03 2.425274770876421737e+00
1.023119614944422210e+03 8.874580270987114545e+02 1.415803096508021719e+00
1.079495166160701046e+03 9.153519826982321774e+02 1.183830637010727660e+00
9.582104885937014842e+02 9.180100090049299979e+02 1.744689263696848514e+00
1.128947243567743044e+03 1.008375649541496387e+03 1.210338371228143473e+00
1.016513693413758801e+03 1.002762232467796366e+03 3.041525914171154366e+00
8.902044698035099373e+02 1.005948604165797633e+03 1.058034272242076718e-01
9.408624572077960693e+02 1.066637608725038717e+03 1.067872012550773020e+00
1.003178850166115353e+03 1.086337939688796496e+03 7.647113521522047597e-01
1.097846438703870035e+03 1.107978156629915020e+03 3.905571016525622441e-01
1.001825550284028395e+03 1.142396324855831153e+03 2.903554653162576216e+00
9.408396368397920924e+02 1.176791919147116914e+03 2.415991355726813339e+00
1.078375298483027336e+03 9.127704051871621687e+02 1.204770290244553843e+00
1.327022301312725176e+03 9.129473941499272769e+02 2.253633033420064269e+00
1.206209473414358399e+03 9.915818140419296469e+02 7.378531951087236029e-01
1.127370313232876924e+03 1.007896058627129150e+03 1.203973919493423139e+00
1.245297633247752401e+03 1.086518021420053628e+03 2.904119823807368217e+00
1.097787566830043033e+03 1.106929938016975029e+03 3.913096015822467022e-01
1.184642325209559431e+03 1.135915416649340386e+03 1.876407036331726230e+00
1.260067018819587020e+03 1.175079796228691976e+03 9.791282407343979699e-01
1.323477167934124964e+03 9.128117026594327399e+02 2.282903519529892122e+00
1.430794580646855366e+03 9.903192743357640211e+02 1.338542669550057074e+00
1.202438603067871782e+03 9.926978592885850503e+02 7.151605887917561466e-01
1.496324225580974144e+03 1.009052285127362438e+03 1.801194768319891670e+00
1.241803177524481953e+03 1.086089681170650692e+03 2.926315607122746076e+00
1.443383531169252592e+03 1.110366976148173308e+03 7.373955701617720404e-01
1.257069896708409487e+03 1.174639971761075913e+03 9.885126950955507308e-01
1.506400653017381956e+03 9.145170605882653945e+02 2.701677597700548716e+00
1.634257948542452368e+03 9.301661915551535458e+02 6.648724313515278483e-01
1.428945868585331709e+03 9.916861766867834831e+02 1.304546561171833874e+00
1.529403347092319564e+03 9.806789643906129186e+02 2.905993957430994534e+00
1.489746030471946597e+03 1.013020085870187359e+03 1.929100591761657046e+00
1.571029820530119878e+03 1.048140800307157178e+03 7.467647477383123622e-01
1.589959186507797085e+03 1.109807487486234777e+03 1.222844707929397812e+00
1.440425165769574960e+03 1.112318244706714722e+03 6.824380697988026157e-01
1.657033291439306140e+03 1.124719819989676353e+03 1.997426296831313453e+00
1.499470779552360909e+03 1.158582881622857713e+03 1.628054278395280718e+00
1.737156576645551240e+03 9.278792335116229424e+02 2.375490468564049884e+00
1.509151544840872248e+03 9.302942989671810210e+02 2.319234074581336902e+00
1.634328878097083816e+03 9.290453177080341902e+02 6.809934443389622505e-01
1.710018130883220238e+03 9.876588642691681343e+02 2.653208875937091094e+00
1.531462459071795138e+03 9.824579112747032923e+02 2.956750383543159444e+00
1.669393012123008020e+03 1.026778135697578136e+03 1.740449788384837548e+00
1.570104617767220134e+03 1.048187856550804099e+03 7.485944707414785571e-01
1.718599013414652518e+03 1.105238988887733512e+03 1.395566574441999830e+00
1.588598021828414630e+03 1.110019451720101188e+03 1.186902129639613168e+00
1.655095641378385835e+03 1.126604535045460580e+03 2.028795062302244823e+00
1.829515876380555937e+03 8.786652613317992291e+02 1.224956866763890151e+00
1.950506241659982607e+03 8.950045178941836639e+02 1.817423752629489631e+00
1.735768931953346510e+03 9.279295805818651388e+02 2.421954731809397465e+00
1.891375318627638990e+03 8.962584021804418626e+02 1.891382290135865007e+00
1.836031131213742810e+03 9.742014365741435995e+02 1.305642383269893125e+00
1.709439025408472389e+03 9.895004622933286100e+02 2.635183320386094596e+00
1.717781343920417612e+03 1.106725206696899022e+03 1.362677439911992083e+00
1.948317905851099113e+03 8.924542567910891648e+02 1.749940777247365631e+00
2.081019257920355813e+03 8.975377705972352942e+02 2.103922972187723506e+00
2.024311915360479361e+03 9.180834931446906921e+02 2.375656343058654585e+00
1.890459647948759994e+03 8.968876914057818794e+02 1.919387292732767758e+00
1.832637925890830957e+03 9.730729570689088632e+02 1.295930147551474843e+00
1.989734838402096102e+03 9.897458785617786816e+02 1.802881408828224785e+00
2.028510184645632307e+03 1.136680779242453355e+03 1.746992641581169181e+00
2.079118573733250287e+03 8.965991721317393512e+02 2.111602163375509100e+00
2.167599554380616155e+03 8.922317295728278168e+02 1.600957763647334442e+00
2.023507674960908389e+03 9.186575540517351328e+02 2.404003641968203819e+00
1.987799575843228467e+03 9.901237995648673405e+02 1.882143366179681365e+00
2.027674757430911541e+03 1.137565255110288945e+03 1.744403471550781681e+00
7.637544217640802913e+01 1.124186243472569686e+03 2.549199733066298990e+00
3.478910570320105649e+02 1.192381220113054269e+03 9.230988725179276599e-01
3.342252179807556445e+02 1.265935444633041698e+03 4.874513724065560605e-01
4.871518874948958455e+02 1.125390744464134059e+03 1.878005524558679973e+00
3.466661395394345959e+02 1.191745016237837035e+03 8.225286305148996613e-01
5.044045100359380740e+02 1.219111292612371244e+03 6.286884954471234632e-01
3.324022604700105603e+02 1.265498242129580603e+03 3.936659225149222729e-01
5.117970007687806628e+02 1.322560645733097090e+03 1.914209676747476996e+00
6.908879035635638957e+02 1.039941196223633369e+03 1.116648231500908750e+00
5.602114207062268179e+02 1.082432709704007948e+03 2.444543115321735627e+00
4.867929398420551479e+02 1.124959084673696225e+03 1.777741180618626071e+00
6.535425551025552977e+02 1.128674075795385306e+03 2.381972798157134807e+00
6.353874390114431208e+02 1.185675935723326802e+03 2.060998970315921497e+00
5.035408000466950398e+02 1.218604066310694861e+03 6.030781459755610863e-01
6.034285374327226918e+02 1.269221843258003446e+03 3.030884955033180450e+00
5.098811127779629260e+02 1.324066676140904292e+03 1.732937875722285970e+00
6.882364923215179715e+02 1.039055311652544560e+03 1.213325956115215654e+00
8.080483591898962459e+02 1.085079456478297971e+03 1.314143863968617598e+00
5.594556980477384514e+02 1.085548356031609046e+03 2.470748007376244892e+00
6.511950686290167596e+02 1.130446534980703973e+03 2.278491007920751876e+00
7.546107248938750445e+02 1.171634800701696577e+03 2.455643014634234511e+00
8.547179513127894097e+02 1.192151345502749336e+03 1.117698956024400392e+00
6.340139999220223217e+02 1.185827449348226537e+03 2.060217112994497946e+00
7.465996045155709453e+02 1.215652954124315784e+03 2.642210563419730818e+00
6.020114267835290320e+02 1.270049365987490773e+03 3.048695205326049873e+00
7.154340098064060385e+02 1.283489285233850296e+03 2.453162238860656874e+00
7.951882770759043524e+02 1.317790760172841146e+03 1.342022118555397547e+00
9.425235531549124062e+02 1.063218201486469525e+03 1.020460499037617375e+00
8.066128770856298615e+02 1.085567794274020571e+03 1.393523714622660670e+00
1.002099157240128079e+03 1.118729209858246804e+03 3.123359474564803229e+00
7.478206772530256785e+02 1.196213843340221956e+03 2.436027235823339687e+00
9.440308425831235581e+02 1.176485192194903220e+03 2.236722263143308354e+00
8.516837153241235683e+02 1.190985867167763899e+03 1.166369513436372740e+00
1.013314804332423591e+03 1.236072469588098556e+03 6.244677151147984828e-01
8.947736015645527914e+02 1.244198647785976618e+03 2.720305467734726590e-01
7.112054205491663197e+02 1.283401140037398363e+03 2.362726097016968119e+00
7.935754276347976202e+02 1.316493897831565391e+03 1.406004531020555781e+00
8.878232304493440097e+02 1.303565274567911956e+03 2.132040644590986189e-01
9.418597565395132278e+02 1.062336637594661852e+03 1.151153429612992829e+00
1.003774215750972871e+03 1.085163116428379226e+03 8.259383873276027188e-01
1.098547744137722475e+03 1.106543916247919014e+03 4.382235099195525008e-01
1.002048882560081665e+03 1.139303669818297067e+03 2.850155693507349319e+00
9.430641019914676235e+02 1.175892568196699813e+03 2.151361933170058638e+00
1.127764004635702577e+03 1.182773520825217020e+03 2.655657827346789013e+00
1.010749585602291972e+03 1.235731058184241192e+03 7.047722753549525709e-01
8.952036960896384699e+02 1.245212407150549097e+03 3.588117520648068659e-01
1.165268113722164344e+03 1.258903750463511187e+03 2.649950123425202086e+00
1.065096608627837213e+03 1.285522955317081596e+03 3.979493932358736386e-01
8.912131720293207309e+02 1.300638466773559230e+03 7.612502596129124000e-02
1.104273788362765117e+03 1.327531927333692693e+03 6.062322825558890127e-01
1.244877193633380557e+03 1.085602100310487003e+03 2.967115864546419512e+00
1.097434640008307042e+03 1.106209876642502650e+03 4.701563404328942819e-01
1.184114180614899624e+03 1.133593217025824742e+03 1.819097287385959660e+00
1.258109198046882284e+03 1.173326936679180108e+03 9.568428011365102126e-01
1.127578576321300488e+03 1.184332662934124755e+03 2.687700677117185855e+00
1.333632373627902780e+03 1.186467248887401183e+03 6.977382509363379004e-01
1.166051846375441073e+03 1.259750690311159360e+03 2.767676524555640505e+00
1.258342141633971096e+03 1.280602831630415949e+03 2.238499383160276412e+00
1.066013089045623929e+03 1.288272154999636541e+03 5.327001876963225468e-01
1.103596499771621666e+03 1.327748072178024813e+03 6.000729515558272942e-01
1.242647549034375515e+03 1.085425637166553997e+03 2.984015428602245557e+00
1.443709565896280765e+03 1.109682365006265627e+03 7.430262829771556721e-01
1.255109834379357835e+03 1.174380220616190400e+03 9.047874080215689840e-01
1.328632503684004632e+03 1.187473744719638717e+03 7.255177239308867598e-01
1.442818986744219956e+03 1.210951590187742795e+03 1.697421827151146090e+00
1.376846390314218979e+03 1.215758299816403451e+03 1.254429092364550913e+00
1.255974498228060384e+03 1.279736256353785848e+03 2.260118077698132666e+00
1.458012691826454329e+03 1.304727309025896375e+03 3.084705115663544106e+00
1.572147472043981679e+03 1.046860250420074408e+03 7.086041519452226378e-01
1.590218916227140198e+03 1.107837424258802002e+03 1.192521548745623550e+00
1.442229800423217966e+03 1.110347103258146717e+03 6.671628856416749187e-01
1.658272794690137744e+03 1.125574188604006622e+03 2.109781219470391100e+00
1.499718978005244935e+03 1.156235271134853747e+03 1.627251533644914483e+00
1.609268426384270697e+03 1.200384491288963090e+03 1.509397741334781884e+00
1.441429089050740004e+03 1.210974387518952881e+03 1.760454218705713059e+00
1.375046253906021093e+03 1.216046736701059217e+03 1.260548528135245094e+00
1.457216488708876113e+03 1.303687223841896639e+03 3.074725414374425370e+00
1.575087541860332294e+03 1.336712791826786770e+03 1.942671086644673029e+00
1.668498595714857402e+03 1.031525034909946498e+03 1.842885572854060294e+00
1.568706384259712422e+03 1.044296652060738779e+03 6.536422950632372331e-01
1.720332387958999789e+03 1.103160977103954565e+03 1.376288542378097279e+00
1.588724854653037482e+03 1.109053251772817021e+03 1.100697091775830527e+00
1.655072971290593841e+03 1.125046360656712295e+03 2.057009264697750694e+00
1.608614984083387753e+03 1.201441157429745999e+03 1.443243873115736209e+00
1.574624808039490063e+03 1.337727391007611232e+03 1.858114668176957807e+00
1.718861405020263192e+03 1.105229287156017563e+03 1.443299142923494260e+00
2.027927009315589203e+03 1.134007757191282735e+03 1.764049644695080632e+00
2.026805756315634881e+03 1.133187772015122391e+03 1.776805453651044697e+00
3.418097913939258206e+02 1.198920901076962309e+03 9.802803541205521443e-01
3.323819918330015639e+02 1.264921821944763451e+03 4.486384822602776934e-01
3.458899658651495201e+02 1.189238767527655909e+03 8.240639635587962974e-01
5.012542503962546334e+02 1.219563202298885471e+03 6.490097347123224836e-01
3.319582586367676527e+02 1.264998989189044778e+03 4.237016785173412514e-01
5.092148340934768385e+02 1.322725941546739250e+03 1.775834601807971813e+00
4.427042560760373817e+02 1.351006327844118687e+03 1.462311225715247076e+00
5.233171699669939017e+02 1.436634115938580408e+03 2.433674250581190801e+00
4.036351750409767192e+02 1.479914439403029519e+03 2.518924633066109031e+00
4.823328352633612894e+02 1.472268385078456731e+03 2.761415407333576155e+00
6.369505186944630850e+02 1.189328318738718508e+03 2.179594049140112677e+00
5.039088732196718183e+02 1.217636944795586487e+03 6.141747674847664040e-01
6.034396879648231788e+02 1.268115618321467991e+03 3.038709974878854414e+00
5.091894221851143811e+02 1.322151274367063934e+03 1.741034054315021118e+00
4.426084532274886669e+02 1.350040008633470734e+03 1.404436676377620152e+00
5.693271138192103535e+02 1.359109979755797667e+03 1.633526171321156850e+00
6.289170702243521873e+02 1.365572696059242617e+03 1.844994050747512659e+00
5.249490700161268251e+02 1.437053234221344610e+03 2.587659906736818449e+00
6.194915194981067543e+02 1.469953450807935951e+03 2.027775328467004812e+00
4.825242259966929623e+02 1.473971152435448175e+03 2.910812173077910625e+00
3.997057220192035629e+02 1.480836549438644170e+03 2.555247876253070594e+00
6.334436991943082376e+02 1.186080497187187802e+03 2.103402315038277237e+00
8.524526901058900421e+02 1.200466567144416331e+03 9.280614945259377802e-01
7.462646450571955938e+02 1.213283620646023110e+03 2.687718732215132800e+00
6.006904721472740221e+02 1.268321321617112517e+03 3.064545863592769148e+00
7.148152345482465080e+02 1.280754429987392314e+03 2.460495595510408862e+00
7.945771032902015349e+02 1.313917183847938986e+03 1.263790537453362672e+00
5.677476398771898403e+02 1.358839217964330601e+03 1.637739862724880480e+00
6.271015348458757899e+02 1.365148022421197538e+03 1.843595094475158458e+00
7.021062681687828899e+02 1.425951196434979920e+03 1.927539204439716158e+00
8.250276458139198894e+02 1.406329261648943429e+03 3.036391905477080488e+00
7.922558124220049649e+02 1.447252382672134445e+03 2.819241845104041744e+00
6.168758867005553839e+02 1.471236067566679594e+03 1.977411545939183668e+00
8.513989017531728223e+02 1.191506997075056915e+03 1.188887224649024077e+00
7.428836986268102009e+02 1.215734531113558887e+03 2.521047606887744763e+00
1.012015731951247290e+03 1.232818392021594491e+03 6.519783353728685338e-01
8.957279480146398782e+02 1.242871789066347446e+03 3.663568780782340828e-01
7.127997174013629547e+02 1.279331592828442808e+03 2.308993764098142609e+00
7.934898744610125050e+02 1.314149536734474850e+03 1.340283935798977311e+00
8.884437450931384319e+02 1.301540427076928609e+03 2.889876676153616541e-01
9.787168464055616823e+02 1.354990356504059946e+03 3.120746189534639559e+00
8.688818002365815119e+02 1.368096316187507682e+03 2.127987618373927692e+00
8.265763475216032248e+02 1.402900749641908988e+03 1.658787925855908368e-02
9.647197636222986148e+02 1.402627925538168256e+03 2.554992562504527331e+00
7.902213380669904836e+02 1.447019305698001062e+03 2.585137510447205411e+00
9.564543094177017792e+02 1.464514088731047423e+03 2.962661815882215333e+00
8.768093713599419061e+02 1.482977384868639547e+03 2.579391220510396820e+00
1.011326967067351916e+03 1.234260845871271385e+03 7.123513071250509032e-01
8.971020278039306959e+02 1.242803919002148177e+03 4.567850528878660832e-01
1.166779161396487098e+03 1.255678634586723319e+03 2.749337940419378068e+00
1.064063172781691947e+03 1.284589249195140155e+03 4.198333441257341425e-01
8.879104102148694437e+02 1.300915901026899292e+03 1.601501078363670727e-01
1.104983923193761257e+03 1.325915878186365717e+03 5.647406620421422385e-01
9.778319578327943873e+02 1.355324185573391787e+03 3.063544669744237225e+00
1.174855259401456806e+03 1.382578196734345283e+03 1.202038376635510053e+00
9.623671154521027802e+02 1.405922757142705905e+03 7.822063747923682642e-02
1.099086978103476895e+03 1.430190845936211190e+03 1.598883234678351917e+00
1.050766550250011733e+03 1.439248483842519818e+03 2.421585551862187380e+00
9.537469974721789185e+02 1.466903330923811609e+03 2.884428461632334795e+00
1.323395810760357790e+03 1.187608278047501244e+03 6.731303352258543038e-01
1.165349657487803597e+03 1.258100458218391623e+03 2.826440230940130860e+00
1.257638878046853961e+03 1.278865570926848250e+03 2.292882644952020321e+00
1.062709344920672493e+03 1.284571884770974293e+03 4.369413746586705560e-01
1.102748128281016761e+03 1.326507078190982384e+03 5.374987501949758384e-01
1.171170533486896829e+03 1.380562682199293931e+03 1.129555547818983152e+00
1.244560545466321855e+03 1.398623049031885103e+03 1.610227087010618341e+00
1.096673477330349442e+03 1.429613286525061085e+03 1.570623561108133392e+00
1.304508848127886722e+03 1.444005042382705142e+03 1.620167121542800848e+00
1.038091279613086272e+03 1.438836084776334246e+03 2.333846395965439857e+00
1.192911625985204864e+03 1.485425752838689505e+03 2.291073161861437057e+00
1.443121975695592710e+03 1.210194720965383567e+03 1.700863027668480854e+00
1.376880829234035218e+03 1.213534539160810255e+03 1.221356814736436647e+00
1.256221081585759066e+03 1.279326415813292897e+03 2.328422354055653898e+00
1.459486262856777557e+03 1.302749799552727609e+03 3.104813618619048921e+00
1.388370414069153185e+03 1.341999331780479224e+03 2.727818017404375794e+00
1.243401452932178017e+03 1.400240831073143454e+03 1.607232888001286719e+00
1.359182804720507193e+03 1.442982213674612467e+03 1.465352992887956285e+00
1.301491973156351605e+03 1.442866181112995491e+03 1.509506104452242425e+00
1.187170906304170330e+03 1.487989920360478436e+03 2.403477222352031095e+00
1.609151490329143144e+03 1.202363196658846846e+03 1.422284305996184939e+00
1.441669152242695418e+03 1.210482099277827956e+03 1.692865324346390699e+00
1.374233762421099527e+03 1.214822438618497017e+03 1.219649017949580916e+00
1.458634856614881983e+03 1.303483161332105738e+03 3.123449693853857845e+00
1.578568006455168188e+03 1.336980459461301507e+03 1.760161338818101662e+00
1.386865586666700210e+03 1.342650847522123058e+03 2.729445667725282743e+00
1.517433053984151911e+03 1.347338171687823206e+03 1.028574993253773551e+00
1.359582676222695227e+03 1.440272482364721327e+03 1.459117744249621706e+00
1.608561250037075524e+03 1.200112018439079975e+03 1.460847905735075392e+00
1.577541176841168181e+03 1.336689323989666491e+03 1.820592981287213474e+00
1.514726685668176060e+03 1.347616642673800698e+03 1.081417518546275325e+00
4.421765087245699988e+02 1.352502526746058038e+03 1.477467347039679080e+00
5.251731597899143935e+02 1.435299949773189383e+03 2.480496903075212867e+00
4.027337867707690293e+02 1.479545453173337592e+03 2.497370405908022395e+00
4.843871781579109665e+02 1.472715994185023646e+03 2.768082207770338421e+00
4.405732194771754848e+02 1.353030709997288795e+03 1.388362814395238676e+00
5.695683940171099948e+02 1.358519550368112732e+03 1.557934606947838807e+00
6.294615929711235367e+02 1.367923912521505827e+03 1.778599892569792784e+00
5.240747865272049921e+02 1.436096341390420093e+03 2.554555252219982808e+00
6.199641817453195927e+02 1.470792066617761748e+03 1.976567122394548015e+00
4.836665631328231711e+02 1.472375780392623938e+03 2.845284609320070768e+00
4.018037970981421267e+02 1.478930090955129344e+03 2.551210578448438682e+00
6.818075597818515234e+02 1.512971800050287811e+03 1.632437891211204750e+00
6.172498487486866452e+02 1.556350606152432647e+03 2.612713226870251315e+00
5.736467291391243180e+02 1.593505560711276303e+03 2.912080948072474751e+00
6.916908325845851095e+02 1.627216773655047973e+03 3.710544428990547594e-01
5.658427204561820645e+02 1.361127944722803250e+03 1.448423122795595486e+00
6.260874119043032806e+02 1.365974857752294838e+03 1.855695351602641985e+00
7.019050579307441922e+02 1.425949967022350165e+03 1.920396452614783867e+00
8.233801663442473000e+02 1.404285152928288881e+03 3.098017048438388432e+00
6.183876759285834623e+02 1.471086604158444516e+03 2.017033962063203845e+00
7.918463657614815929e+02 1.447050586536196533e+03 2.625833062542326957e+00
6.779517871281320822e+02 1.510660721852044844e+03 1.662786295909920664e+00
7.919189916857841354e+02 1.514870050439634724e+03 5.743749236333849095e-02
6.142818838224840192e+02 1.555470076502394932e+03 2.512826978058650962e+00
7.592612125016570417e+02 1.575233170883605453e+03 4.938812218093672768e-01
5.677323173900588245e+02 1.593188632293419914e+03 2.898655051499921864e+00
6.988669325774142180e+02 1.621182866736674669e+03 3.344894170884338269e-01
9.780382792507598424e+02 1.353846200315232181e+03 2.948595335956948560e+00
9.618636953623624777e+02 1.402035256047007351e+03 2.500272710352227090e+00
8.270173157458029891e+02 1.399926354870443447e+03 1.112895502427379973e-01
7.888755544139587528e+02 1.446741621530868997e+03 2.478340542642513800e+00
9.553287153281426072e+02 1.464175038881127648e+03 2.879049775677434031e+00
8.767180744948186657e+02 1.482155251419946808e+03 2.583680133279759872e+00
7.870580363620324533e+02 1.514840638440573230e+03 3.399754988151374151e-03
9.289889009872231327e+02 1.566212167352817687e+03 2.568264942712787047e+00
1.005794511314589272e+03 1.565183887272000902e+03 3.020505554062901776e+00
7.569316369592122555e+02 1.574695868690335601e+03 5.486562898050365567e-01
8.793436250374500105e+02 1.599694291081711981e+03 2.391833504076672501e+00
8.588079684933477438e+02 1.654248233890105439e+03 2.993927549038741365e+00
8.633077208366806872e+02 1.365347322778721718e+03 1.969444058803241804e+00
9.759676285991131408e+02 1.351997651277069508e+03 8.378969541696637199e-03
1.167661352894731863e+03 1.384474543086628728e+03 1.148829194364800799e+00
9.620720860387925768e+02 1.403847735466059703e+03 2.493139333902197219e+00
1.079998422514824597e+03 1.431725440396562590e+03 1.608063380166135481e+00
9.543194063410678609e+02 1.464023148006800739e+03 2.902903448657521146e+00
8.789402664053129683e+02 1.484591138562190281e+03 2.616077837847883725e+00
1.131705006496533315e+03 1.509217118406110330e+03 1.579320230529985158e+00
1.075326361516256611e+03 1.545368170862287116e+03 2.284441533183878548e+00
9.293192155058031858e+02 1.567002980948885579e+03 2.583128622210681513e+00
1.011043223768860571e+03 1.566617614938562610e+03 3.008803160358410445e+00
8.755459149214595982e+02 1.600702051226627191e+03 2.330002808327768626e+00
1.045716638981793494e+03 1.622471637006655101e+03 5.945079262483273785e-01
1.125461283377044765e+03 1.647941825874545430e+03 6.074410436666302093e-01
1.171524343420272317e+03 1.379312531044835168e+03 1.147617232655796959e+00
1.244460819305710402e+03 1.396782816347127209e+03 1.668068932970842688e+00
1.087935708959684689e+03 1.430840335148081294e+03 1.682478744992345954e+00
1.305008445953958926e+03 1.439305440277689740e+03 1.470886614186078578e+00
1.191531647211726977e+03 1.482734515850537036e+03 2.342464747590884855e+00
1.130828670144318266e+03 1.508065402152790284e+03 1.693351835601549560e+00
1.074453605489112761e+03 1.544898798762593060e+03 2.406371989412622980e+00
1.319631498024138637e+03 1.550856049186965038e+03 7.062720901963558395e-01
1.210161742929049524e+03 1.573729431246622653e+03 3.272158977167768934e-01
1.314727639402795830e+03 1.627981138276943511e+03 1.218574315572288569e+00
1.049222459652833550e+03 1.627380474249520603e+03 1.984040684263377874e-01
1.205606925823034317e+03 1.641837949760136780e+03 5.120459775125052460e-01
1.122174160458073629e+03 1.647168632840741338e+03 5.540349395113319808e-01
1.243519054354011587e+03 1.396836659919887097e+03 1.659881478160112556e+00
1.360829813794526672e+03 1.440666502836244035e+03 1.485353083506978145e+00
1.301892897159129461e+03 1.441229075672669296e+03 1.518288217685022312e+00
1.191216321458239008e+03 1.483320778647945872e+03 2.383018864126047465e+00
1.385687319940014731e+03 1.555819864899025106e+03 1.715162840645197084e+00
1.316905620634963270e+03 1.550637421629786559e+03 6.603221373528571636e-01
1.208573349860879034e+03 1.572177756585047291e+03 2.935306599076111800e-01
1.311853470450108944e+03 1.628496990936712791e+03 1.092236811424031728e+00
1.211784007495361493e+03 1.637539110760807944e+03 5.366571871986371978e-01
1.517666857886234766e+03 1.346087402892181899e+03 9.895456363437608038e-01
1.357743633345708076e+03 1.441602925203823588e+03 1.422075474185386490e+00
1.385050628006470561e+03 1.556658656367132380e+03 1.646977696172194472e+00
1.591422611665156182e+03 1.564304333237032097e+03 2.099700620338286861e+00
1.543701554708105505e+03 1.616761733483630451e+03 1.985293881875394684e+00
1.507120961308185315e+03 1.351292122072904021e+03 9.849285781675800600e-01
1.590031920901297781e+03 1.562739677531828875e+03 2.102735545430471031e+00
1.540465283485195187e+03 1.613483359520208069e+03 2.068351998459317720e+00
6.819205746494872074e+02 1.522147928436451366e+03 1.777886451964357351e+00
6.157629404851195432e+02 1.554641415683000332e+03 2.498346758924057109e+00
5.721131206275334762e+02 1.593656737177168907e+03 2.830641019214660492e+00
6.941017195811331248e+02 1.625225333740863107e+03 3.316008212605265348e-01
7.874424540373926220e+02 1.517197087998616325e+03 3.007717147627913423e+00
6.800212132707604269e+02 1.513166561831957324e+03 1.699546969991633238e+00
6.150291314837713799e+02 1.554733559308619988e+03 2.473590521712660362e+00
7.595066251009870939e+02 1.575322835417952774e+03 3.994434267739567779e-01
5.689634491582262399e+02 1.593318880643456168e+03 2.783380556296529473e+00
6.977842147885722852e+02 1.623111213785557993e+03 3.111036459620825645e-01
8.614358084916279950e+02 1.655071891529098821e+03 2.941276334873086373e+00
8.563959797245195205e+02 1.714659295458178576e+03 5.050395103424231910e-03
7.915278092807955090e+02 1.518273268217296163e+03 3.054741645936548178e+00
9.329145159224958661e+02 1.564726301347133813e+03 2.533731368658388217e+00
1.007327298601086568e+03 1.563971848389968500e+03 2.991826022597949830e+00
7.608851901636001003e+02 1.573110865673503213e+03 4.886906160122388987e-01
8.787635080189163546e+02 1.598473285395417633e+03 2.504161358040295493e+00
8.596130865688762697e+02 1.654237323886774220e+03 2.998213241826425346e+00
9.577762508893133599e+02 1.715380824311845345e+03 2.057181753264769597e+00
8.561486111318118901e+02 1.715346462078046898e+03 3.036285340334232252e+00
1.004721136250727341e+03 1.813781309439435972e+03 6.719978071562214827e-01
1.128045625872870914e+03 1.514044409075597741e+03 1.528604324986072349e+00
1.076084094493360453e+03 1.542986867721374665e+03 2.355285572236479386e+00
9.305025055300329768e+02 1.563247642875149950e+03 2.585360833297344119e+00
1.011223575694193187e+03 1.565095406144501339e+03 2.966197920358513151e+00
1.046314485521534607e+03 1.621520094238224146e+03 5.386563905584121903e-01
1.124918629698656787e+03 1.643371205991653142e+03 6.494860591083511103e-01
9.575005036941636263e+02 1.714404024490833308e+03 2.117122143782632637e+00
1.024442047618960942e+03 1.718370627151803319e+03 2.316973088451385721e+00
1.125686057565207875e+03 1.729097379760491549e+03 9.296102106526655806e-01
1.010953460976470751e+03 1.807010745073967882e+03 4.149015623775550998e-01
1.171657047962620709e+03 1.812677033524026911e+03 2.166701681544082270e+00
8.760319186856670512e+02 1.598239937526809854e+03 2.480495566654064898e+00
1.127976846795182610e+03 1.510944112275524049e+03 1.678208433310487857e+00
1.075109569012112388e+03 1.543408913112599976e+03 2.429159199507166189e+00
1.318110259926455456e+03 1.550297959855805630e+03 7.373083799991944076e-01
1.210338171089516891e+03 1.572197704874984765e+03 3.262104430938794764e-01
1.312672049778798282e+03 1.626038289667598747e+03 1.189407573665132833e+00
1.043305935711799975e+03 1.622058452999797964e+03 3.403734555144844465e-01
1.206672504613246019e+03 1.639889839350285229e+03 5.094880498986282813e-01
1.125568101246904234e+03 1.643591239293314175e+03 5.877732929549995822e-01
1.215524874837559310e+03 1.696668387213716642e+03 8.482978726665276747e-01
1.126276639781251333e+03 1.728399895010104046e+03 8.916426610283084697e-01
1.238775129484160061e+03 1.784591176857428536e+03 1.356376897232323797e+00
1.334300671756283464e+03 1.783638601540809759e+03 1.062149077570128997e+00
1.174479939712665328e+03 1.820852052168833325e+03 2.232355443805569717e+00
1.385178982342670224e+03 1.553484672719499031e+03 1.770085758198033821e+00
1.317516929770079059e+03 1.548802428668519951e+03 6.668928094183189659e-01
1.208968856976112875e+03 1.569385743689989113e+03 2.229916767781810194e-01
1.312498603008190457e+03 1.625579194706734143e+03 1.153277731297617459e+00
1.206352400997689756e+03 1.637634635471169076e+03 4.432871887380838150e-01
1.214677413433752690e+03 1.696328564389681560e+03 7.334127435032613551e-01
1.454430689871930554e+03 1.761351533211432752e+03 1.601294556352033549e+00
1.332991618492357702e+03 1.779592978584262028e+03 9.365445528360312188e-01
1.238146975539718824e+03 1.782563556621209045e+03 1.309370048678964782e+00
1.383260274267101977e+03 1.553728856092430306e+03 1.700486188617200023e+00
1.590676553735757807e+03 1.561319260899916571e+03 2.142710469971790488e+00
1.542930598403043632e+03 1.613543352997794955e+03 2.034946242822559981e+00
1.453109631823679820e+03 1.759113272011299614e+03 1.439903734616854170e+00
1.585285414366054511e+03 1.786130681458882918e+03 1.197178699775021782e+00
1.589806333152622528e+03 1.560655983203433152e+03 2.109566932329693500e+00
1.541684611583650621e+03 1.613674425108849618e+03 2.002451770162170241e+00
1.583750893494629963e+03 1.784946545504247752e+03 1.201626893857187017e+00
8.532062011198148639e+02 1.714544995442266782e+03 3.081911332308187035e+00
9.577731508915874201e+02 1.713816890078316646e+03 2.083156979230282424e+00
8.550192435080289215e+02 1.715266304697420310e+03 3.074765708587543944e+00
1.009044344886997578e+03 1.806005903126780595e+03 4.462960363285052856e-01
9.925861503470885054e+02 1.874935206149558780e+03 2.775075082781772728e+00
9.556909750072716179e+02 1.712459417143223391e+03 2.091136471799784236e+00
1.024065100753361548e+03 1.716407768170963209e+03 2.279279402089667173e+00
1.125785588993877354e+03 1.728158949317600445e+03 9.238479484089658911e-01
1.011025017005493510e+03 1.804575589390004097e+03 3.983494140913831361e-01
1.175002399443130344e+03 1.817431978863371569e+03 2.213277344592643914e+00
1.079433232967341382e+03 1.824550815547178900e+03 1.057661612574701815e+00
9.924615859427440228e+02 1.872695983690872708e+03 2.760106978167407021e+00
1.141243819945267887e+03 1.884873737262355917e+03 8.036072958977159841e-02
1.121578746867230166e+03 1.944460486799442151e+03 4.784992994502261787e-01
1.215877657773753072e+03 1.693614005844939356e+03 9.118106861017861720e-01
1.126198090250378300e+03 1.726915061121748067e+03 9.096852786109294042e-01
1.238576018795788968e+03 1.782242105222675946e+03 1.336394124187250787e+00
1.333265928538808566e+03 1.779014242499317561e+03 1.025898569468958854e+00
1.173003165755446389e+03 1.817220170274806151e+03 2.215560041697511195e+00
1.077605468126652795e+03 1.823262956756059793e+03 1.105855694360901476e+00
1.142323247756298770e+03 1.886585357274800117e+03 3.597352377573292265e-02
1.254677846180979486e+03 1.889075138856326703e+03 4.378543784289429253e-01
1.124289343081689594e+03 1.939235349296714048e+03 4.021185103495870661e-01
1.212799060957084976e+03 1.962829775059453368e+03 2.986249442753039496e-01
1.215468447315663298e+03 1.694249036139219925e+03 8.612040437141442739e-01
1.453606036785411561e+03 1.757209623910558093e+03 1.562709137041411900e+00
1.333139509513699295e+03 1.777496515617359591e+03 9.913620475821763867e-01
1.238300261155972976e+03 1.780094307994698056e+03 1.322559441924226808e+00
1.401004116325719224e+03 1.860513378491575622e+03 5.859193645729812022e-02
1.254093541337360875e+03 1.887558211009579054e+03 4.049370843752063132e-01
1.388004566153097130e+03 1.924033518153171372e+03 3.025872799213529696e+00
1.211903526179783285e+03 1.958764155674508402e+03 5.156690813398688844e-01
1.349041801067067809e+03 1.976389463616413195e+03 3.941005940196062873e-02
1.453105383388760856e+03 1.757099682347585258e+03 1.557100273032635096e+00
1.585710514854426492e+03 1.782128743318667603e+03 1.306070571212417653e+00
1.398912634535379084e+03 1.860728572727987284e+03 7.641527043795470764e-02
1.538650858887372124e+03 1.890781102276027923e+03 1.053499267396787786e+00
1.386364567029138243e+03 1.924274331066329523e+03 3.071775320288860023e+00
1.358038695715769336e+03 1.970410224149723035e+03 2.530188713398182632e+00
1.584413365010844927e+03 1.782691192299799695e+03 1.315778918898795835e+00
1.536758695530890463e+03 1.891508602696579146e+03 1.078333699402607371e+00
9.899372369785005503e+02 1.870672630180653414e+03 2.786714978387533570e+00
9.913509347395420264e+02 1.873011258120358889e+03 2.698929443507557480e+00
1.139365239603571581e+03 1.885014102951829045e+03 3.067476489874764595e-02
1.124232941759823234e+03 1.938900483029357474e+03 4.764838914888352428e-01
1.075680796485766223e+03 1.988456036593759563e+03 3.114643377833094640e+00
1.089877770690289253e+03 2.046445712779889618e+03 6.766332914526010378e-02
1.124872154530452917e+03 2.115148487299922635e+03 2.954203641707978445e+00
1.140962081143018622e+03 1.884635256606525445e+03 9.776419579537204418e-02
1.253470421074895512e+03 1.887651464549458296e+03 5.361651055216207773e-01
1.123687478586171892e+03 1.937342675379844422e+03 4.871396198561344648e-01
1.212089527264197386e+03 1.959276634323645794e+03 4.896386394462495240e-01
1.078208803967989752e+03 1.987962298546024613e+03 3.092472241844629099e+00
1.220970880965489869e+03 2.007944513395953436e+03 8.639377973207066352e-01
1.296489354277607163e+03 2.040206288334583405e+03 5.677544340628212227e-01
1.088944444513330836e+03 2.044295927128876428e+03 3.103296739680553529e+00
1.124132733280450566e+03 2.112758807022794826e+03 2.861739248064131935e+00
1.399481495722231784e+03 1.860322285615322016e+03 5.662906375266229392e-02
1.253660183345437190e+03 1.887208390984487096e+03 4.527389148694527798e-01
1.388031378204312432e+03 1.922949983866636103e+03 2.981955153111600421e+00
1.210001793294911977e+03 1.958846366482085614e+03 4.249577249326276784e-01
1.348359832365860029e+03 1.972881509320201530e+03 1.931437456100145930e-02
1.220208127090348853e+03 2.009352841611469557e+03 8.108097770348138278e-01
1.296022282501602149e+03 2.040279308871961348e+03 5.514345832387098634e-01
1.365207011955072630e+03 2.054366893505129156e+03 1.254488162220205538e+00
1.400985056974562667e+03 1.858652430486118419e+03 1.191421606061298238e-01
1.539409269837609145e+03 1.890573210974368067e+03 1.101719128025453909e+00
1.387382006120778669e+03 1.923446249114320835e+03 3.042237727044166284e+00
1.349851460170435985e+03 1.971427858910228224e+03 1.345493629080960762e-01
1.363244496942893420e+03 2.055201921961373500e+03 1.210849933307615034e+00
1.536422711677926827e+03 1.891353846068941493e+03 1.129985422054057054e+00
1.090391856433128169e+03 2.045120850420210445e+03 1.605998626091846848e-01
1.127776141228617234e+03 2.112908773362375996e+03 3.060821324684593225e+00
1.220936005971345594e+03 2.008922379290724621e+03 8.878577633124993262e-01
1.295357432064124623e+03 2.041719185323464444e+03 6.146741850333892199e-01
1.088892392800646121e+03 2.045518349504382513e+03 3.922449804907415793e-02
1.127026504155468501e+03 2.114204996397752438e+03 2.969057859293213752e+00
1.218941019607096223e+03 2.008267697379795663e+03 8.662353343013834417e-01
1.295686464854385122e+03 2.040966258042722984e+03 5.922724066537954357e-01
1.365327151402308573e+03 2.054904456933951224e+03 1.232674026690838920e+00
1.364558386190427655e+03 2.052415712839467687e+03 1.239037564918515244e+00
