5.238442940520892535e+02 3.723782798417635149e+02 1.188900138143317742e+00
5.226286828580607562e+02 3.735729523255025697e+02 1.205675443398574131e+00
5.219554311399637072e+02 3.734926435646352729e+02 1.180130759046593036e+00
1.321816942658573907e+03 4.622342603136979733e+02 4.218890039440192918e-01
1.225928040386682596e+03 5.311002147118070980e+02 1.258666729232900794e+00
1.322490145388505653e+03 4.618001661250232246e+02 4.783993195210670679e-01
1.227165197947103479e+03 5.282918873022342723e+02 1.309611276307937722e+00
1.396403485488124034e+03 5.160922718955084747e+02 3.084730816505719453e+00
1.397706329807128895e+03 5.174091909379079652e+02 3.108549203840110131e+00
4.699415431865533037e+02 6.638747175220471490e+02 2.897006783567097177e+00
4.704986273169656670e+02 6.655647136946852243e+02 2.857487320558825150e+00
8.345025094607273104e+02 6.415879604386390156e+02 1.244743787059742646e+00
7.352228571288562762e+02 6.595965329451314574e+02 1.496028771570043769e+00
8.333985450598482885e+02 6.413136481162098335e+02 1.244985966642922603e+00
7.346768847967624652e+02 6.571264722820167208e+02 1.483211640457354319e+00
1.136184144042441858e+03 5.908761697503281312e+02 9.334211922528208305e-01
1.151473732770758488e+03 6.498167631081203126e+02 6.527642285971713143e-01
1.320654870629412244e+03 4.618511060485569715e+02 3.277045992894382920e-01
1.224527145292725436e+03 5.316268266413251240e+02 1.231406591489076607e+00
1.336111020286958365e+03 5.761232179949776082e+02 3.787369523780901859e-01
1.134710939365400009e+03 5.908604690227313085e+02 9.110520827316349601e-01
1.314792401818966027e+03 6.367002120644984871e+02 2.519684072464677183e+00
1.150367963059259409e+03 6.487204096829966602e+02 6.838447404011663844e-01
1.321985126651209839e+03 4.614006672622808765e+02 4.126528809502371664e-01
1.224870987846808475e+03 5.311470367847990701e+02 1.226914694225508029e+00
1.395106313585023145e+03 5.150227796448618847e+02 3.032076806149976544e+00
1.337985914358103855e+03 5.744524461015394081e+02 3.813276362453126289e-01
1.318778806595228161e+03 6.411222679202038535e+02 2.519806999476206233e+00
1.434661479651114405e+03 6.784661336624567411e+02 2.513175678559792514e-01
1.395721850673689005e+03 5.148076704682307536e+02 3.056480465571205674e+00
1.584672503227837296e+03 5.833888340793382667e+02 7.935919021802168016e-02
1.432925589169666864e+03 6.771161590611513930e+02 3.742991665272077939e-01
1.722317328628253790e+03 5.471419599449798170e+02 2.981194669234559225e+00
1.580730591777177551e+03 5.838037360120384847e+02 1.784347892930257806e-01
1.767253358731679555e+03 6.309732763096126291e+02 2.815967946399210664e+00
1.721534722429524663e+03 5.472531988347710694e+02 3.014881719119782311e+00
1.766524279827291366e+03 6.309993630449494049e+02 2.859321695430380394e+00
4.707626934242448442e+02 6.626160572498248484e+02 2.830052697239163084e+00
5.069274751301812785e+02 7.859780656368295695e+02 2.361815937369557972e+00
3.820585852536733000e+02 8.486006496875036191e+02 9.018178150424863704e-01
4.702540851275184650e+02 6.623463745632408290e+02 2.848452917356833591e+00
5.590559416118840090e+02 7.935258628690575051e+02 1.564157796822714497e+00
5.086245553039477727e+02 7.868619994140748304e+02 2.394617819106727552e+00
6.451089551852837758e+02 8.305997851710123996e+02 1.354191230589286254e+00
8.341764839032425698e+02 6.392948776596621201e+02 1.153516445546578950e+00
7.354439182887706465e+02 6.577120791916154303e+02 1.432688253747613771e+00
5.573659716735622851e+02 7.912264464836305251e+02 1.645906031687251359e+00
8.058432234049818135e+02 7.940816694402251414e+02 1.869293831098848280e+00
6.418428696751425377e+02 8.317048983746268505e+02 1.303677681285855039e+00
7.051175311160156980e+02 8.549112400242258900e+02 1.787167657829939360e+00
8.330538172821271701e+02 6.407903135937743855e+02 1.187135257523174392e+00
7.351623422324405510e+02 6.590536661029392462e+02 1.461007776138939285e+00
8.657168062710186405e+02 7.453499193160621417e+02 1.382693751770830870e+00
8.044326338946718806e+02 7.945012561428940217e+02 1.793073389468125223e+00
8.981315913864405047e+02 7.989965437785010636e+02 7.130055648220514630e-01
9.277100981808703182e+02 8.527072860893295001e+02 4.115801600707139074e-01
1.137681016855344296e+03 5.875165017125806344e+02 9.586932045545225600e-01
1.154520961090734772e+03 6.447913499615746105e+02 7.256201575057138475e-01
8.990910078192018773e+02 7.961737834589068825e+02 8.600021937515467396e-01
9.284638065594590444e+02 8.492547081102586617e+02 4.673972426868222008e-01
1.121453331127422871e+03 8.465395027014528750e+02 1.478663688566968781e-01
1.135729469681954242e+03 5.898467529766493271e+02 9.449442940936012558e-01
1.333352951973142581e+03 5.755521056162818923e+02 5.036230863342617825e-01
1.319186019486254736e+03 6.373177052049833264e+02 2.504851914313677153e+00
1.151437762583266249e+03 6.474737538801464325e+02 7.036819485117801198e-01
1.330385008946584321e+03 7.149104686822253143e+02 2.860619575010696192e+00
1.210167022663877560e+03 7.367265016171413663e+02 9.047954173802718048e-01
1.227087751614308900e+03 7.962552495546241289e+02 4.450012813154979874e-01
1.119370132135724816e+03 8.481080047681435872e+02 1.126492486582361535e-01
1.338737819159916626e+03 5.736964463436955839e+02 4.212840087079168239e-01
1.318705298736083932e+03 6.395995753809141888e+02 2.477481798452869199e+00
1.435414350266538349e+03 6.750868440917678299e+02 2.448479970291172481e-01
1.329746332480444607e+03 7.145130154160624443e+02 2.939785825059562985e+00
1.210021476661773249e+03 7.360944555334641564e+02 9.578563066557003181e-01
1.226475997980998955e+03 7.954869701438443599e+02 5.108175255660798442e-01
1.400234638757863650e+03 8.460872150045556737e+02 2.524144570749441208e+00
1.585559979534904869e+03 5.824460950471775504e+02 5.674335105089127473e-02
1.434257102862149623e+03 6.756063212600386123e+02 3.018394468124359631e-01
1.543037425851417538e+03 7.636006899254514337e+02 3.890051452427087386e-01
1.641761874607928803e+03 8.267386923709257189e+02 9.428833137002099463e-01
1.422213667169426799e+03 8.337112520113096252e+02 2.826198512559745968e+00
1.380440820344092344e+03 8.526022741215781480e+02 2.357065590820693668e+00
1.579758731920348282e+03 5.822303778832643957e+02 9.564319056368010552e-02
1.766842400621698744e+03 6.293503032423450350e+02 2.785333416034222687e+00
1.539999979297036134e+03 7.642825306504780656e+02 3.878490170891338851e-01
1.735041916340961507e+03 8.065541765225457311e+02 2.411013358807318596e+00
1.637591248363873547e+03 8.260257762214205286e+02 8.894371280750147379e-01
1.765573690074833848e+03 6.285238764206842461e+02 2.890709717136255463e+00
1.733705828186946519e+03 8.052645386050903653e+02 2.469410556391894662e+00
1.829021968682225406e+03 8.190760910918454556e+02 2.948729633168355679e+00
1.946020431781115349e+03 8.541031712016957727e+02 2.601100745049831353e+00
1.829226079233041901e+03 8.171395247984063417e+02 2.897767203596134600e+00
1.947024808858422602e+03 8.537765625227182227e+02 2.798630549242378418e+00
3.322622978455290195e+02 9.835715808696745626e+02 1.733443092722788181e+00
5.123721723132534862e+02 7.889935223947949225e+02 2.496316102507439627e+00
3.823427379004641580e+02 8.476096872341033759e+02 7.983598918170685677e-01
4.565184123108828089e+02 8.690618613642900527e+02 8.096380990394951294e-01
5.205955513687966913e+02 9.262456933834550910e+02 1.787083028591305967e+00
3.318170973953679663e+02 9.851673374961005720e+02 1.754275811136834395e+00
5.577530957163371568e+02 7.917644871183606483e+02 1.612701575374362539e+00
5.097638639034506696e+02 7.872827555320264992e+02 2.462587083520821007e+00
6.445764886829115312e+02 8.308030009792751116e+02 1.307635369715059115e+00
4.564395459975024778e+02 8.687945750125122686e+02 7.370713353991954486e-01
5.771114297999940845e+02 9.246920441910090176e+02 1.743849245643488199e+00
5.195127536788420457e+02 9.242430665757606221e+02 1.735689689586248585e+00
6.381540576071823807e+02 9.399608400977601832e+02 1.417520069220168155e+00
6.910661878895733707e+02 9.850099808392797058e+02 1.398508275271080459e+00
5.514719962293246454e+02 7.910388020163250076e+02 1.426592626497430905e+00
8.065680507573804334e+02 7.925205100595750309e+02 1.738878537910424127e+00
6.437944847263757993e+02 8.311812639787231092e+02 1.250746138404014385e+00
7.045050343958928352e+02 8.549637683966155919e+02 1.748843300772085829e+00
5.740234108551979944e+02 9.251148641929444238e+02 1.700735644896382182e+00
6.367172989962755310e+02 9.406400122356055817e+02 1.353477533526004972e+00
8.160838024658585255e+02 9.529454101550377345e+02 2.310051682657684236e+00
7.413047473630417699e+02 9.676552161533895742e+02 1.552871284974380650e+00
6.870820268571382030e+02 9.860911468503184096e+02 1.587184269363045575e+00
8.660992315413143388e+02 7.443849083940447144e+02 1.381964619059639743e+00
8.050156725304894962e+02 7.917977638184586340e+02 1.753284557346451278e+00
8.981083158160156472e+02 7.975425938772397103e+02 7.206351755923811053e-01
9.268779812488194239e+02 8.489638628567330443e+02 4.153206096566539607e-01
9.356191619489648019e+02 9.340386777250962496e+02 1.135060532086556773e+00
8.716788328989878210e+02 9.490970701367389211e+02 1.843694748278893902e+00
8.130101980108919406e+02 9.520019122300450363e+02 2.236815171410432068e+00
7.396776378141844361e+02 9.647172669912295078e+02 1.571906551462283419e+00
9.445931916996712516e+02 1.016706795359195439e+03 1.089416908558880959e+00
8.959986081675049263e+02 7.965984019921633035e+02 7.923106639884928137e-01
9.260819030320378715e+02 8.491300492701542453e+02 4.603123759499729850e-01
1.124233670427808192e+03 8.439528423592661284e+02 1.075529080657210007e-01
1.039145800177699357e+03 8.794412931743704576e+02 2.853493320660738242e+00
9.354050731386698772e+02 9.329612255230049414e+02 1.215434219088042500e+00
8.683698776544526936e+02 9.437510067974342292e+02 1.865983085783753159e+00
1.167520516710106904e+03 9.392433849253798144e+02 1.295097460419850854e+00
1.025337907239962760e+03 9.756809533477562582e+02 1.754224526997785638e+00
1.082700362955170021e+03 9.940667330506616963e+02 9.943686288425329645e-01
9.427989887800001725e+02 1.015195182860158639e+03 1.155617870161766092e+00
1.327518061323628217e+03 7.081619502202888725e+02 2.687772690051361213e+00
1.211497169383458413e+03 7.335972321440932546e+02 9.414353032762998730e-01
1.227946443960440547e+03 7.930492269296346421e+02 4.366066206328145793e-01
1.121156408249209790e+03 8.440986872055420918e+02 6.398590254824644552e-02
1.037324753599952828e+03 8.791490999871114127e+02 2.750810839062134416e+00
1.269638645985137600e+03 8.875403562677788614e+02 4.631996355387027475e-01
1.163797142968433718e+03 9.402951916428282857e+02 1.309224469089544707e+00
1.316982821389590299e+03 9.408992470049847725e+02 6.266282477163415132e-01
1.084521544470935169e+03 9.897732074037126040e+02 1.097427146773261697e+00
1.186834028783164740e+03 9.885349700353697244e+02 8.512447548013227783e-01
1.287143405692361739e+03 1.004229946088679299e+03 2.860259929514216370e+00
1.328620215858466736e+03 7.105446621024128717e+02 2.845342817464514340e+00
1.209978017096051190e+03 7.323481427851057788e+02 9.432477368515517213e-01
1.226946468861661970e+03 7.930672225089653011e+02 4.692539295072462591e-01
1.424981325120501651e+03 8.316004369997788217e+02 2.764426306050423054e+00
1.381605862684144995e+03 8.541117442090621807e+02 2.144247334267117999e+00
1.269008279455840466e+03 8.881248963812913644e+02 5.130878297502787788e-01
1.482512622386194835e+03 9.097471462222088121e+02 2.876987691741429654e+00
1.315147572622782263e+03 9.401903381728973272e+02 6.129976754882596746e-01
1.400270728596667595e+03 9.588401511949953147e+02 6.984860265747302455e-01
1.189631269739168602e+03 9.879398397148490858e+02 8.217298990356030064e-01
1.479027457828681236e+03 1.002792265158858982e+03 2.009697718273629974e+00
1.289659491705875553e+03 1.005932868418915405e+03 1.390153866267200000e-01
1.542197883644788817e+03 7.619824846669089311e+02 3.559218536803309130e-01
1.640734565572588053e+03 8.224874345980349517e+02 8.520841521089889126e-01
1.422464172129930375e+03 8.301071552486318978e+02 2.803060067260198629e+00
1.379687127781411164e+03 8.534424865417918227e+02 2.157868084202724912e+00
1.478782050509384135e+03 9.081236468850690926e+02 2.918201721585663044e+00
1.398255360321087437e+03 9.591050937339184657e+02 6.931863312243458086e-01
1.628814424408076547e+03 9.679211648741074896e+02 2.338213225051399391e+00
1.478155081910351555e+03 1.004608482676105950e+03 2.004369494697873400e+00
1.571351674650408313e+03 1.000203559964019178e+03 2.729246728428332602e+00
1.539285996855704525e+03 7.614765504164390677e+02 3.694356271534322000e-01
1.734023393898944505e+03 8.040046795753227116e+02 2.472358709281565758e+00
1.638233042788481271e+03 8.237334624731533950e+02 8.423773421567954944e-01
1.768652298009695642e+03 8.954256007598182805e+02 2.429272082599629901e+00
1.630257400877853797e+03 9.668209431448424311e+02 2.440287615252257680e+00
1.744439704691117640e+03 9.765201919762096168e+02 2.226090776141727900e+00
1.568164997457458412e+03 1.000144366003811001e+03 2.825620505775318314e+00
1.732856869820846214e+03 8.041486208686637838e+02 2.496006152398810851e+00
1.827791760855830262e+03 8.177967058824992819e+02 3.008942635334527882e+00
1.948696828223825378e+03 8.534428170203768786e+02 2.790068426136445456e+00
1.840224541662316369e+03 8.872974410694168910e+02 2.308760747623716636e+00
1.767513286381681837e+03 8.955928805866317362e+02 2.456939254177124887e+00
1.910880687229279374e+03 8.974565698430412795e+02 2.378394760656727502e+00
1.744067809187009971e+03 9.797144529327788405e+02 2.190596249381583149e+00
1.973670388995667054e+03 1.015406133158273860e+03 8.982256270867488013e-01
1.827731149921245333e+03 8.175704969281734975e+02 2.988420606829230497e+00
1.948803286938411020e+03 8.524185623124806170e+02 2.755738267067672442e+00
1.910682391846493374e+03 8.980335113984085638e+02 2.388173566026284611e+00
1.839660676455090652e+03 8.897243941106532930e+02 2.401616824904238889e+00
2.035367764207535402e+03 1.014605699466279475e+03 1.546560297039092813e+00
2.035844471344713384e+03 1.010681501031037897e+03 1.704449887707469635e+00
3.330012828242040541e+02 9.842437776984613720e+02 1.758568319582261674e+00
4.548436890353549416e+02 8.705935131294404528e+02 7.493957470460270720e-01
5.186448953118276677e+02 9.277367147779107199e+02 1.771457071531261418e+00
3.315501304610460238e+02 9.862872816043498005e+02 1.777663016731686030e+00
5.225417308870542001e+02 1.043471532130797868e+03 1.221203336330390021e+00
3.915413315470626685e+02 1.067804048268511906e+03 1.773772866351883026e+00
4.537602592589830692e+02 8.678110554806069104e+02 7.346480934993256939e-01
5.767257524342243187e+02 9.240031379247043333e+02 1.754139242391490106e+00
5.195257853153312908e+02 9.237812829659810632e+02 1.733347720461754005e+00
6.375115995898868277e+02 9.402512914067933707e+02 1.416804086014772368e+00
6.879493926696271728e+02 9.851844564537807400e+02 1.608701265755771326e+00
5.840242897629121899e+02 1.045889164240930086e+03 1.493258721188814420e+00
5.216826680534843490e+02 1.042985948431708493e+03 1.218156819914939737e+00
3.880595436146463726e+02 1.065994220802218933e+03 1.748461176540038853e+00
6.314534521817270161e+02 1.077289521663694131e+03 1.238668540403665475e+00
6.991712992656166534e+02 1.101510233301552944e+03 6.918038247094181470e-01
5.491051155935404040e+02 1.137067179738863160e+03 2.917405840009550388e+00
5.731042824879391446e+02 9.215363005024398717e+02 1.901223480868370119e+00
6.365059822913301559e+02 9.395353685581667378e+02 1.425819102646092018e+00
8.163539002445002097e+02 9.517156544270449103e+02 2.349393451543452915e+00
7.402419758391627056e+02 9.663235863534735017e+02 1.492030897322353944e+00
6.880597413299477694e+02 9.847129111465478672e+02 1.582973294885880122e+00
5.831682710499401310e+02 1.045427470263112355e+03 1.500223189457025708e+00
8.128978785132439953e+02 1.063466588081325426e+03 1.856894702899356764e+00
6.300548632128849249e+02 1.076040078388115262e+03 1.215941600908933440e+00
7.005177948457851471e+02 1.097275974327746553e+03 6.582102939248817286e-01
7.748254345767653604e+02 1.148096317893682226e+03 1.859500755798432881e+00
9.352712301031915558e+02 9.337462055840042012e+02 1.104494660911604198e+00
8.714623389524381309e+02 9.473730207752726074e+02 1.862351624366607394e+00
8.148518556760012643e+02 9.500934574880209311e+02 2.344765231350220969e+00
7.380389461129863093e+02 9.645550167450030585e+02 1.476384719137242341e+00
9.431369930907194430e+02 1.014816992980591976e+03 1.096591622714438108e+00
8.117725779275532432e+02 1.061682068007253974e+03 1.868916102140577795e+00
8.743398399181953664e+02 1.072157539365999355e+03 1.304351720940669423e+00
9.840248579325871106e+02 1.077953264650278470e+03 1.332289800676712765e+00
7.742575943855911191e+02 1.142179765617665453e+03 1.897713752286288358e+00
9.218753578903333619e+02 1.142753156259353318e+03 1.599335439521650803e+00
1.003758104323442240e+03 1.155408372779576439e+03 1.157402154954432216e+00
1.038143222138316560e+03 8.761309923670619355e+02 2.874553077559224956e+00
9.341138702144280614e+02 9.335066767338098543e+02 1.194776067245453932e+00
8.681714066139390980e+02 9.474880543893368667e+02 1.840462787662501043e+00
1.168442510481036152e+03 9.406273713705350019e+02 1.246475480893419308e+00
1.027869692497517235e+03 9.773516984090515507e+02 1.868494571204468047e+00
1.083753021532105549e+03 9.905244677177358881e+02 8.486147168210889102e-01
9.414225640162178479e+02 1.015153272043320385e+03 1.171766736100632977e+00
8.705868392670515732e+02 1.073268663005761255e+03 1.343731242205329357e+00
9.823040008426951317e+02 1.078411571563972302e+03 1.376577811448713051e+00
1.082001448397352306e+03 1.064861755356256708e+03 4.028120862171732375e-01
9.200719009491999714e+02 1.141270930618302600e+03 1.686895054706020414e+00
1.151891453713961255e+03 1.124648832792233861e+03 2.976258678081388886e+00
9.999713544369155898e+02 1.157275684086594538e+03 1.340578451448614095e+00
1.052128664096766897e+03 1.180743133881739595e+03 6.384868440128659284e-01
1.041651289221364095e+03 8.758294078206090489e+02 2.582295345735450720e+00
1.269685653773811055e+03 8.865570114823119638e+02 4.346816959304371508e-01
1.164298937225324153e+03 9.408385467308266925e+02 1.279147278945834021e+00
1.315756701310471954e+03 9.387270014123753299e+02 5.935858845529109473e-01
1.082911528215662884e+03 9.911426671327019449e+02 9.571909002754314111e-01
1.185020660422933133e+03 9.873356447819840014e+02 7.287437539655114982e-01
1.289798081483117585e+03 1.006704039671635883e+03 6.598971668725901740e-02
1.254429529944660089e+03 1.035628439473214257e+03 1.107401205262441568e-01
1.079909417056582924e+03 1.065343354388876605e+03 4.385933942030762478e-01
1.188915239883678169e+03 1.087126896744109445e+03 2.159095028674606898e+00
1.263321519141212775e+03 1.126591310985184464e+03 1.148899049377667181e+00
1.156382382121617411e+03 1.131542499110667450e+03 2.898130220950426938e+00
1.054154644947924226e+03 1.180337535292844905e+03 9.181652408744787053e-01
1.027540643515257898e+03 9.784360575303946916e+02 1.941361223345371201e+00
1.266990685468847005e+03 8.846209267758219994e+02 4.361160784727922124e-01
1.481784374715687591e+03 9.068298767512294489e+02 2.841105915697235584e+00
1.314655470415402306e+03 9.385312244991027910e+02 5.826469222952083138e-01
1.399779055500644745e+03 9.579752378422792845e+02 6.666192530443648678e-01
1.479176123042679137e+03 1.004215506258080268e+03 2.095116760872346884e+00
1.289293541875213350e+03 1.006490512125711120e+03 8.778265713239180590e-02
1.253916762033441728e+03 1.035250826332197221e+03 1.487507977985215724e-01
1.373777466887026094e+03 1.050232523983533611e+03 5.615212529761433036e-01
1.262715028670457968e+03 1.127099332060454572e+03 1.152034010520378571e+00
1.382359299703657598e+03 1.103632732673537930e+03 1.029139349684276977e-01
1.297053199373016469e+03 1.180088475806049246e+03 8.942535714452223283e-01
1.413958053213327275e+03 1.178892955358408926e+03 3.118738974169566358e+00
1.478932857227093564e+03 9.078798751868073396e+02 2.945186351192263796e+00
1.398691389326815852e+03 9.578137026476881601e+02 6.721945611456660030e-01
1.631230636955337104e+03 9.675030141561169330e+02 2.483299715765437732e+00
1.477257556679537174e+03 1.002115615605689300e+03 2.025263897824081560e+00
1.570947473159273613e+03 9.989829043053941859e+02 2.812683624457716025e+00
1.370807054189408746e+03 1.050259045962822483e+03 6.019535156641154794e-01
1.555462885388027189e+03 1.063692386479322977e+03 2.271987847450847031e+00
1.624588720574757872e+03 1.133039659240222591e+03 1.438601577998456005e+00
1.383346096702020759e+03 1.106821445801767823e+03 2.470126810414735030e-01
1.507886652047772486e+03 1.116208032432208029e+03 2.903736739255113886e-01
1.539286505487149498e+03 1.164569407368714110e+03 1.185914211958684961e+00
1.413511370476576076e+03 1.179367622398256799e+03 4.713634316681421244e-02
1.770734871239761105e+03 8.928199995207064603e+02 2.447144819545567618e+00
1.628468938944885849e+03 9.654461649569695965e+02 2.488445715183669193e+00
1.744277399938607232e+03 9.764750712049815320e+02 2.222504058760692125e+00
1.568572577077730557e+03 9.981263533787782762e+02 2.876203397584200072e+00
1.721309392009923386e+03 1.037584284880281984e+03 1.323297583793553167e-01
1.553697387213237789e+03 1.062641587870191870e+03 2.287049107943920578e+00
1.697878953235509471e+03 1.090547996170080751e+03 2.814411857215989077e+00
1.788821801432998654e+03 1.111370829908142923e+03 2.929930628825902161e+00
1.621665047999216085e+03 1.132930233747430066e+03 1.350507428089883888e+00
1.527780991375271924e+03 1.139569036766533372e+03 2.751672642309330175e-01
1.743221744838673658e+03 1.172959502512689141e+03 1.057317075188366040e+00
1.839446570966366608e+03 8.869620944068103654e+02 2.341142048251868779e+00
1.767071023546604920e+03 8.941025175739655424e+02 2.451270905059906191e+00
1.913262735954323489e+03 8.942667989981891878e+02 2.318198141057363770e+00
1.743528032919005227e+03 9.781547554977184973e+02 2.192181918981470190e+00
1.975497966008236290e+03 1.033304997630506250e+03 1.706911936969245147e+00
1.826784271151762368e+03 1.034706961644540570e+03 2.374358756483987420e+00
1.718874598509276893e+03 1.037707522999213325e+03 1.669804406614410208e-01
1.926909088543237885e+03 1.055898057567410433e+03 2.348172558549165512e+00
1.696753633898282033e+03 1.091127025700027161e+03 2.772667260884948526e+00
1.786864611017505240e+03 1.112353705084026842e+03 1.949879605713338362e-02
1.903180487113253093e+03 1.122364172018256795e+03 2.944213938626536020e+00
1.759415238495821086e+03 1.159010449463818986e+03 3.278885064985854747e-01
1.910395019725629481e+03 8.955196855903475353e+02 2.390069535188181771e+00
1.844432013288639382e+03 8.928207841855767128e+02 2.488694396294103051e+00
2.034975538020119075e+03 1.014857079035397874e+03 1.586886490688462770e+00
1.972601236889195661e+03 1.030336829757279475e+03 1.807322881529848546e+00
1.924277670608244989e+03 1.055321445213966626e+03 2.412482264968370593e+00
1.901913927650131882e+03 1.122276697987234002e+03 3.001708619085355689e+00
2.056798482335569588e+03 1.142593353499621571e+03 2.189339113558128158e+00
2.008660831284279993e+03 1.172870223316611828e+03 2.228008786606416436e+00
2.034755847913796060e+03 1.015007741802186047e+03 1.687003962089768105e+00
2.055527457472357582e+03 1.141708513757889705e+03 2.311447867264391220e+00
2.005445366600894886e+03 1.169071873542786989e+03 2.349102700640133268e+00
5.188054180201376084e+02 1.047411419760094759e+03 1.212770663846995056e+00
3.915171972449013538e+02 1.065685552413905270e+03 1.754527445427105370e+00
4.816556320551890167e+02 1.273280127752387671e+03 6.365905761726551315e-01
5.212608422634655199e+02 1.041142520205293522e+03 1.269097021572616280e+00
5.841052452750161592e+02 1.045830615315366231e+03 1.493071353341658414e+00
3.883909541163338872e+02 1.069374630816346553e+03 1.772079549351017969e+00
6.309988349142938659e+02 1.076196456652938878e+03 1.286021657488138459e+00
6.957709215615019502e+02 1.101091772581735086e+03 7.655811160083358935e-01
5.481535975037857042e+02 1.136615036373175826e+03 2.902975802252657722e+00
6.772194259382288237e+02 1.211990413350852577e+03 2.006621479896391058e+00
6.150162194660947534e+02 1.224749282863000417e+03 1.507404430874427881e+00
4.808586343133439414e+02 1.273873701635836369e+03 5.954245756171031578e-01
7.011928903359334981e+02 1.318484352293530492e+03 2.211830943522793635e+00
5.582337626974299383e+02 1.322378661118778155e+03 2.959490762701650457e+00
8.131794708761635775e+02 1.061639602315075990e+03 1.807308887635917793e+00
6.298040290207317184e+02 1.074247587461091143e+03 1.262591105201366748e+00
5.829531712043560674e+02 1.044504423200135079e+03 1.363710422182757398e+00
6.994895127818115270e+02 1.096452130621258448e+03 6.876019613844897016e-01
7.739936630713189061e+02 1.147175632154780942e+03 1.789309572109734070e+00
5.461880910990346365e+02 1.135673190297782185e+03 2.953144139503926624e+00
8.222751983461143936e+02 1.180882575154451388e+03 1.577818088128578822e+00
7.327811625552556052e+02 1.200706566478091645e+03 1.935262259379273431e+00
6.744811043713034451e+02 1.209658728414000961e+03 2.056567407497189137e+00
6.151731566818340298e+02 1.223058740866450080e+03 1.456738070652897843e+00
8.308178399765192808e+02 1.297667900570809024e+03 2.548836617391816883e+00
7.629420499788036523e+02 1.329453028130769098e+03 1.352745176287664108e+00
7.076496229801471145e+02 1.329026512434077176e+03 2.185847834172437665e+00
5.592974496400680664e+02 1.323329294181683963e+03 2.917023241463451377e+00
8.112419373864058798e+02 1.061352671312685061e+03 1.853314125310823401e+00
8.739370491883819341e+02 1.071370000787703930e+03 1.290575357962237879e+00
9.824589580739043413e+02 1.082167996301656103e+03 1.341782244111626277e+00
7.732502916232881489e+02 1.147113051641576021e+03 1.823360546718079345e+00
9.205436480512948947e+02 1.142789555583931588e+03 1.552981228914190215e+00
1.001993324202836902e+03 1.154817966903867728e+03 1.919036527180690399e+00
8.206980251822878927e+02 1.180790627443929225e+03 1.673678871554021397e+00
7.308460378004202767e+02 1.199339384231076110e+03 1.971850763755621294e+00
8.764126735464878948e+02 1.203682119362547155e+03 1.613440757281812798e+00
9.303292101835600079e+02 1.259506401860935512e+03 1.390210119984969239e+00
9.906547169982793548e+02 1.281180479546540482e+03 1.475839071186811013e+00
8.323886286682352420e+02 1.299991324711718107e+03 2.563141831177041752e+00
7.638223788713746671e+02 1.324112352096961331e+03 1.291528782966887334e+00
8.689491306759871350e+02 1.069560335219248145e+03 1.348935512591693087e+00
9.814726691111759465e+02 1.079091338170720746e+03 1.399518839049644692e+00
1.080861563125450402e+03 1.063282014777050108e+03 4.097133642962606515e-01
9.171348166411103193e+02 1.145336619724061393e+03 1.590351647407529434e+00
1.152614259549089184e+03 1.125411461410687934e+03 2.963497737894426720e+00
9.990917101873246793e+02 1.155540561203732977e+03 1.253680367709081089e+00
1.050899882341137982e+03 1.177407526499135656e+03 5.040137852542040386e-01
1.172214050994357876e+03 1.165656515482096893e+03 2.220391318568195604e+00
1.076831912011792610e+03 1.237888397298920609e+03 8.652205969821076259e-01
9.292841461141376840e+02 1.260055457378030951e+03 1.467742989426550126e+00
1.175305766960881101e+03 1.253014252160010074e+03 1.964073963865141104e-01
9.881354579390520030e+02 1.281986686155400093e+03 1.525364645858203305e+00
1.048780948743637964e+03 1.303460152929315200e+03 8.062727920161775197e-01
1.150786416129964891e+03 1.310358326467729967e+03 4.537673500240226865e-01
8.738218854833189653e+02 1.206571374276237293e+03 1.740131332524886165e+00
1.252224786749236500e+03 1.035854911929787022e+03 4.843490350192705685e-02
1.076707776610050814e+03 1.062103026348579533e+03 3.878590789238078318e-01
1.190101696728870365e+03 1.085508169140101245e+03 2.201254208038115223e+00
1.263314925902833465e+03 1.125308506626844519e+03 1.094053395007025919e+00
1.169314150143281495e+03 1.162838753223903041e+03 2.818859375085891905e+00
1.050537285602575139e+03 1.177430159468555757e+03 6.121024147386149306e-01
1.296764667890582814e+03 1.179485153936842380e+03 7.769184405239907276e-01
1.074352094505216428e+03 1.239568214237270695e+03 9.747632866205495628e-01
1.322609671743606896e+03 1.226051240326978359e+03 6.695714840766685549e-01
1.175525721196486757e+03 1.250981310272311930e+03 3.446028990900610323e-01
1.150721923470073534e+03 1.308669668596183556e+03 5.092695366927217915e-01
1.283686608658322484e+03 1.322213820874636895e+03 1.170659235721216884e+00
1.218456563647122493e+03 1.338696501228561374e+03 1.556546384249300807e+00
1.041676298191525575e+03 1.299716073841398384e+03 8.865558471344264779e-01
1.255979868790163664e+03 1.033045726140696388e+03 1.821960083835618693e-01
1.374491308012452237e+03 1.048269456895983922e+03 5.384939549011042992e-01
1.261825744459513317e+03 1.125445035941621882e+03 1.098434489570623285e+00
1.382501889394999125e+03 1.103217735282574267e+03 1.114888108679541329e-01
1.295342767054240994e+03 1.180591880621776227e+03 8.267574949459547407e-01
1.415522548783095317e+03 1.177731593640440678e+03 3.133619315540302708e+00
1.456984327908691739e+03 1.249702899198052819e+03 1.359648082185965778e+00
1.324738350949525284e+03 1.227360520667163655e+03 5.809445987122910937e-01
1.369642873224599043e+03 1.263875067668271640e+03 1.507211054084415469e+00
1.282562098303954144e+03 1.323175492145357566e+03 1.135199661214282063e+00
1.499781527735245618e+03 1.317520402469200917e+03 7.413932624356199819e-01
1.374317856061596785e+03 1.046391154728232550e+03 4.752629943661701439e-01
1.555399069063025991e+03 1.063467834934500388e+03 2.285869450666346836e+00
1.623758057152829224e+03 1.135257562353612911e+03 1.406495717313194227e+00
1.378891494743979820e+03 1.102481579563247124e+03 1.037751897376408272e-01
1.506649900788710283e+03 1.115568754472475121e+03 2.291778871993142008e-01
1.540305938377346592e+03 1.166619462011827409e+03 1.223188898440243921e+00
1.412337269752211114e+03 1.177667060745958224e+03 2.108316906240472605e-02
1.546282955860495804e+03 1.226094137288145703e+03 1.051446607805103017e+00
1.364223268036969557e+03 1.259963506406152646e+03 1.608672882817778982e+00
1.455562636124478786e+03 1.249920284279388397e+03 1.271630073755614321e+00
1.598035671247628215e+03 1.258349564672537554e+03 1.410590115400578215e+00
1.500707387221307727e+03 1.316473261399338526e+03 6.468563982391374312e-01
1.630337015554070149e+03 1.326488044490527045e+03 7.178110926382782475e-01
1.661141834959519429e+03 1.189149739504693798e+03 1.543050992566544322e+00
1.720082783754464117e+03 1.038856493885248938e+03 4.285014064605796591e-03
1.553592330325413059e+03 1.069138661215669345e+03 2.351864305037053349e+00
1.698477387408943741e+03 1.089065666320401306e+03 2.780347438942646132e+00
1.622289310248177344e+03 1.134642543760048738e+03 2.082979948532161618e+00
1.788294399851398339e+03 1.114776287762819720e+03 9.313899152692714511e-02
1.536716156321417884e+03 1.167573487813890551e+03 1.234738567958565625e+00
1.765563521129180344e+03 1.151408897013035812e+03 2.651465950252486437e+00
1.658586381582425247e+03 1.190310579784595348e+03 1.537243885406239574e+00
1.735612701868503791e+03 1.195043333561989812e+03 2.066546316315784004e+00
1.543524316127307884e+03 1.228272828769965599e+03 1.014030044194560221e+00
1.596139289260410351e+03 1.258909739408092946e+03 1.375467279578473256e+00
1.710131343183955323e+03 1.273774445135727774e+03 1.924569811030023336e+00
1.628292433088653752e+03 1.324053517187391208e+03 6.435655657055585621e-01
1.528040427048304309e+03 1.134773603318162259e+03 2.684204969770956684e+00
1.726465436401276293e+03 1.034100608859694603e+03 1.228161831009421945e-01
1.827554216166147171e+03 1.035604457343170679e+03 2.451796884927825992e+00
1.928682686062566972e+03 1.055178302754958167e+03 2.424338746701849345e+00
1.695931611433724356e+03 1.092047278361610552e+03 2.740551784845066230e+00
1.786865173789807386e+03 1.110165822538335988e+03 3.067445666240338209e+00
1.902651717765966168e+03 1.121493367192227879e+03 2.901036178794249576e+00
1.764918537761348261e+03 1.151008008741165668e+03 2.754902836950142042e+00
1.873360282366073761e+03 1.185307906095076532e+03 6.006146905616741583e-01
1.927419854616864086e+03 1.212454010858328274e+03 1.150421547644177700e+00
1.732790289895822298e+03 1.200518040950059458e+03 2.089749378237208077e+00
1.708110859123731871e+03 1.276107505566528744e+03 1.826701765082100248e+00
1.773660621020417693e+03 1.326114737478809730e+03 1.823777229294060165e+00
1.971496866665409470e+03 1.031610871020808645e+03 1.983647771213349564e+00
1.829074624557656080e+03 1.039464389601710764e+03 2.500022863163686271e+00
1.924723939855475237e+03 1.054367002342429942e+03 2.407360344090562432e+00
1.901325733178292467e+03 1.121272374327138095e+03 2.898349326943320481e+00
2.055214126906777892e+03 1.140678365421896842e+03 2.260389031346330846e+00
2.008660203310601901e+03 1.170710132090552634e+03 2.355708107878614843e+00
1.871939195667194326e+03 1.185218831172635646e+03 5.976852125114537895e-01
1.925746407960951728e+03 1.212061042147104217e+03 1.212813404602147926e+00
1.983441641087814787e+03 1.241372505991762182e+03 1.783051578309985619e+00
2.055355276836678058e+03 1.280976251751510063e+03 7.160322394117972777e-01
2.056815115296578369e+03 1.137641925804534139e+03 2.302778994740382057e+00
2.007227056661657571e+03 1.168837069809029344e+03 2.410374300519821933e+00
2.056688954576604374e+03 1.278466646145379627e+03 7.103157148625568462e-01
2.136020960877176549e+03 1.334818877190225066e+03 2.064919185728666395e+00
4.823761414669347687e+02 1.271193084006661365e+03 7.113903314403192679e-01
6.138047273885343884e+02 1.222950857010819618e+03 1.500517116760677672e+00
6.779534700465810602e+02 1.212837158254988026e+03 1.967532690744978607e+00
4.801515852883338766e+02 1.272593854254532744e+03 6.484804108256289057e-01
5.562138177113022266e+02 1.320290565945800154e+03 2.991845036077890096e+00
6.824137469627997916e+02 1.386158545019664416e+03 2.642193012736298030e+00
6.554067302687089978e+02 1.430922516632663701e+03 2.997268462456280869e+00
8.256212883919781689e+02 1.187771964502361016e+03 1.307425534972237235e+00
7.330872565779461638e+02 1.201561416424766776e+03 1.790782064646827321e+00
6.144849920080939683e+02 1.221079710608071537e+03 1.408678862247886743e+00
6.757075714107838849e+02 1.208581712969453065e+03 1.866266648577028509e+00
8.361333925869409995e+02 1.300122414567826581e+03 2.455603071226968748e+00
7.623138935923872168e+02 1.330020604860782214e+03 1.392630244859588862e+00
7.067484116728874142e+02 1.329004515741911746e+03 2.065963964146907195e+00
5.546032769429992868e+02 1.320359890780457590e+03 3.051476531918686508e+00
6.827951512061399626e+02 1.385969953506754564e+03 2.719320250872322653e+00
7.979323694656899306e+02 1.430685142997813273e+03 2.673552800402963836e+00
6.543744347964933468e+02 1.430119254806563731e+03 3.082406576194687720e+00
7.286996415173645119e+02 1.206369018061490806e+03 1.920565465123336812e+00
8.765361976560286621e+02 1.204150623021727142e+03 1.529627255600255031e+00
9.294897126735947950e+02 1.258804359921856985e+03 1.376593452271001716e+00
9.895006743634044142e+02 1.280217851134157627e+03 1.445134539613967650e+00
8.335334357478307084e+02 1.300039980618601021e+03 2.484488124191833958e+00
7.600291098530697127e+02 1.330028848075507995e+03 1.348848356919702507e+00
9.404728849866037308e+02 1.358539879264707224e+03 2.693305131065811153e+00
8.676219610680132064e+02 1.396710456208817277e+03 2.879915709573586557e+00
7.958321381589573775e+02 1.430938612821124934e+03 2.702175070931570389e+00
9.903673314346169718e+02 1.448692794936328710e+03 2.836695387160414583e+00
9.088347077148912376e+02 1.467252114810967896e+03 3.318650218178715861e-01
1.076839304640562887e+03 1.235019503344531813e+03 9.517120321524303872e-01
8.723849450791306026e+02 1.216213816644067947e+03 1.552889421515264212e+00
9.283577291420604070e+02 1.258563897824592914e+03 1.448259647722305088e+00
1.174749241356026005e+03 1.253606146756638964e+03 3.665948075352882252e-01
9.879284874839620443e+02 1.280055302723621253e+03 1.506499211019099116e+00
1.050042402704389588e+03 1.301118232014963951e+03 8.935763683112843969e-01
1.152039197860234253e+03 1.307792776631227298e+03 5.066997016059102688e-01
9.386002703234448745e+02 1.358374272472997745e+03 2.649092197977240826e+00
1.050351108045158981e+03 1.375777132029564882e+03 6.712025733800055516e-01
1.114746862356674001e+03 1.402684719531695691e+03 8.578230530734756165e-01
1.176383743781776047e+03 1.424133207612928800e+03 2.619011323958417847e-01
9.922611598217040410e+02 1.451459603897096940e+03 2.709659235915069964e+00
9.084679594615431597e+02 1.467561730052964549e+03 2.923024195063880448e+00
1.111626074430767858e+03 1.493448963243853314e+03 2.033756490656339455e+00
1.075432303251152234e+03 1.233740382926919665e+03 9.912127669909865935e-01
1.319328470099295828e+03 1.227617255958561827e+03 8.324731593633980520e-01
1.174325060189533133e+03 1.249814377428902617e+03 3.873979494532340251e-01
1.150417808206610061e+03 1.307043484927978625e+03 4.891359645143156798e-01
1.279219654596493228e+03 1.324033725543652736e+03 1.117855849785625244e+00
1.046570252478314842e+03 1.300864944974623540e+03 9.384571981937028795e-01
1.211557237406769218e+03 1.338480165274938827e+03 1.124788484564761770e+00
1.047611863876045845e+03 1.376789976573469175e+03 6.605556173592177505e-01
1.318197450451351870e+03 1.370048239332244520e+03 6.193730353707792569e-01
1.113238467205768302e+03 1.403276210541104319e+03 9.567359829979024122e-01
1.174899829742563725e+03 1.422359683575667532e+03 2.051542911769522193e-01
1.229170491942518765e+03 1.455428382915840075e+03 7.954451092881201779e-01
1.111027326192447390e+03 1.496702766201791974e+03 2.115148630216442172e+00
1.324123693621206257e+03 1.224437186517912778e+03 6.083455637695600604e-01
1.456989764986390583e+03 1.246802340814269428e+03 1.319616649547878273e+00
1.369018751006426328e+03 1.261874239003776211e+03 1.493567191716038689e+00
1.276826311392614343e+03 1.323926828697301062e+03 1.049734094906948689e+00
1.501942347292995919e+03 1.313577039798565465e+03 5.844756412907224918e-01
1.210708520950017146e+03 1.338276639325066981e+03 1.064518000012974586e+00
1.403786728755720560e+03 1.369410820171198111e+03 1.741963329513004588e+00
1.316873250618465136e+03 1.370436987483863277e+03 6.475896578778418400e-01
1.453812800784194906e+03 1.453950446429708109e+03 1.992442198874393444e+00
1.348741667249460079e+03 1.444679891714160931e+03 3.043351564903777007e+00
1.227744551129585489e+03 1.456633930056667168e+03 7.075243013453225149e-01
1.545507446712007550e+03 1.224419502652473966e+03 1.005554545548472900e+00
1.364753315387646580e+03 1.261844194427104185e+03 1.485264358799307738e+00
1.455332759437210598e+03 1.248205164660458422e+03 1.265111051983936585e+00
1.597217296830267969e+03 1.256577126431911665e+03 1.413240661579331592e+00
1.500247122221039035e+03 1.314134209538214236e+03 5.755785069563091882e-01
1.630727732984337536e+03 1.320938181677259308e+03 5.816501133228667575e-01
1.402068363589183264e+03 1.369152566275511617e+03 1.743945761008225404e+00
1.526620936892697046e+03 1.364977694004119712e+03 8.885279327435903207e-01
1.558947526276409690e+03 1.415283759347133127e+03 9.199385089438026908e-01
1.626844965874202899e+03 1.434087914224353881e+03 1.856163943253674731e+00
1.451746214374231840e+03 1.454199839640789605e+03 2.064165685545822804e+00
1.347462536909317123e+03 1.445977828436902428e+03 3.096730476939387522e+00
1.594708683812406889e+03 1.491257801063462011e+03 1.261305403737700503e+00
1.734512411276943567e+03 1.203272583985887877e+03 2.372928320802816238e+00
1.659434736239396443e+03 1.190143300096849771e+03 1.547342288729316451e+00
1.541770872998106825e+03 1.226570999865220529e+03 1.006604081099062853e+00
1.596815008737207336e+03 1.257818808984772659e+03 1.356931437242473004e+00
1.710711887037715996e+03 1.272431977936382282e+03 1.937814661022597695e+00
1.775385382637823113e+03 1.324057883552183512e+03 1.905279393729204962e+00
1.630120250106825097e+03 1.321556871218740071e+03 5.848549388873354182e-01
1.523756924726185389e+03 1.366186161251418071e+03 8.446306088200541407e-01
1.722065301757767884e+03 1.376566281919715721e+03 2.399355076148800059e+00
1.671920293482196712e+03 1.407517765304877230e+03 2.091402389546082041e+00
1.557855652695827075e+03 1.416610753315189413e+03 9.081390024934417049e-01
1.622237107287883191e+03 1.434549207041265845e+03 1.646887324705300193e+00
1.589150925084876008e+03 1.492499559147903256e+03 9.684266042503915095e-01
1.868846093684594507e+03 1.187175253991798854e+03 6.015843120547305078e-01
1.734171280410358577e+03 1.207856985184272844e+03 2.393930741916276084e+00
1.925471154950381788e+03 1.216731109441660010e+03 1.103979154814874075e+00
1.709944589290941394e+03 1.273039705743911782e+03 1.912377160650770902e+00
1.774637116576145900e+03 1.324334070065746573e+03 1.878954219235861478e+00
1.722017774768642539e+03 1.375483171049982275e+03 2.339292273146821532e+00
1.981976489361593849e+03 1.355133411479370125e+03 4.722096505995800886e-01
1.669311847354918200e+03 1.408640729077533479e+03 2.053222198956220268e+00
1.925217115668262522e+03 1.211855443548234462e+03 1.251512169752503789e+00
1.982793485929488270e+03 1.240370937343395781e+03 1.864551180565656052e+00
2.055348038136262858e+03 1.279948436441675312e+03 6.592852518832591491e-01
2.138674159964764840e+03 1.336883894081357084e+03 2.116229019782418064e+00
1.982654120036307631e+03 1.352878567098750864e+03 4.675941971156075683e-01
2.075004670574817283e+03 1.362248377838695887e+03 1.329383241229805668e+00
2.000653326834376912e+03 1.421601382698413317e+03 1.280805176946967050e+00
2.055861012305460463e+03 1.278299192711006071e+03 6.724046869873256949e-01
2.136838890653606086e+03 1.335217650863157360e+03 2.081903207460459537e+00
1.986560123693831429e+03 1.350110103610322994e+03 5.567758514326849317e-01
2.075293143479643732e+03 1.360100056481040156e+03 1.353532981070517227e+00
2.000563558613689565e+03 1.418839450472669569e+03 1.316867822841876201e+00
6.814294445206030559e+02 1.385647422389172334e+03 2.606339476123947119e+00
6.560113923455318172e+02 1.429532851846031690e+03 3.053764813754545671e+00
5.943612664781436479e+02 1.531405299084347234e+03 3.023262924346122205e+00
6.824075091002918043e+02 1.384396462127438554e+03 2.636713158302826265e+00
7.966876125895541918e+02 1.428702120698960016e+03 2.607974809367975766e+00
6.529812321142112523e+02 1.428842258094113049e+03 3.063983243525924216e+00
7.439461753312411929e+02 1.501802896017652529e+03 2.897146009672229461e+00
5.921439691669124841e+02 1.529821299721445712e+03 3.068447076174481758e+00
7.535352853170629714e+02 1.575296377575621136e+03 2.645574061014374312e+00
8.408343419921578743e+02 1.586905001472088770e+03 2.087727740024322820e+00
8.043058998994249578e+02 1.658495698863434200e+03 2.353873996151223835e+00
9.416935741599227185e+02 1.356337246816255174e+03 2.705491547381793538e+00
8.675546858380644153e+02 1.395642661550707544e+03 2.876268532592168636e+00
7.956784566055890764e+02 1.428833002192762933e+03 2.654854430947392707e+00
9.931978472519758725e+02 1.449285283926137254e+03 2.723531063497169225e+00
9.098506335149534152e+02 1.465511157477980760e+03 3.020688869686991573e+00
7.418910210572788628e+02 1.500969104148545284e+03 2.953222769740065701e+00
8.818191399001175341e+02 1.507403864255537883e+03 6.083685616947986236e-02
9.624731782120873049e+02 1.581154809072057787e+03 1.358591259857490963e+00
7.523046884391440017e+02 1.575286317505029956e+03 2.738950369222338921e+00
8.434158547698787061e+02 1.587190956937931333e+03 2.271631181175652436e+00
9.122934971067484184e+02 1.597399712919027934e+03 2.059632342004007910e+00
8.035264141556777986e+02 1.660399942948580474e+03 2.629716776645727450e+00
9.906746815643127775e+02 1.659480134345285023e+03 6.123597682946750886e-01
9.406426161099918772e+02 1.358997580085421077e+03 2.591706795306080391e+00
1.051181400559242547e+03 1.373795327656677728e+03 7.330864036336345313e-01
1.114473125975850962e+03 1.401295470776459069e+03 9.497559568883038317e-01
8.661606393608201415e+02 1.400020404959637517e+03 2.795384110624442808e+00
1.175947101637690139e+03 1.421101235880045351e+03 3.286449456023528004e-01
9.933470938884911448e+02 1.452342961770528973e+03 2.668557073707163774e+00
9.083889341344213335e+02 1.467915218399708920e+03 2.926109935647042803e+00
1.114471361929471641e+03 1.498683014276543645e+03 2.099301459292540528e+00
1.037703113248800037e+03 1.511394831518637602e+03 2.741138407325792059e+00
8.784389445430228989e+02 1.507095414104953306e+03 3.081280240138737803e+00
9.619536069424443667e+02 1.580827510258711754e+03 1.430860669088161341e+00
1.069790016933652851e+03 1.577583800407882109e+03 5.490829601624033218e-01
9.046079200430879155e+02 1.603467916707272025e+03 2.155289129571360984e+00
1.127441064656577055e+03 1.602579960995134115e+03 9.570738583068998384e-01
9.974173235157747968e+02 1.659154553636547007e+03 4.804592493023539523e-01
1.046683885934204000e+03 1.373449747956469537e+03 8.154799308488505094e-01
1.315860035250008877e+03 1.371269283763319208e+03 7.387367088444768415e-01
1.112135303285829423e+03 1.400970821122601592e+03 9.733150242124086748e-01
1.175315169089321671e+03 1.421487032039758105e+03 3.992757706598072942e-01
1.231642049089170769e+03 1.455265655464463634e+03 8.116878562570706279e-01
1.114543019202898677e+03 1.499604468147740818e+03 2.163730695512650737e+00
1.311730578855955855e+03 1.498574358413481605e+03 9.315684794908506150e-02
1.037150664041919072e+03 1.513223073058564296e+03 2.769095924290460253e+00
1.065645949795344450e+03 1.578975615098994012e+03 5.480081900995201760e-01
1.125516395646415958e+03 1.603443801734313865e+03 9.403573055300394889e-01
1.403757245897943449e+03 1.367553333748462364e+03 1.707083904584896894e+00
1.317639219864004644e+03 1.370310668869235315e+03 6.909333128710064553e-01
1.453989714734375411e+03 1.454858692088529779e+03 1.994685911090852581e+00
1.348754913724951848e+03 1.442311331335720752e+03 3.025583812365386205e+00
1.230427630063737752e+03 1.455005741386206637e+03 7.914895045015967190e-01
1.309473331276750059e+03 1.498395079167161612e+03 8.971944578022417183e-02
1.408404293019176293e+03 1.527198894475769976e+03 1.464821872374860723e-01
1.433480537458413210e+03 1.578108178459558985e+03 9.202012362023288539e-01
1.443959135623508246e+03 1.661965788936631725e+03 1.066392018521147733e+00
1.400908286107672211e+03 1.369281243132219970e+03 1.750327924803011026e+00
1.526389874014544830e+03 1.362665673404284462e+03 9.375605954276242660e-01
1.558647657380372493e+03 1.414554932229124233e+03 9.528377629105106994e-01
1.624086094929247110e+03 1.432471691246993032e+03 1.626353042650975800e+00
1.452125040053371549e+03 1.454326201342851391e+03 2.053705903059404037e+00
1.347536109400641408e+03 1.442508439578218258e+03 3.096956392123853874e+00
1.521399068030370472e+03 1.530109832837802060e+03 1.322406832383590913e+00
1.586083066909811805e+03 1.512716231498023262e+03 1.751918426684769381e+00
1.407501253179482319e+03 1.527508121658665004e+03 6.874705628891768228e-02
1.643547141044014552e+03 1.576738708982826665e+03 1.278070130531266280e+00
1.431542044159119996e+03 1.577456178933460251e+03 8.915273366220594076e-01
1.441082309290005242e+03 1.661429228110096119e+03 1.092415521813903556e+00
1.523789278872727436e+03 1.363177951463596628e+03 8.467175319524192778e-01
1.723760954308505688e+03 1.374037121814769534e+03 2.402360152022955830e+00
1.673406501998534168e+03 1.405876803384636560e+03 2.095327875537231321e+00
1.557944367017269769e+03 1.414915504904585077e+03 9.129902833317763422e-01
1.622451500670874339e+03 1.434479104317194924e+03 1.647858786892541172e+00
1.586441723871701015e+03 1.513918985611750259e+03 2.499513171252869093e+00
1.519648714645189102e+03 1.531187126105210382e+03 1.295309875754527162e+00
1.703333716864624648e+03 1.549864944830407012e+03 1.983998751304175912e+00
1.640685797978153914e+03 1.576520869558755521e+03 1.234127155574715085e+00
1.975109261242679622e+03 1.358255404119234981e+03 5.984929860697483228e-01
1.724538374741855478e+03 1.378438830450101477e+03 2.435512485627224333e+00
1.674662108846270485e+03 1.411753180808237630e+03 2.095465618574765987e+00
1.702632819205740361e+03 1.550236511910789204e+03 1.949244970785108277e+00
1.981881018772399784e+03 1.351760603747427240e+03 5.170845757035908985e-01
2.074737066375957056e+03 1.361106899395160553e+03 1.315555190287837517e+00
2.000122954600751200e+03 1.420473314150252918e+03 1.260046673315608601e+00
2.047660759638216859e+03 1.551097463388928645e+03 1.879671689685830982e+00
2.075110821186721751e+03 1.360077673004252347e+03 1.310094624094723548e+00
1.998891887135205707e+03 1.419911489520268105e+03 1.267632497817931414e+00
2.047642103507526826e+03 1.551576357821571946e+03 1.839378848524370724e+00
5.942701263813700052e+02 1.529228807009469165e+03 3.086287583717208349e+00
5.946025566455857643e+02 1.530048191032002251e+03 2.796594792854326800e-02
7.535479221072088194e+02 1.574142924763719066e+03 2.731426417188621780e+00
8.443162536474037552e+02 1.586237004625775853e+03 2.243090555266666009e+00
8.067434622492313565e+02 1.656745283914577385e+03 2.695120623361995538e+00
7.260128889936423775e+02 1.681700089392707923e+03 2.624880658377922060e+00
8.540308884510038752e+02 1.749213751608237089e+03 1.147310614411967356e+00
7.973538542747305655e+02 1.770103147612207522e+03 1.683155419167955191e+00
9.635232611187036582e+02 1.578673071280271643e+03 1.372261758201311466e+00
7.513522893184947407e+02 1.573127119632731592e+03 2.732735337789749863e+00
8.433401390845615424e+02 1.584905972045068893e+03 2.328184727709775359e+00
9.127813006779688294e+02 1.594760975025227026e+03 2.189182148759071023e+00
8.045417923555252173e+02 1.655596012424326545e+03 2.665972660713643805e+00
9.991216020094357191e+02 1.653308586386920979e+03 4.588746288806073714e-01
7.225269104395196109e+02 1.680531611248851277e+03 2.654513260967340305e+00
9.440139728846961589e+02 1.734308497863176854e+03 2.393316681481345132e+00
8.502865447688141103e+02 1.751381054477272755e+03 1.133329904931489995e+00
7.960552237168317333e+02 1.768231628325077963e+03 1.716928145382517146e+00
9.514261374433881429e+02 1.799174926292074133e+03 1.198505336745686184e-01
8.838560790797941991e+02 1.512256581761545931e+03 3.075480091964185814e+00
1.038338780894471938e+03 1.509359249328236501e+03 2.791301764274638497e+00
9.628162587763770262e+02 1.579011759695550154e+03 1.434370197558981319e+00
1.070420513807419184e+03 1.576317555748740460e+03 5.459951772459592512e-01
9.090799093415009793e+02 1.598187047640603851e+03 2.275980384999733097e+00
1.127182673892518778e+03 1.600034277838528169e+03 9.086939801812583539e-01
1.000254331430279990e+03 1.654250304270759216e+03 4.423993011440909284e-01
1.054326452403394114e+03 1.688422382114987613e+03 2.009698967956902449e-01
1.148480678435558275e+03 1.707718080853249376e+03 1.271022550526662132e+00
9.437528170441887596e+02 1.737907609791205914e+03 2.410763430277843344e+00
1.036727395753478959e+03 1.761783908434901605e+03 2.321323808803122279e+00
9.497869311398301306e+02 1.799565944765608947e+03 6.834606236847870497e-02
1.043013916776333872e+03 1.514628948631986304e+03 2.898821644620703797e+00
1.067047598258189282e+03 1.576321434586934174e+03 4.908279062736817799e-01
1.128813162007558731e+03 1.601882016921657396e+03 8.979417373236951994e-01
1.058357883811713691e+03 1.687877672891213933e+03 2.009860490562723756e-01
1.149461227667665298e+03 1.707499140334241019e+03 1.291097045845123858e+00
1.038591530390266371e+03 1.764461277954454999e+03 2.304686951777523252e+00
1.406275724744537001e+03 1.527052770069202552e+03 3.376129419515997432e-01
1.432521048380060392e+03 1.578063598072616060e+03 8.908443559234602294e-01
1.442038786374815118e+03 1.662178523367077105e+03 1.175321711590978868e+00
1.586263735249700176e+03 1.516325844777903740e+03 1.768641610515892637e+00
1.520657887696837633e+03 1.529646072306306905e+03 1.427238464401098916e+00
1.402620350137932746e+03 1.526331410340622597e+03 2.428551902259476758e-01
1.641270926500765199e+03 1.576485729351222517e+03 1.268230014621809065e+00
1.431240006383481386e+03 1.578143222272115054e+03 8.257853959553507206e-01
1.440512108675871332e+03 1.663030645913138414e+03 1.108551825442321670e+00
1.586106292038190531e+03 1.515752099089927697e+03 1.655771738768157642e+00
1.518798294942288067e+03 1.531263129965728240e+03 1.319513898923470041e+00
1.703024262593358799e+03 1.548687970809240596e+03 2.000789755250901969e+00
1.641243151664389416e+03 1.575066860751692275e+03 1.262636992338689090e+00
1.701783857570418832e+03 1.551288612717589331e+03 1.938921693456526540e+00
2.047658341417534757e+03 1.548169562029384224e+03 1.854992207828391360e+00
2.046798083480081459e+03 1.549701860888395458e+03 1.805743242825137651e+00
7.246377810317707144e+02 1.680939066752917370e+03 2.620358586236318565e+00
8.497511879650414812e+02 1.752087327441693333e+03 1.248545630811877860e+00
7.950024751919409027e+02 1.767185737553456420e+03 1.716002202991706138e+00
7.430290043308039003e+02 1.832423703770273050e+03 2.245100411411150798e+00
8.434999397722929189e+02 1.846123579452811555e+03 4.950260858261620323e-01
8.081910436812715943e+02 1.954786395416454980e+03 3.461261211472439481e-01
7.261568603830904749e+02 1.681064488586472180e+03 2.560089348337315052e+00
9.441531241726324879e+02 1.733624335288192924e+03 2.392589666959308303e+00
8.505797125604269695e+02 1.750385939881608692e+03 1.170270310825462179e+00
7.955221270098983268e+02 1.766737529718148380e+03 1.698666604242856426e+00
9.542258764823011461e+02 1.794652597967938618e+03 9.301769949834710616e-01
7.433397580961210451e+02 1.831569977275815290e+03 2.218296400123137779e+00
8.442584847326554609e+02 1.845150990855526288e+03 4.717421615719923356e-01
1.016740074531976006e+03 1.854656830516109949e+03 2.873382295768206252e+00
9.571462070825896262e+02 1.884462733445728190e+03 2.729900639802220308e+00
9.318433891685303934e+02 1.925134945489111942e+03 3.009665613371075743e+00
8.075441668081246007e+02 1.952850146388307166e+03 3.849064834203407282e-01
1.054463152391326730e+03 1.686962627676370403e+03 2.709438836715211130e-01
1.147946628957112580e+03 1.705911064508969957e+03 1.255549957824729113e+00
9.433907216265379247e+02 1.735667700924267137e+03 2.373108035838050522e+00
1.036793264433973945e+03 1.759851647162953213e+03 2.269227968885273228e+00
9.532116631711321588e+02 1.795340261312419671e+03 1.749410917105499730e-01
1.018446663206537551e+03 1.854920954622647741e+03 2.928508849951665827e+00
1.128511937345980186e+03 1.867524553626499937e+03 2.392125476105717130e+00
9.552480039157353531e+02 1.884616749516877917e+03 2.751694476354702434e+00
1.109317272710067755e+03 1.935045902455222404e+03 2.311201237643622175e+00
9.289235976737647889e+02 1.926010564520076059e+03 3.056563550020645614e+00
1.063997791995089528e+03 1.685797343044212994e+03 3.557533946720913276e-01
1.149298259776660188e+03 1.704825215574365302e+03 1.239784897920236828e+00
1.038122545255148452e+03 1.762203982539826939e+03 2.348055254707196227e+00
1.129235444835429462e+03 1.866170345390443799e+03 2.467706555535712276e+00
1.281512976970271666e+03 1.912085084497437492e+03 9.539702187494666363e-01
1.109749280737368053e+03 1.934624057342814467e+03 2.456134671384166523e+00
1.278761016958613254e+03 1.914057318051469338e+03 9.936103799044236906e-01
7.435256978453001011e+02 1.831663417757277102e+03 2.265843317530380041e+00
8.398276685786402140e+02 1.846637635040244277e+03 6.469336386260116090e-01
8.108859007757662312e+02 1.951470951674229582e+03 3.676260686511159115e-01
7.436381915583684759e+02 1.835365736684053218e+03 2.159269296267900096e+00
8.442650359169062995e+02 1.845275889349499266e+03 5.024590335955054776e-01
1.018293552196027804e+03 1.852111010108429809e+03 2.628656824346984777e+00
9.578848529292172316e+02 1.883420508800731795e+03 2.664905238079862571e+00
9.297806522908140323e+02 1.926558267289379728e+03 2.893417156558055314e+00
8.093905568701109132e+02 1.951585870613535008e+03 3.367077754106136411e-01
1.020722678399235974e+03 1.854769372958714484e+03 2.902955638201528465e+00
1.130767492904243909e+03 1.864535765779291751e+03 2.419949729601571509e+00
9.557061765642831688e+02 1.883099252929022441e+03 2.685031524901667854e+00
1.110184791850575721e+03 1.933475514222508536e+03 2.388802608590320897e+00
9.294153807176803639e+02 1.926019096751484994e+03 2.976053354864644174e+00
1.061072778404912469e+03 1.983309852219886125e+03 4.205330644187312006e-02
1.069240073661345377e+03 2.033404337889750423e+03 8.719211915294614590e-01
1.127975885012084063e+03 1.864518852820178154e+03 2.456462250671666236e+00
1.026804498251295854e+03 1.856012739291657454e+03 2.887824692270590798e+00
1.281188124571707249e+03 1.911549423101948832e+03 9.839259541438529766e-01
1.108792562841598965e+03 1.932841142396797750e+03 2.448059315347490994e+00
1.059867041203191320e+03 1.982660821080838105e+03 3.131982167470762857e+00
1.068713044830697754e+03 2.032732009788033338e+03 8.504330812991434119e-01
1.279612215730835032e+03 1.911823093052636068e+03 1.014036301842631937e+00
1.068280298685677280e+03 2.032930385946193383e+03 8.363130500110531607e-01
1.069570025742713824e+03 2.031064596819389408e+03 9.404529984839763435e-01
