1.671840405648876185e+03 3.608982347983453565e+02 9.420920760730943089e-01
1.777499106967509078e+03 3.688396374841122451e+02 1.674484903473349717e-01
1.678785683612988350e+03 3.523998034820511975e+02 9.088358678660721779e-01
1.779124861406582568e+03 3.699277106975184779e+02 1.408907792091564359e-01
2.861131817618217497e+02 4.736649794959487281e+02 2.222508452233679765e+00
1.869731108094202909e+02 4.861939934976178392e+02 2.967133653426468509e+00
2.855373131308286361e+02 4.733477034576394544e+02 2.323772679321707724e+00
1.002843707822834403e+03 4.995987187255452682e+02 1.318253648708017423e+00
1.002741619745624803e+03 5.015088329504750391e+02 1.284015907529899359e+00
1.574583531153256672e+03 4.732517333417804366e+02 8.554682278534094797e-01
1.670672879993170454e+03 3.650823931458460265e+02 1.007967543020534151e+00
1.778641428023650406e+03 3.682812707578877962e+02 2.217765870875574100e-02
1.693875455264551647e+03 4.131253873222981383e+02 9.306799890374629902e-02
1.574798753159117268e+03 4.737993237089101513e+02 8.684820005407725141e-01
1.679661446491210199e+03 4.819452339048439171e+02 2.553489807659402033e-01
1.670793758924138501e+03 3.596381117032910879e+02 8.859077601951380609e-01
1.778647922565360886e+03 3.679097536785371858e+02 1.107902641605162941e-01
1.694175281049778505e+03 4.131251179586741955e+02 2.149267422374283032e-01
1.840197191172308976e+03 4.507015593623133327e+02 2.510870059794071629e+00
1.681214299786072615e+03 4.822841092705371011e+02 3.082799580743939005e-01
1.950909530060440375e+03 5.027654767667481792e+02 2.375275957675355265e+00
1.838698363599120967e+03 4.516826678363566998e+02 2.671913046677464543e+00
1.981714317206376109e+03 4.824457038233797448e+02 2.967869480107198754e+00
1.941826986594165191e+03 5.150925997253207242e+02 2.250560892941333435e+00
1.986152594971255439e+03 4.834311892458457578e+02 2.896864465637536412e+00
2.848705619632887078e+02 4.707513034881798148e+02 2.203983913527292948e+00
1.860928580462262403e+02 4.844961482357114164e+02 2.924236636979960391e+00
1.137420876555856353e+02 5.929288159487546181e+02 2.061762614386415948e-01
3.700879187032030586e+02 6.699320614037679888e+02 2.243985831413531695e+00
3.054759491561221125e+02 6.908035427080867521e+02 1.853299669568665653e+00
2.852236912010141054e+02 4.716210027053285785e+02 2.304513557241301136e+00
3.695843540850266891e+02 6.710105358657162924e+02 2.350910323724774376e+00
3.035496816733910350e+02 6.918931585260936572e+02 1.909722931746067554e+00
1.003217370674960875e+03 4.999920521338217441e+02 1.238860057629405986e+00
9.376212395908837607e+02 5.669901920929115704e+02 2.184850037280750445e+00
1.002630007674589706e+03 5.003249141057117413e+02 1.219463600907157774e+00
9.379257618020944847e+02 5.666456752012200013e+02 2.194596287603648666e+00
1.012865972122692028e+03 6.959175485009789099e+02 1.116323948974332847e+00
1.260244900872798326e+03 6.570509713322139760e+02 1.048784749845257380e+00
1.471692671084298354e+03 5.736113288287028809e+02 1.083306701432100949e+00
1.257480800617003752e+03 6.567932154046557116e+02 1.074471788517128878e+00
1.423319020786086185e+03 6.662755151321503035e+02 1.265097840634990360e-02
1.574950262107114895e+03 4.729772857696107167e+02 8.975496986230891983e-01
1.652292214591563834e+03 5.419277364607103209e+02 8.352726447753124062e-02
1.470186961560771806e+03 5.753449745580517174e+02 1.118278929842614788e+00
1.642576155157734547e+03 6.105824619494921990e+02 3.803512449102106063e-01
1.516401545452712980e+03 6.396338936973608043e+02 2.956492188948347533e+00
1.418135991949335448e+03 6.673607565204249568e+02 7.041907347332844458e-02
1.605724795470514891e+03 6.868767284560462940e+02 5.210443141353078289e-01
1.680990067002562228e+03 3.927980303089747167e+02 3.004711743941745450e+00
1.575560160137493085e+03 4.726362266159939054e+02 8.839959823647629555e-01
1.679606552061351522e+03 4.813188736293579950e+02 2.561450778301906372e-01
1.652430767094348994e+03 5.419681098130110968e+02 9.709239940055421070e-02
1.769944297846994914e+03 5.795222749409857670e+02 2.766054893854905217e+00
1.642418253574249547e+03 6.103236549255836962e+02 3.559424274153378254e-01
1.518147345515504639e+03 6.410717681762746452e+02 2.966263054382839215e+00
1.705686211483567149e+03 6.532216061158246703e+02 1.050041536054143743e+00
1.793067973441252434e+03 6.672202459138186441e+02 4.797248141166986501e-01
1.605717100702006292e+03 6.852941622067295384e+02 5.461964952628886039e-01
1.697300711307057099e+03 4.096582101048304594e+02 9.148934736685172542e-01
1.840239641053398373e+03 4.506234183931895814e+02 2.502431988271264451e+00
1.679032741760794806e+03 4.813599453846868528e+02 2.906204362507114336e-01
1.979019926693253183e+03 4.882102196857342733e+02 2.935191052914880583e+00
1.942486014548192543e+03 5.128322747623473106e+02 2.201050239749159143e+00
1.863947908566876322e+03 5.894334430111655365e+02 1.300679861205837895e+00
1.770068542456096111e+03 5.802313049026697627e+02 2.851963029776552361e+00
1.901938405707313905e+03 6.227300624021161184e+02 6.468719591222433785e-01
1.705518623884245017e+03 6.516074648043947946e+02 9.512871604059923714e-01
1.800516305843488453e+03 6.602827249986448805e+02 2.277899812226550635e-01
1.909974403175635871e+03 6.768500014687706425e+02 2.473743984331446544e-01
1.840454768309214614e+03 4.508797286441998722e+02 2.589101773624445713e+00
1.981844120560149804e+03 4.821893990622301089e+02 2.920315668080725846e+00
1.940760221362258562e+03 5.127974312748460761e+02 2.227345113558812262e+00
2.034196074987466545e+03 5.681694871507434073e+02 2.383194190128575585e+00
1.862587014861408761e+03 5.871759969885094961e+02 1.213987116218627316e+00
1.900121802352557552e+03 6.212274467225663557e+02 6.100769026686440055e-01
2.023424469812397547e+03 6.659262230804333740e+02 2.828078352227804793e+00
1.907179480116813465e+03 6.761843592448739173e+02 2.827984895622941419e-01
2.033940193196146993e+03 5.682202528526887590e+02 2.450176604176297346e+00
2.023651458801124136e+03 6.679866819045232660e+02 2.903757881901329441e+00
1.116386861680632592e+02 5.920171395986997140e+02 1.692260217806017819e-01
3.715587073790436534e+02 6.712737510306594686e+02 2.340514280398491298e+00
3.049648181823077948e+02 6.907459007023547883e+02 1.894825004343960728e+00
3.748656175869895151e+02 7.958545656661040084e+02 2.109105142325263138e+00
3.687820952016315914e+02 6.700550324449446862e+02 2.353050825064597618e+00
3.041350046193302319e+02 6.903788783180067412e+02 1.909168462545126177e+00
3.738247005762127628e+02 7.956820771957552552e+02 2.117458141894617896e+00
9.377956802388512187e+02 5.653698715895608302e+02 2.163366265030221225e+00
1.013141348252482430e+03 6.974219977567372553e+02 1.132754699491202555e+00
9.302999059599694647e+02 7.140861810431104004e+02 8.826043797579464778e-01
8.685806143103195609e+02 8.056850749962977716e+02 2.050146302377714669e+00
9.376622310492327870e+02 5.656951663238597803e+02 2.163004577711261867e+00
1.012624534111095272e+03 6.959344150366139274e+02 1.159527822525171725e+00
9.306480188806901879e+02 7.134133408770394453e+02 9.136994304539214351e-01
1.032807180801563618e+03 7.600641478100529866e+02 2.711715234682290365e-01
8.672528319466835001e+02 8.043119318464478056e+02 2.076535617621441787e+00
1.260001985127302305e+03 6.553295857563800837e+02 1.070816056422715823e+00
1.287320662347145344e+03 7.606186267406718571e+02 6.987933996181133756e-01
1.031409089664210569e+03 7.597595760789341739e+02 2.812058933070036848e-01
1.470885295335671799e+03 5.743006611289276861e+02 1.102476327722822891e+00
1.257143824937662430e+03 6.568919149658685228e+02 1.082382051035148507e+00
1.422745877303901125e+03 6.651811841137155170e+02 5.232141243074467374e-02
1.286227724204012702e+03 7.637627396999721441e+02 7.022801551617127158e-01
1.483964364033838820e+03 7.600252119215004996e+02 2.766098157617887132e+00
1.425375712533273600e+03 8.350194085230007204e+02 3.100373489746254929e+00
1.471258288410989280e+03 5.744572712512558610e+02 1.120666510618409273e+00
1.642793114389278571e+03 6.079787194994584070e+02 4.559923157603807953e-01
1.516682165991586544e+03 6.384483453702074485e+02 3.008865901696566425e+00
1.421540974823445595e+03 6.653283618083423789e+02 7.664939109505204684e-02
1.608532380144452645e+03 6.828424800311388481e+02 5.495530704438650327e-01
1.571505592174257799e+03 7.901230732851981884e+02 2.640939696553869620e+00
1.483696647095733169e+03 7.603468416488701678e+02 2.768091950207876462e+00
1.659646914893470239e+03 7.709973201528866866e+02 2.173385374114394697e+00
1.419865120144321736e+03 8.355943911335474468e+02 2.789734584772590037e-02
1.645160599350721895e+03 8.558732214357246448e+02 4.385554336368439055e-01
1.771050337002960305e+03 5.768536589393047507e+02 2.812203076217697273e+00
1.642270604962562174e+03 6.093244490504118858e+02 3.769846659102986108e-01
1.515323133811555635e+03 6.388136704876617387e+02 3.018089532973371902e+00
1.705713824815453108e+03 6.526989568054385700e+02 1.038811480375975371e+00
1.798345684519801125e+03 6.604815897223490992e+02 2.851356528028080040e-01
1.606820334001308538e+03 6.833259835518178988e+02 5.171270856283730621e-01
1.733443921781791460e+03 7.128470321078506231e+02 4.881523996238886776e-01
1.814068042332034565e+03 7.593419744241807621e+02 1.533125659126614027e+00
1.580242115295085341e+03 7.677758984726033304e+02 2.452933515019397603e+00
1.660907655258059549e+03 7.701942241995897120e+02 2.279393057903553288e+00
1.733618705024537121e+03 7.775205247166587696e+02 2.661373611169437048e+00
1.558838756421271910e+03 8.131028759770839542e+02 3.582226610865049676e-01
1.652881765405323904e+03 8.563671756218474229e+02 9.813114324051940007e-02
1.793795026408492504e+03 8.601988245216047062e+02 5.946374896505779439e-01
1.864713885851336727e+03 5.906512502408222645e+02 1.356449668043264056e+00
1.768963853238976071e+03 5.786453667154743243e+02 2.849004953076629043e+00
1.900097841001086636e+03 6.232460867038303149e+02 5.636461240990578991e-01
1.705147293446301319e+03 6.514851785641110382e+02 9.426571058920325541e-01
1.798674947462237242e+03 6.599933361259229514e+02 2.152722274868609231e-01
1.908311250954298430e+03 6.717902953320684674e+02 1.613401321608796402e-01
1.732385707279018561e+03 7.133545088910459526e+02 4.480436871715021696e-01
1.810838458765406585e+03 7.582459746698273193e+02 1.448332288803002577e+00
1.877857451849930840e+03 7.706156664245081629e+02 1.665777445927288714e+00
1.935470552948397653e+03 7.696040229029798638e+02 2.218214190257455698e+00
1.734017606669935958e+03 7.784367705569312648e+02 2.786918085438666814e+00
1.916803521187048773e+03 8.601759178803094983e+02 1.735704637612796253e+00
1.795196442278780751e+03 8.576225954012775219e+02 1.809346647940116293e-01
2.035348105303177363e+03 5.670317849204724325e+02 2.461080198101594618e+00
1.861710837157936112e+03 5.860243608305196403e+02 1.167263785444689006e+00
1.898806990395325556e+03 6.215644516489295484e+02 5.719196668263732963e-01
2.023081361889840537e+03 6.662661929962868044e+02 2.886260637696301146e+00
1.907628951350716761e+03 6.735918512537589322e+02 2.186940063738148088e-01
1.993966278762754428e+03 7.428885629386638811e+02 1.863868216742709638e+00
2.140801691977776954e+03 7.417260060504459034e+02 2.394593005087781279e+00
1.875771518276046891e+03 7.707133602497754055e+02 1.576065646239114715e+00
2.076746847492288907e+03 7.675503339385214758e+02 1.971726471426052063e+00
1.932704406629502046e+03 7.692565743515212944e+02 1.462814056179257527e+00
2.045411890675445648e+03 8.407092792021944661e+02 1.989844530579498061e+00
1.914130454519233353e+03 8.587209126400259720e+02 1.609568423416692262e+00
2.033863426403308949e+03 5.684283849677566423e+02 2.489715640674599495e+00
2.022595341094861396e+03 6.653551737081619422e+02 2.879984212381589970e+00
1.991053328698129008e+03 7.408114277603249320e+02 1.882441027970811254e+00
2.138020699319850337e+03 7.384763443173148971e+02 2.360238268573702225e+00
2.290657437544596633e+03 7.413937297760994625e+02 2.405582018120828725e+00
2.075230732080885900e+03 7.661672425349839841e+02 1.966310230695119010e+00
2.226053568010694562e+03 8.246009940953840669e+02 8.952543460107557083e-01
2.041744933348978066e+03 8.395831014680783255e+02 2.029088007969698459e+00
3.748686203754405142e+02 7.943983570515858901e+02 2.136197854094248783e+00
3.738985918782186673e+02 7.960621219656737821e+02 2.128340672006530987e+00
5.735091144477720491e+02 9.754076935181019508e+02 3.793200356627118852e-01
5.684212844338277364e+02 9.758426045446842636e+02 3.768219681824139800e-01
9.291197997424828827e+02 7.136282888820526296e+02 8.336113090865341357e-01
8.682355722228271588e+02 8.036374197929134198e+02 2.065917927404565813e+00
9.351227071659568537e+02 8.671603921729904414e+02 1.600303717382448365e+00
9.872758657250903980e+02 8.893543552195690154e+02 1.297097326545404217e+00
9.989267320908429610e+02 9.642533904874308064e+02 9.007034662678914394e-01
8.906621287526886590e+02 1.005848874044769445e+03 7.361601922227897221e-01
9.295452129660543505e+02 7.116416427805256717e+02 7.786401765283130771e-01
1.032476115806743792e+03 7.589558193803586619e+02 1.984897876482960566e-01
8.670151488001654343e+02 8.038657188340555422e+02 2.108196978453371173e+00
9.357031850354542257e+02 8.680421799232274225e+02 1.653634413650507451e+00
9.869212560672706331e+02 8.905139286800767877e+02 1.326320821151509621e+00
1.075212228818189942e+03 9.022963664854044055e+02 1.403785003499757211e+00
1.129388549771144426e+03 9.299234192393125795e+02 1.130375828568524588e+00
9.992987457831902702e+02 9.613383010420820938e+02 8.705828398448246519e-01
8.926708408602596592e+02 1.004827084826377131e+03 7.358235943299386017e-01
1.042245591072949310e+03 1.013089707598164068e+03 9.127593999170966477e-01
1.151165227359904748e+03 1.016151802731121506e+03 2.762935967176928020e+00
1.289388307304677255e+03 7.659300514246583589e+02 8.370030153505607362e-02
1.031660394860995666e+03 7.570164239758773874e+02 3.241904576681805539e-01
1.295479692428998987e+03 8.603831012934183491e+02 3.806149527209055639e-01
1.073650912809034708e+03 9.020518092762861215e+02 1.428589894134244309e+00
1.128252035584245959e+03 9.303780177996259226e+02 1.194438695896885783e+00
1.313587494086169045e+03 9.206383029053104110e+02 1.876933748327602458e-01
1.043788360349289178e+03 1.008696439547768477e+03 9.932726725813296742e-01
1.153129483423931106e+03 1.018860916202740555e+03 2.786209957619346866e+00
1.287652435078312919e+03 7.646000974555995526e+02 9.171053427849934492e-02
1.483916965680672092e+03 7.580256464657561537e+02 2.750918175092280205e+00
1.424328026858552676e+03 8.325894530014154498e+02 3.096887447068721766e+00
1.292667938750269741e+03 8.616370315542825438e+02 4.035874360827911289e-01
1.490330596527468742e+03 9.118709052078397690e+02 1.531160094228754209e+00
1.404610894690945997e+03 9.289356784034932843e+02 1.420727072668435786e+00
1.309670960814325781e+03 9.210291239829514325e+02 2.084609591326101741e-01
1.570613331404026667e+03 7.904404918286062411e+02 8.553618315066151279e-02
1.484656420304493395e+03 7.595971339417876607e+02 2.837552660666937232e+00
1.421919672480299596e+03 8.325559836909457090e+02 3.129049040185217123e+00
1.655114769529035812e+03 8.520700083141407504e+02 1.133902038496829995e-01
1.490225273807411895e+03 9.115110817441095605e+02 2.628360535679654664e+00
1.582883284095402587e+03 9.215552795877124481e+02 1.595255485905233028e+00
1.403754057271789634e+03 9.282272571311177671e+02 1.392576109856223709e+00
1.632789187095150737e+03 9.799860710499772267e+02 1.305014218890119038e+00
1.529255937473555605e+03 1.020320576765070200e+03 6.630222067599781388e-01
1.734195531985817297e+03 7.130308772294382607e+02 4.740384822684362010e-01
1.812340880384536149e+03 7.585174688069321292e+02 1.399426281872370614e+00
1.567621501629337445e+03 7.944773748517732201e+02 1.777117417595038273e-01
1.660745559449542725e+03 7.693294794095995712e+02 2.372532386389624826e+00
1.736454371217504786e+03 7.808041805167202938e+02 2.879053803769045405e+00
1.654093080192612433e+03 8.525328283073914690e+02 7.860016270170371022e-02
1.795192168217277640e+03 8.569345471114650081e+02 2.457032472075873220e-01
1.768692338029768507e+03 9.014625256113106389e+02 2.538346401727792134e+00
1.581456603382936919e+03 9.231970700610074800e+02 1.607165865427517160e+00
1.725656316584976594e+03 9.405350448663939460e+02 2.003707600341786410e+00
1.630350771119858109e+03 9.813495687870288293e+02 1.322839832293875251e+00
1.688698125825903844e+03 1.012604464778430838e+03 1.399907742904193730e+00
1.705565801716049009e+03 9.863027612508626589e+02 1.892370896062951058e+00
1.734850892368385985e+03 7.072066208892907753e+02 4.232201439106902385e-01
1.810070856842328112e+03 7.582345189093805402e+02 1.386189241763495339e+00
1.876866185907998897e+03 7.705450708216344538e+02 1.611970413285321424e+00
1.937708212524065857e+03 7.686314596708645013e+02 2.193935534869726034e+00
1.736599539051807142e+03 7.801474452247551881e+02 2.928953638542085791e+00
1.915998274702074468e+03 8.603226097876764698e+02 1.741036345038203148e+00
1.795207852638561008e+03 8.541680855655413325e+02 1.378846803526618536e-01
1.769454009528119059e+03 9.021022201723842500e+02 2.562418424430632946e+00
1.724467064671163598e+03 9.411432095238337752e+02 2.214156767060112330e+00
1.805574871244490623e+03 1.011737067645078469e+03 1.875856845582752674e+00
1.687191345271992077e+03 1.009338003736626433e+03 3.030040717860314814e+00
1.995305048062633432e+03 7.420063335355789604e+02 1.933824515113921949e+00
1.876105552687407226e+03 7.700019216169993115e+02 1.547803817339839183e+00
2.076749528018492583e+03 7.669929693839513902e+02 2.049902775790164444e+00
1.932623029112242421e+03 7.675497632926094411e+02 2.297271068854370935e+00
2.045030794358419371e+03 8.402517854341182328e+02 2.046900795184149580e+00
1.914768308087416699e+03 8.603140213140732158e+02 1.658441871480162311e+00
2.085923913623132648e+03 9.489477644506494016e+02 1.675976387546035618e+00
1.990715283503071987e+03 7.438341611765350763e+02 2.146390283329343340e+00
2.138036924187545992e+03 7.388845090932768471e+02 2.435582923050372273e+00
2.291288811278983758e+03 7.393145332774128065e+02 2.448864899714053855e+00
2.074987135899541954e+03 7.660518614990212427e+02 2.045246493300361124e+00
2.225802272626514878e+03 8.228038351785348823e+02 8.162337504616357098e-01
2.042987904916381467e+03 8.397155108236260048e+02 2.064619482825471586e+00
2.084749976160410824e+03 9.477375603389880325e+02 1.701977849919842578e+00
2.062322654790701790e+02 1.044963772120957174e+03 9.503205776409019423e-01
5.143792962967399944e+02 1.086886297931035415e+03 2.519995159286741782e+00
4.391217188973076873e+02 1.130117641901353636e+03 1.929192547690558701e+00
5.718203925143214974e+02 9.733320804347997637e+02 2.909340666552980847e-01
5.428067259706472214e+02 1.062374277509958574e+03 2.762286383727215799e+00
6.941221197111221954e+02 1.075614906275285648e+03 5.004138479092390401e-01
5.052444365413150535e+02 1.096046448311574522e+03 2.392766046905684174e+00
4.376738739040588371e+02 1.130248354238798811e+03 1.893550079464035196e+00
6.718027915544389543e+02 1.138562075158024072e+03 2.148957468461495157e+00
5.993696365760191611e+02 1.167665462544883667e+03 1.678681833328129702e+00
5.705724337608161250e+02 9.736341949399582063e+02 2.508544098906607123e-01
7.978462932113623083e+02 1.077965732553427188e+03 1.035860032565438793e+00
6.989280341102601142e+02 1.072251040625144697e+03 3.017523339730566190e-01
6.735389986823810204e+02 1.148627986909956689e+03 2.204288829440802289e+00
5.974398025924053854e+02 1.165896737562768749e+03 1.776626906796947125e+00
8.330965740893659586e+02 1.148427342228097586e+03 1.212855318502920471e-01
9.366614221939596518e+02 8.673137204105089495e+02 1.680905801582880610e+00
9.867488070771444200e+02 8.921411775500116619e+02 1.443717192835793028e+00
9.994232169982290088e+02 9.601077887340456982e+02 1.031344957564227505e+00
8.915242696573639023e+02 1.003980427522606078e+03 7.996605388900048794e-01
9.235132783522617501e+02 1.044894636450751705e+03 2.351630338461278558e-01
7.955091152506950039e+02 1.081955317995084442e+03 1.066827375129123512e+00
1.007589667968088861e+03 1.095494428790734219e+03 6.033541952369532169e-01
8.855018596824511405e+02 1.107349241821457781e+03 7.913774075804159980e-02
8.344084936262618157e+02 1.147845521854285835e+03 3.054167058907484744e+00
9.353861928667793109e+02 8.677182924609328438e+02 1.697473725929226518e+00
9.854142224369188625e+02 8.872379526523188815e+02 1.421918568742004618e+00
1.075456719944310635e+03 9.011835614115102544e+02 1.471311257623442614e+00
1.129979448882772658e+03 9.266394731960488116e+02 1.195506325290217386e+00
9.996478986743682071e+02 9.597788671434818752e+02 9.613675187295794844e-01
8.913586214523875242e+02 1.006347466262468970e+03 8.028777562747068108e-01
1.042674321313067139e+03 1.010497944732961514e+03 9.457186056046924527e-01
1.155498490174456037e+03 1.015721827334846921e+03 2.790868314399142847e+00
9.213676133308599674e+02 1.044770672614478144e+03 2.100696142926541388e-01
1.008121239497782653e+03 1.093488906042822919e+03 5.795437817104871492e-01
8.857080310097348956e+02 1.104966578563229859e+03 6.557077032457654664e-02
1.075759756252921761e+03 1.121256530083290727e+03 4.959409497859921245e-01
1.072403698766160915e+03 8.993452560551047554e+02 1.457557439221367934e+00
1.128621028570827775e+03 9.281395018059947688e+02 1.158387614725713277e+00
1.313310692748711517e+03 9.184554026354630878e+02 1.598115610043236434e-01
1.041354136829753998e+03 1.010364657793410515e+03 9.149229822519193700e-01
1.153514939307988698e+03 1.014813713805219095e+03 2.835665360046141892e+00
1.075196922682651802e+03 1.120566755925195139e+03 5.588268464603315389e-01
1.242398007186533732e+03 1.133770736513826023e+03 1.788071805742441178e+00
1.484061424218811453e+03 9.268693822651869141e+02 2.323239756362884822e+00
1.404204544201269073e+03 9.262902533828168998e+02 1.396334183190626410e+00
1.309185818593801741e+03 9.199855978213938670e+02 1.705044649949519486e-01
1.356170952223416180e+03 1.099670964820577865e+03 5.746716174591439685e-01
1.447772699187818944e+03 1.097366462432210938e+03 7.877087340384433256e-01
1.239288485498695536e+03 1.135145332649796501e+03 1.716383039091803120e+00
1.492186744897007657e+03 1.134726923756132464e+03 1.474519448277373357e+00
1.400997475459087127e+03 1.178049490773447587e+03 2.296104283452119255e+00
1.489659854207275202e+03 9.122982551549794152e+02 2.681332221548803574e+00
1.582997065489432998e+03 9.210149900871772388e+02 1.640918761103337786e+00
1.403564772976512359e+03 9.262993173282793578e+02 1.402949294508486044e+00
1.632666214962285721e+03 9.778735430219144291e+02 1.311298259798913346e+00
1.530472774806208690e+03 1.015715291677842060e+03 4.832163918637035205e-01
1.556506513315991697e+03 1.068421531340013871e+03 1.384579514855102333e+00
1.354137945567200404e+03 1.100821832016756389e+03 5.340542335130850082e-01
1.446804457248114659e+03 1.097921870163732819e+03 6.767417904079076063e-01
1.629365201339562645e+03 1.116376317790703752e+03 2.356835025927803251e+00
1.491110789459323541e+03 1.133905869566267938e+03 1.599589601306333098e+00
1.397135944004160137e+03 1.179781237892856552e+03 2.404981085135465158e+00
1.771426522027318697e+03 9.007399549511540044e+02 2.620954103817508152e+00
1.582003932531107239e+03 9.217300256894823178e+02 1.586593715433734175e+00
1.726045142569524842e+03 9.389819371838748339e+02 2.287976369932152032e+00
1.630038650162746308e+03 9.792354849587309218e+02 1.287426583487885745e+00
1.807755921027365957e+03 1.010210578610410721e+03 1.910590245597001857e+00
1.527620293224648549e+03 1.016071723250142895e+03 5.352541504032778397e-01
1.691453661370063173e+03 1.007260910088310538e+03 1.551069812263145664e+00
1.555101565150457191e+03 1.069517516194838663e+03 1.340024515588609244e+00
1.683145267077319886e+03 1.071935961273656403e+03 2.047278023965657390e+00
1.628403032412074253e+03 1.117316363658181672e+03 2.402018210059944980e+00
1.771916642679968390e+03 9.018775131261902516e+02 2.682327598729481455e+00
1.725444976861420173e+03 9.396563190488261625e+02 2.295898239424529308e+00
1.694393641667460543e+03 1.006361978974964359e+03 3.036443589433843737e+00
1.806196146076832065e+03 1.010234276394880908e+03 1.868711521935866093e+00
1.681790765342932445e+03 1.075243396469974414e+03 2.111591802197172907e+00
2.085981626700997822e+03 9.488223602675852817e+02 1.759998199071598268e+00
2.084332113317314906e+03 9.470718114122544193e+02 1.776590368512995566e+00
2.058948193723090299e+02 1.044788541125751635e+03 9.214149734642325118e-01
2.472870738864374403e+02 1.200137141731272095e+03 3.900664481255922134e-01
2.946015241185092464e+02 1.241617915954723685e+03 2.401240937562891253e-01
5.081159906101440811e+02 1.094402699087574547e+03 2.456747347583511765e+00
4.390886168033214290e+02 1.129544594791217605e+03 1.895920419979481464e+00
2.425208133453839991e+02 1.200256026906727584e+03 3.847608956825190329e-01
5.361702661521886739e+02 1.217355115750189725e+03 2.024946010409038877e+00
4.660191009126803010e+02 1.242046661889261486e+03 1.283739307264378571e+00
2.927418212229428036e+02 1.241413185397925872e+03 2.303895393202789466e-01
5.410204136711723777e+02 1.062539365116101862e+03 2.842590576959898918e+00
6.885320800712570417e+02 1.079802728645139041e+03 5.747292276711244430e-01
5.066406149647959865e+02 1.094692296028264991e+03 2.414247899395804087e+00
4.388013825976579483e+02 1.128294591974712148e+03 1.903686512091292471e+00
6.747894417628795054e+02 1.148847353574602039e+03 2.268259832244464924e+00
5.996342826686707213e+02 1.167433788501818526e+03 1.642897142036186420e+00
5.333493728705896046e+02 1.214547199880999415e+03 1.993681267255679401e+00
4.656521980007719321e+02 1.242283797887509081e+03 1.218297152008070094e+00
6.187772342645708932e+02 1.259137462328630818e+03 4.066301458682820558e-01
6.169544925385705483e+02 1.320052000607511900e+03 3.052236944909281213e+00
7.987445794384814235e+02 1.077858815158234847e+03 1.006733551150219785e+00
6.973499668002700673e+02 1.073157010202587344e+03 3.184998184753288220e-01
6.726707410804984875e+02 1.146791137522611052e+03 2.217646392147647472e+00
5.984632577020965982e+02 1.166156614822113852e+03 1.701869981989134084e+00
8.378805906120392137e+02 1.146580220600764278e+03 8.591569916244454208e-02
7.633338199982457581e+02 1.195242699810054546e+03 1.732199499675540322e+00
7.326974163103112687e+02 1.258302283407240793e+03 2.487678387468311492e+00
6.176105944614484997e+02 1.259974162402390675e+03 4.040814458235210127e-01
8.012629741423716041e+02 1.279646775429033596e+03 1.307418690473983514e+00
7.208832231763434493e+02 1.319294099791635972e+03 2.798678006209428304e+00
6.253131272216758134e+02 1.336919929298135457e+03 2.934626682213735460e+00
8.480492863765430229e+02 1.335052446123251229e+03 4.665944943137093626e-01
6.123648116214544643e+02 1.304152954982253050e+03 1.782216733284596621e+00
9.250862207419897913e+02 1.041740221733912449e+03 2.732072268680949545e-01
7.969858400901695177e+02 1.079134524017486910e+03 1.067859391758855692e+00
1.007921615531093266e+03 1.092446204001392061e+03 5.765051890846866200e-01
8.856582310651556327e+02 1.105641457236682299e+03 1.856616122621686238e-01
8.348612456376438331e+02 1.146667432408565219e+03 3.127937290378280277e+00
7.619172262688625779e+02 1.196202866803878806e+03 1.755575541566761100e+00
9.150276301096373572e+02 1.207233782759360793e+03 3.074453126907055189e+00
7.263533646068592589e+02 1.259878981480359471e+03 2.319404712281574632e+00
8.919055317357026524e+02 1.270768815093147623e+03 2.456331601016824351e+00
7.999737587527476990e+02 1.278962036106559708e+03 1.330993593717721968e+00
9.892305527906282805e+02 1.300407659850209257e+03 1.118147753625785779e+00
8.589408902648403910e+02 1.334364753007508170e+03 2.594028718903457209e-01
9.252578974651928547e+02 1.043054500405090948e+03 2.556105006737978136e-01
1.007982281548740048e+03 1.092143532542180083e+03 6.488222962495830970e-01
8.858087066588236667e+02 1.102401357221308672e+03 1.211959196574355496e-01
1.076259058315024276e+03 1.120026308316413406e+03 5.495932311293511008e-01
9.142061206999105707e+02 1.206877200636667794e+03 3.064024388276837207e+00
1.097928083165201542e+03 1.230554501778108261e+03 2.541274106310059011e+00
8.892323601597095148e+02 1.274046966427807320e+03 2.441766962332254209e+00
9.858195414804752090e+02 1.299946365721246593e+03 1.093154836826081500e+00
1.096581236808205631e+03 1.296132607024166418e+03 2.006657266781971538e-01
8.684469670457444863e+02 1.332282381985129632e+03 6.954982563128518924e-01
1.074314120201088826e+03 1.119649831159581709e+03 5.649790477452534265e-01
1.241063367479827775e+03 1.131972436980980092e+03 1.733718661797255312e+00
1.182740875713778223e+03 1.201769652243600603e+03 1.376467562218573804e+00
1.094491619154371165e+03 1.229385269110731770e+03 2.584615426483275247e+00
1.261709905567332498e+03 1.237784377670017875e+03 1.541805935953297901e-01
1.092827062261530727e+03 1.297342419794343641e+03 3.074337930212371339e-01
1.229458369770215086e+03 1.294862882432622428e+03 3.244951068377883163e-01
1.297479995557615666e+03 1.325973551674813734e+03 1.203699542895189101e+00
1.358190600751875991e+03 1.097326190108489754e+03 5.776948477050904973e-01
1.449739725543489158e+03 1.094365365648499846e+03 7.717427016208613377e-01
1.240255738903069641e+03 1.131522230795172618e+03 1.750951390299030574e+00
1.493608891206473800e+03 1.131590062059204229e+03 1.516609325010488396e+00
1.402923235686617090e+03 1.178520724608894625e+03 2.345002787643459374e+00
1.356022362249176467e+03 1.222925360032958451e+03 2.797060549643193283e+00
1.260564308527968706e+03 1.237543893637729298e+03 1.354109089687056122e-01
1.226186827861729626e+03 1.296010683641353580e+03 3.106563387056279768e-01
1.294394225186900485e+03 1.326318133757354872e+03 1.214946775611109864e+00
1.384546872783698973e+03 1.330964752400002908e+03 1.721851996160437270e+00
1.556224995877974152e+03 1.069188637584726393e+03 1.348862419838011695e+00
1.356798572392180176e+03 1.097252014763792886e+03 5.991277318515010331e-01
1.447519508676630949e+03 1.095952092106605051e+03 7.390163560798596043e-01
1.630108395398165385e+03 1.116021049510914963e+03 2.380864722334107508e+00
1.491348229592400912e+03 1.133430283464378590e+03 1.524435378794087415e+00
1.402637182009566004e+03 1.179163526982430767e+03 2.394853029338830819e+00
1.577398168944427425e+03 1.188862213194164724e+03 1.445354749487834045e+00
1.353038065134064027e+03 1.223946409839926901e+03 2.841387053718201550e+00
1.382061907823692309e+03 1.329859324130957020e+03 1.722226290665277437e+00
1.554217046473055916e+03 1.070153768937891982e+03 1.350993214891315519e+00
1.683995902971554642e+03 1.072159460283630324e+03 2.135935318546511752e+00
1.628645795341506982e+03 1.116811082689500154e+03 2.432439414817140211e+00
1.576601992945885968e+03 1.190976348392911632e+03 1.431713441945862808e+00
1.684611691463237321e+03 1.078706948522893754e+03 2.153434427076785784e+00
2.468705117402770384e+02 1.198778813877963330e+03 4.008274791509827129e-01
2.935379598929054055e+02 1.241205615115023647e+03 1.938411155814728781e-01
1.930460187373045642e+02 1.369156897755953878e+03 1.250260401199141391e+00
2.450655692895595621e+02 1.198705144813874085e+03 5.330429130537941429e-01
5.367061880142030077e+02 1.219432681370325326e+03 1.983434251483576549e+00
4.666304140927259141e+02 1.240466939491768017e+03 1.287958322340456263e+00
2.914187980606228621e+02 1.240121917845324106e+03 2.361557786968035422e-01
4.303804951156231482e+02 1.340069860646358393e+03 3.002870466865624650e-03
5.116847860458249215e+02 1.422538342429036447e+03 2.273296288919097741e+00
4.570981459042700408e+02 1.456387954291613369e+03 2.201732768631354809e+00
5.327307180162295026e+02 1.213175457174907478e+03 1.983047929824005129e+00
4.658047821741834014e+02 1.240742635543815140e+03 1.239491220393786675e+00
6.177923997448908722e+02 1.258352714255945784e+03 4.312672341866545245e-01
6.212214839582244394e+02 1.323867617419070029e+03 2.992301700356206240e+00
4.264373885259824419e+02 1.339339576464302354e+03 1.599684414093359777e-02
6.266417233588321096e+02 1.384650549376377512e+03 2.586042996881563916e+00
5.094808882812429829e+02 1.422023402387976375e+03 2.331023965922776053e+00
5.773326434994456804e+02 1.433483080277064573e+03 2.201121845162432589e+00
4.557662543661219843e+02 1.455296334241812929e+03 2.176916467312427272e+00
6.560754557875407045e+02 1.484848471002440874e+03 2.075827829365901156e+00
7.634104795294829273e+02 1.193501511537244596e+03 1.726282454458705207e+00
7.331096212437702206e+02 1.256494353313765487e+03 2.487939131036101426e+00
6.165750601042632297e+02 1.259327962383693830e+03 4.302896694879765338e-01
8.009937006451369825e+02 1.277367489245752267e+03 1.257121325979291715e+00
7.190688687705495568e+02 1.317906837622082776e+03 2.751607145739435989e+00
6.143267004693694844e+02 1.301476176257887573e+03 1.885427688631916343e+00
8.584810859503299980e+02 1.329299635527723694e+03 2.176548277369461382e-01
6.224588668393229227e+02 1.337205704809144663e+03 2.079098596968932677e-02
6.244348272697862967e+02 1.382962898082438869e+03 2.552954700536535615e+00
7.254327139447145782e+02 1.410511260815959986e+03 2.213181114083451195e+00
7.907728899927610655e+02 1.419665278617326294e+03 1.565415204497483614e+00
5.739741417912946417e+02 1.432866189627244694e+03 2.274429029286663795e+00
6.552105031609906973e+02 1.488155484673703313e+03 2.102938342682564965e+00
8.487937627743098119e+02 1.500090310453826078e+03 3.044780065523589041e+00
7.610474527263473874e+02 1.194309786261221006e+03 1.760227102110295538e+00
9.166075044815843285e+02 1.205687379475328271e+03 3.556323259809340831e-02
7.306576196422878411e+02 1.258221366863580670e+03 2.147924528488484253e+00
8.913994975748166780e+02 1.268330652195717221e+03 2.474653708111706152e+00
7.998141970709483530e+02 1.277327008747367245e+03 1.295538677475052358e+00
9.881983029902396538e+02 1.296499653026765145e+03 1.038159854463848175e+00
7.155957561293907929e+02 1.319831053985834842e+03 2.620404527779473192e+00
8.595844810410802666e+02 1.329961732581436763e+03 2.478803310737426047e-01
8.796895131281567046e+02 1.393415745139926230e+03 5.814842758809900536e-01
7.218129314318221077e+02 1.412419238751652301e+03 2.199142421247776369e+00
7.896866349937697578e+02 1.419159158805147854e+03 1.579890835840638275e+00
9.971726914413025042e+02 1.420027067618744695e+03 2.831308319586737010e+00
8.810092376057273214e+02 1.463343889649886250e+03 3.042999138818570426e+00
9.892647830631174202e+02 1.470219426884074892e+03 2.943490609815020420e+00
8.554249487563438379e+02 1.500319359846946327e+03 7.089226083999765338e-02
7.487940549453287531e+02 1.227359221311064175e+03 1.309658964898816613e+00
1.181349152708208067e+03 1.206188529635313898e+03 1.394518134835165180e+00
9.151552394017387542e+02 1.204927898230195751e+03 3.127179592464428559e+00
1.096330964484026026e+03 1.227983111122682203e+03 2.587408342013762130e+00
8.885416682640245654e+02 1.266843537473495417e+03 2.476415386283424169e+00
9.866547729288688515e+02 1.296734385517996770e+03 1.065098060588424378e+00
1.096442010790441145e+03 1.293644927077218881e+03 2.730010558428982992e-01
1.101175944730725860e+03 1.364242161954206495e+03 1.125061398194324491e+00
8.835515060395873661e+02 1.386356070237675794e+03 3.297559435903893998e-01
9.938164991977114369e+02 1.417735791375708914e+03 2.963947802946271803e+00
1.137590042277471639e+03 1.462662869483599707e+03 1.856803260917437193e+00
8.850821913050829153e+02 1.458658345847975852e+03 2.747411736120224379e+00
9.931687354295841033e+02 1.474235979133466344e+03 2.934218089208177283e+00
1.089464677882337355e+03 1.492465770695801211e+03 2.618830485851582512e+00
1.183264405960932891e+03 1.198427274394267670e+03 1.380397113697415135e+00
1.092670527974815968e+03 1.226687444929035109e+03 2.580884754673795634e+00
1.262333092735719219e+03 1.237200923281032601e+03 1.456811173414502558e-01
1.094244763097618033e+03 1.294047804011926019e+03 2.239332130900373308e-01
1.230502934127204753e+03 1.293430117986255937e+03 2.775781115555354672e-01
1.295789814788913873e+03 1.322796001666232314e+03 1.229473426559871463e+00
1.099140187737939414e+03 1.365292073213035337e+03 1.089959128172357294e+00
1.201024134023377428e+03 1.395430327041800410e+03 1.365781652484575615e+00
1.331544414532564815e+03 1.446494454491074293e+03 1.674058296867488194e+00
1.135350183440281626e+03 1.467048276321490675e+03 1.882778832864363316e+00
1.257748645701188934e+03 1.484009431352313186e+03 2.636521905809845912e+00
1.086807162943219055e+03 1.492291895848356944e+03 2.634632086889812097e+00
1.356323043684429649e+03 1.222296722402239766e+03 2.825893669765274119e+00
1.261491785022258455e+03 1.236865031246248009e+03 1.516702520637754070e-01
1.229074254649637851e+03 1.294015646858252694e+03 2.968899278229938377e-01
1.384315663176124644e+03 1.329344772025714519e+03 1.706093007573018072e+00
1.294901652177949700e+03 1.323330128371174851e+03 1.168726843815956373e+00
1.198701687859141430e+03 1.396533569074296565e+03 1.323147321419616995e+00
1.328703528678149723e+03 1.449113898851007889e+03 1.620818781075226367e+00
1.403629616448949037e+03 1.441463520138210015e+03 1.382251030636107769e+00
1.456106389280644635e+03 1.450887240745078543e+03 2.260237625756340574e+00
1.256459156304757698e+03 1.483949565928699712e+03 2.678282581725769163e+00
1.578535237519759903e+03 1.189360248440799751e+03 1.356624177861111669e+00
1.357416364717403667e+03 1.223992855665286015e+03 2.890489997632562869e+00
1.383955675143277858e+03 1.330926918676016157e+03 1.682011245962388823e+00
1.586348953697902061e+03 1.365161279411717715e+03 1.975841878684034603e+00
1.402423779287729531e+03 1.442711808890142720e+03 1.343546491993313774e+00
1.540537244747853492e+03 1.454167547098306159e+03 1.711043429032262253e+00
1.458023882183262458e+03 1.452032257410761758e+03 2.275204329269732373e+00
1.575526313786135688e+03 1.189062755809375858e+03 1.450765672606150636e+00
1.585075040329113563e+03 1.365026345070267098e+03 1.996647972424240525e+00
1.538140468307925175e+03 1.452429237044435922e+03 1.829821590572935142e+00
1.931892684070473933e+02 1.367118276425689146e+03 1.220686155355032998e+00
5.135848143474158860e+02 1.421752189026153701e+03 2.284572464321173335e+00
4.555286274481020428e+02 1.454661518819695175e+03 2.169853450564183994e+00
4.522605631101454264e+02 1.560882056385030637e+03 2.583225814269888954e+00
6.265020381671313316e+02 1.384031379198249397e+03 2.611515682243986447e+00
5.094486523967442508e+02 1.420907536093536464e+03 2.268778163215113164e+00
5.769182566329003521e+02 1.432564528816437814e+03 2.156124219833188693e+00
4.555308253574962691e+02 1.453626522073244814e+03 2.138077156327665485e+00
6.568208733431815745e+02 1.486767057567953088e+03 2.026037290286593517e+00
5.777911984220038448e+02 1.523208510184348825e+03 2.726545078260934396e+00
4.520948161601895663e+02 1.560608826420459309e+03 2.615665112227427258e+00
5.612254133872750117e+02 1.569731940235676120e+03 8.431710423053746795e-02
6.742065930523040151e+02 1.590915583254338799e+03 2.155920075011156900e+00
6.270901745521473458e+02 1.388034790223246318e+03 2.562810198397677208e+00
7.252402634244726869e+02 1.409592700151283452e+03 2.172407703205960772e+00
7.898971505842634997e+02 1.418356548857077769e+03 1.501578502870119625e+00
5.750079618595274269e+02 1.431658258768704627e+03 2.191850693148577278e+00
6.553028109907644421e+02 1.486802893911132287e+03 2.090767651064288302e+00
8.545012988123912692e+02 1.499100854574043069e+03 1.541607433225667401e-01
5.764156341017818477e+02 1.522832565188431545e+03 2.600138488058197694e+00
7.508668513495288153e+02 1.558830974454136822e+03 2.357661578121081458e+00
8.329860961749546959e+02 1.546771842944851642e+03 5.356291219257224012e-02
6.743957576030409200e+02 1.593032569436481708e+03 2.287462038985552226e+00
5.574942600809904434e+02 1.566492432537077548e+03 1.700740540603947748e-01
7.505372821215869408e+02 1.628376016267163322e+03 1.935649148007554388e+00
8.778795013269811989e+02 1.393966540361590660e+03 8.317455159463210679e-01
7.246920545624733450e+02 1.412969276956028807e+03 2.159672956461521132e+00
7.890426628071570576e+02 1.417501400388469165e+03 1.533102858551189884e+00
9.962076666014063449e+02 1.416666281849065626e+03 2.826822700749749728e+00
8.799611610704082523e+02 1.462511532578059587e+03 3.139864580773430447e+00
9.923567819636500644e+02 1.470381834285466084e+03 2.911004971679025832e+00
8.554848903130402960e+02 1.500483249741610507e+03 8.667273044892086220e-02
1.018668917073204511e+03 1.526351331246599102e+03 3.302983314492803357e-01
7.487523725980616973e+02 1.559191053260790795e+03 2.287618171145920698e+00
9.285909429645919317e+02 1.550294249031929439e+03 3.056277605540659525e+00
8.325613388755441520e+02 1.547464267052195282e+03 3.091954904106325674e+00
8.621009979106321452e+02 1.610055475516310025e+03 7.325843810536414313e-01
9.667029018464554611e+02 1.645861724653268993e+03 2.460165030693810539e+00
7.460687231375426336e+02 1.642418726259138111e+03 2.134094945339843896e+00
1.099906980501738872e+03 1.363944114420500910e+03 1.105867643168237269e+00
8.844693938940345106e+02 1.383622605571273198e+03 3.917411173872943908e-01
9.930044897189291078e+02 1.417043407155922523e+03 3.058843383416216977e+00
1.120593627310071952e+03 1.477328345631726279e+03 1.847545632529032256e+00
8.795212983748228908e+02 1.462706973872769140e+03 3.039471942452319109e+00
9.918516418085750956e+02 1.470225311254595681e+03 2.942149088664252510e+00
1.020639094810084998e+03 1.530151701838650069e+03 5.242925725644215218e-02
9.286618556426544728e+02 1.550780867119693767e+03 3.074728386625966259e+00
1.176243388296878265e+03 1.583993991498665764e+03 3.135044380405516584e+00
1.095050853895425917e+03 1.596878656510018118e+03 3.049580005181387055e+00
9.673433311447008691e+02 1.649905843549136762e+03 2.465453290748026216e+00
1.040448312730373345e+03 1.650816283789450154e+03 2.228882820026643508e+00
1.154486474660408931e+03 1.655908719809992363e+03 8.465620358689099900e-01
1.097095086854727697e+03 1.363409527359661070e+03 1.087983529333238497e+00
1.201008047801790553e+03 1.393934508034195687e+03 1.368774467465341482e+00
1.331307013769468085e+03 1.448257751762974976e+03 1.600717554855354274e+00
1.135503952601474793e+03 1.467578718657834997e+03 1.784734315892654299e+00
1.259242628935988478e+03 1.481864744977210648e+03 2.680013814335529876e+00
1.092929735810623697e+03 1.490949378487588319e+03 2.733686951666369769e+00
1.214608885663519686e+03 1.524029224620357809e+03 2.121575664244079285e+00
1.305552919338038919e+03 1.563679938378857969e+03 6.866191030706763065e-01
1.185644267823812925e+03 1.582618265873881455e+03 3.046229520429399873e+00
1.093830179520731917e+03 1.596854295550371035e+03 3.022608532402140558e+00
1.329671804637703190e+03 1.620300577745295868e+03 1.094815605032826600e+00
1.251710715168870138e+03 1.650546661816770438e+03 9.615981559650007560e-01
1.033086055456870099e+03 1.654363688908709719e+03 2.355764726681403687e+00
1.150733414806742758e+03 1.653019256940780224e+03 5.699497975058861465e-01
1.197702479931138669e+03 1.395110601213819564e+03 1.252505242831204679e+00
1.328930367646654304e+03 1.448756452458661670e+03 1.619540069016086603e+00
1.403990870117420400e+03 1.440028859099259307e+03 1.352249659509619839e+00
1.458019884429530521e+03 1.451471253031397737e+03 2.281366105552717016e+00
1.258129058630724785e+03 1.481511264001374911e+03 2.718076201604725295e+00
1.214094581424731814e+03 1.524594975852962989e+03 2.257473221443204281e+00
1.304031400151839307e+03 1.561579136746603581e+03 6.373290905078824453e-01
1.400937130920184018e+03 1.572128097090416304e+03 1.663260870044105610e+00
1.191458730582216958e+03 1.578861177662339287e+03 9.322726395548933120e-02
1.325713829101347756e+03 1.620908065359348711e+03 1.080268941417762196e+00
1.248080686278938856e+03 1.648883178696158211e+03 8.414238633842544557e-01
1.586277114528847733e+03 1.363268020798218686e+03 2.056725730203996072e+00
1.402503884882862621e+03 1.440744298541232865e+03 1.314103627109068251e+00
1.540244348597606404e+03 1.451732673792930427e+03 1.732972635386152760e+00
1.456802958421118547e+03 1.449597836544523261e+03 2.297756338568304635e+00
1.400510223361516182e+03 1.571075871711843320e+03 1.631800217991047797e+00
1.561231052494755886e+03 1.589406038468955558e+03 1.436356632723242654e+00
1.584580645194137333e+03 1.363940971368544979e+03 2.014204450788586342e+00
1.539087812580823083e+03 1.451939327300044397e+03 1.716050670081403329e+00
1.667965576854861183e+03 1.564058708200122737e+03 2.130730389954448079e+00
1.560266762812231036e+03 1.590202852814517883e+03 1.445203611391581155e+00
1.666376592885932268e+03 1.563642995140420680e+03 2.136023786318763662e+00
4.522693323215337387e+02 1.559406287518553654e+03 2.619307454103988686e+00
5.757582519036704980e+02 1.519329183927339272e+03 2.638266713613645731e+00
4.501380264269516829e+02 1.559945166984388379e+03 2.563265512327536744e+00
5.591312373363296047e+02 1.570060545014630861e+03 8.144814039691859395e-03
6.756864611193800556e+02 1.592836998727630771e+03 2.238111157827076259e+00
6.932679853383530144e+02 1.739919349204688615e+03 1.571719248317334783e-01
5.717075071678434597e+02 1.528671758905081106e+03 3.019041768753179422e+00
7.498722653401256366e+02 1.557756704519762707e+03 2.300271468666608143e+00
8.301089788689810121e+02 1.545703435421791710e+03 5.172767991353812572e-02
5.597914564346572206e+02 1.566880852548897792e+03 3.138027449633089994e+00
6.740470322951239268e+02 1.591870844541186671e+03 2.205367921885610816e+00
7.514614119921765223e+02 1.635316830627844183e+03 2.049134070934886864e+00
7.086084493207908963e+02 1.682599749563500836e+03 3.135679564127556329e+00
8.422464736677829933e+02 1.732659765324160389e+03 2.520658875121550402e+00
6.941109232406724914e+02 1.740481707656309254e+03 7.975298318369017370e-02
1.018280301392768934e+03 1.528262987727756581e+03 1.978944815592447171e+00
7.500921536661346636e+02 1.562168736301245872e+03 2.141743904913977925e+00
8.325789165188947436e+02 1.543843179019510671e+03 1.964651131724112938e-03
9.303537030437510111e+02 1.549345810739294393e+03 3.097187532928793008e+00
8.611912517121588735e+02 1.609108086549274958e+03 7.317627064168620299e-01
9.695905182965116182e+02 1.644970508458027780e+03 2.483350896206087732e+00
7.357789366224692458e+02 1.651014291752775989e+03 2.058298659994313162e+00
8.663095178392652542e+02 1.669841009715960126e+03 2.039594169276804092e-01
9.857740140764906300e+02 1.722291424474992482e+03 1.293620523422192026e-01
8.417707635097794991e+02 1.733050884832716747e+03 2.466729918172322122e+00
9.863443062551830280e+02 1.799985152139875481e+03 5.325239257313637564e-01
1.018424059902875115e+03 1.526266628409344321e+03 1.843457192031099923e-01
9.295875313967292186e+02 1.549583687322692867e+03 3.110107860191478224e+00
1.178185866457279189e+03 1.581550150337046944e+03 3.005381622939038877e+00
1.094731981836714340e+03 1.594986723366981096e+03 3.066276911324824717e+00
9.684278749768202488e+02 1.645248226965225285e+03 2.490922764892985253e+00
1.040314663696414300e+03 1.648812774062834251e+03 2.247357908904830559e+00
1.152205625087342014e+03 1.650828048485489489e+03 7.899199324217816010e-01
9.845540841349140919e+02 1.722056591490188111e+03 1.175277428576653738e-01
1.139722140794058760e+03 1.744316250512942588e+03 2.193590947733611074e+00
1.089291546271367906e+03 1.764100092037242575e+03 1.939670172217709432e+00
9.859434377383113315e+02 1.797540604912326671e+03 4.471074918587148450e-01
1.213378606352156567e+03 1.523188605466599483e+03 2.043093401402738429e+00
1.032136407978272473e+03 1.542508231032232288e+03 3.019065135841602299e+00
1.304148721988725583e+03 1.561832016414081181e+03 7.196087067514175262e-01
1.184098347129322065e+03 1.581649647084615481e+03 3.027657767925854060e+00
1.092956988476995321e+03 1.595970657567454509e+03 2.992235131573972584e+00
1.327463090000352167e+03 1.619015981907115702e+03 1.138898970998076798e+00
1.249244828291591148e+03 1.647018310235952185e+03 9.446696107183210067e-01
1.036224415582673146e+03 1.647151599220363323e+03 2.366188480449222808e+00
1.151312650995278773e+03 1.651183674736892726e+03 6.522882373916836229e-01
1.310867202453543314e+03 1.721958971660554653e+03 1.287307262966111088e+00
1.236284024977425361e+03 1.725801929399647861e+03 9.085083596746621470e-01
1.138490879314895210e+03 1.744474352742119436e+03 2.336224497302964220e+00
1.087874282413625451e+03 1.765513639758212321e+03 2.122337332815501743e+00
1.202122541050538302e+03 1.561811745626886022e+03 2.152620618099334138e+00
1.401322420251828817e+03 1.569926361615899168e+03 1.715734163273558543e+00
1.304774331773742006e+03 1.559716224387992497e+03 6.235930478769137197e-01
1.326588787494400549e+03 1.618878442683974527e+03 1.092891359466933610e+00
1.249453812201461460e+03 1.646011179032438577e+03 8.745874524525109051e-01
1.450282362575534535e+03 1.704594870391821132e+03 1.954609728035546556e+00
1.310674564827347695e+03 1.720173779726098701e+03 1.236371302779405879e+00
1.235758506191144079e+03 1.726280889235743643e+03 8.359643459616334926e-01
1.400699421162625640e+03 1.568878635703199279e+03 1.709795325383756781e+00
1.561450105218634917e+03 1.588001390084104287e+03 1.472612402783891827e+00
1.449416758419300095e+03 1.704268462823361460e+03 1.944903901741670049e+00
1.535806305124988285e+03 1.789643868040047209e+03 1.638067330776663555e+00
1.667408655084681186e+03 1.561605439121645077e+03 2.144566580466193972e+00
1.560556297382699995e+03 1.587378169295385987e+03 1.463699088477879107e+00
1.691760845346751921e+03 1.715053429468434388e+03 1.790066595917585879e+00
1.533571470719902891e+03 1.786654466704698507e+03 1.644907985146136564e+00
1.667398202751786584e+03 1.567310128429064207e+03 2.173971289425101094e+00
1.690676433791179761e+03 1.716942984480161613e+03 1.814515378814764102e+00
6.901072351857428657e+02 1.737939218833859741e+03 1.462123889608625271e-01
7.116043189751578666e+02 1.681305198357952122e+03 5.511860027981900501e-02
8.416372264553367586e+02 1.731324685210051939e+03 2.525285710107050274e+00
6.935877255432551465e+02 1.739478407523779424e+03 7.987860858018928922e-02
8.681195042463702976e+02 1.668528992839804232e+03 8.759242934839608918e-02
9.862131911519256846e+02 1.723672037444522630e+03 1.123328179667611726e-01
8.418477128962057350e+02 1.733816925289647997e+03 2.506788190124547899e+00
9.885135398920267562e+02 1.797208663915885154e+03 3.984564655054949056e-01
8.738673747804484719e+02 1.670361549249690597e+03 2.265723971412065274e-01
9.839396373865163241e+02 1.722963939647088182e+03 7.406678008343232922e-02
1.142743714878850142e+03 1.741998622628142130e+03 2.245770091613333630e+00
1.087761460632219269e+03 1.764185838334688469e+03 1.935635217947700326e+00
9.871954786630517447e+02 1.796281840907709693e+03 3.861473434764696178e-01
1.154090442071540565e+03 1.840858439923779315e+03 8.122843154594517889e-01
1.145408228573407541e+03 1.943276244578495607e+03 1.805658188704584166e-01
1.309672717746456328e+03 1.720859291886557685e+03 1.278508231979352150e+00
1.235701664901444019e+03 1.725555228951117670e+03 9.145997188252182886e-01
1.139275508888324566e+03 1.740850120315084723e+03 2.323402568205398477e+00
1.087048788457795581e+03 1.763292713859854075e+03 2.004474047742451859e+00
1.277512034974204198e+03 1.827088612472178283e+03 2.371475067675110626e+00
1.154083463611744037e+03 1.839886820571241515e+03 7.515448095784365012e-01
1.206870002615822841e+03 1.849781794073895298e+03 1.440863086410760108e+00
1.264319487619457277e+03 1.909084913976927510e+03 1.265844466395437962e-01
1.145212088600147354e+03 1.940524772436931016e+03 1.495235304139416466e-01
1.286716563972320273e+03 1.949294907591558058e+03 9.906148303086219631e-01
1.449874033244538850e+03 1.704372072609778115e+03 1.916363093885870672e+00
1.310307340157421095e+03 1.718468021481700589e+03 1.246637168438913257e+00
1.234468442483583658e+03 1.722613772229103915e+03 9.004666322392236300e-01
1.277027348655773494e+03 1.827969560460885077e+03 2.404185473503466675e+00
1.345516233287882415e+03 1.839731117810315027e+03 1.991643506181485446e+00
1.192790309891998504e+03 1.845340498358088553e+03 1.331275608618191830e+00
1.421537253063660955e+03 1.853225394478878115e+03 9.393689595196791364e-01
1.276683652006919829e+03 1.930276711058847468e+03 4.637928799563965643e-01
1.363882848791250126e+03 1.941840822121621386e+03 7.106556893398268127e-01
1.459976141522051648e+03 1.958595042681496125e+03 3.571696403532786390e-01
1.449103770839398976e+03 1.701226372064711768e+03 1.960079672402909035e+00
1.535746759551380364e+03 1.786420472366549120e+03 1.694918109179530008e+00
1.420984039528253561e+03 1.852291072871585811e+03 9.335648792786885863e-01
1.584846274612890056e+03 1.877530512369987264e+03 7.711768766718140045e-01
1.366343384017209473e+03 1.938085133121296622e+03 6.726100063026204667e-01
1.457617432275087822e+03 1.956041362311374542e+03 3.689195430872613812e-01
1.691496767547084573e+03 1.714047650471990437e+03 1.835385765403476199e+00
1.534817562631922783e+03 1.788211844120806745e+03 1.667930590995921447e+00
1.582653122483411835e+03 1.878774373558512934e+03 7.744422479120327552e-01
1.690405731149698340e+03 1.717723866434574575e+03 1.836637670913354725e+00
1.142693705143612306e+03 1.846371324462894563e+03 9.366233706026801942e-01
1.145821160181398909e+03 1.940184241656794711e+03 2.139629172018172598e-01
1.084036010460518810e+03 2.072566718178947212e+03 2.550648006864137063e+00
1.152058775181751798e+03 1.838669596995085840e+03 8.640084510115187966e-01
1.280777152995976621e+03 1.828325603224275255e+03 2.370997826428459465e+00
1.206917351256685379e+03 1.846467640602096708e+03 1.526795774673237238e+00
1.263819355494777255e+03 1.907755932552251579e+03 2.026377889959253831e-01
1.144721372242199322e+03 1.939596184758581330e+03 1.379170650063882009e-01
1.287577237016472509e+03 1.946236118523700497e+03 1.063608092760205626e+00
1.336122677768474887e+03 2.023116305255124644e+03 8.776348590036801012e-01
1.226095504938216891e+03 2.048181874718093241e+03 1.874054959133374665e-01
1.082048044644280480e+03 2.071020308008106440e+03 2.518384775389736596e+00
1.279226152687380136e+03 2.124637738536648612e+03 1.174863382976578885e+00
1.279387141466239200e+03 1.829243596143882314e+03 2.412211165886941622e+00
1.344850137194657464e+03 1.837701115815467801e+03 1.992036677636891184e+00
1.206034997288379827e+03 1.849554042407874931e+03 1.500622592596637883e+00
1.421025202155055467e+03 1.852367442359928873e+03 1.050403946219284235e+00
1.264872886429038772e+03 1.908396707211597914e+03 3.119514517558442598e-02
1.362947591972801774e+03 1.941330602614732015e+03 7.583498425751938887e-01
1.286558202910145155e+03 1.944982022659834911e+03 1.059854057592859444e+00
1.459662808831870052e+03 1.954897357364862273e+03 3.515546312702858001e-01
1.334837842419774915e+03 2.021121702651937539e+03 8.551507583793355183e-01
1.424366772475250627e+03 2.028897805556473486e+03 6.954627721302023557e-01
1.226337994013897287e+03 2.047978684205805166e+03 1.085863373559254885e-01
1.277561170967933776e+03 2.123977908546839899e+03 1.140163332231064031e+00
1.420793894963324192e+03 1.850272396079204327e+03 1.047487281420691474e+00
1.584332954144196037e+03 1.877407012204312423e+03 8.201382094906543019e-01
1.361947065745450118e+03 1.941314337304987021e+03 6.671135322246612986e-01
1.458720000618011909e+03 1.954638364078869017e+03 3.070150520834248886e-01
1.509276731398695574e+03 2.024670877054094035e+03 1.759949167906602163e+00
1.423527294590418023e+03 2.029310608705082814e+03 6.567462666074352917e-01
1.583928688588759769e+03 1.877671920521057245e+03 8.569962630592220520e-01
1.506879034668775830e+03 2.023650218184307960e+03 1.748155625450268591e+00
1.085130017595218533e+03 2.070521286242571023e+03 2.658741512911618532e+00
1.335283766492711493e+03 2.021020430683239738e+03 9.235045883976075176e-01
1.228113184469011458e+03 2.047303935983626161e+03 2.374275686749922343e-01
1.083784833248347240e+03 2.070987204019990259e+03 2.572310407724765824e+00
1.278892121692674664e+03 2.120389172202487316e+03 1.141440364256993467e+00
1.334222762433659909e+03 2.021068505973941683e+03 8.850448662776493336e-01
1.423957470825353994e+03 2.028890814437538211e+03 6.990464135401202039e-01
1.224919632927407974e+03 2.047791779808139836e+03 1.242470723183574655e-01
1.277734605832755278e+03 2.121199308175749593e+03 1.183824425448062323e+00
1.508733011275596709e+03 2.024390831530107789e+03 1.722395105707603680e+00
1.423134309526758670e+03 2.029202489067276019e+03 7.254642908237270982e-01
1.506457883851813904e+03 2.027974158077250195e+03 1.612723806559987594e+00
