7.749346670137672390e+02 3.665857830688835293e+02 1.178735696239697317e+00
1.020306628528681358e+03 2.576887070703953100e+02 1.424257580070513951e+00
7.722104665922083768e+02 3.661969996637994882e+02 1.123323581715370834e+00
1.018010939755180743e+03 2.566981200789416562e+02 1.388294757803070878e+00
1.335580388326659886e+03 3.570412390238161606e+02 1.190333501812562922e+00
1.458086246662112671e+03 3.106102086785908796e+02 6.014798383415136396e-01
1.329707087767801795e+03 3.637013880878254213e+02 1.338053829716886023e+00
1.454458846361729002e+03 3.105781908117733678e+02 7.740972973648424516e-01
1.643934799429307986e+03 3.238459751395982948e+02 7.629524651518855283e-01
1.517137186529721475e+03 3.304273697240478214e+02 6.449502107675366691e-01
1.684500265489871254e+03 1.720163638614766342e+02 7.475071221846911473e-02
1.695676245579265242e+03 2.422148127812121174e+02 1.729554612709424677e-01
1.762930230023558124e+03 2.977056614473356149e+02 3.691407694307896614e-01
1.644472903158569579e+03 3.230878982717729855e+02 7.363800500922506043e-01
1.519129646972861337e+03 3.299493174248506762e+02 6.494937444110913116e-01
1.679245162729085223e+03 3.736841756449098284e+02 8.756033932389073460e-01
1.818392929118540678e+03 3.720890847124261427e+02 2.322421591162618704e+00
1.684171700518277930e+03 1.719688287502960975e+02 1.264853802866196808e-01
1.695768920625505189e+03 2.423906378459515167e+02 2.452441314869605316e-01
1.762714405907895753e+03 2.981628096165860597e+02 4.207957682384441123e-01
1.685538912951174325e+03 3.699642365865030342e+02 9.105386408166257217e-01
1.829376745944930008e+03 3.702914883455866857e+02 1.010561157112367381e-01
1.841001928182850634e+03 3.694451130689594720e+02 5.540292455339016625e-02
7.735507129677720286e+02 3.675956398294039218e+02 1.154697469314351466e+00
1.017997364982351883e+03 2.599681867485736575e+02 1.444422692992717749e+00
7.712649982728682971e+02 3.674807837918087898e+02 1.140624275562825973e+00
9.686666170748708282e+02 4.994535339840185770e+02 1.126529322682052525e+00
1.018137354475328948e+03 2.561639917330028311e+02 1.347411106897566935e+00
1.146728803085286700e+03 3.861729974150985072e+02 2.598109467988877874e+00
1.092940794923282283e+03 4.250948142689817359e+02 2.147302911052458185e+00
9.666293342368992398e+02 4.992827884793983912e+02 1.053732114011352472e+00
1.055337076650318068e+03 5.085833953390169881e+02 3.971778731398964979e-01
1.331566509627356481e+03 3.628661688726092507e+02 1.240551291866859307e+00
1.144718647041372151e+03 3.852040078804158156e+02 2.603047518217516565e+00
1.091487458617180437e+03 4.241003965904302504e+02 2.145845913633926294e+00
1.332858470936569802e+03 4.519893873802823236e+02 7.956368569356244702e-01
1.054288844381204854e+03 5.094543612926297556e+02 4.402833524164678214e-01
1.337207348762531865e+03 5.111074575113203764e+02 6.052649793969493430e-01
1.457718010992929067e+03 3.104949761369356338e+02 5.188327161820579514e-01
1.329640317116046617e+03 3.648622610379336493e+02 1.315301129153909176e+00
1.421468046088294386e+03 4.080429753095108936e+02 1.276115618684677155e+00
1.330710416865314755e+03 4.504068822055456849e+02 7.352045419544269711e-01
1.344767929786653212e+03 5.075462868927952513e+02 4.500610940384233150e-01
1.496957711242544747e+03 5.074727999966717107e+02 2.837179549080845575e+00
1.428396127795672555e+03 5.389561153865374763e+02 8.634643949224209136e-02
1.456173185149201117e+03 3.100012424126690007e+02 6.993643515005435463e-01
1.648197056233555031e+03 3.218420880038551104e+02 6.608727076656102373e-01
1.517317487794577119e+03 3.312619814179387845e+02 6.244386018944287908e-01
1.528315539597775569e+03 3.852510761467665361e+02 3.619794795954451860e-01
1.421016420503915924e+03 4.072734689527929959e+02 1.307531642875874534e+00
1.523459628279350227e+03 4.402113079989981088e+02 2.411574565056965325e-01
1.608030856064439831e+03 4.965325555211403525e+02 2.931574814697273101e+00
1.503301632928579238e+03 5.049987102819598022e+02 2.943989361941958816e+00
1.350117712556155084e+03 5.066681217579318854e+02 6.639170272317512778e-01
1.429903333911191567e+03 5.398614715485321085e+02 5.170254611627028013e-02
1.697434459472005528e+03 2.403551191461799021e+02 1.760906660316502725e-01
1.763643925419487687e+03 2.969174195657508335e+02 3.331936271686583573e-01
1.645260704950368336e+03 3.229570010223340546e+02 7.214961232922791901e-01
1.515612686585999427e+03 3.319066491855072627e+02 6.644258160739170416e-01
1.680486023011583256e+03 3.703764448755401872e+02 8.628063079869648933e-01
1.526794938149551399e+03 3.858103692512480620e+02 3.142577928653523811e-01
1.681964192775374158e+03 4.496580543161246624e+02 2.825467321705267265e-01
1.520047183692881617e+03 4.379862790035411990e+02 2.489644738883627362e-01
1.774469420081164344e+03 4.800626439206830582e+02 1.667230467255543358e+00
1.606686707830328714e+03 4.957354474038049830e+02 2.845095799083436461e+00
1.693429922242268958e+03 5.395724880137149739e+02 9.181530382660613165e-01
1.697246658281295595e+03 2.389924347979408594e+02 3.115014052329379002e-01
1.763576736691256656e+03 2.967502815154698510e+02 3.442929053852503141e-01
1.678231518894410556e+03 3.710042828288284227e+02 7.681134702633132250e-01
1.831052983675836913e+03 3.674500289488062208e+02 6.562449098415026882e-02
1.682170913302623831e+03 4.488804240703919959e+02 2.690064131927886182e-01
1.773281809803058422e+03 4.782870139855193656e+02 1.604484910008521448e+00
1.838038802283045243e+03 5.220901007012109858e+02 2.030464408850170432e+00
1.698155958773332713e+03 5.324347545925991199e+02 8.408389944573311237e-01
1.832495776644868101e+03 3.679796312600423107e+02 2.274075672230467526e-01
1.835678010743525874e+03 5.178429002822742859e+02 2.085250706109192720e+00
9.675902772260585607e+02 4.969214497197176570e+02 1.023610486040885226e+00
8.894665550257118412e+02 5.953401021651009160e+02 2.042721495034939938e+00
9.417736728623935960e+02 6.106039113817498674e+02 1.327706537055821423e+00
9.931007027698651655e+02 6.461303317630839729e+02 1.251980301736919099e+00
8.726671391270651839e+02 6.836181307777155780e+02 1.941884125073505718e+00
1.093520692001044154e+03 4.217231362206123322e+02 2.102286691091706849e+00
9.669879889754204214e+02 4.981273563888901208e+02 1.062308126376554807e+00
1.055524105444071893e+03 5.080049201846452434e+02 3.761431095274655467e-01
1.092123363323031981e+03 5.669917362262724509e+02 4.391821014222278552e-01
8.889421040704737607e+02 5.979120715279237857e+02 1.942487429226728901e+00
9.404422626618977574e+02 6.121215460679710532e+02 1.372656655438965867e+00
9.907401075270106503e+02 6.482351993245986250e+02 1.272048394152191397e+00
1.120110575331011660e+03 6.470651124702784500e+02 2.479783272601737032e+00
8.679346666054755133e+02 6.774098289861028661e+02 2.096642441952378810e+00
1.092290929858224217e+03 4.229990774714984809e+02 2.063983272080153419e+00
1.333518751968847027e+03 4.514871786784872256e+02 7.975325568730531334e-01
1.054627112350115567e+03 5.090803783457866984e+02 4.351333989737630747e-01
1.189170190609907650e+03 5.547033552017044258e+02 8.226274856008817249e-01
1.090772557726457535e+03 5.677741318248408788e+02 4.799720713503996539e-01
1.192791785431543758e+03 6.140427539318945946e+02 3.147882276325335293e-02
1.118950029972740822e+03 6.472281636763268580e+02 2.421149136014057124e+00
1.259134828577119379e+03 6.741653548662894764e+02 1.234036199356265850e+00
1.421999990957816863e+03 4.056539451235255456e+02 1.317290625340717503e+00
1.331707822650690559e+03 4.492021895918429664e+02 8.321302214746666426e-01
1.346320843581517693e+03 5.055440157245501496e+02 4.971656734605754413e-01
1.187836557727428954e+03 5.540781421755989413e+02 8.585871587149215278e-01
1.431398317300971030e+03 5.359323049005874964e+02 6.226285448608274292e-02
1.191559160090890146e+03 6.134253237070498699e+02 1.153654126874051160e-02
1.383732313650962396e+03 6.435532334500305751e+02 3.041708934542930454e+00
1.258110639684236276e+03 6.726144614981931227e+02 1.247316524468269350e+00
1.419958891848675194e+03 4.059338444540974251e+02 1.326005808670303265e+00
1.522792731336920951e+03 4.372294906557989407e+02 4.021162485447093982e-01
1.608203753528671768e+03 4.946626016856810111e+02 2.891978039638071429e+00
1.503113074881874354e+03 5.037062778775223251e+02 3.002613618699396358e+00
1.430807986448587144e+03 5.363764652901766112e+02 1.630942793233093324e-01
1.589670786987923748e+03 5.705401096513234052e+02 2.673698563483366097e+00
1.524185766047904281e+03 6.025495439475425883e+02 2.814599539488975122e+00
1.382033686039446593e+03 6.446480774930203097e+02 3.121856014663428436e+00
1.655272495591942288e+03 6.466974240158743896e+02 3.033398043774565789e+00
1.530213420447161752e+03 6.628669713714502905e+02 2.118717535701886978e-01
1.641831922037656568e+03 7.003571873120090459e+02 2.714995566051380926e+00
1.522406453060318881e+03 4.380726664866160718e+02 2.103545565437926201e-01
1.682102596114857988e+03 4.485151912560220353e+02 3.917776245046828421e-01
1.773612119403975385e+03 4.790485314045743053e+02 1.578172461755544598e+00
1.606970850700001392e+03 4.945769883209350155e+02 2.911777894448742021e+00
1.692344590148523821e+03 5.388893551454838189e+02 9.340302348572050439e-01
1.588364655662703399e+03 5.707094337480232298e+02 2.699420484328834302e+00
1.727389758432214194e+03 5.819896416508049697e+02 2.332675393940091824e-01
1.519809368982002525e+03 6.030184850809683894e+02 2.904885353209365029e+00
1.656557663374897174e+03 6.451835350504604776e+02 6.844381815471972663e-02
1.529208555578374444e+03 6.638735287860681638e+02 3.277928081312926900e-01
1.641779048182709630e+03 7.007839768295378917e+02 2.805404536510246682e+00
1.681604474803882113e+03 4.479676190541822507e+02 3.613576365601475215e-01
1.772752198946752287e+03 4.780352273001750518e+02 1.540659540125699278e+00
1.836969459160968199e+03 5.206859031478784345e+02 2.002760898265840694e+00
1.691856748804351128e+03 5.377368661254049584e+02 8.383646563426071507e-01
1.934663597267914156e+03 5.893886776318183820e+02 2.399454603789402007e+00
1.726880620534691843e+03 5.830497778909090130e+02 2.742603222542504549e-01
1.830000011874487427e+03 6.072163100801694782e+02 1.695756023826830161e-01
1.921593380843328760e+03 6.758422069904836462e+02 1.912327837905348105e+00
1.835154468328022631e+03 5.193414176425369533e+02 2.068510455225151645e+00
1.933636349739635534e+03 5.890470509835110988e+02 2.471866306454344020e+00
1.830984444816756650e+03 6.070348127902716442e+02 1.725521613526775910e-01
1.920775114503479017e+03 6.773451424797002574e+02 1.966670551323514538e+00
3.370824637201357632e+02 7.111166894410180248e+02 1.339001573422732072e+00
1.500807025225475400e+02 8.001239570721056680e+02 2.219447846675470792e+00
3.360825757984332540e+02 7.113825267345328029e+02 1.430611277471091736e+00
7.841300477224046972e+02 7.458725244348850083e+02 2.582270626967448468e+00
8.917725851554810106e+02 5.973971843957990586e+02 2.041472232201991144e+00
9.414562586421741344e+02 6.108965588613942828e+02 1.245657056348623559e+00
9.915381652355324604e+02 6.484207046102840195e+02 1.109632084900755711e+00
8.733425746151233398e+02 6.861371964909983490e+02 1.866779451864454265e+00
9.356223851369929889e+02 7.496594589218519786e+02 1.719350245415155243e+00
7.837850099344909722e+02 7.461858694375172263e+02 2.586215330618911512e+00
8.703214885411766772e+02 7.923893794056282331e+02 1.957307532369340297e+00
9.929223357095249867e+02 8.496465477618530713e+02 2.193295961127890159e+00
1.095244828497049411e+03 5.644712523193782090e+02 4.069702453951815624e-01
8.945040237264340703e+02 5.983032050013628123e+02 2.344591320897831288e+00
9.403805526536448269e+02 6.103038351690418040e+02 1.296613663532423688e+00
9.906227628921556061e+02 6.477068407666464509e+02 1.156165633113363400e+00
1.120657984341804195e+03 6.463165146784333501e+02 2.534111775417065449e+00
8.708853541607040825e+02 6.864437760429981381e+02 1.923332037535432359e+00
9.346649056500746156e+02 7.498608167965912799e+02 1.742731243195167812e+00
1.104682331144669888e+03 7.716763177408606680e+02 1.356494116227594526e+00
8.677628689379162097e+02 7.910408241792264334e+02 2.007789881278017052e+00
9.922268831246556147e+02 8.539193494117332648e+02 2.054769465842587017e+00
1.190230022280029743e+03 5.516959983785756094e+02 8.042401781752100964e-01
1.090316220584904841e+03 5.642680264189576747e+02 4.868878079139132842e-01
1.192066063601279666e+03 6.127029862291042264e+02 6.788957263058759128e-02
1.118267975778366690e+03 6.457412647919633173e+02 2.431974500681848728e+00
1.258959433518947662e+03 6.711695893152304961e+02 1.186726749387067237e+00
1.103548510755541884e+03 7.719505723091129994e+02 1.423324433374291820e+00
1.286034022088821530e+03 7.585372246503923179e+02 2.980740253552426999e+00
1.239633710266919479e+03 8.181071755700286303e+02 2.568645623753462282e+00
1.320036824009918973e+03 8.597154832316065267e+02 1.404264516672578900e+00
1.194375453901456467e+03 6.125993661656876839e+02 1.524542857270708429e-01
1.384283958550850002e+03 6.421679773303050069e+02 1.665073748853745927e-03
1.257694195588397861e+03 6.706257808271878957e+02 1.200835533899028418e+00
1.363544994767587013e+03 7.121703973391249747e+02 2.092764649935423549e-01
1.284607942823890880e+03 7.584601162483185135e+02 2.965404400128182960e+00
1.410732226891459277e+03 8.165676366209941079e+02 1.805815416745879309e+00
1.236063453129086156e+03 8.194764302978062460e+02 2.559187868716110703e+00
1.317899230080723783e+03 8.611509856914371994e+02 1.538136426928716549e+00
1.590875906996255935e+03 5.678532365850348924e+02 2.697915010377891498e+00
1.523574188013247294e+03 6.003394394839193637e+02 2.892064863837914501e+00
1.382874709709240278e+03 6.422253036410494360e+02 2.260321172814227370e-02
1.656291412800449962e+03 6.425184042298275244e+02 6.561450345503347381e-02
1.530629422604962656e+03 6.624887387047598395e+02 2.074374982619570096e-01
1.644816423286703412e+03 6.969267567851267131e+02 2.827135272533184640e+00
1.361827747055413965e+03 7.125156045877890847e+02 2.352955710050972093e-01
1.583950305074901962e+03 7.435815592348002383e+02 1.743034783038494906e+00
1.408771819952187343e+03 8.182523428039767168e+02 1.753563977238516758e+00
1.589601226256534346e+03 5.703292353532326615e+02 2.739360140862501680e+00
1.727965518314845440e+03 5.832312354597966078e+02 2.837954841112411142e-01
1.523562787168307295e+03 6.017056559250675036e+02 2.966226329236665737e+00
1.656623810139419675e+03 6.434243274826101242e+02 8.557832449455408941e-02
1.529069686258476850e+03 6.634873400914507329e+02 2.515214707005218875e-01
1.642665420073649102e+03 6.987610587185940858e+02 2.824318533796908337e+00
1.583553910929622134e+03 7.459028486933161730e+02 1.771572825542822471e+00
1.936477944313585340e+03 5.891133742359329517e+02 2.404578161578704076e+00
1.726591312885854904e+03 5.830406404469359813e+02 2.743536138077325437e-01
1.829814732629795344e+03 6.074864584239816168e+02 2.111301553958176702e-01
1.921714872099085824e+03 6.780079811608650289e+02 1.952728298073094892e+00
1.933432502769522216e+03 5.886429739666533578e+02 2.492159294892156485e+00
1.832870091648266680e+03 6.067822193856766262e+02 2.925038512587933570e-01
1.920233381631952852e+03 6.765375356306960839e+02 1.990881992820592084e+00
3.369233424108961117e+02 7.112291226815910932e+02 1.315423143149015761e+00
1.493261294286106704e+02 7.986840249856762739e+02 2.188195608553926252e+00
3.361364747721171398e+02 7.098070998491281216e+02 1.409556794308447270e+00
7.848921507483539699e+02 7.448372325124726103e+02 2.589828458851182624e+00
9.357920919933528694e+02 7.490398349470719950e+02 1.687997428353672946e+00
7.838056769491034856e+02 7.463656833895258842e+02 2.634038482822977922e+00
8.703554362813968055e+02 7.918900098736719428e+02 1.917479173837252082e+00
9.923097271012431975e+02 8.526307197396210995e+02 1.997003960797118172e+00
9.779131649522851149e+02 9.538484926722169348e+02 2.216569127139585316e+00
9.341782006165451548e+02 7.483769095723769169e+02 1.736542127365181987e+00
1.104316066932760123e+03 7.706936962723912075e+02 1.331800418644179640e+00
8.684837450351917596e+02 7.940206345041461873e+02 1.962370262556483391e+00
9.915091158143234225e+02 8.522580484616980812e+02 2.044641896841806528e+00
1.173881902078103849e+03 9.143554779108142156e+02 9.397911262816469602e-01
9.766703431367122903e+02 9.538117778612195252e+02 2.253647333554142929e+00
1.103225030992424308e+03 7.702064128322321039e+02 1.418232679679724884e+00
1.285822499992598523e+03 7.583087854558477829e+02 2.981989458691968853e+00
1.238402612009715085e+03 8.170100842002260606e+02 2.602186859424079124e+00
1.319066976379191601e+03 8.608026916921841121e+02 1.582156754730990489e+00
1.171118423253160699e+03 9.126344455278569967e+02 1.019692426231363802e+00
1.225279139977085833e+03 9.437029702751449349e+02 1.008805738864105184e+00
1.268419480616276360e+03 9.846644701273521605e+02 9.697251935356860919e-01
1.365304627601144603e+03 7.091909932479495637e+02 2.632168064116236494e-01
1.284418101801187504e+03 7.574885230751555127e+02 3.005114780750771875e+00
1.410031789995293593e+03 8.139027570034521659e+02 1.789058436222089155e+00
1.237391014284695530e+03 8.164241055741160835e+02 2.589212243892221821e+00
1.318484594516785364e+03 8.585406948653995869e+02 1.540358722569391992e+00
1.369758099506196004e+03 8.827350045837042671e+02 1.813134990912041999e+00
1.223879768265676375e+03 9.438562414110394911e+02 1.043732982763668327e+00
1.473569043524393010e+03 9.491092711260425858e+02 3.042732427845461718e+00
1.266778485438978578e+03 9.821655287394512470e+02 9.602997300234736855e-01
1.357303453537266023e+03 9.840285007690611110e+02 5.244394130842872093e-01
1.368108226204444918e+03 7.097011199117551996e+02 3.582170625852385548e-01
1.584744312885505906e+03 7.410133889314696489e+02 1.773487116655888540e+00
1.409890013351147445e+03 8.137570187373366934e+02 1.786093460728364946e+00
1.369648037198770453e+03 8.836360166839144767e+02 1.832041996417665963e+00
1.532797954395235593e+03 8.841733527674794004e+02 2.315321716602407154e+00
1.473277245837973396e+03 9.484483392260199253e+02 3.124550293932163214e+00
1.359974646162270346e+03 9.828526359988368313e+02 5.564873002812008584e-01
1.583888917519091592e+03 7.438896156625412459e+02 1.775291259542529199e+00
1.532165151060790322e+03 8.857888553965997289e+02 2.337645869645117891e+00
3.021592616128507416e+02 1.033152231253121272e+03 7.497044319465339113e-01
2.949471515817762111e+02 1.130271856184093167e+03 1.052566030148886611e+00
3.022477312967583885e+02 1.032061466442946312e+03 7.315776292930666891e-01
2.947895701080882418e+02 1.128987061909455633e+03 1.040048140840366120e+00
6.339150155732227176e+02 1.036891730236119429e+03 1.746948643851159444e+00
7.084859031765545296e+02 1.033050350097414139e+03 1.248473818878938824e+00
6.330501131116689066e+02 1.036605635279516946e+03 1.722838515075491905e+00
7.796505236557205762e+02 1.150701903117703750e+03 4.331916237888032428e-02
9.772919914087967754e+02 9.514894647654202799e+02 2.187925230014467370e+00
7.064094031967362071e+02 1.033198771958436510e+03 1.233601239683637552e+00
7.774168246041286920e+02 1.150472799824952062e+03 1.030609089632404524e-01
1.167859061993263822e+03 9.151458074181061875e+02 9.584602316326509275e-01
9.748645992195313283e+02 9.498881391730330961e+02 2.238941341939002516e+00
1.171340576059449631e+03 9.099915799503171456e+02 9.743373376245743067e-01
1.225150974862323437e+03 9.412295106814492556e+02 9.487784377948017545e-01
1.268634034350076035e+03 9.802466144531222199e+02 8.797115639650336938e-01
1.336284783745654295e+03 1.073316917628911142e+03 2.085263301828940818e+00
1.273888909248449409e+03 1.084741124811956524e+03 1.934540995436824895e+00
1.213158550466751876e+03 1.113173131810226096e+03 1.972172086985761297e+00
1.328032025595273353e+03 1.165575694449616321e+03 2.112318269696527473e+00
1.369482055500681554e+03 8.796015904337825759e+02 1.801520869431605387e+00
1.222454779305264765e+03 9.404252786038853174e+02 1.000416241799688022e+00
1.473787079925709577e+03 9.473755670242355791e+02 3.067192534134777215e+00
1.267026015505819032e+03 9.801104969419454847e+02 9.178260665205916213e-01
1.356888046208423248e+03 9.833768669186824809e+02 4.988580645463511209e-01
1.492117505086934216e+03 1.021015755765052290e+03 3.022877957939914317e+00
1.417039337457423471e+03 1.032074966833094095e+03 2.591711334973007680e-04
1.332964552359277377e+03 1.073113089317234426e+03 1.955389483479643031e+00
1.273735422783086960e+03 1.085381757083217735e+03 1.893560792810141891e+00
1.210185679722107125e+03 1.113586363215194524e+03 1.919160873885469520e+00
1.457350458643096090e+03 1.150430642816472982e+03 2.243902360800777096e+00
1.327718231474051890e+03 1.170652802066234699e+03 1.948730467184749404e+00
1.412719420752398946e+03 1.173723268552760146e+03 2.178481170678589152e+00
1.369226000381118638e+03 8.839951512172171988e+02 1.787308871017419420e+00
1.531563590673346425e+03 8.813375362559017958e+02 2.248893602952250603e+00
1.472552871934150971e+03 9.475175362396778382e+02 3.118415915089744583e+00
1.355849248441645386e+03 9.823167999164816138e+02 6.124973880449584573e-01
1.498829717035519707e+03 1.023047137619290879e+03 2.991952220614073621e+00
1.418446383937262226e+03 1.032078814222465553e+03 2.736519757000912059e-02
1.545276019433792726e+03 1.084818572973643541e+03 2.974867992029512909e+00
1.461938346718423873e+03 1.153318840865834318e+03 2.276663359692475463e+00
1.531934337560647236e+03 1.141685120580958483e+03 2.170359095974365271e+00
1.410130560476883375e+03 1.173694336580790150e+03 2.080397761608147267e+00
1.533344866657560715e+03 8.840817534885798068e+02 2.353141222412354239e+00
1.545268066822808578e+03 1.085084079386028634e+03 2.991644805018718767e+00
1.700479134134082415e+03 1.113939141151218564e+03 3.005679586188940267e+00
1.661541085107303161e+03 1.141513259323331340e+03 2.136211812440917512e+00
1.530579661668849440e+03 1.142850324931719797e+03 2.302844462968143713e+00
1.696774442755007385e+03 1.113240866133592363e+03 3.074293506762078909e+00
3.024468970698000021e+02 1.031862097554130514e+03 6.984672277223999970e-01
2.944111251846960613e+02 1.130068006018013421e+03 1.021978174309527976e+00
3.362912393164212403e+02 1.186416077509117031e+03 1.488948995969211264e+00
2.993006396360335657e+02 1.029272672228994907e+03 6.915293355636144002e-01
2.935853051310318733e+02 1.128763656502959975e+03 9.814871635055618659e-01
3.354075780455419817e+02 1.184711006558422241e+03 1.430839517091366364e+00
5.272873209424560628e+02 1.264579367753882025e+03 2.768193554454707606e+00
4.292641339076594704e+02 1.330981621741477966e+03 2.189563874144822009e+00
6.339008812749942763e+02 1.037125480333873156e+03 1.664590882505277758e+00
5.266858635399662489e+02 1.265932309826226856e+03 2.766156918791386587e+00
4.248002435551975395e+02 1.330748855972966339e+03 2.140576936526969121e+00
6.783023096177366824e+02 1.336125753083345217e+03 2.723385648518291458e+00
6.335369560873725732e+02 1.036184448961643739e+03 1.652472347409047249e+00
7.091124095911593486e+02 1.031486696103049326e+03 1.247203532794379122e+00
7.800411145248311868e+02 1.148701853758166408e+03 6.724418077500958490e-02
7.047048940493314149e+02 1.193709605467103756e+03 5.843446090007694410e-02
6.821247637671184521e+02 1.341697689309695079e+03 2.736145980873563310e+00
7.781954513414609664e+02 1.148526687297290437e+03 6.705938018704067638e-02
9.893842026809381878e+02 1.190859887538755174e+03 1.590158081191723971e+00
1.118642911652858857e+03 1.187462781368457172e+03 1.590229421568185586e+00
9.876087856521155572e+02 1.190237257233420223e+03 1.506099744950848640e+00
1.056216290541900889e+03 1.196210559373959768e+03 1.678830285422688640e+00
1.166397097801600012e+03 1.208790595220659725e+03 8.480607591367140818e-01
1.022879696310197687e+03 1.309842527303254883e+03 2.330078046845640571e+00
1.172938653039586825e+03 1.312737527728138957e+03 2.257356034937886946e+00
1.089906522689033409e+03 1.332529629087896183e+03 1.836460072884966488e+00
1.336756343893366193e+03 1.071211795273330154e+03 2.076198143513911631e+00
1.274511473562221681e+03 1.083451346645431613e+03 1.925313172623638103e+00
1.213952176412696645e+03 1.111192586455476658e+03 1.951180967495439678e+00
1.330730419971040419e+03 1.169194312124135422e+03 2.064296482297110380e+00
1.117564380043588699e+03 1.187611781847992233e+03 1.576315272632468512e+00
1.056750173193055389e+03 1.196016174927321799e+03 1.652971756419891136e+00
1.164319516508964625e+03 1.209420803237049540e+03 7.794800662687115800e-01
1.290752045463712193e+03 1.264686563219683421e+03 1.524117971131290217e+00
1.235785974642344854e+03 1.279022415341306214e+03 1.964753599024355202e+00
1.173702892981202240e+03 1.316345298158350261e+03 2.086689408809335511e+00
1.086532730979442931e+03 1.332791262682475235e+03 1.886985784434524138e+00
1.415885098419033056e+03 1.029727646876972358e+03 1.733086042982793021e-02
1.333630043050671702e+03 1.072780963727009976e+03 1.965872085892671484e+00
1.273966547678389361e+03 1.084557060004916593e+03 1.883627843211934216e+00
1.212264859517081049e+03 1.112269564256680496e+03 1.895825215630344562e+00
1.462859206083682011e+03 1.150301716766869049e+03 2.494596433305507954e+00
1.328026072230864884e+03 1.169635219262333976e+03 1.974112758413862689e+00
1.413848846476589188e+03 1.174301975896568820e+03 2.189133824863325195e+00
1.288904289694957242e+03 1.265400644583816984e+03 1.467281926707799666e+00
1.388626707272366502e+03 1.261466667839580623e+03 1.977522285209155406e+00
1.233791497257525407e+03 1.281936340635000761e+03 1.901555801653795008e+00
1.424527166773083763e+03 1.029563133357755987e+03 1.859722453330006353e-01
1.543869488555117186e+03 1.084635481537786518e+03 3.048662664141880807e+00
1.461800499802178820e+03 1.151027251291583525e+03 2.394358131858177252e+00
1.530838254623976809e+03 1.140349654970289521e+03 2.237656866908956488e+00
1.411965159063042393e+03 1.173738166707376195e+03 2.044902273289219252e+00
1.636080465503989672e+03 1.225642028076466204e+03 2.210932083939775250e+00
1.559778815930868859e+03 1.244284647452014724e+03 2.326551497384627520e+00
1.386347159179911387e+03 1.261229271031623512e+03 1.910636046164174484e+00
1.549776715347436266e+03 1.303679835072996639e+03 2.234209238483318316e+00
1.544583613590414643e+03 1.085208865767019688e+03 3.043459777033788338e+00
1.672667724256124984e+03 1.131904091003484837e+03 2.897980846936402344e+00
1.529799179206496774e+03 1.140787387952014114e+03 2.263519507935450648e+00
1.764259693364440864e+03 1.214993168672142929e+03 2.461528640855529027e+00
1.633868648137903847e+03 1.225037508111724037e+03 2.202863049066539070e+00
1.559132901757068112e+03 1.244186576607123698e+03 2.367505738333797627e+00
1.722731079810089568e+03 1.242577798359831149e+03 1.574262414833828228e+00
1.546880908464367167e+03 1.304740762630154904e+03 2.403653151748077921e+00
1.673686445022922044e+03 1.326274081415240744e+03 2.482663894553928330e+00
1.697705877060835746e+03 1.113269826308887787e+03 3.033848332355935984e+00
1.763486975026053187e+03 1.214192981116950932e+03 2.411657121763478795e+00
1.721555770902460836e+03 1.243451027842556186e+03 1.641760276774616667e+00
1.865603315762596367e+03 1.294203631899318452e+03 2.664503680443416567e+00
1.671032732776365719e+03 1.332388481441600106e+03 2.485634440766931963e+00
1.863643486302216616e+03 1.294113996026896302e+03 2.700870120677388631e+00
3.351400220581863891e+02 1.186121111350664250e+03 1.455677345226405572e+00
3.327851614485991831e+02 1.363337295689897019e+03 6.755799264562083462e-01
2.399907182977717639e+02 1.422539838463660999e+03 2.260036928755254859e+00
3.504874101595024172e+02 1.441521569625183020e+03 3.131901908615589147e-01
5.295353598682399934e+02 1.264279506737615066e+03 2.829294511808758461e+00
4.293376500688758597e+02 1.330915090824345953e+03 2.104808298598461747e+00
5.192192634054565588e+02 1.360587112200702904e+03 1.718581994600524299e+00
3.329390021613991166e+02 1.363373424729820726e+03 6.397553386623370253e-01
2.378074274391958625e+02 1.423891663581331613e+03 2.250112013325622495e+00
4.537172960511065867e+02 1.435239149622474997e+03 2.310224879000212006e+00
3.500405538547666993e+02 1.439724611006284931e+03 3.075971315508180259e-01
6.986293680996527655e+02 1.186029073389632913e+03 5.941307185554592918e-01
5.270296589153101650e+02 1.264703209782917384e+03 2.796171443552179614e+00
4.275988938498031757e+02 1.329182131313862783e+03 2.071851094955774464e+00
6.837528309041404100e+02 1.338377559440154755e+03 2.903724691134920821e+00
5.181929061355771182e+02 1.358615718885080696e+03 1.655934064642405223e+00
6.882532385088816227e+02 1.393599766023046413e+03 2.546387026990298619e+00
4.521659998790403279e+02 1.433577233609057657e+03 2.307352125590546699e+00
6.660891098702823001e+02 1.472523204550603623e+03 3.002023341875459383e-01
7.058419065510659038e+02 1.190401955941418237e+03 1.292288275611127857e-01
6.826009799450199580e+02 1.339416910701644838e+03 2.744418581581795191e+00
8.084258977228234926e+02 1.374380166360255998e+03 6.267716243884674521e-01
6.900868983699099317e+02 1.398533264533547481e+03 2.434700172830506659e+00
8.281142620041766804e+02 1.433869989375394653e+03 2.433955773952935497e-01
6.700868378937615262e+02 1.471989161625031784e+03 1.377627839565391532e-01
7.099991769833274020e+02 1.189826931645241075e+03 4.026462065335967844e-01
9.890813012848216204e+02 1.192033100367888665e+03 1.587120850338064049e+00
8.067970712916101093e+02 1.373927895043826538e+03 5.936978288883993926e-01
8.270702865830754718e+02 1.433259332304607142e+03 1.780102460520138485e-01
1.018874842554182806e+03 1.447454436967646416e+03 7.088976672350347230e-02
9.282889842009415133e+02 1.482692731000234971e+03 1.929369881283440114e+00
9.881946576066591206e+02 1.188644423510396564e+03 1.493769234652871924e+00
1.057419962322306446e+03 1.194248708875669536e+03 1.643171366141585876e+00
1.122267186504004030e+03 1.190285271837179607e+03 1.544030412326053980e+00
1.149094729493679552e+03 1.210959401466106556e+03 6.176803372544634740e-01
1.023343204554211752e+03 1.309823641983843800e+03 2.277308527530998550e+00
1.175156337869927711e+03 1.315889971271993090e+03 2.067981348827078847e+00
1.091621959793278620e+03 1.333839814032353388e+03 1.807211943025224254e+00
1.038895291753103493e+03 1.398651019114925248e+03 2.823459493839018286e+00
1.144083360367041223e+03 1.443197720542172647e+03 9.542805667426080829e-01
1.027347256356725893e+03 1.446954043053009627e+03 8.345226549711265429e-02
9.255343794999118927e+02 1.483296749836560821e+03 2.026236465770933748e+00
1.056201007257127685e+03 1.196398396985535555e+03 1.686089977647491800e+00
1.165784606210432003e+03 1.206355079576056596e+03 8.474441815940995104e-01
1.119842263200262778e+03 1.190378958656964187e+03 1.784957289594466978e+00
1.291649638607402494e+03 1.261453945526485313e+03 1.549258201070705665e+00
1.235651178423601550e+03 1.278452578150202953e+03 1.961932809714451720e+00
1.173520400170011044e+03 1.315838852761114367e+03 2.051942705558955637e+00
1.090556249420601944e+03 1.334463586325300867e+03 1.842848510155737030e+00
1.035314972814657722e+03 1.401685409851643271e+03 2.868990461573412087e+00
1.142957413786246434e+03 1.440879162267457332e+03 9.152910080399168091e-01
1.311044857705099275e+03 1.443514441096765722e+03 6.438354812924992343e-01
1.030309915512553061e+03 1.447785036272175375e+03 2.304501898120726866e-02
1.166719133697418101e+03 1.492792337047896126e+03 6.685957900891246197e-01
1.388039573964774945e+03 1.259313036362525736e+03 2.028556605586663952e+00
1.290044664750864058e+03 1.262813854668035219e+03 1.583594728592677248e+00
1.233649149359863259e+03 1.278614898903156245e+03 1.972011793169680782e+00
1.459691186783843932e+03 1.350609392700724811e+03 8.223304952632602971e-01
1.307555431754169376e+03 1.442405157017486545e+03 6.435401284554355117e-01
1.495929155300051889e+03 1.462101865831118403e+03 2.029630568772405219e+00
1.393162589247108372e+03 1.496163675287000387e+03 8.125535404806901729e-01
1.636450456678670434e+03 1.224584171085157323e+03 2.275482938671927080e+00
1.560150225886041881e+03 1.242112063917617434e+03 2.401963446957422477e+00
1.386089672107107845e+03 1.258671421378769764e+03 2.015993810603034397e+00
1.548611246124361060e+03 1.302957568892215932e+03 2.339199188945137120e+00
1.457475350516693197e+03 1.351975781015446501e+03 8.412599350584747393e-01
1.533724434380407956e+03 1.387250929031920350e+03 2.691625799307281186e-01
1.582289287874024012e+03 1.439297419870183603e+03 1.103779636423873445e+00
1.496405336000294028e+03 1.468152271622276203e+03 1.975509313280612744e+00
1.630751152449184474e+03 1.478226207598053634e+03 1.234988523458761644e+00
1.391832283630613802e+03 1.494829425127613831e+03 7.800846941160733961e-01
1.632992915197580942e+03 1.223095470489762647e+03 2.223972857631448807e+00
1.765358164567244785e+03 1.214334673908489549e+03 2.466079642997840882e+00
1.558383454628245545e+03 1.245227925457702440e+03 2.349179047856547964e+00
1.722505400722698823e+03 1.241211694222187134e+03 1.651565408675631508e+00
1.546674047089779378e+03 1.302653594017554497e+03 2.305484599139167923e+00
1.671451579422344139e+03 1.323957742415834218e+03 2.511025942703892344e+00
1.532524756979072890e+03 1.387075987180125821e+03 2.904146349533573979e-01
1.702363356156423379e+03 1.410410932872597868e+03 2.900353560401722763e+00
1.580720660610029199e+03 1.438938479172126335e+03 1.116183449150731199e+00
1.627354927391239698e+03 1.477948271790035506e+03 1.310254859237789171e+00
1.770164005925318634e+03 1.492194169550326478e+03 1.083185053508225471e+00
1.762671475052948153e+03 1.212266777639049224e+03 2.415367333134917249e+00
1.720886808585889412e+03 1.240963113551070592e+03 1.618678599516099492e+00
1.865109641517172349e+03 1.293003898052068052e+03 2.676641563860566730e+00
1.670134908514093013e+03 1.323118036320630836e+03 2.595359571610724281e+00
1.850958695714807845e+03 1.384927057163276231e+03 2.430207683228541526e+00
1.701427160162737891e+03 1.409782760748892770e+03 2.947331238306892143e+00
1.767636173214322980e+03 1.489274585068674469e+03 1.176465498235263807e+00
1.821415768497372028e+03 1.496217339381375041e+03 2.074782122465994583e+00
1.687969229703946667e+03 1.498194703908547126e+03 1.372807694311963589e+00
1.967587280912057849e+03 1.487720988304293542e+03 2.582283771897533775e+00
1.863058711355367222e+03 1.292051331708084717e+03 2.684840512278238833e+00
1.848932941197106629e+03 1.383796894826792595e+03 2.447125125632499731e+00
1.970280926962031117e+03 1.491514880427084336e+03 2.649639454702765295e+00
3.307100565468304580e+02 1.363143330306856114e+03 6.906345244056110166e-01
2.400899366765275431e+02 1.421368832203342663e+03 2.221825729873521116e+00
3.510055029501441481e+02 1.438885232958983806e+03 3.663713506412898391e-01
2.300581903046135039e+02 1.643398369793006168e+03 3.053578790520885544e+00
3.332533693248031454e+02 1.361082996182183479e+03 7.446417209483993105e-01
5.198709527203416201e+02 1.364657030774515988e+03 1.759184099177361071e+00
2.392639806701107545e+02 1.422517535785580776e+03 2.196662592581403395e+00
4.542770076065646663e+02 1.435364873877078708e+03 2.274596454817035429e+00
3.502466119396647173e+02 1.439189911387443772e+03 3.469397270202072558e-01
5.124730877853128277e+02 1.515207342029737219e+03 2.971942185393540825e+00
5.266946612218113160e+02 1.642320134130204451e+03 2.549623451775330896e+00
2.296163841045859613e+02 1.649399807822929688e+03 2.946766053461508328e+00
5.179469779024002491e+02 1.358463769154980355e+03 1.645597434151620408e+00
6.887460447146202114e+02 1.393190004960110400e+03 2.472104329585876226e+00
4.517976770780971947e+02 1.433449878309861106e+03 2.296139738160089649e+00
6.714064264517808169e+02 1.470840590161768432e+03 2.122105673346489085e-01
5.096615084347160973e+02 1.514415580742539305e+03 3.017395062382735915e+00
6.395959439422626929e+02 1.549294507894600883e+03 1.886197243762729459e+00
6.001806741782221479e+02 1.622002868429423870e+03 1.817787748242126522e+00
5.289205354031869319e+02 1.641012677685613198e+03 2.739778084584317153e+00
8.075412646440894378e+02 1.373782598984077140e+03 6.176077622852277349e-01
6.894211162218407480e+02 1.396265137945734523e+03 2.415821130455721111e+00
8.287065524419933809e+02 1.431678033483481386e+03 1.892143441264721726e-01
6.695367498672422926e+02 1.471361149541761279e+03 1.915844682934655652e-01
8.422708279983658031e+02 1.515042007429417481e+03 2.755534887353583873e+00
6.387473062483694548e+02 1.548810356714435557e+03 1.887053029077744304e+00
7.473177800847988692e+02 1.546197501896276663e+03 2.591535532754890347e+00
7.109657258051198596e+02 1.582050125887503100e+03 2.178363850564501103e+00
5.974049505143747183e+02 1.622853770631299085e+03 1.760333186778350267e+00
8.076811604617540752e+02 1.373315140713132223e+03 6.221816845571085386e-01
8.271242625670505504e+02 1.431662304471052266e+03 1.337123075922783122e-01
9.287810720319994289e+02 1.482802188150967140e+03 1.969494964207239684e+00
8.394748755210093805e+02 1.514398392953239409e+03 2.745757207458685567e+00
7.465893702675804207e+02 1.546732859498496737e+03 2.557499450216846881e+00
7.090572078444588442e+02 1.583200747172342062e+03 2.228956066561988969e+00
8.874907722182658745e+02 1.596407491903116124e+03 2.925520803772985734e-01
9.303134895161533677e+02 1.644818392682346712e+03 9.725279023381967480e-01
1.040320924853497672e+03 1.397732858088545981e+03 2.736914216481527884e+00
1.145204308475210382e+03 1.441037666532269213e+03 1.040968569513031960e+00
1.028795096047981133e+03 1.445237647142098467e+03 6.058509124300593546e-02
9.279978993003230698e+02 1.482597850863079657e+03 2.017682776599206029e+00
1.168158036903907941e+03 1.488202142898581769e+03 7.163341707832278082e-01
1.029553108779733066e+03 1.519417348686725290e+03 4.325109977416471962e-01
1.138320705498306097e+03 1.585215754722574275e+03 1.387032405026910720e+00
1.049959770305080838e+03 1.575025621424254268e+03 3.137378584909733537e+00
8.863474429242342012e+02 1.597720648614975289e+03 2.554831834193888040e-01
9.294494084673845009e+02 1.642409844259984311e+03 8.420974651866719451e-01
1.164140879214407050e+03 1.648336584287011647e+03 1.040885166052320399e+00
1.026252740056204402e+03 1.634928615177833763e+03 2.061072520644756878e+00
1.036587586321346407e+03 1.405408104816526475e+03 2.907702960873379983e+00
1.143667188360117279e+03 1.441275526823729706e+03 1.028967991983152919e+00
1.312070955488991331e+03 1.439001283922104449e+03 7.242421509108667443e-01
1.029362043741904017e+03 1.444058535148990813e+03 3.103510889301855702e+00
1.166852562989785156e+03 1.488910669654588446e+03 7.383082628129121749e-01
1.026009596638133189e+03 1.520845267702412457e+03 4.016658545163018235e-01
1.232577370534898137e+03 1.519199917192562225e+03 4.513044869849098251e-01
1.291806000461780059e+03 1.561724951624697042e+03 2.307254388222224339e-01
1.136919496667502017e+03 1.584511887345110608e+03 1.384301572397396374e+00
1.049683766397757154e+03 1.574765953171251340e+03 3.102235259732145423e+00
1.229277665404567642e+03 1.631009449494543787e+03 1.912495376025368898e+00
1.159725361470367034e+03 1.647278808671724164e+03 1.150391418738764271e+00
1.284287074628302435e+03 1.654237938376091734e+03 1.154467399025239871e+00
1.457846466836743730e+03 1.349524266033937920e+03 9.557439933426573608e-01
1.308831246737863694e+03 1.439645047650587230e+03 7.115068204602578161e-01
1.497879979296330248e+03 1.465554573842228365e+03 2.015298488362251561e+00
1.393527615339473414e+03 1.491767113601215215e+03 8.480404679985407146e-01
1.230119537354143176e+03 1.518784498644022733e+03 4.709805034936773160e-01
1.289359897635738434e+03 1.561361141186336226e+03 2.253037755946021292e-01
1.370672352844367197e+03 1.596128838965780687e+03 1.305750964154699156e+00
1.225156808046970582e+03 1.625066868194566268e+03 1.900199952218483590e+00
1.281093423961624467e+03 1.654026601453399053e+03 1.204784513598067930e+00
1.413666609791293467e+03 1.641783803855518499e+03 3.997340083800974275e-01
1.458641604608875241e+03 1.347847766034621600e+03 8.514295275913329464e-01
1.535194852801953175e+03 1.385764191575523228e+03 2.065169572721508584e-01
1.582762006010514824e+03 1.436346180007046996e+03 1.159091922960149290e+00
1.495805237352814402e+03 1.465504161315767988e+03 2.048190813570446522e+00
1.628817275634630732e+03 1.474658912910793788e+03 1.385251852284259622e+00
1.391618658377989959e+03 1.492978092043245624e+03 7.463462243513631078e-01
1.534162086300786541e+03 1.579884531463020494e+03 1.607607372725476935e+00
1.368728234965422416e+03 1.595338504757829241e+03 1.161837247970216591e+00
1.592126152567570898e+03 1.600872543174458315e+03 1.545284737773172212e+00
1.647994698338811531e+03 1.603778118049399382e+03 1.620709889628932920e+00
1.410347856306269250e+03 1.640965259650633243e+03 3.468978037757008415e-01
1.534125475428679920e+03 1.384563031201929562e+03 2.602106301840925173e-01
1.702151736967106899e+03 1.409251056467902572e+03 2.900857961421610121e+00
1.581405517821289550e+03 1.437047079817390795e+03 1.116857362891521266e+00
1.627138256284785029e+03 1.475259314897238482e+03 1.326834661618057298e+00
1.766127445602925263e+03 1.492748546551103800e+03 1.260319979577630534e+00
1.688199182361687917e+03 1.513864559327071674e+03 1.495724620353949152e+00
1.531651710109598980e+03 1.581710078507321668e+03 1.546703706615816465e+00
1.794034037246222169e+03 1.591174744008516200e+03 1.703799441793229841e+00
1.589970164867518861e+03 1.600828108619617751e+03 1.437953570464808761e+00
1.645303720819120372e+03 1.606139940592021048e+03 1.670648210272779322e+00
1.715926115726989792e+03 1.607280332553808421e+03 1.533860915961250182e+00
1.850980925194027350e+03 1.384596785449662093e+03 2.485319023813364669e+00
1.703045905671280025e+03 1.409995378035906469e+03 2.935171908841253785e+00
1.764396574924910283e+03 1.492122912864646196e+03 1.271205273135209479e+00
1.822003570363396420e+03 1.495584730439732539e+03 2.168461933148595921e+00
1.687179454900483734e+03 1.512178242034327923e+03 1.461523726480909779e+00
1.973918520547465505e+03 1.490778253529378389e+03 2.717096817014481136e+00
1.916359126753491182e+03 1.516354436516694477e+03 2.008105715654115109e+00
1.791576782018688391e+03 1.589262782429071194e+03 1.565594753889579138e+00
1.714526907612477089e+03 1.608046605430354703e+03 1.486826357825057343e+00
1.851925615069424794e+03 1.387326251941805367e+03 2.504537509929977368e+00
1.972480108730099801e+03 1.490611889583370839e+03 2.677292680245189072e+00
1.915254429221994087e+03 1.517473401962673051e+03 1.967263417081543730e+00
2.304077972274984631e+02 1.641619385103661443e+03 3.060636857132277289e+00
2.935433245768488177e+02 1.777087031170827231e+03 1.191897506528994288e+00
5.119599447378267314e+02 1.510860693692550512e+03 2.879845653250034943e+00
5.290399881448961423e+02 1.639900436863067171e+03 2.671737082421603127e+00
2.272957972875385053e+02 1.641508364027137759e+03 3.020304999805757173e+00
4.473601515399229811e+02 1.763883119716195097e+03 1.239078946834477613e+00
2.919785701589987639e+02 1.777564988738842885e+03 1.172053991325542333e+00
5.091300650520679483e+02 1.512881235751597842e+03 2.960702395602402781e+00
6.410822442286134901e+02 1.547668785044466858e+03 1.904417256623488708e+00
6.003704526486591249e+02 1.621435579449334000e+03 1.875300781787278215e+00
5.276865589354334816e+02 1.639841538462141443e+03 2.701436393876648356e+00
6.053222925760660473e+02 1.717364339934683812e+03 2.319337870632513787e-02
4.455888708596307879e+02 1.765818748461167388e+03 1.204738969412517680e+00
8.433377438485524635e+02 1.511760193380349165e+03 2.652458895236417202e+00
6.393562065086704251e+02 1.548998780148402375e+03 1.934086115446402410e+00
7.476262551311174320e+02 1.546352483176916166e+03 2.595457128588773976e+00
7.110612260644879825e+02 1.581236616121521138e+03 2.199428252150694707e+00
5.995792721607616613e+02 1.621967808035076814e+03 1.853296132619860481e+00
8.264528314960994066e+02 1.665515859938638869e+03 6.040848303916624973e-01
7.187732223264900995e+02 1.676000873920254890e+03 6.718134190248068460e-01
6.043972962547186398e+02 1.716661060399374492e+03 3.116717636488873122e+00
7.202985615308803062e+02 1.779470943138711164e+03 4.500936932193912998e-01
8.391148048545012443e+02 1.512536580979487326e+03 2.697631591358053083e+00
7.495729751681742528e+02 1.547208137188250703e+03 2.579563136683777902e+00
8.865577607981954316e+02 1.594494534240104940e+03 2.393746661876698656e-01
7.103306680202597363e+02 1.584015101237857607e+03 2.176930733962528564e+00
9.299142663179695774e+02 1.642143348943228830e+03 9.209491641981171206e-01
8.247971404053027982e+02 1.665563947972715596e+03 5.908624143150278396e-01
7.153763193834174672e+02 1.676510980537787646e+03 6.326182963775806023e-01
1.003808419714438514e+03 1.687350225165912207e+03 1.884741484348840590e+00
9.857270600293152256e+02 1.765841381834271715e+03 2.471075484266139544e+00
7.196465922228549061e+02 1.780397050067138707e+03 4.450785665529337076e-01
9.201771633272401232e+02 1.803320095323675787e+03 3.058931502538468461e+00
1.029447209896680988e+03 1.516337364193849680e+03 4.371201401230773165e-01
1.137927325226398807e+03 1.582290501990657731e+03 1.347513615994849756e+00
1.049348688618189499e+03 1.572706736758180341e+03 3.098580663205786401e+00
8.835540897409848640e+02 1.594872430355542519e+03 2.227141030564948887e-01
9.281368041347398048e+02 1.641934224676403801e+03 8.426607652576755259e-01
1.160153614827473803e+03 1.644588776877278178e+03 1.139660626405991861e+00
1.024541684140886673e+03 1.635835732100893892e+03 2.188161064109747755e+00
1.001650157764552660e+03 1.688225458159037544e+03 1.953820051820193138e+00
1.104887774578749259e+03 1.745367169418729418e+03 2.028709525086795473e+00
9.863853702073311069e+02 1.766477034097042178e+03 2.633222212902892601e+00
1.090900015470762582e+03 1.795148006503453416e+03 3.038563278420308489e+00
9.172467235974752384e+02 1.801624033707154013e+03 1.174556314304296776e-03
1.231034280349277878e+03 1.516636132884293147e+03 3.940269768585934473e-01
1.136245828787071105e+03 1.582949903806309749e+03 1.359545346314790182e+00
1.288942789016067309e+03 1.559443553868062963e+03 2.377750903036025265e-01
1.048246610142210102e+03 1.574312050512530504e+03 3.091268622931762966e+00
1.229639752881443428e+03 1.629872807592212212e+03 1.897495312299625203e+00
1.276198297952087387e+03 1.656168751888615589e+03 1.094122800846053067e+00
1.158812092048624436e+03 1.644058218659878548e+03 1.137350001096788965e+00
1.310810618049816640e+03 1.712699209553867149e+03 1.102308522123246037e+00
1.219222818822877116e+03 1.719159970844262944e+03 2.443457072883576497e+00
1.103038440837423877e+03 1.745315278987975717e+03 2.021918822895258927e+00
1.213926541318022373e+03 1.785343647780938682e+03 1.393539371886305944e-01
1.085985604970357372e+03 1.793528099761695330e+03 2.390186714164166837e+00
1.229954830690821154e+03 1.515359759534873319e+03 4.624296356262981300e-01
1.289253074134013104e+03 1.560081044559922020e+03 2.310514966792854008e-01
1.370543182152435065e+03 1.595149534486444963e+03 1.313657601849024026e+00
1.227751483124141487e+03 1.628746331075924445e+03 1.931612813505686255e+00
1.275348662573472893e+03 1.656217362253667034e+03 1.115946664856616533e+00
1.410028548151138693e+03 1.638829441927508014e+03 3.378109346048105976e-01
1.486403106107431540e+03 1.671166434081890657e+03 1.709266719300946091e+00
1.309380059219505029e+03 1.712500877084742115e+03 1.129235685020570479e+00
1.217045062873145071e+03 1.718981771279633676e+03 2.450222616817969712e+00
1.393131004961718190e+03 1.719362491342217709e+03 5.608103358815531569e-01
1.212195023182941668e+03 1.785059299492944774e+03 2.554065542800551536e-01
1.373216005681722436e+03 1.774986422294066642e+03 6.825185976324636972e-01
1.422431535052734944e+03 1.805831568682953730e+03 1.284391358627517743e+00
1.534472725244790809e+03 1.578329746237610834e+03 1.580849012963642997e+00
1.368314315458849023e+03 1.593736932905234426e+03 1.231172164190690310e+00
1.592166610255996147e+03 1.598790479713980858e+03 1.469784973158266173e+00
1.649633038603993782e+03 1.604913712679534228e+03 1.663063055000301382e+00
1.408131733390544241e+03 1.639090286658085915e+03 3.293834819754197785e-01
1.485211898828726135e+03 1.668623715284625405e+03 1.685713768986251138e+00
1.391057307366072564e+03 1.724884874629929527e+03 4.755821565598561396e-01
1.635564139450952553e+03 1.741294504092318448e+03 1.809503920345758798e+00
1.544423433393501227e+03 1.752463321841845300e+03 7.991447878972298691e-01
1.420047791224520552e+03 1.802317857041209891e+03 1.160635529651054876e+00
1.600838969737599655e+03 1.819226878586952125e+03 2.776136831988346820e+00
1.687165481826430096e+03 1.517248801947342827e+03 1.422458835888475992e+00
1.530770216132732230e+03 1.578096799818019235e+03 1.574297211153754317e+00
1.793857386064998536e+03 1.587864260654579539e+03 1.623628626623128124e+00
1.589338548621274867e+03 1.599846142264473883e+03 1.438295614850338966e+00
1.645480947424495980e+03 1.605729963798394238e+03 1.661725799230870049e+00
1.715668346562666329e+03 1.606499822093041757e+03 1.523739875026258739e+00
1.716751993225427896e+03 1.718641292329720955e+03 2.672770235960858276e+00
1.632291650739142142e+03 1.740369013948715065e+03 1.751331192629432598e+00
1.541949784387652699e+03 1.754091228669913562e+03 7.294334241759328208e-01
1.693314035519211757e+03 1.766753154898042794e+03 2.033550289831902447e+00
1.600083156659056385e+03 1.821339225576531589e+03 2.843944245055116227e+00
1.918228709109291231e+03 1.518711629000684070e+03 2.106181909697231625e+00
1.683265302932439681e+03 1.522727060351671753e+03 1.081357619244043722e+00
1.792108593092966657e+03 1.589980020039621422e+03 1.598530410986910510e+00
1.716283653096221997e+03 1.607594821632513231e+03 1.496728234111817102e+00
1.717606152728464622e+03 1.716580523879232715e+03 2.643937643368771795e+00
1.692376403324785542e+03 1.768847677040516828e+03 2.101549046390235098e+00
1.916038131361831802e+03 1.520310030849713257e+03 1.996137047721940672e+00
2.936899965894907609e+02 1.776210731690810690e+03 1.194571367103616222e+00
1.581936815349000653e+02 1.947439905454022664e+03 2.906146730343280193e+00
4.481201388412551978e+02 1.762975178032830399e+03 1.230452078894258117e+00
2.923624874952081427e+02 1.776544705252584436e+03 1.168670822871299420e+00
6.041808139327126810e+02 1.717637409534989047e+03 1.793003683815027054e-04
4.459302468344922090e+02 1.764447309502354301e+03 1.263017369604574336e+00
7.184384579395350556e+02 1.674918717992568872e+03 7.437710728951424377e-01
8.233351600130313273e+02 1.666364498393161057e+03 7.590466438570014907e-01
6.025722881813634331e+02 1.716349269250796397e+03 3.090377621955765264e+00
7.199214513488228704e+02 1.779543975080112887e+03 4.594594492600309055e-01
7.187835626831174523e+02 1.671783451936024449e+03 7.879057562695791495e-01
1.002791717742458331e+03 1.694492820785519143e+03 2.046936673835991538e+00
9.872635385792152647e+02 1.766557320079062038e+03 2.464407951941886665e+00
7.175511608471591671e+02 1.779714881581291138e+03 4.979564095469385943e-01
9.189446795720689352e+02 1.800918753457384128e+03 1.073743926983547134e-02
9.112785194130124182e+02 1.922631784423760109e+03 3.005314987361066947e+00
1.001087034248049122e+03 1.688153316583190644e+03 1.944962639095603407e+00
1.104201135619483466e+03 1.744502949931554213e+03 1.995813710023450982e+00
9.866202870911713489e+02 1.767205940530242970e+03 1.983194635706470865e-01
1.088758605014328396e+03 1.793747811363588653e+03 3.051949234070224115e+00
9.159150131005449111e+02 1.799849193722484870e+03 1.748897061752986704e-02
1.094683350044623694e+03 1.866412438466605408e+03 2.993579341168266517e-01
9.048721372361749218e+02 1.922324961681591958e+03 3.075152426674525596e+00
1.143275109999012329e+03 1.947130911245118114e+03 1.172811041847499736e+00
1.077898353269947393e+03 1.933086942327120596e+03 8.010300496969244843e-01
1.308446377592240651e+03 1.713463105605482497e+03 1.026675657673692399e+00
1.218886475793006184e+03 1.718058176280057751e+03 2.471539820120944420e+00
1.102305214760412127e+03 1.745141362774292929e+03 2.043913387941254101e+00
1.212975868349749817e+03 1.784005940315136741e+03 1.408077430003208952e-01
1.088355301331307373e+03 1.793369435026533893e+03 3.116241203815428573e+00
1.221755957841624650e+03 1.838387176015746263e+03 3.285025809816854436e-01
1.094223549814943908e+03 1.866819468116775624e+03 2.581690270080329030e-01
1.274179425229621984e+03 1.907697093895727903e+03 1.649159418533683974e+00
1.216036779326363558e+03 1.926872349379884326e+03 1.724294241524949811e+00
1.078226213876993597e+03 1.931151771233481668e+03 7.960313524697423260e-01
1.139348289119930541e+03 1.946666384551868759e+03 1.134594291053256265e+00
1.486536352938278924e+03 1.681301755839548150e+03 1.970618742184430117e+00
1.308810656287126903e+03 1.712216172678030944e+03 1.089722031970747906e+00
1.217910829376232414e+03 1.720265389743562082e+03 2.402282467864202520e+00
1.382602658695587252e+03 1.744716936186190424e+03 1.413032501840532973e+00
1.210999735890784905e+03 1.783840408177620702e+03 1.369950653572011567e-01
1.424186525147037401e+03 1.806772126607743758e+03 1.221744636121504302e+00
1.221190732153359477e+03 1.839470241151072514e+03 2.891149449891727286e-01
1.274220934066398286e+03 1.907891761335139563e+03 1.655599873311580206e+00
1.213011026509039993e+03 1.927317390397628515e+03 1.794335666317154798e+00
1.483985089493818123e+03 1.670438213005129228e+03 1.721063197191238014e+00
1.391173768697818559e+03 1.717530796278497064e+03 4.903836881930555003e-01
1.634135357750364619e+03 1.739047749744389421e+03 1.727003888419032851e+00
1.543312926996902434e+03 1.752878308911684144e+03 8.455967450726851187e-01
1.422950445190586152e+03 1.806766280755290154e+03 1.265263638782245126e+00
1.371002249546993426e+03 1.771883860055909054e+03 7.823828488537691861e-01
1.601574746325360593e+03 1.818331785950250378e+03 2.718771740986332119e+00
1.507776817988026778e+03 1.855149767512380549e+03 6.674487783975077138e-01
1.606983565285699569e+03 1.901483228003146451e+03 6.647818834125278631e-01
1.718055920348920608e+03 1.715477982467353513e+03 2.514778336338502118e+00
1.632150992114144856e+03 1.737905739833087637e+03 1.717434901384492951e+00
1.543416636601716391e+03 1.752020872833307067e+03 8.474981918197354025e-01
1.694245879280686495e+03 1.765468560054489217e+03 1.950426147860205628e+00
1.600519939732300827e+03 1.817864228948064920e+03 2.751981076270042070e+00
1.506244195563704125e+03 1.855707420705331288e+03 6.473699924839687592e-01
1.606427763767008628e+03 1.901248229650274425e+03 6.674592835182140416e-01
1.718248390994828924e+03 1.719892171134773889e+03 2.732721094372820403e+00
1.695159009843180911e+03 1.771001931042843808e+03 1.980578081387267320e+00
1.589906224092466118e+02 1.946841781515229286e+03 2.909643519972539227e+00
9.101836370077892298e+02 1.921218340342344163e+03 3.124409405840191223e+00
1.093553062223729285e+03 1.866936754829456049e+03 2.230055987115641680e-01
9.091622335622480477e+02 1.922207077836757890e+03 3.014661471062323184e+00
1.077925605164217814e+03 1.932744177202573155e+03 7.786774252788670747e-01
1.142847595324116810e+03 1.945018221628075480e+03 1.231372027723572238e+00
1.148458020308448113e+03 2.029073705010178401e+03 1.126325029448100423e+00
1.224472012913952767e+03 1.834970479495667178e+03 3.320338933162927386e-01
1.094047013164637974e+03 1.864047102261728696e+03 2.003837713310185897e-01
1.276234646262566912e+03 1.905872188830011510e+03 1.688454324883466917e+00
1.216548675845793241e+03 1.926791685846525070e+03 1.748656768178188603e+00
1.141744560678992002e+03 1.945200536816961176e+03 1.155159481987345194e+00
1.077412630366874737e+03 1.932688328066011763e+03 7.087643160175326473e-01
1.149050618452716435e+03 2.028390387744286727e+03 1.048319686824221719e+00
1.223142782085726139e+03 1.834072549912764771e+03 4.599198952870252599e-01
1.275717651814182318e+03 1.906682983371370938e+03 1.682844294299063348e+00
1.214486180737867699e+03 1.927055356481032049e+03 1.730918637561353668e+00
1.506742712556271726e+03 1.855235306894889163e+03 7.504275979457712964e-01
1.606083531465208125e+03 1.901839651314727689e+03 7.032138960856806342e-01
1.506306141602706930e+03 1.852748618889374711e+03 8.375751235551402996e-01
1.605106445433963017e+03 1.901705429686198386e+03 7.451341540143393560e-01
1.144539692568360124e+03 2.033739825056896279e+03 1.149197994942769752e+00
1.148405933074190898e+03 2.028052485199572857e+03 1.087903781089045063e+00
