1.509079060397305511e+03 1.886929750111091266e+02 2.192927277641432138e+00
1.623325513435146149e+03 2.800856315302140729e+02 3.055567814945113980e+00
1.509375210282087664e+03 3.785085600704404669e+02 3.031313442213603437e+00
1.507933453642682480e+03 1.891505398108084819e+02 2.226953070261475709e+00
1.678240732212362445e+03 2.359669588294851792e+02 1.864705472870876735e-01
1.622306446966009617e+03 2.805743011708928520e+02 2.985327723598764749e+00
1.754978618532088376e+03 3.432358353762382421e+02 2.854207405327068514e+00
1.680126973350764501e+03 2.355713429392548619e+02 1.479572770201758591e-01
1.753894002659389798e+03 3.424836955455498924e+02 2.829628259014377534e+00
1.333708970600544035e+03 5.107089933203567398e+02 9.932797012801386494e-01
1.246614066029646892e+03 5.341680920010437603e+02 1.045646318441733058e+00
1.346397179120624969e+03 4.257957272432486207e+02 1.190761039801900623e+00
1.440575595738333050e+03 4.575915706011242037e+02 7.618682665067302295e-01
1.336239601574979815e+03 5.060307759459712997e+02 1.008276033574211139e+00
1.245772113805696108e+03 5.352609954370279866e+02 1.017833878601131170e+00
1.623523970246576255e+03 2.787258108758796880e+02 2.924019932631756191e+00
1.509914259666320504e+03 3.748388050069395376e+02 2.907883166632687200e+00
1.644613419160305057e+03 4.556636374835069319e+02 1.327224163320486205e+00
1.439624215314087223e+03 4.583746936963195822e+02 8.223702564013535277e-01
1.523253469612933941e+03 5.089322284303127617e+02 2.989239434515139626e-01
1.679003038412550040e+03 2.329054293869327807e+02 8.991777752140932278e-02
1.621949101691242504e+03 2.788554075631071782e+02 2.909254063977891214e+00
1.754105893667176588e+03 3.410261785376745252e+02 2.753682128662350959e+00
1.509782939943516340e+03 3.747349046503336467e+02 2.917463419077312548e+00
1.642399308554435493e+03 4.545244314772835423e+02 1.277506004735182055e+00
1.695819319993421232e+03 4.956940967197906502e+02 8.104567062464752558e-01
1.525072193970684793e+03 5.111846746125645495e+02 4.189150731965172181e-01
1.775834109687380078e+03 5.171222269327770391e+02 6.012132302838072428e-01
1.682018823272214604e+03 2.298961130170860088e+02 5.771483739621188942e-03
1.752145748316401068e+03 3.397783170691516261e+02 2.757256281404782072e+00
1.971851985169148065e+03 4.400446871925139476e+02 2.614759564583681861e+00
1.823844083216093395e+03 4.449448601183305527e+02 3.026503563526745655e+00
1.696782970415405543e+03 4.932309774232942345e+02 8.253997619021368193e-01
1.948039230276909166e+03 4.926676002180411160e+02 2.790404375256932301e+00
1.773577607815971078e+03 5.152558710211364996e+02 6.536673310685104932e-01
1.855847550939180337e+03 5.333287570765535293e+02 8.088822010047671540e-01
1.971495523954144119e+03 4.392678576121770675e+02 2.712295130963238154e+00
2.089232405874612596e+03 5.015116285877045357e+02 2.621312813447579604e+00
1.948746641770626866e+03 4.949409794852354025e+02 2.798950559347618050e+00
1.857753737590551964e+03 5.297508737691593979e+02 8.049242714634492479e-01
2.051571558298369382e+03 5.297338846034379003e+02 2.594799649162070398e+00
2.089906913464434638e+03 4.992714696497698696e+02 2.884824948795060795e+00
2.180222327737826618e+03 5.094695445261368150e+02 2.598485163169232948e+00
2.049795172345584433e+03 5.315531901330692790e+02 2.674414197388965242e+00
1.016386117190118057e+03 6.303179864531153953e+02 2.235654625274132723e+00
1.017951168930873791e+03 6.379752479549135842e+02 2.209748695961098353e+00
1.337187973058701800e+03 5.051338682007972238e+02 1.032788053486441981e+00
1.245923115511589913e+03 5.353642983993022426e+02 1.013792652599449173e+00
1.346227540424227755e+03 4.262241127312768185e+02 1.199597239389792458e+00
1.440625846056186219e+03 4.576121037676057313e+02 7.159752722541555814e-01
1.336095829184745526e+03 5.058407564664668143e+02 9.752609605684676719e-01
1.244537527422403173e+03 5.369215817424719717e+02 9.730008772667507744e-01
1.439917056639206749e+03 5.814975735325623418e+02 6.066612672863043176e-01
1.501651667074745092e+03 6.250535725786770627e+02 1.714959844795245436e+00
1.353609058636815234e+03 6.646639585335882430e+02 1.697200758693123035e+00
1.643103896549002911e+03 4.539573468007696420e+02 1.351125849617091257e+00
1.439771588352509980e+03 4.575066339644774871e+02 7.985862266847292279e-01
1.523121255175900160e+03 5.093616287335440802e+02 2.258516619719952712e-01
1.579774298276441641e+03 5.515175297391573395e+02 5.561701623767522085e-01
1.439127823478563869e+03 5.816754671992337080e+02 6.773925969447924800e-01
1.498871472191887051e+03 6.240319061999556425e+02 1.715089730688740266e+00
1.599579368163941126e+03 6.048155718184395937e+02 2.214601840584092540e-01
1.351030188753728225e+03 6.592600297045477191e+02 1.789921626597142268e+00
1.590572334902741886e+03 6.674047320619405355e+02 2.973944513984535298e+00
1.642483199971717340e+03 4.533622031231138862e+02 1.303332361858650312e+00
1.694936780401924580e+03 4.955941405939267952e+02 8.224427708744812549e-01
1.521538378305347351e+03 5.090407231894722599e+02 2.275634204849443232e-01
1.776487918302812886e+03 5.144207067908530462e+02 5.504382808280400274e-01
1.578246659207967014e+03 5.516029927939611071e+02 5.873100819183966204e-01
1.676094445529247423e+03 5.680232029370631608e+02 3.190968576893378483e-02
1.599024914012197314e+03 6.051655920610231760e+02 2.244150138200567135e-01
1.817295330911361361e+03 6.250338221031524881e+02 2.220968180864335562e+00
1.713293494845283931e+03 6.274213743607775768e+02 3.477133356867376929e-02
1.586478513587352609e+03 6.665160565997477988e+02 3.057094725745015396e+00
1.723699669232555152e+03 6.774956452845431158e+02 1.170683412225143272e+00
1.972720714802617749e+03 4.397623734466275209e+02 2.513670293632531472e+00
1.823248752814179397e+03 4.456647744912346525e+02 3.006923058515429847e+00
1.694893878957705965e+03 4.956227844463712700e+02 8.570296276141203817e-01
1.951803585250973356e+03 4.940427991949014768e+02 2.738808143297068121e+00
1.775878333397541383e+03 5.145411542519943850e+02 6.254155371653686846e-01
1.856470426206748016e+03 5.324048380581479023e+02 7.447269477120701531e-01
1.942467581724296906e+03 5.671463634834834693e+02 1.618882027828579817e-01
1.675008729152671549e+03 5.676547242589451798e+02 9.429477772440869598e-02
1.881234689227696435e+03 6.073731584330679425e+02 2.635454502832812018e+00
1.815197721081377267e+03 6.262047569262892921e+02 2.107276558678091938e+00
1.711507117961758695e+03 6.303846978945094861e+02 1.277030768513151004e-01
1.722980244261491180e+03 6.770456442008749036e+02 1.658127488009884798e-01
1.956325249275062561e+03 6.903963057787641446e+02 2.851383649862791358e+00
1.971721807835134314e+03 4.409055082243353354e+02 2.656334947638856026e+00
1.948408254911553740e+03 4.943823509697602958e+02 2.767634740390008119e+00
2.090939004586829469e+03 4.997624841136483838e+02 2.838555797135624559e+00
1.855336813919815313e+03 5.320195586018851373e+02 7.714457802706656819e-01
2.052783965128243835e+03 5.293098817586995892e+02 2.421759223814281992e+00
1.940917988528941805e+03 5.673366670714934799e+02 2.653632046701441816e-01
1.880614879432616362e+03 6.081211891722209657e+02 2.681151407109372276e+00
1.987018862671008264e+03 6.319271273996921536e+02 2.944872704616122050e+00
2.125547776146347132e+03 6.598898060862611601e+02 2.232523933813004291e+00
1.955484547502218902e+03 6.907238014438073606e+02 2.944553104078896588e+00
2.090317630652605658e+03 4.984136401611143583e+02 2.877467370625576670e+00
2.180220252238941157e+03 5.104970098752393142e+02 2.549221526606160637e+00
2.051090341266926316e+03 5.314380262683017691e+02 2.516761014705053423e+00
2.157925469992538183e+03 5.813619599483665752e+02 2.481158182272149126e+00
1.988297508861617189e+03 6.342970911643524232e+02 3.825756619840077477e-02
2.124801552137968883e+03 6.598107042167164309e+02 2.278802583914402824e+00
2.335544056114180194e+02 7.363465129055040279e+02 1.590447323679056835e+00
1.232341201395292387e+02 7.494958623953225469e+02 1.820947234769433098e+00
2.321488740364766841e+02 7.358740946125974460e+02 1.646564105178150550e+00
8.342179191761219954e+02 8.506805740260450648e+02 1.342049154621884455e+00
1.020047015302950513e+03 6.343184610490038722e+02 2.234441752638163692e+00
8.698632889383793554e+02 7.510411715077502777e+02 2.141466043992813262e+00
8.345171637147433330e+02 8.574098519762229671e+02 1.431355933146432502e+00
1.017868639028138659e+03 6.357053730478269244e+02 2.189975554930047252e+00
8.664854522261950933e+02 7.521156833532560313e+02 2.145566544201397807e+00
1.210475930789265703e+03 7.235948165245036989e+02 5.444636266806348601e-01
1.295673358177800310e+03 7.872943825433669645e+02 1.072465901383973463e+00
1.193651502735233180e+03 7.985357226761598213e+02 4.898899807507503534e-01
1.325215996083293248e+03 8.541913685599076871e+02 1.146275290721665341e+00
1.440446679690370274e+03 5.795817577252707906e+02 6.747802668327684827e-01
1.501222788804735501e+03 6.240674694634562911e+02 1.725061585770716555e+00
1.353623159183766802e+03 6.626330268722733763e+02 1.656098059331033268e+00
1.467973342545029936e+03 7.144339783046842740e+02 2.840540581530689224e+00
1.208797797476052210e+03 7.242157262613377497e+02 5.458714566359037512e-01
1.295241195926514365e+03 7.871888141837943067e+02 1.029501666556879913e+00
1.194179284081963260e+03 7.971116623266193528e+02 3.903388347739773501e-01
1.423659360203183724e+03 8.184169492480497183e+02 1.681820067195988755e-01
1.320399849090337511e+03 8.557715010293920841e+02 1.263443322380892075e+00
1.580112876651266333e+03 5.471647879414199451e+02 5.482210727298888475e-01
1.439816954170520603e+03 5.799297256614655680e+02 7.071082440322321583e-01
1.499105706763684111e+03 6.224635535013048866e+02 1.686890378697657455e+00
1.600482843271934144e+03 6.028324923849193056e+02 2.359758839323750079e-01
1.349531441439677337e+03 6.615399808927149934e+02 1.651575451278275208e+00
1.589839096106159104e+03 6.641570166415392578e+02 3.083840644594532332e+00
1.466378128029646405e+03 7.145370161741677748e+02 2.852644565434802715e+00
1.572039400868626217e+03 7.133760354828571053e+02 3.095999455000952416e+00
1.557101752963711078e+03 7.771955906370676530e+02 7.027682115212572356e-01
1.618418970517189791e+03 8.152883181215969444e+02 1.573215892699941332e+00
1.419179899701071463e+03 8.195617659618370681e+02 2.691665040124171515e-01
1.575157219100240127e+03 5.470779033794314046e+02 5.687320948472008864e-01
1.675748437535202356e+03 5.662614281978139843e+02 3.516618506176703157e-02
1.598453903551814392e+03 6.037168265996148193e+02 2.528918276740551585e-01
1.817821827620328349e+03 6.249890516765831308e+02 2.228882285214939252e+00
1.712709376122148569e+03 6.259457611286621841e+02 5.012655039274156038e-02
1.586786204164010314e+03 6.642858735628362865e+02 3.122675312316671281e+00
1.723532102950681065e+03 6.737252287437822815e+02 2.675972750534857947e-01
1.570839487615712642e+03 7.129672864568302657e+02 3.075485782764264098e+00
1.806001142687795436e+03 7.553701102522286419e+02 2.208379151250304151e+00
1.680160386653553132e+03 7.788128163646738358e+02 1.323881217891693884e+00
1.759399741955641502e+03 7.641504678521998812e+02 2.185949603244452533e+00
1.555353999779079686e+03 7.773966903506537847e+02 7.066850076348175635e-01
1.615667713856667206e+03 8.128969813488174623e+02 1.528645154597135347e+00
1.759363920916789084e+03 8.393837412001721532e+02 2.150614175535709549e+00
1.942507425891600633e+03 5.651211564416319106e+02 1.978433260918853742e-01
1.681205282201929776e+03 5.673866575343226941e+02 4.067755307191392999e-01
1.881218952477943731e+03 6.063974011996122044e+02 2.709751713141227203e+00
1.815242170782805715e+03 6.257752859867067627e+02 2.103215409527559032e+00
1.710283951256582668e+03 6.270190759912097747e+02 1.806252816587391452e-01
1.722267125608906326e+03 6.755897693633572771e+02 3.320744016697810830e-01
1.958102742903914077e+03 6.873193443493660197e+02 2.921099100099055157e+00
1.859210668697553956e+03 7.151561298644136286e+02 3.088336635214669279e+00
1.805109813442713175e+03 7.553298075832784662e+02 2.157497725237658148e+00
1.678704069123955833e+03 7.785321810610462308e+02 1.317931278505840131e+00
1.755289275694377011e+03 7.671319512145279305e+02 2.169631248816766611e+00
1.895872135223676196e+03 8.003570105952909444e+02 2.333854053652293370e+00
1.757547433369106329e+03 8.444714357572281642e+02 2.239923878870343277e+00
1.941582820334566804e+03 5.656022036372232833e+02 2.671954690819932643e-01
1.881623135714024329e+03 6.082324362878219972e+02 2.691118147614647516e+00
1.988859783264194903e+03 6.314849639925751035e+02 2.985420029814040532e+00
2.128534526566358636e+03 6.614477475911173769e+02 2.268718605317606052e+00
1.956927852635860290e+03 6.880181922489239241e+02 2.942670673129002878e+00
1.860350289062038200e+03 7.147468353603337619e+02 3.109765671768175199e+00
1.896151513626892211e+03 8.004116855451106858e+02 2.288742085307618357e+00
2.158685284764143489e+03 5.824463108073655349e+02 2.522713502985808987e+00
1.990163099111094198e+03 6.326358532421346581e+02 3.095042536272575528e+00
2.125309117696409885e+03 6.601227466628088223e+02 2.332166583884401678e+00
2.339862346943557441e+02 7.345132441170344464e+02 1.620327815195263810e+00
1.226147436533613018e+02 7.452978032826887329e+02 1.862081088809285134e+00
3.136423470052016000e+02 9.937469177043456057e+02 1.311416463870632709e+00
2.300681611091317791e+02 7.340928371980670590e+02 1.603038470516722880e+00
3.121128497867763940e+02 9.903069603028311576e+02 1.307323314676248627e+00
5.000989183345595848e+02 9.893369335042150396e+02 2.614715835515707631e+00
4.979967886288208092e+02 9.890561400164774568e+02 2.608019033889803495e+00
8.342371868962407007e+02 8.584556628257627153e+02 1.454658215947292277e+00
8.701903897677561872e+02 7.511387573624126617e+02 2.158851977088516616e+00
8.337143356606145517e+02 8.577821131409023110e+02 1.427452769738518645e+00
8.854528526666395010e+02 8.888497318837698913e+02 1.213973078120946347e+00
9.017757928262803944e+02 9.807947115290348847e+02 5.808510751196690469e-01
8.683626150299858182e+02 7.529514362654039132e+02 2.209983246608850926e+00
8.829112117807992490e+02 8.884680923363878264e+02 1.210337737544826320e+00
1.082621517756535241e+03 9.261302615644674461e+02 1.868183117922491476e+00
1.139098506480788956e+03 9.266349209287413942e+02 1.608993387450905255e+00
9.013276219823721931e+02 9.804960527613900467e+02 5.687210689781388995e-01
1.025511159359897874e+03 1.013408675257295499e+03 8.693982297726862152e-01
1.211158183339877951e+03 7.221417333071351550e+02 1.267231009469158565e+00
1.295738570751991801e+03 7.857145843023643010e+02 9.845860691937360354e-01
1.193646473770540069e+03 7.970964280687155679e+02 4.594025997360074998e-01
1.321592654642879779e+03 8.518931793955874809e+02 1.253074622748801659e+00
1.206458021843732240e+03 8.905403101682315992e+02 1.165580505973405234e+00
1.080946682831609223e+03 9.260505258715297714e+02 1.897229015754379855e+00
1.136230514136750799e+03 9.275528628146407755e+02 1.642840114549739328e+00
1.308004229599474229e+03 9.689075771317970975e+02 2.976588972564110147e+00
1.186329491550404782e+03 1.018244930051220763e+03 2.496331170485272644e+00
1.469081676524836666e+03 7.112351198032989714e+02 2.790921447248762455e+00
1.208696576558372044e+03 7.207094075801982171e+02 6.395169205572673876e-01
1.295705813041475722e+03 7.861265694266380706e+02 1.072441820338373653e+00
1.192479627170715275e+03 7.957911785664873605e+02 4.998544717164625784e-01
1.424333115330253122e+03 8.164932603336394550e+02 1.836097965419137279e-01
1.320533883685493947e+03 8.524300208230679345e+02 1.311191534270577552e+00
1.382739057178307348e+03 8.725377195000219217e+02 6.933149664650224420e-01
1.205059631865987058e+03 8.914869643487991198e+02 1.202440665027963540e+00
1.431140631298713288e+03 9.307279935737840333e+02 3.043068497154004071e+00
1.309643019064581040e+03 9.684391844869048782e+02 2.986595322155532806e+00
1.465159954170193259e+03 7.117615612966778826e+02 2.853548417649148128e+00
1.570718007576962236e+03 7.104452943973054744e+02 3.126885272681972250e+00
1.556531708103889287e+03 7.766119176304601979e+02 7.179503928092231257e-01
1.616719688533222325e+03 8.121346151322347851e+02 1.538280714747957356e+00
1.420737110494375656e+03 8.174032235652573490e+02 2.601610657078509692e-01
1.379208934725400013e+03 8.750336427585348247e+02 6.368888989706490422e-01
1.530256531898297226e+03 8.728549190220066976e+02 3.080923328025076735e+00
1.639123619388297811e+03 9.171298392769217571e+02 1.819298975922954753e+00
1.427372824814454134e+03 9.309122030445432756e+02 3.076690921193045103e+00
1.553649072468727809e+03 9.756929017163006392e+02 1.081660726887102131e+00
1.607058841341158313e+03 9.997076561794929148e+02 1.785569377928309942e+00
1.572029795566633766e+03 7.174958818256592394e+02 2.949772237397739971e+00
1.808645116801395943e+03 7.534296369198617640e+02 2.276598573495388855e+00
1.680179346996678532e+03 7.776123470389061367e+02 1.301742003483501220e+00
1.758557563022261093e+03 7.673838216223534801e+02 2.332586398968226948e+00
1.555535194995213715e+03 7.756076810199963347e+02 6.547768530097686224e-01
1.615563193719558512e+03 8.118665605103193457e+02 1.491243625693963404e+00
1.760096742138548734e+03 8.420041320641007587e+02 2.585711184454122069e+00
1.710000650501466453e+03 8.702427761433325486e+02 2.983356126258869256e+00
1.530062178917890833e+03 8.732307703796254827e+02 3.109144844306945377e+00
1.636707711567339857e+03 9.153673647820787664e+02 1.749222667246789653e+00
1.695568005513932121e+03 9.559986442437505048e+02 2.024838066153068716e+00
1.552159814736114868e+03 9.769617987894773705e+02 1.030545139983538139e+00
1.604658022096985860e+03 1.002536115725745731e+03 1.731223368043379507e+00
1.864915101584571858e+03 7.112977870372300231e+02 3.125477282822125336e+00
1.807471029886321276e+03 7.540139818771804130e+02 2.206118479364572504e+00
1.679302598961700369e+03 7.783247378111007038e+02 1.280684019175377442e+00
1.754059723179238063e+03 7.668255269008240020e+02 2.170791630600516608e+00
1.897066340129651053e+03 7.993966836772806346e+02 2.384565574539335930e+00
1.760722018723020938e+03 8.421343999959698294e+02 2.592591121434453250e+00
1.709160271366413554e+03 8.702365970175660550e+02 2.992987291785591975e+00
1.693774809993183453e+03 9.568422619814575683e+02 1.931620106049038776e+00
1.867998274350762586e+03 7.148595586695572592e+02 7.189212198296272838e-02
1.895930264548264859e+03 8.007956573063362384e+02 2.414156978205368453e+00
3.131319292533183329e+02 9.901200870950954140e+02 1.341317061021460422e+00
2.283231862471618570e+02 1.068683025729651035e+03 1.027313591209286781e+00
8.318863587938679416e+01 1.087274132612998756e+03 1.486168466384466091e+00
1.245592528123079887e+02 1.158046477674221933e+03 9.697216204148531027e-01
3.118803503465949234e+02 9.901062372077828968e+02 1.307164566111733928e+00
4.999736965281854282e+02 9.887739874983462869e+02 2.552393866483448015e+00
4.977805251862632758e+02 9.883943943346923788e+02 2.479537741801434603e+00
6.150780942517658332e+02 1.061561937242277054e+03 3.490064451382723920e-02
8.315135352238598898e+02 8.666348504776588015e+02 1.377520589551764374e+00
6.128203910835002262e+02 1.061792737874887735e+03 3.133811900299060760e+00
7.237753256001544742e+02 1.114372299620958074e+03 2.882708002681076298e+00
8.845765471543204512e+02 8.861872281505382034e+02 1.297226152541515409e+00
9.014919368432181273e+02 9.800575544451019141e+02 5.877959901865215109e-01
1.006473258536253297e+03 1.104313781558108985e+03 1.223360957291439233e+00
7.197306049758332165e+02 1.114469970649668767e+03 2.895982703708934292e+00
8.799899254029905933e+02 8.857501042339431478e+02 1.256637627102063837e+00
1.082206652264273089e+03 9.250509853012313215e+02 1.876894685301823129e+00
1.139086643965495568e+03 9.246511591412281632e+02 1.608814960525151827e+00
9.012833275487378160e+02 9.801107122442442687e+02 5.660405183598433698e-01
1.024989136882379853e+03 1.013147550997731059e+03 8.711493607619695823e-01
1.005125303467096728e+03 1.103194756468167498e+03 1.181251039931268565e+00
1.057128258058249003e+03 1.127337250628857873e+03 4.141360436629811237e-01
1.207868325954392276e+03 8.878854747772329574e+02 1.130934358332561729e+00
1.080750369386928242e+03 9.236804871696640475e+02 1.885387768237661632e+00
1.137082962023608616e+03 9.255554438896031115e+02 1.611508603948228924e+00
1.311791907011635885e+03 9.676088001710368189e+02 3.015882652883080439e+00
1.186474193400810464e+03 1.017536512187525886e+03 1.634729500455899487e+00
1.262098382510914689e+03 1.062137976899535488e+03 1.314267740601445578e+00
1.312805576068220944e+03 1.085281211397856396e+03 9.455208009183172502e-01
1.057892438196886360e+03 1.127053744274731571e+03 4.087315142224474673e-01
1.202814468506740923e+03 8.893486000227478598e+02 1.053018027506265719e+00
1.382174998271054392e+03 8.721223449416797848e+02 6.024870487438135358e-01
1.430675127574959106e+03 9.297787955829323892e+02 3.118126960974973549e+00
1.309266374964663555e+03 9.674115664870450928e+02 3.052369385247858169e+00
1.260103291409046051e+03 1.062479812240834008e+03 1.302605959412636460e+00
1.308676377500899662e+03 1.085936776377195883e+03 9.499610821872654931e-01
1.373819344216660738e+03 1.128058786079488755e+03 1.716391820500347221e+00
1.500923781700502332e+03 1.128497456771133557e+03 2.332365232842010805e+00
1.381449176562831781e+03 8.697304225811155902e+02 6.243219020393759866e-01
1.532979804577657887e+03 8.700437662583476595e+02 4.273330766824402077e-02
1.638405746413366387e+03 9.165961891795404881e+02 1.790300112809862787e+00
1.428847349694202876e+03 9.302853690374890903e+02 2.486135020023674119e-03
1.554380126118132694e+03 9.726865848041859408e+02 9.956604460353979391e-01
1.607013974622635487e+03 9.990198822983502396e+02 1.728070245569930163e+00
1.371400988756738570e+03 1.125545509978295968e+03 1.702288106756778108e+00
1.610295397630512070e+03 1.134086477544399031e+03 1.321328818385384851e+00
1.502559241328538747e+03 1.131780880013708611e+03 2.361458533617855515e+00
1.538272493024910773e+03 8.729034267355220891e+02 6.361102100910379087e-02
1.711365007728328465e+03 8.672540055959188976e+02 3.004484047997967533e+00
1.636503068407047749e+03 9.138101923254430403e+02 1.766529076782007879e+00
1.696783155398958343e+03 9.553431448618780450e+02 2.010840534524449552e+00
1.553095751120952173e+03 9.735745702307528973e+02 9.954636848806784899e-01
1.605958288916929405e+03 1.000702393976781423e+03 1.767158102106929807e+00
1.694763721599757673e+03 1.052072657423735563e+03 1.161339419144318402e-01
1.609070346805967574e+03 1.132798361397230565e+03 1.277466796808059968e+00
1.718495708246185586e+03 8.674822372820567580e+02 1.788508831760057260e-01
1.697419902621147003e+03 9.586578709517611969e+02 1.978364962466595545e+00
1.694137817470254731e+03 1.053270525955538460e+03 2.259001148514860335e-01
2.275255316401160712e+02 1.069077031424558527e+03 1.069465912836894628e+00
8.161214031299138583e+01 1.084758355418863630e+03 1.568539805528935016e+00
1.242202511459872767e+02 1.157684694014386196e+03 1.055607558059712847e+00
3.293474520455256425e+02 1.216485670684408433e+03 5.987455261207439428e-01
3.279743192792856235e+02 1.216985582653101801e+03 6.779057852037357890e-01
6.146062654595153845e+02 1.060471357779403206e+03 3.138163227983483683e+00
6.643370719700030804e+02 1.329606387992363807e+03 2.209580694756346997e+00
6.129114762547715145e+02 1.059205117952301634e+03 2.941642385389437939e-02
7.243678515286239872e+02 1.112575908952235295e+03 2.948443280623305629e+00
6.665685393214071155e+02 1.333788750608259761e+03 2.218242699472281476e+00
1.006340388086730854e+03 1.102561666478576399e+03 1.086701442533904771e+00
7.202797506529360589e+02 1.113670790860748866e+03 2.916253705636961957e+00
1.009000445829593900e+03 1.190972476991454641e+03 3.081966647213091104e+00
9.087154092524272073e+02 1.217967482443413246e+03 1.589053581578310004e+00
1.005234947379732603e+03 1.100926926529234379e+03 1.147217715500771895e+00
1.057802794462670590e+03 1.126011821793706758e+03 4.454989530099052186e-01
1.007426159232988084e+03 1.189978029941938530e+03 3.035483281039121906e+00
9.085180378808227033e+02 1.216626779588929139e+03 1.605330658444651615e+00
1.262300501611530763e+03 1.059908980627331175e+03 1.269140841156511490e+00
1.309298547339860988e+03 1.084009449578012891e+03 9.789471760057287808e-01
1.054775282399384650e+03 1.126846983303864135e+03 4.101579032426773685e-01
1.325227674143840431e+03 1.189541780886627748e+03 2.240810829114641134e+00
1.260802186267631214e+03 1.200665972662161948e+03 1.913063882060883403e+00
1.250558998605145007e+03 1.298123560224469657e+03 5.315227713300407775e-01
1.260784374162842823e+03 1.058427762559059147e+03 1.224762987692910698e+00
1.308800310027205796e+03 1.084304480017188325e+03 8.767351678033058482e-01
1.373750795079289219e+03 1.126005675931442283e+03 1.668966952072922671e+00
1.322274565717434598e+03 1.187576540721437595e+03 2.258875547597709144e+00
1.260207474123536940e+03 1.199897093173845633e+03 1.905511615044383156e+00
1.475962046966697017e+03 1.208540796206753839e+03 2.588372295478586160e+00
1.426859315197150408e+03 1.222184143771999288e+03 2.126540780216696014e+00
1.392207541381647388e+03 1.304261822596618231e+03 1.917847956760484474e+00
1.249212900896692872e+03 1.298928010464623185e+03 4.836290578744153468e-01
1.300997869266268708e+03 1.341404169778420965e+03 9.239555806323380693e-01
1.372050552626424633e+03 1.124687768753774662e+03 1.642886848542006284e+00
1.610906740820578761e+03 1.129121414458686331e+03 1.187678958484497560e+00
1.502366503197544489e+03 1.130162806542163480e+03 2.449927073075043538e+00
1.476002530102500941e+03 1.208383373865114208e+03 2.587295310240268709e+00
1.425451189631034140e+03 1.221941978775683765e+03 2.104558965010566496e+00
1.601322007576026408e+03 1.248308562363689589e+03 2.093976041063652538e+00
1.389209207862252924e+03 1.303431493015096748e+03 1.944068202032863901e+00
1.529693630462109695e+03 1.326099670276521692e+03 2.127687644414783641e+00
1.695164535855414897e+03 1.051750276332739986e+03 1.827804235015753065e-01
1.610368660306351558e+03 1.130876549617459432e+03 1.266679925160728803e+00
1.601520299165862752e+03 1.250143696725137488e+03 2.087861432671275885e+00
1.525943984051846883e+03 1.324697060793609580e+03 2.241313977067461938e+00
1.699542972219570856e+03 1.052485199556698717e+03 3.412734610319050899e-01
3.299068601024908389e+02 1.213983497045846889e+03 6.736087653311514378e-01
6.649114129332093626e+01 1.336521623464505637e+03 2.793712260525487601e+00
1.275605718132293305e+02 1.416357083572943566e+03 1.069553291813134077e+00
3.283424903772254879e+02 1.213653133356093122e+03 6.288339836081102696e-01
5.416339091655800075e+02 1.472949525530939127e+03 2.195343384902751271e+00
3.949439072485129145e+02 1.488858203040222634e+03 1.206488175684700126e+00
6.678398914112553939e+02 1.330912355079913368e+03 2.351257351094406811e+00
6.134130812439070723e+02 1.433516009036890637e+03 9.971320280157202065e-01
6.788098443035785294e+02 1.448260476706900135e+03 1.684990763095994160e+00
5.386740324141979954e+02 1.478294546793529207e+03 2.018499811668412747e+00
3.927839197916937337e+02 1.483537552817272172e+03 9.935532368927899594e-01
6.674331352646463529e+02 1.331296989767895639e+03 2.307554089821256760e+00
7.989155539705059255e+02 1.399350093768455281e+03 3.055003347914566625e+00
6.121650626226036138e+02 1.434531929342511603e+03 1.009208137308966746e+00
6.761288908810010980e+02 1.448327436169410021e+03 1.658367246292622443e+00
7.329121916672179395e+02 1.490515234059396789e+03 1.580128776104039456e+00
9.099036455155019212e+02 1.212429742920708122e+03 1.573481401521936940e+00
7.984794542527290560e+02 1.399440153474082990e+03 3.055493417535632528e+00
7.280572851016554523e+02 1.485329037860339895e+03 1.479092995269671196e+00
9.063379639881254661e+02 1.215641450477392709e+03 1.527454771753496754e+00
1.101571728816915538e+03 1.351595325819121172e+03 1.924189698369880519e+00
1.060056836326265739e+03 1.410871661192255488e+03 2.538491422870006176e+00
1.161545986382795263e+03 1.450376891104129754e+03 2.877843729719266275e+00
1.090982770087529389e+03 1.497423505300440638e+03 2.343983866630190427e-01
1.261234673318961086e+03 1.197485318485890048e+03 1.877992604583200498e+00
1.327129191409442456e+03 1.187315246045777030e+03 2.274999351155678973e+00
1.251340063686996700e+03 1.296377727495162617e+03 5.486093043124460333e-01
1.303268044835018145e+03 1.338573049690113294e+03 1.014956284966492150e+00
1.100560136506981507e+03 1.351476441524528354e+03 1.939693072052081968e+00
1.201108954511741331e+03 1.391168149660544714e+03 2.150117089661642389e+00
1.058396584295157936e+03 1.410030194395969374e+03 2.551149385549752235e+00
1.163068021227283680e+03 1.449905638842330973e+03 2.912494944611637937e+00
1.260701823711608085e+03 1.480164501277397676e+03 7.629463287548786665e-01
1.093515608745733516e+03 1.497329720127840346e+03 1.054991680822701255e-01
1.322052985572096986e+03 1.186704649100124243e+03 2.299080492508519313e+00
1.260327079142006824e+03 1.197751280365145476e+03 1.893500495180639120e+00
1.479122469594203721e+03 1.208194693614792641e+03 2.532533798302459616e+00
1.427677729334230207e+03 1.222673312276236857e+03 2.111370341091431513e+00
1.392467867958542456e+03 1.302932013712494609e+03 1.931403786244257681e+00
1.251241557047205561e+03 1.297239433357162397e+03 4.943162777571932232e-01
1.302118270936627368e+03 1.338747207722276016e+03 9.908428971765785853e-01
1.485739662011749260e+03 1.350096593964609156e+03 2.247570828861017667e+00
1.197992914868927983e+03 1.392713043978711084e+03 2.203434348347179217e+00
1.436796863843227356e+03 1.403191313168894339e+03 1.556718916190606539e+00
1.365948051443058375e+03 1.430134621542412333e+03 1.014209180662500653e+00
1.260327982772764017e+03 1.480926857743078699e+03 7.543652163121487009e-01
1.476347320473773152e+03 1.207599679182797445e+03 2.587642177346801464e+00
1.425041338375755004e+03 1.221757585103338897e+03 2.122912805044061102e+00
1.601523436652735654e+03 1.247949923711782048e+03 2.128919071097819860e+00
1.390926782117468065e+03 1.302733527531101572e+03 1.918935669414986167e+00
1.530532773763179193e+03 1.322776303530170708e+03 2.157713958855063119e+00
1.481552848890466748e+03 1.348984016903954625e+03 2.190425278077492433e+00
1.435366995296004234e+03 1.402931262996630494e+03 1.461056933712760575e+00
1.365216954748482522e+03 1.428397552940466539e+03 9.563039885296418241e-01
1.600863257771863800e+03 1.246317869648382157e+03 2.100766541832607359e+00
1.527999577682076051e+03 1.322034708616114813e+03 2.170388459569061013e+00
1.674728488983055740e+03 1.485146243457118089e+03 2.362039940205548749e+00
1.560597396643234333e+03 1.500667985308823063e+03 1.683472961789224787e+00
1.268426687998711486e+02 1.415531012565755873e+03 1.053568872632807407e+00
2.712028138650675828e+02 1.531194095722521979e+03 4.222119671372515093e-01
3.545002579472904927e+02 1.575614824667731682e+03 1.079721449401509631e-01
3.556238164917419908e+02 1.623048272454731432e+03 4.198260643762772304e-01
5.419950936893370681e+02 1.478115377762990647e+03 2.010847120965907564e+00
3.946719767216587798e+02 1.488747921877024737e+03 1.175077061302844728e+00
4.714630496727511400e+02 1.524257083412220254e+03 1.562277346885875051e+00
2.697488566500701950e+02 1.531478386572796353e+03 3.926576188310542115e-01
3.520158861352906570e+02 1.574858021281345827e+03 1.352888738675480651e-01
3.569652198943558687e+02 1.621989694611184632e+03 2.960976132722744625e-01
4.868798404906679025e+02 1.628075938476869396e+03 6.712230468197213917e-02
6.140171561284992094e+02 1.433937367094623141e+03 9.851336277970773603e-01
6.778676848780457931e+02 1.447525217846109399e+03 1.698737406623584967e+00
5.389861839743590508e+02 1.477954033525668137e+03 1.969559487939853692e+00
3.904582166859504468e+02 1.489775857287535473e+03 1.056884538980709554e+00
4.707432009578149064e+02 1.524408817575141256e+03 1.494617939027485187e+00
6.612659943934261264e+02 1.553893981653144920e+03 2.128444263649380108e+00
5.826918205983116650e+02 1.573805859619616513e+03 2.910667112584796268e+00
4.866846560234257595e+02 1.626047050141680074e+03 8.892298492485557759e-02
5.988589954517783553e+02 1.637441017955822872e+03 2.689810144767694311e+00
6.956648240265255936e+02 1.652542205929574493e+03 2.499841320610313389e+00
8.010378149026439587e+02 1.399479766468862181e+03 3.103731410863544316e+00
6.137029124557927844e+02 1.433541436124421807e+03 9.740877488073261814e-01
6.759783730356917886e+02 1.447609740006235597e+03 1.704329662308523563e+00
7.320616772181406304e+02 1.492576941126404108e+03 1.621959960427596714e+00
8.342882963699106540e+02 1.523034955427300019e+03 1.525722916851460109e+00
6.591258937763515178e+02 1.553917184370432778e+03 2.103152427094027388e+00
7.818015799378584916e+02 1.559044190603425250e+03 1.925414346643031571e+00
5.805731840216126329e+02 1.576978554544280541e+03 3.005707679941074240e+00
7.425739117826969959e+02 1.590040220042765895e+03 2.506330859151516766e+00
6.013158467957678113e+02 1.644081114245959952e+03 2.654992980387326895e+00
7.031199739968640188e+02 1.659967350378909941e+03 2.576046200741601844e+00
7.985910825536069524e+02 1.398774102810717977e+03 3.010763428608075554e+00
7.308340413151632902e+02 1.490293803370002934e+03 1.632187762378715767e+00
8.341111546420926288e+02 1.521627973190934426e+03 1.555219805844187064e+00
9.603683097013574752e+02 1.516863422201196499e+03 3.220290046281125140e-01
7.794822160090720899e+02 1.558760061555714401e+03 2.063510145427843057e+00
7.379439194476251487e+02 1.590055592702386548e+03 2.417112958784506827e+00
8.647058684181915851e+02 1.597536501450005062e+03 1.380393279974440057e+00
9.438148761921006553e+02 1.596343215629454335e+03 5.998195117474778293e-01
9.818163215076210690e+02 1.638202293448558294e+03 8.546343565836637124e-01
1.101742541033781663e+03 1.351098632694986691e+03 1.910357400617096468e+00
1.060272072618215134e+03 1.408138272465163936e+03 2.441356233817605581e+00
1.165727332618294895e+03 1.448881412622600692e+03 2.836544726781025538e+00
1.094356194712400111e+03 1.495274861033403340e+03 1.616903294594029539e-01
9.575646184521563100e+02 1.517263189335535571e+03 3.547870147645321159e-01
1.155670528070762202e+03 1.556555693437610898e+03 2.989318147495789280e+00
1.059783883997639805e+03 1.561274063706431207e+03 2.810872024231358512e+00
9.427122668743681970e+02 1.597126207686183307e+03 6.855642392152759834e-01
1.159203415512205993e+03 1.605681403817536875e+03 7.557554201212658418e-01
9.792283267756922669e+02 1.637650545277309448e+03 9.451682010066498885e-01
1.072834586985436999e+03 1.658171581274591972e+03 4.245540674113892909e-01
1.100284407302278396e+03 1.353065069379799752e+03 1.824310207978588450e+00
1.200814927245120543e+03 1.390407325807247162e+03 2.086320386908202540e+00
1.059559139857065475e+03 1.407315733530963598e+03 2.459993104821439847e+00
1.163301403756941909e+03 1.449394170382475295e+03 2.940522060803831828e+00
1.260821619304146225e+03 1.478976428183073722e+03 8.267179477994900383e-01
1.092989929255325706e+03 1.495589078418433928e+03 1.995367847567652286e-01
1.309065889859185972e+03 1.514975248966162553e+03 2.456902048357494650e-01
1.159869798812378804e+03 1.593071357529456463e+03 2.947570518404911688e-01
1.057698024755688948e+03 1.561821116350836519e+03 2.876152649653462845e+00
1.271452562772627289e+03 1.564878197898831559e+03 3.030282595856618855e+00
1.274020747931114329e+03 1.632234116272935580e+03 7.652782433755861424e-01
1.077134046665837332e+03 1.655821138308368973e+03 3.226566127512401905e-01
1.199045447066086808e+03 1.396518926914215399e+03 2.247676285421543518e+00
1.435688345557261528e+03 1.402877070084489333e+03 1.596388375264374604e+00
1.365785059133100276e+03 1.428780533279099473e+03 1.029377455145362275e+00
1.259983489969287348e+03 1.479078113203937392e+03 7.106373564985268843e-01
1.443086829627078714e+03 1.519369131843596051e+03 1.700377796198352387e+00
1.309555878380514969e+03 1.515013282728827335e+03 1.188453985911155225e-01
1.371737371778631996e+03 1.550663257707784851e+03 9.890179529501862410e-01
1.270204660877212063e+03 1.567042290677130723e+03 2.990556520216932856e+00
1.379154221453054333e+03 1.624771846366744739e+03 9.667393598596145665e-01
1.463315094019440949e+03 1.637303976076516392e+03 1.202077295862583162e+00
1.274569589192353305e+03 1.625214276922098634e+03 1.322258183690757205e+00
1.434967655510285567e+03 1.402257694239895727e+03 1.546495308857064321e+00
1.363703011502354229e+03 1.427737842806413028e+03 9.783314795806967723e-01
1.561980644264629291e+03 1.508309312490611319e+03 1.834365235647794412e+00
1.442316659207893508e+03 1.518815410918579119e+03 1.684129688470988651e+00
1.505407474370126920e+03 1.525677984201152412e+03 1.896849980655751278e+00
1.627505679939721631e+03 1.540061759573740801e+03 1.607772858489198375e+00
1.369212734972411681e+03 1.548849279062472306e+03 8.508633535470848663e-01
1.378756303820375251e+03 1.621732929127989564e+03 7.920691203255143531e-01
1.460382904169322046e+03 1.632952152157458386e+03 1.203884396997878081e+00
1.674472907865578918e+03 1.482625132741337666e+03 2.357260874142298235e+00
1.560702684693897709e+03 1.506880558761924249e+03 1.768030114247147511e+00
1.626972394938095476e+03 1.539511831994100930e+03 1.581810181913123170e+00
1.700888763272782853e+03 1.659703084317089633e+03 1.366553266011070855e+00
1.673047280726068038e+03 1.483706263204693641e+03 2.358804509043091358e+00
1.703261555702743635e+03 1.654314571272483136e+03 1.471099714669835468e+00
2.694736394661159693e+02 1.531202799441737398e+03 4.850005136255128857e-01
3.510663021404557753e+02 1.573785541112823694e+03 1.754109637773773600e-01
3.577789038667374371e+02 1.619908669764416118e+03 4.302780465736983362e-01
4.701158920004620541e+02 1.527379756177013860e+03 1.600164393845937338e+00
2.714211264980376086e+02 1.529866935473206922e+03 4.367100500936751395e-01
3.522922319823767339e+02 1.574635921343950940e+03 1.612637152765698523e-01
3.569275656672832611e+02 1.622612004940757743e+03 3.091911036604268470e-01
4.881924911429593976e+02 1.626935473461838228e+03 7.537690555630870148e-02
4.704347086541799854e+02 1.525251811465648871e+03 1.437407052056345780e+00
6.639288625631750165e+02 1.553803123714738831e+03 2.102730616306966116e+00
5.830351474929454980e+02 1.574412527001054968e+03 3.002103089506391598e+00
4.871169031251392880e+02 1.626177991665400441e+03 1.790926977679271059e-01
6.016601653297227585e+02 1.639315013176901175e+03 2.631404822477602323e+00
6.299016347446101918e+02 1.719919642309352867e+03 2.966572217916959797e+00
5.863550835000246479e+02 1.766222251302141785e+03 2.739716450261459713e+00
6.590211021914690264e+02 1.553135501826968721e+03 2.021419191467333398e+00
8.236320163947024184e+02 1.535161530683086312e+03 1.191840714450909999e+00
7.812762994555504292e+02 1.558757919121077066e+03 1.609446918456354014e+00
5.815581314717286432e+02 1.577803423823765343e+03 3.104659347274752790e+00
7.411170509120757970e+02 1.587015517565816253e+03 2.377200170788365874e+00
5.998392615956731788e+02 1.637492341575275077e+03 2.644201849423879036e+00
7.040065968694181038e+02 1.659296547905605394e+03 2.510148881607530580e+00
8.036286028059910223e+02 1.686247014493549159e+03 2.847473987775546611e+00
6.263884582449512664e+02 1.719027631639195079e+03 3.025586471396576549e+00
7.433717995735527211e+02 1.752407682199697774e+03 2.375864935504196751e+00
5.824632125637097033e+02 1.766461458406638940e+03 2.800221929156408329e+00
8.466018491484653623e+02 1.767515905401369764e+03 2.538126761007756471e+00
9.577013383475823503e+02 1.516135706250560133e+03 4.299382575079676583e-01
8.301263485171942875e+02 1.525198984715629877e+03 1.552205567336983894e+00
7.795017349905663195e+02 1.558787367365378941e+03 1.801039169240903792e+00
7.407002622693755711e+02 1.586464925080795410e+03 2.425998815124748464e+00
8.649059191066326093e+02 1.597608261635703229e+03 1.408184592284034142e+00
9.420701375836438274e+02 1.597388187901639867e+03 6.275829525688424448e-01
9.800625099275034700e+02 1.635698725296664861e+03 9.300777479808337578e-01
8.022790198619111379e+02 1.686881897195022248e+03 2.768720250844724617e+00
8.853071024358798695e+02 1.692035369931724972e+03 2.937904524969091824e+00
1.010766502025083582e+03 1.705008153324632303e+03 4.361233807547827968e-01
7.402632182736160757e+02 1.753601244077389765e+03 2.376527099973442692e+00
8.483947671291850838e+02 1.770055763583272437e+03 2.537198737615977695e+00
9.878158903778137301e+02 1.777815075066914005e+03 2.754289445485313514e+00
9.572952889965963550e+02 1.514125460496174583e+03 3.412006674295219311e-01
1.152725656717231232e+03 1.555458599374985852e+03 2.808378427961208956e+00
1.060012007734987264e+03 1.561279363077075914e+03 2.828378160078004466e+00
9.409177144754899018e+02 1.598290706198224598e+03 6.446956789632097840e-01
1.163544159195417706e+03 1.603340517931909517e+03 4.819333618676007180e-01
9.784259105098597047e+02 1.635131850163020999e+03 9.852609603598274646e-01
1.073153500660299869e+03 1.654859586688891113e+03 3.362459684929247072e-01
8.850485285444583496e+02 1.691782132515466628e+03 2.837874959947970677e+00
1.011663382182665373e+03 1.703609162455114983e+03 4.213573091401666137e-01
1.174710288746009610e+03 1.722569446079357931e+03 2.755127351291992266e+00
1.077317981012690552e+03 1.755338973435797925e+03 1.526929528240504652e+00
9.875909051093701692e+02 1.777520598994206011e+03 2.706481429161170293e+00
1.124414202717378430e+03 1.798080957522087147e+03 1.053434350676206721e+00
1.153819710619316993e+03 1.559672795667057244e+03 2.803371446648843968e+00
1.057211402881365757e+03 1.560934461537422294e+03 2.831483212881589662e+00
1.269914980301530477e+03 1.564117901153232651e+03 2.946267042542454639e+00
1.161132012197388576e+03 1.604492854198984787e+03 3.383158521725373458e-01
1.275273776076055356e+03 1.624273328331875518e+03 6.951700115062934282e-01
1.071144256074183204e+03 1.654469988065036659e+03 3.073134301956524372e-01
1.237368851864431917e+03 1.691323216663556650e+03 2.332489027734693021e+00
1.175694414617698158e+03 1.720108710608981937e+03 2.926842693904555315e+00
1.075274697346680568e+03 1.755560900790528194e+03 1.514784878253654377e+00
1.121695779943549951e+03 1.796527490578633433e+03 1.024688197052853855e+00
1.233382511813193332e+03 1.783544947359425350e+03 2.170587597439378180e-01
1.307574117119528182e+03 1.511290252177637512e+03 1.044935254636856076e-01
1.441958325957866691e+03 1.518474405547154447e+03 1.719870018025856151e+00
1.370888001198587972e+03 1.548930676107613181e+03 1.036693354364147446e+00
1.269391279778553326e+03 1.564631121768079083e+03 2.954300252190959153e+00
1.378584148777952350e+03 1.622356337517406700e+03 1.007201936744298809e+00
1.273369962933285706e+03 1.623836064471918007e+03 6.080348536559572192e-01
1.461462552351341401e+03 1.633495977926709429e+03 1.209573070459596167e+00
1.235622860819498328e+03 1.691804817173700940e+03 2.485214156263196639e+00
1.348074887199340083e+03 1.704165352932499673e+03 7.425795274599124307e-02
1.501338866414028871e+03 1.688264483007023273e+03 1.560551202355377143e+00
1.417263133677865653e+03 1.757173707216801176e+03 1.230878075496803836e+00
1.229066401799746473e+03 1.786512139856691647e+03 1.597069405114807661e-01
1.337778283017287094e+03 1.807785870081528174e+03 1.757132866051763553e+00
1.463235643768053706e+03 1.799435727476331977e+03 1.571550728192662172e+00
1.440492419771796904e+03 1.516185621467955343e+03 1.727795197796974325e+00
1.560176481987663919e+03 1.510563063544012493e+03 1.909049353614534539e+00
1.505178881171639887e+03 1.524365180544290752e+03 1.891728410107695435e+00
1.626948512256859658e+03 1.543444153750658643e+03 1.716552569198999567e+00
1.371461859216673929e+03 1.546304240978139887e+03 8.770656627561643770e-01
1.459821013521401710e+03 1.631413200875654638e+03 1.192246860977372203e+00
1.377807827208842355e+03 1.624084493503242129e+03 8.540271331656429377e-01
1.502472344793930688e+03 1.683303181078825219e+03 1.489716208329596725e+00
1.347096451780544385e+03 1.705233339520109894e+03 2.010213769501077719e-03
1.415688603441163423e+03 1.757055396134091325e+03 1.145405022466850609e+00
1.573450227077713180e+03 1.766015932031570628e+03 2.997821079396159494e+00
1.461742047477511278e+03 1.797966814972636257e+03 1.566078402994488528e+00
1.524837532753337427e+03 1.818538593902404500e+03 1.891236536751130792e+00
1.559398426936543956e+03 1.510249986445835702e+03 1.902000940627948333e+00
1.626919777924644222e+03 1.537948292660536481e+03 1.627107719049250667e+00
1.700849674906213977e+03 1.658913127543004293e+03 1.429086543724471303e+00
1.712100125021270287e+03 1.767830227612336785e+03 1.563547662353629297e+00
1.573878870243965366e+03 1.765440984125614705e+03 3.015416822656431073e+00
1.656905239327041954e+03 1.814396767777613604e+03 1.262235445705562453e+00
1.518236001819315334e+03 1.813307196189915885e+03 2.226803800015964896e+00
1.700126118973872963e+03 1.658338400693438189e+03 1.458033433662532019e+00
1.710749719761815413e+03 1.766817251192134790e+03 1.530668175905954609e+00
1.761893274394340096e+03 1.819265262778154010e+03 1.819953294478881434e+00
6.285563003775267816e+02 1.719526468188274521e+03 2.956780301836012814e+00
5.849561313802196310e+02 1.766415348491807208e+03 2.758027740151973273e+00
8.022632646795518667e+02 1.684865829350649165e+03 2.846431242256941552e+00
6.289035586036411587e+02 1.719844516439747395e+03 3.034904964802573435e+00
7.444699570260801238e+02 1.752959273051230639e+03 2.345752471357259950e+00
5.847284633556197377e+02 1.765960230234363962e+03 2.767800832397085298e+00
8.514375264136376700e+02 1.770121906843964780e+03 2.610969866389165617e+00
7.319399033596115487e+02 1.828873203261695380e+03 2.976635465075769371e+00
7.125103172350554814e+02 1.669454732042225260e+03 2.395465696671831513e+00
8.018602252394038032e+02 1.685017027728481480e+03 2.831856759010293878e+00
8.871224528055583960e+02 1.691950579508369628e+03 2.928280351964800410e+00
1.007103776395673322e+03 1.704744083119937159e+03 5.178855848191639133e-01
7.422681829154174693e+02 1.751402806718448119e+03 2.290443416901196461e+00
8.491511477474105050e+02 1.769708945402743666e+03 2.474781539807296760e+00
9.892672147189841780e+02 1.776998545860045169e+03 2.820063300257577676e+00
7.295229133811387783e+02 1.827521699046240656e+03 2.918138384014903330e+00
9.040600394140797107e+02 1.850003586856388893e+03 3.014567561828679132e+00
1.019222794100158580e+03 1.852845577638318218e+03 7.337624802773887178e-02
9.750150282348556630e+02 1.908414671635811374e+03 4.296123803927785478e-01
8.930906850879682679e+02 1.691957453168834718e+03 2.730201179955979995e+00
1.012240199620052863e+03 1.702113267098118513e+03 4.411002910278328248e-01
1.173948152573921561e+03 1.718591737341263979e+03 2.663237054570293250e+00
1.077081467733482896e+03 1.754643123101675656e+03 1.532517220627302557e+00
9.888725398772508015e+02 1.776655677420928669e+03 2.739596573604234919e+00
1.124036409103608321e+03 1.795389020463901716e+03 1.035047163059941822e+00
9.022368298644721563e+02 1.849690737145204139e+03 2.925007437600760429e+00
1.019493753462733821e+03 1.851056197513602456e+03 3.104387454966067050e+00
9.741756710069707879e+02 1.908166615481546614e+03 3.410387692289350015e-01
1.120896261458931122e+03 1.919674165384813023e+03 3.117458031056023593e+00
1.238814642945975493e+03 1.692774065059969644e+03 2.517463760216181345e+00
1.175982970072763919e+03 1.718707055355584771e+03 2.931618830041840429e+00
1.075641153095229583e+03 1.754048857893387549e+03 1.577083933106899316e+00
1.122703572084600637e+03 1.794932712739631370e+03 9.855821949583483121e-01
1.234036649450182949e+03 1.781137517539931878e+03 2.559769877080581013e-01
1.340393419086057747e+03 1.809257852061115500e+03 1.753368481707820559e+00
1.245380730309696219e+03 1.840223249872688939e+03 7.140683478867593248e-01
1.119882140152556985e+03 1.919325677383588300e+03 3.110008547235279863e+00
1.207105178621576670e+03 1.955808115793636262e+03 1.381020987356555985e+00
1.237976519593429430e+03 1.695054464309973355e+03 2.593636097885006375e+00
1.347865536676185911e+03 1.702755502595335656e+03 5.308294784513142850e-02
1.500991314423368976e+03 1.694529668137794488e+03 1.638687016336183078e+00
1.416641057547910577e+03 1.755325990158049990e+03 1.203587754595387027e+00
1.462539377746858690e+03 1.794026650450867237e+03 1.569097201798884900e+00
1.231560718400629412e+03 1.781079254751479994e+03 2.255645106481426465e-01
1.337776678360759433e+03 1.808012634386049967e+03 1.717545368014077978e+00
1.243238355318200774e+03 1.841297350373876725e+03 6.686835841350993181e-01
1.479105082588994037e+03 1.891458105346931916e+03 3.051762967225633005e+00
1.204922775793332903e+03 1.954504588738100210e+03 1.185584216150077808e+00
1.420807011461785351e+03 1.974317328867579363e+03 1.181692148540002263e+00
1.197151015688000825e+03 1.709728819431695911e+03 2.671752384708202532e-01
1.501696246041803079e+03 1.680229043143865965e+03 1.553356351101738086e+00
1.348253196357569095e+03 1.703697880159269289e+03 3.120707991646980844e-02
1.415888490968601218e+03 1.754575555442508630e+03 1.193494877733434878e+00
1.572160365094855024e+03 1.764991442343782637e+03 2.962942061979547237e+00
1.461196737704316774e+03 1.792584301971119430e+03 1.602633407701992363e+00
1.523816710468485326e+03 1.816346725484425633e+03 1.890982230055436197e+00
1.659145007235361390e+03 1.812916878079198568e+03 1.255758817491629209e+00
1.587050811409239941e+03 1.854211284322400388e+03 1.343460660831558462e+00
1.479160700581891433e+03 1.891617915544436073e+03 3.100044911535914771e+00
1.625202313790443895e+03 1.928201628203879409e+03 9.470961035111422621e-01
1.419563058512773978e+03 1.972090692880384722e+03 1.164296290672558021e+00
1.711192308568666476e+03 1.767067251286934834e+03 1.582834445759856212e+00
1.573310319566386625e+03 1.765096683703628059e+03 2.961611679731328550e+00
1.655909342931390256e+03 1.812967361552543935e+03 1.296450241911662360e+00
1.762891138471470640e+03 1.819063217244682846e+03 1.799758556349871030e+00
1.522741106882500162e+03 1.815765845881951236e+03 1.945929834267272840e+00
1.586329130394430877e+03 1.854642901545095128e+03 1.356438879857264190e+00
1.700616964695310344e+03 1.899704451773869550e+03 1.499457455696114883e+00
1.622526647582681562e+03 1.926335635758220633e+03 9.185374047940959574e-01
1.711106194803300923e+03 1.766665643484362590e+03 1.605599189398364546e+00
1.763167636283774527e+03 1.820467547013304056e+03 1.787211316486539969e+00
1.700286347813015254e+03 1.898487088972753099e+03 1.510933719196212444e+00
7.320313727063054330e+02 1.828391776104402197e+03 2.245796790663684650e+00
7.344178251273090154e+02 1.830945381449067327e+03 2.880403718246113964e+00
9.030212762329181260e+02 1.850621362250079073e+03 3.020390955696679480e+00
1.014444957170138196e+03 1.851239580513706642e+03 2.772129949533943538e+00
9.741847478657509782e+02 1.908755808881210214e+03 3.810908925203529973e-01
9.048834706202046618e+02 1.849842040365563207e+03 2.996816762620271746e+00
1.020375845893314136e+03 1.850135293779039785e+03 3.035679500594300695e+00
9.740111860145173068e+02 1.908131198694627983e+03 2.929568550264606830e-01
1.120691552531456637e+03 1.919121359146927716e+03 3.118239852915334342e+00
1.113368249176336121e+03 2.058693902887085642e+03 9.206119051643936180e-01
1.244231009941199545e+03 1.840761980754104798e+03 7.145506459420328804e-01
1.029237969740770495e+03 1.849376588473399124e+03 2.845411484191268325e+00
1.120280961862031290e+03 1.919381525735024752e+03 3.095051161255824912e+00
1.207774831015849486e+03 1.953999612779268318e+03 1.419913844722189955e+00
1.113019180551314321e+03 2.058837428211721090e+03 8.505708023515849980e-01
1.242248586289263812e+03 1.840696967601040797e+03 6.704884439532349250e-01
1.478240275402889438e+03 1.891247193141037769e+03 3.100654226162427474e+00
1.206050017349709833e+03 1.954990924188526151e+03 1.389966814787640059e+00
1.419685221855615282e+03 1.973839762556161531e+03 1.216493776600680699e+00
1.586966617512245648e+03 1.856310803252277310e+03 1.402366974783811449e+00
1.478365345752669782e+03 1.891782308245170043e+03 3.062247001087511578e+00
1.622422522846134598e+03 1.926874647284427283e+03 9.694387717261144788e-01
1.418472947351116545e+03 1.973473728811015917e+03 1.212511587537482782e+00
1.516652045648459080e+03 1.977362387375586877e+03 4.871668482460325134e-01
1.533535111632579628e+03 2.029626135829477789e+03 1.154685522357962846e+00
1.522556847948599170e+03 1.827565265992869627e+03 2.061149797037724163e+00
1.586097276941339715e+03 1.854143274620127158e+03 1.401236117061128050e+00
1.700992849927596808e+03 1.899645467805381031e+03 1.545409197327562989e+00
1.622683886034044917e+03 1.926459194797506825e+03 9.376298395345397108e-01
1.516740033993853558e+03 1.977603422695161953e+03 4.545889771861182926e-01
1.532726427671945430e+03 2.029998211806082054e+03 1.146521843116065753e+00
1.699682660147834895e+03 1.899625838925725020e+03 1.550695322142569221e+00
1.114229403430324965e+03 2.056410306223897351e+03 9.014372504036796130e-01
1.113365013837362767e+03 2.057032375820191191e+03 8.750165883916727338e-01
1.532978701140686326e+03 2.029454354175641129e+03 1.155046033160278096e+00
1.532342142001821912e+03 2.029736449953143619e+03 1.191391546578711935e+00
