1.330323892597195936e+02 1.767254301866238393e+02 1.869631932770511540e+00
1.561286014337975530e+03 3.662726236040159620e+02 1.046441617699022331e+00
1.671066951862286714e+03 3.298539490028038017e+02 6.530345456642183688e-01
1.562842766660536654e+03 3.635283246179180878e+02 1.019004395065508328e+00
1.673325651162468375e+03 3.252116048592839661e+02 6.887330093363244199e-01
1.772549457166891216e+02 3.964441538092060000e+02 2.786697250072621923e+00
8.743910303842093867e+01 4.615057583512453903e+02 1.290470160728335758e+00
9.914355184385572102e+02 5.030148534733136785e+02 1.861787712668676154e+00
9.914119772340695818e+02 5.082399224482073805e+02 1.893268024740895950e+00
1.559339535903055094e+03 3.652762511969331172e+02 9.846034970924220087e-01
1.617506779628881986e+03 3.988932794929105512e+02 3.735128852463877602e-01
1.635591123079982253e+03 4.605092385577615914e+02 5.371574064389805780e-01
1.497097000519668882e+03 5.144608586380566067e+02 7.908523252263430781e-01
1.635717906539540081e+03 5.218080703610717137e+02 5.990486912902386329e-01
1.669017229660363455e+03 3.303098777549406577e+02 6.162467146107265537e-01
1.559499933223385597e+03 3.655738554634133379e+02 9.929742936857596236e-01
1.750862255287175230e+03 3.876987848467529147e+02 2.756577254796412912e+00
1.617291455268129539e+03 3.987838046137781021e+02 4.038216258237150580e-01
1.635668304859553018e+03 4.589716820932734436e+02 6.033840681210520529e-01
1.640018648518247574e+03 5.184678531044005467e+02 5.724830655064758744e-01
1.732894654156055140e+03 5.402473841158548566e+02 2.757208345899151980e-01
1.668394211574878909e+03 3.284744739901117327e+02 6.809402971354595602e-01
1.750700084774608968e+03 3.873566517429047735e+02 2.849551602445203446e+00
1.926664577449645094e+03 3.876388773278141571e+02 3.062885556725395197e+00
1.857972892656984868e+03 4.216073780703027296e+02 2.428540119349090975e+00
1.954135028849407263e+03 4.667493686174751701e+02 2.381515851328303235e+00
1.734437382870723923e+03 5.381904421996359815e+02 4.791668657922057428e-01
1.925415967611153064e+03 3.878754773530060902e+02 3.124688430568509645e+00
1.856868242480369645e+03 4.223597485496027275e+02 2.459474476867152593e+00
1.953852879609972661e+03 4.685807221585528168e+02 2.465052475863410475e+00
1.782374420320053332e+02 3.971693347816021742e+02 2.827570567836468651e+00
8.610690757923737237e+01 4.626414342403501223e+02 1.288900050052595780e+00
3.345493493384011572e+02 5.472999974103677232e+02 2.329973323351962833e+00
2.580647413186721337e+02 5.488611412434858039e+02 2.465012662436913526e+00
2.560763784334016009e+02 5.479222691353154460e+02 2.456306344557457333e+00
3.327021096091018535e+02 5.464687584954272097e+02 2.310346737243690107e+00
9.915321066683588924e+02 5.068999486427952661e+02 1.898233717804953757e+00
9.573565317062548274e+02 6.224345436920298198e+02 1.359308373969260186e+00
9.914811849669276853e+02 5.068936123857711209e+02 1.885997764531663234e+00
9.569442259361485412e+02 6.230797625965241195e+02 1.343890685644380412e+00
1.498327346798833332e+03 5.134126555682246362e+02 8.783309404867072345e-01
1.425929241614835064e+03 6.022377505551218064e+02 7.320605088330288668e-01
1.484539880752830413e+03 6.435870416739963957e+02 1.473737467224984221e-01
1.343520397177414679e+03 6.787505997667378779e+02 5.235515673907343848e-01
1.612964437959381485e+03 3.947936254915929339e+02 2.982847950975085372e+00
1.635418749868078521e+03 4.592725973028000226e+02 5.957215671916109567e-01
1.496791861298751655e+03 5.149943704595826830e+02 8.416066329331614027e-01
1.640473855157111984e+03 5.176261821633156615e+02 5.258112631435146733e-01
1.423872812169703366e+03 6.037544803677889149e+02 7.232628724615713933e-01
1.612059164429502061e+03 6.001747318557938797e+02 3.295491350589350166e-01
1.487705101017441393e+03 6.415766108553663116e+02 1.524371892256672946e-02
1.588603537151993351e+03 6.732555756205697435e+02 8.028412012505945494e-01
1.347201489403082633e+03 6.785131899576109618e+02 6.115824486037100272e-01
1.615129354121570486e+03 3.946375271987679980e+02 3.286147327444072785e-01
1.635577234145910552e+03 4.583304557481963002e+02 6.250730827539680012e-01
1.641383821119449522e+03 5.160156898158531931e+02 5.404290903013463376e-01
1.733122763139969948e+03 5.375026075535531618e+02 1.981874542833672870e-01
1.612496280036353483e+03 6.003634005450686573e+02 3.383695066041395028e-01
1.683635604384864337e+03 6.268582398266819382e+02 1.104646710551174804e+00
1.781007385047891148e+03 6.313076063138751124e+02 1.780952506325600426e-01
1.587647714565907108e+03 6.705834886759392930e+02 7.926792303325829181e-01
1.709923142484999971e+03 6.821876513192694347e+02 1.655010506652672408e-01
1.752281791446587476e+03 3.862701527878837169e+02 2.806650090737538683e+00
1.928175583596397246e+03 3.867078423118450701e+02 2.811257084045283960e+00
1.858037968224972474e+03 4.210232562521832733e+02 2.428488713525710274e+00
1.956026588663803523e+03 4.659626163156233360e+02 2.415693748271222852e+00
1.732621067688425910e+03 5.376454818061540664e+02 2.714500722352889417e-01
1.842553802335985665e+03 5.537455122141436732e+02 1.039703722721082579e+00
1.884172497102243824e+03 5.900263355349072754e+02 8.829319888504629787e-01
1.681212599350619485e+03 6.245969211084158133e+02 9.482307085986166895e-01
1.779610564772473936e+03 6.302097725224371061e+02 2.290091433280032340e-01
1.909502121717614955e+03 6.377322827376431178e+02 4.024227501037709875e-01
1.713059602107379760e+03 6.793258092102737464e+02 3.552403254245515285e-01
1.857701721556446728e+03 4.212777061265135217e+02 2.469187884910849284e+00
1.952733963450170450e+03 4.661153556029560150e+02 2.450918688846731808e+00
1.840451214135713599e+03 5.533679913133844366e+02 9.773653808257016795e-01
1.883973659908735272e+03 5.896463104392986452e+02 8.220712956180928899e-01
2.010643388254533875e+03 5.920700888246594786e+02 3.054172163947244556e+00
1.908621538805528871e+03 6.381453090279794651e+02 4.152488223753232899e-01
2.008822780692831202e+03 6.798437470967782019e+02 1.991855676653785823e+00
2.082034882912712419e+03 6.832835554577956145e+02 2.073031106129886059e+00
2.134593310995814591e+03 6.769205037551390660e+02 2.383731481054253365e+00
2.008913239286546741e+03 5.912551660196734247e+02 3.129827426170030069e+00
2.079273383166429085e+03 6.825078762542651702e+02 2.031240145808417275e+00
2.004547730580862662e+03 6.758708905185674212e+02 2.068323348460287647e+00
2.142933118887573983e+03 6.803936000098932482e+02 2.400218058529622667e+00
2.259434515840935092e+03 6.711219191539860276e+02 3.003855234164728216e+00
2.574773040338773740e+02 5.484169865191312283e+02 2.501208333763594194e+00
3.356181009300308915e+02 5.491874116909824579e+02 2.377722851690649453e+00
2.572619137866647065e+02 5.505597222214870499e+02 2.503065720627186685e+00
3.352999010805857552e+02 5.505083058116611028e+02 2.338523282108213586e+00
9.574052930201678464e+02 6.222742193512198128e+02 1.364302368185797310e+00
8.962342772261861228e+02 7.296897402817894545e+02 1.953255393452311584e+00
9.648680921726725046e+02 7.346665615016280526e+02 1.358968711514525252e+00
9.846692193694318576e+02 8.114475914075421770e+02 5.932857056022579068e-01
9.571048685928212763e+02 6.222196444783800189e+02 1.365048770518242582e+00
8.961366568274679594e+02 7.296680529063499989e+02 1.968913481366138196e+00
9.640211367161073213e+02 7.351606371754144220e+02 1.354991974750918704e+00
9.834050578497885908e+02 8.096690170518813829e+02 5.715672774401703293e-01
1.184995892890843152e+03 7.313701602797764281e+02 1.355788831805003536e+00
1.240502480928075784e+03 7.551132986371568450e+02 8.977759117115576837e-01
1.273549008271508228e+03 8.082635224064079011e+02 8.590491840807547019e-01
1.427479042280169551e+03 6.006715512116542186e+02 7.182274000665312963e-01
1.487976939185803985e+03 6.404887643430568005e+02 5.982510366890400610e-02
1.344676101576565316e+03 6.777752232298242916e+02 5.116119998514305767e-01
1.498485855433623783e+03 7.452675259478730823e+02 2.638430966360845620e+00
1.239279766458082577e+03 7.557044652339833419e+02 9.526233473704138754e-01
1.273283868709959279e+03 8.076393499859140093e+02 9.306345365899235667e-01
1.373314888581652440e+03 8.016559779439802469e+02 9.703856028218123264e-02
1.461078583492280814e+03 8.558256614828458169e+02 2.222527382736387280e-01
1.426576122674780663e+03 6.019106755672435156e+02 7.804036932015718797e-01
1.614434248089490438e+03 5.989691007047858875e+02 4.313245826641587399e-01
1.488639116398858960e+03 6.400437630086504441e+02 6.396419244034252938e-02
1.590213152485244564e+03 6.682039911480619594e+02 8.343963526157989197e-01
1.653423150083077871e+03 7.388922277249562285e+02 2.640691993407174643e+00
1.498502781967181818e+03 7.460237824578642858e+02 2.684042370675645106e+00
1.588289538620855410e+03 7.500165066683704254e+02 2.368267990021483804e+00
1.369819512022528670e+03 8.045601933554958123e+02 1.576414102084263968e-01
1.552674047058052565e+03 8.106934167830113438e+02 3.095343923235236439e-01
1.460036270916312105e+03 8.565804562712974075e+02 2.636061350082860022e-01
1.613076167262755462e+03 6.004084654839979294e+02 3.922139666435354721e-01
1.683316195318577684e+03 6.264730039052138864e+02 1.125952243153068411e+00
1.778810933471334465e+03 6.301807702677147063e+02 2.899507335498779370e-01
1.588885940486446771e+03 6.683957691385843418e+02 8.440565573856331216e-01
1.709260363563701958e+03 6.784142344310598673e+02 2.693842210727689368e-01
1.655358484914798282e+03 7.395385449855515390e+02 2.710175911511135460e+00
1.586974299375988721e+03 7.499254459058747670e+02 2.361227426702539933e+00
1.747609517467622027e+03 7.485255207940083437e+02 2.674976474315977182e+00
1.550565604164718934e+03 8.108413747727922782e+02 3.178905675019818577e-01
1.675831659545017374e+03 8.192702348174557301e+02 2.620059850214822572e-01
1.844123452032662954e+03 5.517230883574681002e+02 1.051083798911535805e+00
1.880362146985893105e+03 5.877739087214491747e+02 9.746408220108035980e-01
1.679518551496922328e+03 6.246975954537585949e+02 1.013384927161816940e+00
1.778292672353846228e+03 6.298236139023633768e+02 2.651775037349509700e-01
1.907753763256533603e+03 6.360382463729241636e+02 3.648614956087171679e-01
1.707154384805640120e+03 6.803218416930161538e+02 3.180981392901131577e-01
1.827754980694935512e+03 7.087808296496856428e+02 1.671638315623750870e+00
1.953985721535219454e+03 7.130397340249425042e+02 2.729311268726359430e+00
1.896208661945630411e+03 7.395505591851019744e+02 1.807932060309431765e+00
1.746955703234977364e+03 7.494614113883615119e+02 2.750877661662092688e+00
1.953310617238969826e+03 8.097394927540925664e+02 1.770598178807507583e+00
1.834442954398723487e+03 8.116066811313583003e+02 1.416131967430772909e-01
1.673276406328207941e+03 8.213776999944680028e+02 3.937871786433914112e-01
1.786943989127504665e+03 8.549093641833767379e+02 6.892495442335473677e-02
1.880413643107575808e+03 5.864234936232664950e+02 7.508764731366026624e-01
2.010470620532932116e+03 5.923369385234559559e+02 3.107418599988596153e+00
1.907819304155107147e+03 6.372130634917546104e+02 3.905835195093666501e-01
2.008905051953174734e+03 6.786746671269821718e+02 2.036651478636600565e+00
2.082452319027640442e+03 6.837832741568265646e+02 2.113796610988784686e+00
1.951129841226384997e+03 7.126641562129741487e+02 2.800463581386264611e+00
1.895067833180762136e+03 7.393807021966414368e+02 1.780145081482429115e+00
2.065652725160369755e+03 7.664137811171751764e+02 1.918623196950246301e+00
1.951226429498739435e+03 8.092874661172884316e+02 1.772885445572270680e+00
1.836816314498237034e+03 8.104988485893281904e+02 1.458244158438956883e-01
2.010614923422625452e+03 5.915576602505739174e+02 6.529991722412077648e-02
2.006173733195317254e+03 6.777976860436242532e+02 2.006021101190062161e+00
2.080512955638016138e+03 6.827639532087595171e+02 2.024078228903602117e+00
2.142063761605012132e+03 6.792929897946584106e+02 2.376859732643140433e+00
2.259127144950375168e+03 6.719783043306424588e+02 2.998808359706585325e+00
2.064615902605329211e+03 7.657810796062896088e+02 1.874946049119918801e+00
2.204691354725069232e+03 8.377250961215347616e+02 2.957233385032739026e+00
2.133858109242955834e+02 9.446079531869172570e+02 2.841282503317524633e+00
8.428561244717175214e+02 9.836735701324728325e+02 9.433278418610272498e-01
8.960186855206900418e+02 7.281516935748010155e+02 1.991469916089328551e+00
9.644323307251515871e+02 7.333374590081713222e+02 1.426573130814605683e+00
9.848886086987995441e+02 8.081789304654087118e+02 6.045143313060187262e-01
9.479768997839303211e+02 9.044228952889955053e+02 1.419680708176834560e+00
1.004561445702471701e+03 9.264761160374237079e+02 7.065148744906460943e-01
8.451240657860289502e+02 9.828501458159673803e+02 6.602625436457449926e-01
9.947685462685972198e+02 1.008338753666354705e+03 8.557389183485619721e-01
8.952953374763535521e+02 7.313008628636171125e+02 1.988810445379032510e+00
9.643548174901166021e+02 7.311585723146999953e+02 1.417754947585482261e+00
9.842137542127425149e+02 8.075776518778585569e+02 5.752258756727978151e-01
9.480016957391203505e+02 9.035582667108994883e+02 1.438482251755460961e+00
1.002231553505359443e+03 9.252541831499479486e+02 6.641238349001292729e-01
1.082789859127575937e+03 9.531541441099720942e+02 1.200410030261371830e+00
1.125744532752271198e+03 9.864358937258627975e+02 6.668893058943623497e-01
9.932880703749171971e+02 1.005047503361670124e+03 7.876860532937726145e-01
1.186138845793969949e+03 7.295921515394492189e+02 1.379768373763642142e+00
1.241191415131113445e+03 7.545512884259828752e+02 8.941764153402284032e-01
1.275735034914992639e+03 8.051615350076920095e+02 8.193445702899221361e-01
1.270696813646003875e+03 8.748344150044661092e+02 5.209765712440951324e-01
1.299188575537396446e+03 9.321636299260346732e+02 7.155363382363898461e-01
1.081422122595816290e+03 9.543309129962208317e+02 1.264983341942643280e+00
1.126340719708268807e+03 9.815672592772648386e+02 4.796441237453391015e-01
1.236355093636874017e+03 7.539110462366203365e+02 9.237964521761706793e-01
1.498351449529098318e+03 7.427081473492442001e+02 2.634390429701039871e+00
1.272960128846832959e+03 8.072094370799684384e+02 9.105180536616580556e-01
1.373424733586867660e+03 8.014530547809933978e+02 9.214062052119871560e-02
1.463005518894362012e+03 8.512460084744523101e+02 1.486549806610552305e-01
1.268753501145293285e+03 8.749878517358367844e+02 6.182080413982153910e-01
1.392715866676589258e+03 9.161947776346173669e+02 1.933081765977219035e+00
1.491649025323297565e+03 9.126129950125425694e+02 2.899247773150419594e+00
1.297142913141722374e+03 9.334198782989012670e+02 7.727602296369608936e-01
1.653468647576486319e+03 7.363228605223738441e+02 2.696242597718387479e+00
1.498675310859807041e+03 7.452448797845552235e+02 2.769794197775539590e+00
1.589402091003434634e+03 7.485223389631153168e+02 2.462203080596031324e+00
1.369135479930678912e+03 8.021066480944070918e+02 1.512327274650834830e-01
1.551901222368132039e+03 8.097898084479114686e+02 3.367223076315517538e-01
1.460602887095428741e+03 8.524286188146309087e+02 2.324009769211672349e-01
1.588732440025488586e+03 8.903254591900515607e+02 1.717757235943473848e+00
1.391013672104456646e+03 9.141819919101831147e+02 1.881803575221620894e+00
1.487475812161824024e+03 9.114181100604887433e+02 2.930709032233133282e+00
1.650176891994869493e+03 9.279227527294044648e+02 1.258439359533575441e+00
1.534267656923941104e+03 9.770007106267128165e+02 3.740393889138535766e-01
1.585834199284568513e+03 7.504646932767059297e+02 2.413113199879926007e+00
1.656159943146568367e+03 7.394164666432656077e+02 2.777981985295451040e+00
1.749308474378528445e+03 7.487191261120747185e+02 2.767714692380007779e+00
1.551920824176932911e+03 8.091754649531015957e+02 3.170616390755550684e-01
1.676183570019273475e+03 8.180323113004207016e+02 2.760440285784794279e-01
1.791165299464692225e+03 8.513167493220453252e+02 2.750881562209892106e+00
1.588260519513351483e+03 8.918648684368006343e+02 1.753084132054764988e+00
1.750101212696718676e+03 8.914150893631986037e+02 2.034473223061750602e+00
1.648176343387124689e+03 9.251723544013639184e+02 1.186854642918425018e+00
1.706010064092474977e+03 9.254752979711936405e+02 1.811273887367917279e+00
1.536509684845183074e+03 9.807183879234401047e+02 3.504249115439918572e-01
1.578299485282003161e+03 1.021684731197149631e+03 1.484942678272522132e+00
1.827509923744003117e+03 7.079477556134277165e+02 1.596717599568606261e+00
1.962059008269360675e+03 7.111546915922737071e+02 2.446868608657421174e+00
1.896337886754911324e+03 7.389799052876282985e+02 1.766642571058210542e+00
1.749633776718759236e+03 7.501647232443626763e+02 2.843974054841829524e+00
1.952832874391202040e+03 8.099818987260662198e+02 1.780027745168024644e+00
1.835935865985088412e+03 8.092010480556522225e+02 1.097984864498677549e-01
1.674687413640433761e+03 8.191176860655590417e+02 2.956478244783052878e-01
1.790508354845555687e+03 8.539166052132145524e+02 2.852003683363033115e+00
1.750907837806647194e+03 8.928558229192667568e+02 2.181399463317862608e+00
1.704251379659137228e+03 9.280140277803654953e+02 1.888820188331822747e+00
1.838706505263977078e+03 9.692503557918512342e+02 1.985335722482128640e+00
1.955455555273858863e+03 7.126786078926809296e+02 2.833719321856892126e+00
1.895193866123068346e+03 7.411540427673677414e+02 1.769898843872152350e+00
2.065966896112643099e+03 7.679867845090452647e+02 1.942287594472392742e+00
1.951971803846768125e+03 8.100790200112533057e+02 1.775941183081500396e+00
1.836560070300434290e+03 8.091378455414351265e+02 1.034715419496045480e-01
2.127114091504652151e+03 8.799664517546118532e+02 2.063654576106990213e+00
1.835856564333038477e+03 9.686579743342690563e+02 2.031388570367948176e+00
2.064896177981416713e+03 7.680796961318787908e+02 1.949249040554583035e+00
2.203701487516876568e+03 8.378475790811369279e+02 3.008836305791905197e+00
2.124563037691575119e+03 8.780314607149980475e+02 2.002004234018008866e+00
2.122256243021058708e+02 9.418168297498039010e+02 2.756592876672741887e+00
3.171421294785029659e+02 1.175247311145913500e+03 9.212874454693713577e-01
7.921121076484058676e+01 1.177942048021028313e+03 1.332184284898479287e+00
4.125919455583459694e+02 1.099393065211604835e+03 8.096509755271020792e-01
3.156302489039269403e+02 1.174503470328071899e+03 9.142857465269212947e-01
6.636010920599860583e+02 1.063343191553008410e+03 9.612025060887593453e-01
4.111713910296886070e+02 1.098667673088835954e+03 8.754202739858951698e-01
5.616460718740946731e+02 1.090644571986616256e+03 5.032720182300133294e-01
6.940027891966112747e+02 1.109667102276634068e+03 3.111622729970958900e+00
6.426076495143606735e+02 1.160628031519350316e+03 2.713848773747521426e-01
8.485995422942112327e+02 9.799154431206468416e+02 8.460825966098934892e-01
7.941013529112135529e+02 1.046381374214575771e+03 3.536342211054351314e-01
6.626521008511052742e+02 1.063031971690395267e+03 9.816157462366714714e-01
5.627903360982363665e+02 1.091237313481694400e+03 4.279825427037126651e-01
7.033521313480202934e+02 1.106596183145313262e+03 6.048223325331383848e-02
6.464837889643126800e+02 1.156495765802528240e+03 2.261553065633573611e-01
9.494374249873606004e+02 9.024029107359838235e+02 1.559454294739730962e+00
1.000744350396824302e+03 9.248850470292841237e+02 7.533218060571159613e-01
8.462120179559565258e+02 9.819024594651421012e+02 7.723065166693753314e-01
9.946319856962945778e+02 1.002358952123418476e+03 9.123501775248825663e-01
7.917533831226902521e+02 1.047414162229780686e+03 2.904111252992113701e-01
1.013966048021346523e+03 1.067678514907631097e+03 7.987367322143392734e-01
8.925507890892570231e+02 1.074763806842300482e+03 2.850237718116217511e-01
7.103500149200576743e+02 1.106672491101939613e+03 4.428764411256520817e-02
9.486991073606736791e+02 9.014899099522338020e+02 1.513905800385868972e+00
1.002629692610562643e+03 9.251355133888635009e+02 7.337223496153015834e-01
1.083160383339521331e+03 9.530175205265945806e+02 1.270252022739319919e+00
1.126676972269132648e+03 9.819274813086965423e+02 5.472615264940445812e-01
9.939244719933776651e+02 1.002471102028591986e+03 8.485618873867025735e-01
1.124627466020531074e+03 1.034166266929312769e+03 3.034189376891502032e+00
1.013291199051117019e+03 1.066846278333795453e+03 7.449527890032114907e-01
8.929125813907830889e+02 1.074532379518838979e+03 2.454589532028851606e-01
1.268796459168133424e+03 8.730095976865552529e+02 6.065050082020220223e-01
1.299180650141052638e+03 9.311646025607074080e+02 7.452956737281959398e-01
1.081096731946220643e+03 9.522752896046235946e+02 1.207059329759084809e+00
1.125896972957300704e+03 9.814988261225062161e+02 5.555740109012480277e-01
1.122583607462844839e+03 1.035258161823740011e+03 3.125279889598177263e+00
1.252505581601106996e+03 1.141970113976488392e+03 1.937956657507365676e+00
1.333726230177823254e+03 1.175064930063800603e+03 2.533713570589366970e+00
1.265756133384318673e+03 8.718280557221312392e+02 6.409923619610047307e-01
1.392172455483459771e+03 9.139520909795389798e+02 1.896077604684530238e+00
1.487950927650131916e+03 9.071079649069667994e+02 2.850059978749623912e+00
1.296928912270807814e+03 9.321896512354549031e+02 7.577207645423477134e-01
1.357576568897394509e+03 1.054848488242339045e+03 8.693203153651782311e-02
1.485148735776956983e+03 1.058727785288668883e+03 4.180627297665885367e-01
1.397645537634134143e+03 1.123807396423196906e+03 2.535164220153510062e+00
1.250384893182258566e+03 1.143495206786424660e+03 1.846771702201196463e+00
1.339382807610979171e+03 1.180271627009165286e+03 2.587666710244298507e+00
1.589528006659681978e+03 8.903481803896997917e+02 1.777376790823309571e+00
1.390585923262491406e+03 9.149403027647590534e+02 1.980712593681994482e+00
1.489040921870555394e+03 9.111104489729862053e+02 2.964894148686033848e+00
1.646205066066094787e+03 9.285423351337935856e+02 1.234141010820314799e+00
1.535432725075837425e+03 9.755570749624348537e+02 3.230188309700248728e-01
1.581636548829042567e+03 1.024962180442063072e+03 1.363652045122988765e+00
1.353827106679892950e+03 1.056325461525081209e+03 1.184597186036000782e-01
1.483166037224486445e+03 1.059121885454332869e+03 3.829035107582566821e-01
1.606098296494207716e+03 1.117125565038509194e+03 1.618326724141319506e+00
1.509900851082712279e+03 1.121221686110869314e+03 1.161946641170836569e+00
1.394300421907588998e+03 1.125466581110166089e+03 2.590526055496639835e+00
1.587616185006026626e+03 8.897318912377788820e+02 1.730711078396089952e+00
1.752821410291629945e+03 8.928162622434122113e+02 2.262130267302816744e+00
1.648227524858891229e+03 9.247460795873828374e+02 1.145546909134838698e+00
1.705838981180539577e+03 9.267794737979077127e+02 1.906430066688124203e+00
1.533468573249168003e+03 9.763874373465018834e+02 3.067146595767214490e-01
1.580397646539184507e+03 1.025554236508700797e+03 1.315857077024306765e+00
1.712828124801018703e+03 1.032740416817562163e+03 2.558979829826804941e+00
1.665690466855869090e+03 1.061410822704748398e+03 2.430681439384043241e+00
1.604919059144783205e+03 1.116006501161931283e+03 1.575973700174495562e+00
1.508329478206155045e+03 1.117839778800441991e+03 1.101734663648926027e+00
1.751319631590982908e+03 8.941753927015188310e+02 2.224653001433708699e+00
1.706250495536233529e+03 9.270439112077381196e+02 1.842891974570125768e+00
1.839232923357612890e+03 9.681218179769366543e+02 1.960722185299571318e+00
1.712893118946317372e+03 1.033106689644349217e+03 2.570178099694481855e+00
2.130636155163808780e+03 8.795544032247539690e+02 2.257373157867315516e+00
1.836671000148495068e+03 9.688973208507068193e+02 2.072439991305783380e+00
2.123651453360509549e+03 8.773343591660236598e+02 2.100014839985286486e+00
3.162904568898952107e+02 1.174838071592569122e+03 9.108443579502885079e-01
7.759941357146274754e+01 1.187535818276397549e+03 1.467879650443006279e+00
2.433824720239170460e+02 1.284805644328994276e+03 3.037978908315305815e-01
4.112503651672639080e+02 1.099409382233569431e+03 7.146161832981716699e-01
3.152761324019539302e+02 1.174447935165170293e+03 8.274795928664236966e-01
4.994553288759582301e+02 1.196227295671399588e+03 2.109103375081259557e+00
4.227418538435565551e+02 1.252842186276644952e+03 1.589107667462984264e+00
2.420278150243751725e+02 1.284942591838297403e+03 2.599823144580175049e-01
5.258657920842646263e+02 1.321683874215998003e+03 2.258337314609073943e+00
4.552726663858444454e+02 1.333760650037678715e+03 1.667610280510328113e+00
6.686333878604641541e+02 1.071862081180801169e+03 3.087794485808825207e-01
5.618789558228011174e+02 1.091253766956336449e+03 4.698304925742449178e-01
4.078192782762822617e+02 1.097770742425732351e+03 6.803118510633698879e-01
6.493082983804625883e+02 1.154979825507867190e+03 2.144877011520822385e-01
4.982625120613664649e+02 1.195926434271316793e+03 2.069395405381651898e+00
6.235803624176551239e+02 1.214694261950064856e+03 2.496239697179879702e+00
4.208920999923728914e+02 1.254647079228775283e+03 1.542856610017034003e+00
5.623267528072387904e+02 1.256559220456013009e+03 1.510227367478998106e+00
6.138320098235651585e+02 1.317909508399292463e+03 8.230708770203262192e-01
5.245170034651713422e+02 1.327232254655786164e+03 2.180140725856335671e+00
4.522041266724296520e+02 1.332054277789630760e+03 1.577851732336168933e+00
6.983025030642265847e+02 1.107034681390855894e+03 6.167831682496920098e-02
7.965205799428272258e+02 1.043812270333331298e+03 4.215092709872169663e-01
6.649577990238097982e+02 1.066357330163926690e+03 1.061445576806795188e+00
5.618858774173305619e+02 1.088082322966912898e+03 4.713925541223934479e-01
7.024070749996378709e+02 1.105709146212757105e+03 6.793468047171470625e-02
6.500303819699587393e+02 1.153890091897876118e+03 2.409855280749099160e-01
7.545369934646926140e+02 1.207179206181489235e+03 3.253781293276457043e-01
6.231895532174289656e+02 1.214810511462815157e+03 2.424205813090444472e+00
5.605054562565891274e+02 1.252975027965528852e+03 1.542175829831534450e+00
7.133567349758407090e+02 1.314409246878414706e+03 1.479595479997149132e+00
6.139023435846746679e+02 1.314644353863075594e+03 8.260429515548605162e-01
7.914923097010872652e+02 1.043486831960974996e+03 4.132712678836938935e-01
1.012256721897138959e+03 1.064995548390512567e+03 8.172974860914091755e-01
8.949875797710294592e+02 1.073115515404790813e+03 3.637019340470132867e-01
7.120462121517572314e+02 1.104837262936506249e+03 1.957258391230357331e-01
7.550794394185302281e+02 1.205039471693747828e+03 1.961912651896726423e-01
8.734932027341606045e+02 1.241965572575645410e+03 3.129314895324306622e+00
7.191403202513270116e+02 1.275265825041552262e+03 2.030729523221223687e+00
8.945739964576582679e+02 1.322976874683726919e+03 2.679765632882895598e+00
1.124161763435724424e+03 1.031891300155155932e+03 1.747728333446265173e-02
1.012536868226982733e+03 1.065659889272347982e+03 7.704251959240395742e-01
8.923376207069195516e+02 1.072168163290057464e+03 3.192383998347809171e-01
1.092652100307490855e+03 1.235226120450594863e+03 2.154715368404670706e+00
1.176248806133029575e+03 1.250863792953863822e+03 1.428210402823480774e+00
8.694159414593011661e+02 1.242279688097319422e+03 1.880585611256439110e-02
8.895380247945740848e+02 1.323349882444983905e+03 2.793436283605420289e+00
1.100258922109034984e+03 1.322319065673845216e+03 3.087758736022860884e+00
1.121717255417761862e+03 1.033558857718572426e+03 2.741931394145541781e-02
1.251725774972603858e+03 1.139926148918249510e+03 1.910127424243348138e+00
1.341131170100378540e+03 1.177251319971166367e+03 2.634456843043133656e+00
1.091045510823489394e+03 1.234682290627145903e+03 2.183057824656509105e+00
1.174022272078241713e+03 1.250855860589462964e+03 1.324696687615838142e+00
1.252457896067388901e+03 1.249297536327795115e+03 7.896654119637764868e-01
1.329300803173088752e+03 1.299741231112901460e+03 1.071624509151331672e+00
1.251029980307254846e+03 1.300038619197332991e+03 7.367262212779553954e-01
1.099421259811987056e+03 1.323914667817377904e+03 3.033248903885077841e+00
1.359008635286029403e+03 1.053817287592510866e+03 9.063988010506753012e-02
1.483201529854454748e+03 1.056122820062370920e+03 4.470009095020631151e-01
1.397424632282171160e+03 1.122966162659892689e+03 2.574119216625065487e+00
1.250888529711725141e+03 1.140064540860852958e+03 1.897345341565668697e+00
1.338758441164836995e+03 1.176372552966969806e+03 2.637262310962939615e+00
1.251159404981657644e+03 1.250172586144100023e+03 8.163676912079718129e-01
1.384528573357577898e+03 1.289287935899991453e+03 1.813248443390766740e+00
1.324647007192310411e+03 1.300044337161564044e+03 1.126251947913580409e+00
1.248482494944917562e+03 1.298683507780943046e+03 8.329403423996469824e-01
1.580939015698623507e+03 1.026205531952035699e+03 1.267600292804065054e+00
1.360598054958434886e+03 1.052646273531273209e+03 1.718468497672077933e-01
1.484138873211290274e+03 1.057396257801440470e+03 3.976739652210772857e-01
1.605887938572367148e+03 1.112938970281500588e+03 1.595454330344449279e+00
1.511135675776389235e+03 1.118382191651763378e+03 1.114903641989541949e+00
1.397570371833321133e+03 1.123665324594229332e+03 2.609688597296246471e+00
1.584270638881231207e+03 1.277402908995029065e+03 1.733430722269899249e+00
1.381081900669635161e+03 1.289145817738326969e+03 1.851415175613263298e+00
1.578597899734593057e+03 1.027672021175521650e+03 1.209572776555685847e+00
1.714535338633969786e+03 1.030766334967029934e+03 2.619723571537906359e+00
1.666237301023933469e+03 1.060933117302297433e+03 2.454416621509400098e+00
1.605300227096283152e+03 1.114905249742067099e+03 1.587421286990259084e+00
1.509073904767457407e+03 1.118367387358427550e+03 1.107699806036364532e+00
1.583268921017757066e+03 1.279357861958101466e+03 1.757773797761819745e+00
1.712841112231910756e+03 1.035271891224513638e+03 2.675452036748939388e+00
1.670492813845628234e+03 1.065034594698151750e+03 2.392081695433511346e+00
7.165842676965911551e+01 1.191696249370781516e+03 1.337513922695371837e+00
2.431430616093948629e+02 1.284665653104690591e+03 3.782015131643242101e-01
3.485688639585340525e+02 1.362408392159171854e+03 2.920883608681113408e+00
1.555522140957107240e+02 1.421004759102011803e+03 1.693075895065709657e+00
5.022116221362221040e+02 1.200928996370921595e+03 2.193811277457268449e+00
4.223830233237194989e+02 1.253541408239096199e+03 1.525791671515163594e+00
2.403889932752309733e+02 1.284648420873557143e+03 3.357133564500099365e-01
5.285112193065548354e+02 1.329469448359358012e+03 2.151985064882384613e+00
4.544018832277553201e+02 1.335028739393182150e+03 1.546044184401775601e+00
3.459856523330597611e+02 1.362014233111440490e+03 2.968138378253926124e+00
4.974529685482548302e+02 1.468324219462409474e+03 2.222200908399980079e+00
4.980088603579159781e+02 1.196318610834028050e+03 2.126511225710280506e+00
6.244134269292267163e+02 1.212440065395328929e+03 2.584655476829998300e+00
4.195897218574522185e+02 1.251320169358125440e+03 1.602507670879098178e+00
5.611064245011800722e+02 1.256638578449307943e+03 1.408801857428013449e+00
6.123614515927142747e+02 1.315217927337356286e+03 7.300841021994263214e-01
5.252251569789721088e+02 1.327541645745191090e+03 2.160544811545910715e+00
4.534371216951083170e+02 1.333606970529116097e+03 1.551206025867781113e+00
6.317703704659277264e+02 1.390267958540763630e+03 2.734444837036970721e+00
4.961626895147667256e+02 1.468813216121642199e+03 2.312691997343127692e+00
6.353763655136625630e+02 1.457044263134547691e+03 2.568135237434614471e+00
5.861878495565204048e+02 1.494230463978428361e+03 2.734747882911306327e+00
6.220412951315795453e+02 1.214367528454807598e+03 2.500764538731833575e+00
7.470284748475164633e+02 1.220173866842916823e+03 3.244565618765530846e-01
5.594142810227569953e+02 1.250893413083261294e+03 1.420841254384126229e+00
6.108242212258488735e+02 1.315839014993880028e+03 7.865805707290660642e-01
7.152998554320317908e+02 1.303965262506302224e+03 8.448058138709618747e-01
7.923047416639294624e+02 1.364017523022506566e+03 1.492095610461973365e+00
7.061340572530165218e+02 1.363431909142447466e+03 1.328034101464888872e+00
8.575283634939780768e+02 1.385626199869332140e+03 6.396277603434621373e-01
6.301612108210917995e+02 1.391981412117613218e+03 2.581934816890630646e+00
7.185160035250730743e+02 1.400694757577311520e+03 2.371227307312556487e+00
6.331063067194450014e+02 1.456210590415565548e+03 2.636911605398795544e+00
7.335755334693419627e+02 1.487188187908438977e+03 2.177470367276846730e+00
7.966453210634772404e+02 1.483311927061009555e+03 1.881410918194530879e+00
5.887214209683256740e+02 1.501533680838611872e+03 2.092677301933843381e+00
7.517432297030294421e+02 1.231669076319397618e+03 2.915160756417505716e+00
8.732295760313688788e+02 1.240746167887193224e+03 2.124463783413325577e-02
7.170947060155303916e+02 1.284197271777648211e+03 8.184443732448619668e-01
8.929487933706070635e+02 1.320284333131187168e+03 2.832112161587904797e+00
7.898230948999588463e+02 1.362451069920572309e+03 1.461346459674364606e+00
9.792867479855499369e+02 1.359773088440244010e+03 5.355469993217321090e-01
8.550644946996977751e+02 1.383217423898939160e+03 7.705353509954390168e-01
7.150571408045208273e+02 1.401923089396080968e+03 2.390914577388608020e+00
8.806997391247668929e+02 1.431962518572119507e+03 6.475555475667641447e-01
1.003954630040914253e+03 1.443240145862770532e+03 2.954185183949112670e+00
7.959207973673213701e+02 1.483571101812545294e+03 1.881435211005024533e+00
7.308090043963437665e+02 1.486895078182215229e+03 2.145485116690660554e+00
9.171397031301967218e+02 1.501292663003315283e+03 2.685915516577269013e+00
1.091447875804426303e+03 1.232992958781384687e+03 2.154203294027097648e+00
1.174785859293079056e+03 1.251144679929433778e+03 1.349930703727020065e+00
8.711212251241663580e+02 1.239601433930784424e+03 3.106861712155325694e+00
8.907718236735586288e+02 1.319597757223620420e+03 2.858784650421462903e+00
1.102595792976687108e+03 1.320240332639061080e+03 3.057024936687349204e+00
9.767282547186034662e+02 1.360515151815150148e+03 5.100894948927400252e-01
1.112769689297227842e+03 1.399995779889849473e+03 9.904894483766173430e-01
8.784612039668679699e+02 1.431062475658535732e+03 5.799388131820361059e-01
1.004322623774528893e+03 1.445072798791182777e+03 2.996128654050485451e+00
1.172733056503842590e+03 1.491162421434362841e+03 2.292889514424153674e+00
1.020496134753816023e+03 1.500941396507981381e+03 2.852857334902294095e+00
1.088713377854903911e+03 1.231349586530369379e+03 2.236240730751159589e+00
1.174926804520458973e+03 1.248405767892045333e+03 1.368102184934168353e+00
1.253199813937202862e+03 1.249186720075481389e+03 7.767261705491607104e-01
1.326840662234893898e+03 1.297083989337461389e+03 1.096995318298341404e+00
1.251995245145032641e+03 1.296534439159346903e+03 7.268332219153887941e-01
1.099884780179954987e+03 1.319961522347115988e+03 3.024371435376032036e+00
1.110731911211761144e+03 1.400766073913388709e+03 9.149419641920890633e-01
1.213387723505466965e+03 1.407174819461371271e+03 1.435423847828577459e+00
1.280068512167116978e+03 1.486556041960864150e+03 2.822220919684788054e+00
1.252553773017788899e+03 1.247958320882500175e+03 7.481907502125519915e-01
1.384109029026373719e+03 1.288114982666643755e+03 1.864762959484566718e+00
1.325423002162066950e+03 1.297864145549422346e+03 1.044433043810598871e+00
1.250809688054281651e+03 1.297609127196397367e+03 6.966176269570429902e-01
1.418970831244331976e+03 1.388373269883820058e+03 1.535344136758336475e+00
1.476538231328717529e+03 1.392852537013023721e+03 2.154140041933488625e+00
1.211473349504846510e+03 1.408569569054987824e+03 1.368623021348907454e+00
1.349944035604976307e+03 1.427709815804424125e+03 1.922990619337948681e+00
1.284694625481630283e+03 1.484707638138865605e+03 2.967428492663918504e+00
1.584214086240951247e+03 1.274923051975367343e+03 1.711836540874296153e+00
1.382689107191506082e+03 1.286797496544264050e+03 1.831165805863285145e+00
1.544077767736190253e+03 1.378455398476887240e+03 1.493973263085485836e+00
1.417494573588886624e+03 1.388308693243430753e+03 1.471021123254450780e+00
1.473839804364177326e+03 1.390912978809810284e+03 2.128823127399867232e+00
1.346877479569144953e+03 1.426608780230323646e+03 1.979430812404231688e+00
1.648943617954369529e+03 1.439575149565299853e+03 2.295503261394280958e+00
1.582933829580246538e+03 1.275257576809533703e+03 1.720643586477235809e+00
1.543275526945440561e+03 1.378199236713756136e+03 1.514234063707127209e+00
1.648690509450291302e+03 1.441836949394439216e+03 2.367912077367637202e+00
3.498319382526011623e+02 1.360131550916656806e+03 3.040101414268489677e+00
1.555003601516897902e+02 1.419395828393262263e+03 1.692811615288535299e+00
3.449738920987900883e+02 1.361754230691197336e+03 3.016738613656856138e+00
4.973003206777364085e+02 1.467367707759094174e+03 2.257493328282794920e+00
4.738596582750726611e+02 1.535397214429549194e+03 2.338697668747228953e+00
4.733550154544717543e+02 1.614109090881104748e+03 2.930419642398748969e+00
6.363799758437206719e+02 1.394738375333096201e+03 2.858716354394490011e+00
4.965623649584149462e+02 1.468278093562496679e+03 2.235356856038317463e+00
6.365606760210255288e+02 1.458301062384044144e+03 2.586781363135247869e+00
5.886433202170571803e+02 1.494947882364846691e+03 2.680257570660145472e+00
4.726114218769012041e+02 1.533890769176433423e+03 2.252245091820723299e+00
6.868898372892396083e+02 1.562129821431063419e+03 2.244526128060058578e+00
6.052376124557035837e+02 1.555905519432615165e+03 2.816477209781764746e+00
4.710351383180641278e+02 1.612347691356030737e+03 2.915632137551664282e+00
5.880887254513604603e+02 1.625322820609240352e+03 2.977403073774900655e+00
7.106287250194305898e+02 1.379789395150119617e+03 1.316908638785802221e+00
7.983907262679462065e+02 1.365749498148675457e+03 1.274692124971305685e+00
6.279058130111997116e+02 1.388941380201692255e+03 2.605613117854127303e+00
6.335820952672321482e+02 1.456485397580107701e+03 2.573241506049357419e+00
7.962908139344513074e+02 1.484379020535929158e+03 1.836284830141013957e+00
7.337379544473540136e+02 1.488556256390839735e+03 2.167510797782870036e+00
5.877534287215413542e+02 1.493953349246795369e+03 2.765838155938675325e+00
6.843928491050961611e+02 1.561533686929461965e+03 2.287269444096597937e+00
6.027734010534804838e+02 1.553814646220783743e+03 2.763561539284689950e+00
5.833635164970260121e+02 1.625906763346166599e+03 2.913025524893258389e+00
7.948315467973832256e+02 1.637407921130994737e+03 2.756888798855761546e+00
9.754355140478655812e+02 1.359853669221029577e+03 6.249851294676599389e-01
7.903986867252306183e+02 1.363273424628812336e+03 1.640873172922533874e+00
8.539889176459281543e+02 1.384342724473412318e+03 8.268795441574893212e-01
7.173047683216615269e+02 1.403544021362779858e+03 2.445159155885764157e+00
8.789113382694545180e+02 1.429947134276930683e+03 6.968064979355784727e-01
1.004774395069688580e+03 1.444773582471245845e+03 2.941867859382855332e+00
7.329028489707279732e+02 1.489296316312961608e+03 2.172912992014555122e+00
7.952762273690229904e+02 1.484591365587672044e+03 1.816190715933875932e+00
9.219889081690448620e+02 1.501545191552383130e+03 2.823376082360768535e+00
1.020115357105563817e+03 1.493686121300890363e+03 2.892086356199431663e+00
8.894988616564335189e+02 1.541392022533271529e+03 3.632805232359863079e-01
9.753820802898233069e+02 1.587847887163831956e+03 3.136418214030429308e+00
8.775716610368453985e+02 1.594189538767498334e+03 1.637118550611908196e-01
7.926690204081837692e+02 1.640932813356292399e+03 2.755386333553406342e+00
9.086869454251886964e+02 1.658494948286867157e+03 7.765674316778634623e-01
9.766062753787446127e+02 1.357184817146157457e+03 5.805847474184272494e-01
1.112031070285389205e+03 1.398931120656434814e+03 1.032144734205472369e+00
8.751000006993881470e+02 1.430233711645901849e+03 6.443191667013797863e-01
1.004656587157174499e+03 1.446165145964160047e+03 2.881543826968948174e+00
1.171459883311737713e+03 1.506075497670632558e+03 1.772919904388806200e+00
9.249023740405950775e+02 1.502373868642656134e+03 2.780904301601357709e+00
1.111226631572110364e+03 1.509439809697159944e+03 2.174268123942862285e+00
1.020614705902808055e+03 1.497053573325352545e+03 2.796772599406914139e+00
8.866004675207168475e+02 1.542541235400992036e+03 3.545569959377216640e-01
1.072024907772103234e+03 1.563205020140601846e+03 1.436561876909378255e-01
9.749403881472023841e+02 1.587252885438437715e+03 3.103981444671947809e+00
1.136846651475206272e+03 1.621338624455736635e+03 3.139551509405654972e+00
9.054538600594898980e+02 1.656945070174186867e+03 8.133046139952629927e-01
1.111254391334023694e+03 1.399577892886754853e+03 1.008239315494396493e+00
1.213151939523955889e+03 1.406466380356006994e+03 1.441563023718756220e+00
1.286694602083782684e+03 1.483998065262581122e+03 2.930000960912670482e+00
1.168404677006115435e+03 1.506366068966017565e+03 1.780070672020133582e+00
1.108609234453612316e+03 1.509142665233577873e+03 2.319171610849739995e+00
1.248061160284858261e+03 1.520300230013790497e+03 2.396738264541490970e+00
1.070858392699931073e+03 1.563678973631911049e+03 1.458036867338686204e-01
1.247144961439164490e+03 1.593834747145939673e+03 2.097911155289857998e-01
1.136932009221354065e+03 1.618887575186779486e+03 6.749782133674546436e-02
1.329099787860402103e+03 1.642447801919593985e+03 1.094626171528649161e+00
1.233446580157486324e+03 1.652300828434739287e+03 7.679191349718588189e-01
1.420166590189636281e+03 1.385779145312416631e+03 1.484509748894640602e+00
1.478175683869381146e+03 1.394603111795622453e+03 2.214090993765357229e+00
1.209429954918825388e+03 1.407272383253507314e+03 1.371545260184220627e+00
1.350383693366665966e+03 1.427180717568354794e+03 1.944249117992449483e+00
1.286161629329216794e+03 1.482905902284594958e+03 2.955181982417369291e+00
1.437872221131918650e+03 1.509906916992287506e+03 1.718351234661937177e+00
1.247210506195151083e+03 1.521741513019723698e+03 2.579805676018066318e+00
1.355523973253516260e+03 1.540834899594473882e+03 8.876253187075606732e-01
1.389743525756310419e+03 1.603384158257425952e+03 1.388899595975372936e+00
1.246456295372347086e+03 1.595901241674128869e+03 1.221013187775178699e-01
1.322026469514583596e+03 1.643098024543484371e+03 1.093846018657193664e+00
1.476481387215816085e+03 1.655893039889349666e+03 2.229296005362247701e+00
1.234483370946191599e+03 1.642767748717441009e+03 8.733997788666723050e-01
1.544051840473232460e+03 1.377422565626344067e+03 1.496626309648520614e+00
1.417836716834635354e+03 1.386289511815436072e+03 1.470835888211744713e+00
1.474062842015469414e+03 1.389711580427177751e+03 2.112587641915106396e+00
1.347823201491592044e+03 1.429688235733632155e+03 1.840546071892721125e+00
1.652322653514605918e+03 1.441319197430825398e+03 2.397774437827102201e+00
1.437628294912704632e+03 1.509051010255670008e+03 1.643880523900664636e+00
1.598540065889332936e+03 1.518131560758384239e+03 2.363173055506058606e+00
1.353187261645288800e+03 1.540859942065723544e+03 8.606220702223996710e-01
1.388577014438769538e+03 1.603787041218483409e+03 1.279809199935640018e+00
1.476862785721854380e+03 1.659819973713931631e+03 2.271929128547200083e+00
1.542021455086447759e+03 1.380837868767374630e+03 1.446338301020097195e+00
1.648477899200191132e+03 1.442172301942492368e+03 2.341760326265044156e+00
1.597097256503868266e+03 1.518256581882786577e+03 2.319652930233620847e+00
1.707804498015289710e+03 1.594884140050409769e+03 2.166259009540492109e+00
1.706162263710208663e+03 1.595323758165321351e+03 2.203652122452622208e+00
4.752174693598665272e+02 1.532482099527457422e+03 2.399352274071848257e+00
4.721091431100273894e+02 1.612554763803557307e+03 2.926175582557598354e+00
4.726966066886431008e+02 1.533821760885459980e+03 2.273393927303679618e+00
6.042436396348491598e+02 1.555045094759547737e+03 2.813990302319602677e+00
6.890302956277250814e+02 1.562314889771476601e+03 2.222312452080116962e+00
4.713646403802160876e+02 1.612898828962629750e+03 2.896480592922303643e+00
5.880678419939497417e+02 1.626140785304525025e+03 2.964700199221788957e+00
6.023965857751518342e+02 1.550228467832909473e+03 2.795386785053948664e+00
6.869315387285230372e+02 1.561821620151927846e+03 2.202534306887690807e+00
5.869813055346079409e+02 1.624454277103600589e+03 2.960596310527674024e+00
8.000327536225490803e+02 1.639098220684941225e+03 2.781251196293699213e+00
7.099715877141908322e+02 1.664229892584295385e+03 2.392080282781386291e+00
8.075734510298786972e+02 1.704588805694468192e+03 2.653533099807244611e+00
7.454348040672400657e+02 1.749636723594491514e+03 1.206392505199478660e-01
7.879824041516466195e+02 1.819201418661728667e+03 3.076765813591301191e-01
8.883999657674603441e+02 1.539712634194207567e+03 4.795431774752043075e-01
9.752001384635404975e+02 1.585522757598768294e+03 2.095628074322349391e-02
8.759429076682224604e+02 1.590813217124362154e+03 2.682309361167387607e-01
7.974565417824441056e+02 1.638900066624160900e+03 2.677296398874464689e+00
9.100363745309603019e+02 1.652840268469359899e+03 8.203003573559071171e-01
7.060801255260181506e+02 1.663765013210192819e+03 2.383388816986441672e+00
1.021323798381979486e+03 1.677195322001771274e+03 2.660869270871385250e+00
8.040769569681937128e+02 1.703849514520295543e+03 2.475073586763635980e+00
9.306632831413458007e+02 1.724640658944291090e+03 1.752089115095673555e-01
7.411694374900069988e+02 1.749973754749680211e+03 1.249037493221698825e-01
9.249000859655184286e+02 1.818063006506199144e+03 2.128788181861265727e+00
7.875908997826707036e+02 1.818798529501624671e+03 2.745962154828114898e-01
1.114497491734313598e+03 1.509448556100258656e+03 1.348503853928749052e+00
8.924892319074979241e+02 1.536539817541067805e+03 2.581910210859891031e+00
1.070215887502472015e+03 1.560907831686582767e+03 1.834129502780479926e-01
9.740653702813910968e+02 1.585430423662530075e+03 3.117372963835664645e+00
1.137529255143491582e+03 1.617761758980038621e+03 1.043863853308926865e-01
9.078346279255083573e+02 1.653656660932091427e+03 8.569064289313171878e-01
1.095529317029821641e+03 1.673198622262070103e+03 2.508501315839624546e+00
1.021993236144107641e+03 1.677768447326560590e+03 2.716584468284853227e+00
9.286447413796479395e+02 1.725021478507549546e+03 1.596049332009353561e-01
1.048621705538957031e+03 1.747143203356949925e+03 1.144149376741008389e-01
1.155806408654904772e+03 1.776730689529886149e+03 1.925422850859155322e+00
9.221372217749751599e+02 1.819522734153782721e+03 2.154308745192044405e+00
8.751006252641341234e+02 1.588828010280399212e+03 3.013138453095811631e+00
1.120701311644985708e+03 1.508040432423104676e+03 1.567982491974076353e+00
1.248371776359518208e+03 1.519177692062412461e+03 2.305083777160441993e+00
1.167248090646692390e+03 1.506542684967201694e+03 1.741038065390099199e+00
1.068524312389860370e+03 1.561062988633315854e+03 1.155408913190062864e-01
1.246879154954599016e+03 1.591411272688390909e+03 2.252925870673405384e-01
1.136650636987709959e+03 1.617969016271166311e+03 5.516220332612889465e-02
1.324933806263898077e+03 1.639935772533210184e+03 1.164483825113058257e+00
1.232721690179900179e+03 1.649977331179683688e+03 7.728765832726306462e-01
1.094098631857925739e+03 1.672996152658367691e+03 2.580295821177752025e+00
1.290259968768723866e+03 1.729462237653706097e+03 9.342519915445604006e-01
1.194995856283410376e+03 1.749291889943333445e+03 2.206343254864311376e+00
1.043804384377334827e+03 1.748209150303393244e+03 3.742062091198664064e-02
1.153588705576057691e+03 1.779759347807656013e+03 2.015196833646348828e+00
1.246140470453959097e+03 1.523676387594463677e+03 2.560313542808679177e+00
1.438230474606540383e+03 1.509388817795784917e+03 1.787439449282159254e+00
1.355300344194518857e+03 1.539130905425264700e+03 9.575898836457056307e-01
1.389760814303113875e+03 1.601091191638166947e+03 1.440131928820018947e+00
1.246965526176950789e+03 1.594291314783186635e+03 1.003752181038834596e-01
1.322880647204050319e+03 1.639648834962826186e+03 1.142807273986213401e+00
1.230680847505033171e+03 1.650386029384168523e+03 6.050355680398936675e-01
1.478032116146325279e+03 1.660262970042632560e+03 2.264402306644965446e+00
1.363809502882068273e+03 1.727091602051454402e+03 1.299447431720189838e+00
1.290064460775449561e+03 1.728549315565663846e+03 8.570634795625886593e-01
1.193257584171959934e+03 1.747917632656274691e+03 2.340024591353651928e+00
1.436976719311312081e+03 1.506747343130641639e+03 1.744351095002150798e+00
1.600597725205849429e+03 1.516543664294180871e+03 2.384217191160471039e+00
1.354023838538729933e+03 1.536253915460526741e+03 9.126052167690551498e-01
1.390260214120392448e+03 1.601193504371660765e+03 1.354676997733936128e+00
1.477009802284695070e+03 1.658447382036613135e+03 2.262817995547788730e+00
1.363274573179627851e+03 1.726860739191394714e+03 1.229029962464505799e+00
1.573181941121023556e+03 1.732455529893781204e+03 2.156077348878115973e+00
1.596349226766065158e+03 1.515491434973827154e+03 2.389005798715822859e+00
1.707774483299448548e+03 1.592563340969178171e+03 2.195786629383040811e+00
1.571878512199320994e+03 1.732573416480638798e+03 2.112818639253323028e+00
1.674090276321885085e+03 1.813858459659581285e+03 1.481636844434376821e+00
1.508551918144829870e+03 1.813662503325922216e+03 8.165692896128263767e-01
1.706274678979079454e+03 1.593435321646199100e+03 2.199505675108649694e+00
1.673334980383602897e+03 1.804825920592207694e+03 1.507218164150823991e+00
8.075004556584087823e+02 1.704140711817940428e+03 2.564811310662058030e+00
7.443425957338445187e+02 1.750204269105826143e+03 7.183346120434019877e-02
7.903110902668372546e+02 1.815876890455459034e+03 2.385330102043164424e-01
1.017530116325513291e+03 1.670024864666387657e+03 2.450919733912945375e+00
7.156532636897716202e+02 1.673504489887324780e+03 2.422095819868702371e+00
8.056673661149013697e+02 1.704663713066374385e+03 2.591185353258984581e+00
9.317758272941437099e+02 1.725905827153925429e+03 1.938510345227256459e-01
7.428540751255144414e+02 1.749621983450584821e+03 3.338832054188064363e-02
9.258206934662453023e+02 1.817167688508289757e+03 2.183284089232194969e+00
7.889637354861877157e+02 1.815777833640076551e+03 2.065918276828241640e-01
1.019381793044759888e+03 1.674250281496517118e+03 2.746081652531026762e+00
1.098485211398076217e+03 1.673553373158148815e+03 2.553549284244889250e+00
9.302027173175638382e+02 1.725030692149335664e+03 1.757729877639830351e-01
1.048805484100555759e+03 1.748198879492080550e+03 1.121384568384258124e-01
1.153542238872184271e+03 1.779587246492892518e+03 1.963951851223266765e+00
9.246022306084050797e+02 1.816461593880204191e+03 2.197171821845308237e+00
1.048958983405625759e+03 1.829973590084885927e+03 6.336852348160374460e-01
1.096099275527507643e+03 1.673770926938624143e+03 2.547391580061098448e+00
1.290174670502991603e+03 1.728453271741097296e+03 9.364088602752637103e-01
1.197147072654292060e+03 1.745704139819324610e+03 2.254995855372960989e+00
1.044003191508432792e+03 1.745692732346627054e+03 3.127375198527780675e+00
1.151842340823836366e+03 1.780269746669168171e+03 2.033887533093100330e+00
1.338618679485954317e+03 1.825577877686422198e+03 2.307518491735686350e+00
1.046237878200054183e+03 1.830413583941681964e+03 5.743682600558961404e-01
1.219906310943713834e+03 1.850545771080388477e+03 1.089707692295745822e+00
1.279332512338400193e+03 1.851978740200654329e+03 1.690145648545220647e+00
1.324394855562294879e+03 1.921227648938678158e+03 4.840236658947266735e-01
1.222169876672609234e+03 1.974056775307030875e+03 1.122368789952475909e-01
1.363801048341528485e+03 1.726081400650168462e+03 1.295170578025105046e+00
1.289844880297711370e+03 1.727822604809210816e+03 8.622256760912246909e-01
1.195006810125080847e+03 1.745985145135658740e+03 2.357412251496703970e+00
1.335832507617089050e+03 1.824843816958623165e+03 2.352212126639658951e+00
1.410581353383787246e+03 1.838246109088903040e+03 2.108258690359423593e+00
1.501482745207461903e+03 1.824076498315194613e+03 9.417171628270523120e-01
1.219926831115931464e+03 1.849759764986753908e+03 1.003223853270259536e+00
1.277332667012516595e+03 1.850608192470173663e+03 1.736036940264982453e+00
1.449046877612363460e+03 1.929151566409458610e+03 1.109780067798078473e+00
1.326864130151094287e+03 1.918335773424461877e+03 3.819133543496762706e-01
1.371265015369994671e+03 1.942345788762890606e+03 1.094328274538483914e+00
1.225241191512878459e+03 1.972475886724390421e+03 1.352938237651043485e-01
1.362355140360002906e+03 1.725209712424783447e+03 1.240239099845824811e+00
1.572684605386914200e+03 1.731373674027037623e+03 2.164326347005375517e+00
1.499875069747799216e+03 1.822108085276935071e+03 8.811858392121039163e-01
1.410719001151586781e+03 1.837116760986157487e+03 2.095321446753499295e+00
1.448665603646681348e+03 1.924029563346545729e+03 1.029169590329770401e+00
1.526896684185376444e+03 1.925954178652978499e+03 9.342288645732383934e-01
1.371210466812326558e+03 1.939896154112566364e+03 1.043067099603578907e+00
1.572126064209102651e+03 1.731191067203642206e+03 2.172207034732450470e+00
1.674539838008241077e+03 1.810490152816804084e+03 1.598546490545039944e+00
1.526803009562465149e+03 1.924791235998153297e+03 9.843894516543124640e-01
1.672000991336709149e+03 1.811845785381250153e+03 1.671706071331800825e+00
1.047702599498260724e+03 1.829554769606097807e+03 6.212478337151311480e-01
1.079305520014750755e+03 2.047065212945485655e+03 2.033643530703284963e+00
1.046532633661637419e+03 1.827105619761522803e+03 6.510847152950431926e-01
1.278960947053413520e+03 1.852700802522293543e+03 1.622905562212035635e+00
1.218531447240857915e+03 1.850740552844201375e+03 1.111260148783936641e+00
1.323803370293579064e+03 1.918085126590058280e+03 4.943183124863319566e-01
1.221731626317089649e+03 1.969774597095311492e+03 1.483605474877121577e-01
1.077871472216599841e+03 2.045766391574321460e+03 2.014933598023536110e+00
1.290387000598871055e+03 2.061175855928248893e+03 7.295975496225594048e-01
1.328349048290118390e+03 2.100285941158013884e+03 9.854275446100290159e-01
1.277816272998700697e+03 1.848638140810290452e+03 1.790696074018648165e+00
1.411471305336510795e+03 1.837843699432770791e+03 2.083757080559270669e+00
1.493501973174885507e+03 1.833824516315223946e+03 1.166420920665254490e+00
1.214752078179869613e+03 1.851874753330909471e+03 1.110912548054037163e+00
1.448019676791701386e+03 1.925324464710650773e+03 1.117866317478368288e+00
1.325306249315460036e+03 1.917193902855672150e+03 4.413265463072940653e-01
1.371409477339786008e+03 1.941126597663371740e+03 1.190876942949729456e+00
1.221547517734853500e+03 1.969381434913684188e+03 1.075203017913610587e-01
1.409965629904073012e+03 2.008817039580624623e+03 6.139743422703908271e-01
1.496093519129626429e+03 2.027598755794793760e+03 1.044793869496809302e+00
1.290586667185515807e+03 2.060677616294039581e+03 7.269842284742470406e-01
1.327098696816014126e+03 2.095790866941689728e+03 9.863128810958901038e-01
1.410914955293120101e+03 1.839201420414078484e+03 2.093967086426764546e+00
1.448894317363883829e+03 1.923856524286252807e+03 1.093645461434368693e+00
1.526731263443601165e+03 1.925447595041547174e+03 9.806740164472327326e-01
1.370218422665648177e+03 1.939152537399537323e+03 1.191985713953610304e+00
1.575660527222992187e+03 1.992777678107598604e+03 1.962138765696830767e+00
1.409794098477686475e+03 2.008751990602557726e+03 5.492215866011358472e-01
1.494018424565004807e+03 2.025044221453252248e+03 9.836174535317073753e-01
1.524050757570394353e+03 1.925870033304791377e+03 9.584032640251421986e-01
1.575419119426060661e+03 1.993431389363763628e+03 1.954123098155827298e+00
1.079500351840681105e+03 2.043847498948398879e+03 2.064258014301756372e+00
1.077771299990295574e+03 2.046216356212514256e+03 2.044808405033413212e+00
1.291346470032462321e+03 2.059807182679034668e+03 7.304113207321166756e-01
1.327720751264032970e+03 2.095854812286283959e+03 1.017200661382399396e+00
1.409713670935855816e+03 2.009407150248993730e+03 5.976729474620191551e-01
1.492577536681339097e+03 2.028485392035279347e+03 1.056244293677069512e+00
1.289476805528445084e+03 2.059575175666808718e+03 7.586481315399845604e-01
1.327797360586714149e+03 2.095704420717721860e+03 9.966898538935226037e-01
1.577279522726752475e+03 1.995896003743987421e+03 1.986500903192619516e+00
1.409620168587335002e+03 2.007368030362195896e+03 6.658582639901839961e-01
1.493912581684460747e+03 2.025464921996826433e+03 1.033493386491412869e+00
1.575743837954756145e+03 1.998185261786980845e+03 1.970251325332192271e+00
