1.703955462259065712e+02 2.860632414344075869e+02 2.221817012888633869e+00
1.593707338544895038e+03 3.581818524918546700e+02 9.345426206661672230e-01
1.705566064519083284e+03 3.331462526994866380e+02 3.867798158841008749e-01
1.594837458175841448e+03 3.569844387704433757e+02 9.326481105759512058e-01
1.706736733627714102e+03 3.324552125090277741e+02 4.287990767251778634e-01
1.700695947446670289e+02 2.836934473325611634e+02 2.176068738034988570e+00
1.217470338163385577e+02 4.539988582710701621e+02 7.116691271253180462e-01
2.238627555345826750e+02 5.016884484774209341e+02 1.851704055122265213e+00
9.922950344192545344e+02 4.978304554233066028e+02 1.662031120406944007e+00
9.915725778883588646e+02 5.020672967345731195e+02 1.734553295953135343e+00
1.593916583735222730e+03 3.571092235246278506e+02 9.083391963770029998e-01
1.634673320647878427e+03 3.969389314960401407e+02 3.543418823006716512e-01
1.647460655735198316e+03 4.566653918941117354e+02 4.007400548840255317e-01
1.515859895028727806e+03 4.936371452568607765e+02 8.899086550000715468e-01
1.621565305518508694e+03 5.318860481150579744e+02 4.876039234670810907e-01
1.704112977917987564e+03 3.330945699714426382e+02 3.551387137008192862e-01
1.594239555545401799e+03 3.579164500980380126e+02 9.607212041565301730e-01
1.633954657137922368e+03 3.970512590391169852e+02 4.493484811328960493e-01
1.781511602477539100e+03 4.016111865279162885e+02 2.632609396279621539e+00
1.650984419850323775e+03 4.550568930105916934e+02 4.558158432385255865e-01
1.519501939922331303e+03 4.909261621869652572e+02 9.714605899959330992e-01
1.624079781292243752e+03 5.295231140758264701e+02 3.731513284450669321e-01
1.704438862232888141e+03 3.328074352390343051e+02 4.462413426916964632e-01
1.781169182392154426e+03 4.014004926627138730e+02 2.709182574062293902e+00
1.940253008421125742e+03 4.100659692436663590e+02 2.956418534748662008e+00
1.886678764216393120e+03 4.505451981504979813e+02 2.354544705818772510e+00
1.979561861730693636e+03 4.975128338659521887e+02 2.249697284563153765e+00
1.938911408618348560e+03 4.105390859469877114e+02 3.028891480584401830e+00
1.885471548963209443e+03 4.512224818389217944e+02 2.420838169104222004e+00
1.981262763384710524e+03 5.024722302360080448e+02 2.340998079780612251e+00
1.225753374686139523e+02 4.535005787900649921e+02 7.366992583022095031e-01
2.238833134552550064e+02 5.010331065104663821e+02 1.778835118978281837e+00
3.410527862302688504e+02 5.789935137879558624e+02 2.537078533665210411e+00
2.888194057933815202e+02 6.105479001910134684e+02 2.195993793407885697e+00
3.399072663671955752e+02 5.792496123894096627e+02 2.574421612829489003e+00
2.880345112618948633e+02 6.105990583760909658e+02 2.200906607564310224e+00
9.917350476923043061e+02 5.005459743095628937e+02 1.720269254821311877e+00
9.489071534972699737e+02 5.982896664456037570e+02 1.697885964546760551e+00
9.915558015703884394e+02 5.001996353397785242e+02 1.703317031138767534e+00
9.485749849252952117e+02 5.981800275264308766e+02 1.698429763282605087e+00
1.441319028595099780e+03 5.824400772725772413e+02 9.544999074673556905e-01
1.488004985424703591e+03 6.378657025834211254e+02 2.066485150833407072e-02
1.368225187851649935e+03 6.644397633980963747e+02 3.843820622074005655e-01
1.623548627691615138e+03 3.894560139340042042e+02 2.608100891296390444e-01
1.648319363065953667e+03 4.546089832801906141e+02 1.213838567895820120e+00
1.516744456181078021e+03 4.929529693906730472e+02 9.126826662430237436e-01
1.624902511097097886e+03 5.270748977980163090e+02 3.336193020021980815e-01
1.439640658219736906e+03 5.843600462164185956e+02 9.936799314225955859e-01
1.619723347371466843e+03 6.035189755939813949e+02 4.082457096070395974e-01
1.492195610861530895e+03 6.371588557529819354e+02 3.024556890969838374e+00
1.370473251367623334e+03 6.646664548431488129e+02 5.107862562959416541e-01
1.589119882471411302e+03 6.747933964322198790e+02 6.905536813892024783e-01
1.632809528841235988e+03 3.924406794792594155e+02 2.721708933569774724e-01
1.781210246339293008e+03 3.997414346489676973e+02 2.604731999354351846e+00
1.650788187949337043e+03 4.537130873087735381e+02 4.569630864400119896e-01
1.514467174568563223e+03 4.917433560843236364e+02 8.491357386427397236e-01
1.624801564761163490e+03 5.266992465603520941e+02 3.534722823202068320e-01
1.743930082083034677e+03 5.488617372971608575e+02 2.859926819624799776e+00
1.619572502969490642e+03 6.032014516723072575e+02 4.303024137785507186e-01
1.689177293402977057e+03 6.273593186885249224e+02 1.100539572396190824e+00
1.775498026230673076e+03 6.422589570258451204e+02 2.084805183545239970e-01
1.587061071237945725e+03 6.728506725491160978e+02 6.745927857836200303e-01
1.704799506725737956e+03 6.876444077936034773e+02 2.989515859254022079e+00
1.779895707890911126e+03 3.998480664658745809e+02 2.672507659243406497e+00
1.940092534170959880e+03 4.086244341500657811e+02 2.932521447351334132e+00
1.886405614676770256e+03 4.476489249079970705e+02 2.343254247694098069e+00
1.742868297388454948e+03 5.490391627966170063e+02 2.966958301317474955e+00
1.851605445026726102e+03 5.641595147793246952e+02 1.181307587086009026e+00
1.893059509329418688e+03 5.996422990973850347e+02 6.352244206001300686e-01
1.688329520611234329e+03 6.248298983725338758e+02 1.037207573489324242e+00
1.775912179584466003e+03 6.398534368268967683e+02 1.814444675592915002e-01
1.913829524471393142e+03 6.456171780437313146e+02 3.866259533239677637e-01
1.717475358676139422e+03 6.843164519006274986e+02 2.386245647461559538e-01
1.937276010331158886e+03 4.094285217050007759e+02 2.987013380390502792e+00
1.884766831140057775e+03 4.479972347514747071e+02 2.408489751551127878e+00
1.980269555914633656e+03 4.999902167707100489e+02 2.330441056336804095e+00
1.849349514004972207e+03 5.638504264040931275e+02 1.139043724941992908e+00
1.891900704220428452e+03 5.975239537924130673e+02 6.325686223729457547e-01
2.009570677127007912e+03 6.106258176827461739e+02 2.913560228270356323e+00
1.911011047084226902e+03 6.459671307587758520e+02 4.103277341084202723e-01
2.002403062292324194e+03 6.969616713181048908e+02 1.934320058224668903e+00
2.127705031590099225e+03 6.923270862877720901e+02 2.303791034326733378e+00
2.008792451025074570e+03 6.104195408047403362e+02 3.023136083318840317e+00
2.133989237552582836e+03 6.950407111595563947e+02 2.463427200104958192e+00
2.272862963043652144e+03 6.858251875616836060e+02 2.749629392801033578e+00
1.998297287416949985e+03 6.884547540669168484e+02 2.162122653083532242e+00
3.420993162752152443e+02 5.790183790079012169e+02 2.544363958123232017e+00
2.883470567067944330e+02 6.100500007934559790e+02 2.206781198169662339e+00
3.395817472719465400e+02 5.784923112212009073e+02 2.592323540363532963e+00
2.879373795148486010e+02 6.098233426323508866e+02 2.173288737284653660e+00
9.486733348868649500e+02 5.978551116878340963e+02 1.738189777298876804e+00
9.042548189391357027e+02 7.183248829457564852e+02 1.757488280037244444e+00
9.750023364680150735e+02 7.195717466566248959e+02 1.272140767017870155e+00
9.928737971733205541e+02 7.889751031080734265e+02 5.279290593829966127e-01
9.486821284083316641e+02 5.980020988244626778e+02 1.706681009215051281e+00
9.041205024314388083e+02 7.181749980369700097e+02 1.756151458120641440e+00
9.745761016263463716e+02 7.198507406187358129e+02 1.268508456876784374e+00
9.917404853513044145e+02 7.877466215627883912e+02 5.207573593591791061e-01
1.207707596908063579e+03 7.108142283484236259e+02 1.355378020945535056e+00
1.246068961187296736e+03 7.489639637996062902e+02 9.176023773939531170e-01
1.283116570940304882e+03 7.914253960930678886e+02 6.005123698984596858e-01
1.442266090670185349e+03 5.804767285607641725e+02 9.726284589884035547e-01
1.491467524137222881e+03 6.356965506673245727e+02 3.086879235270826083e+00
1.369112419573858233e+03 6.636871228142749715e+02 4.022120871846692758e-01
1.207341843994720421e+03 7.107110302728797251e+02 1.387206883344734631e+00
1.245310859183622370e+03 7.501767888970844069e+02 9.873440211739610284e-01
1.493631701153814902e+03 7.456661667952170092e+02 2.664957948983401437e+00
1.281853317457836965e+03 7.916779282609791153e+02 6.389850458239519915e-01
1.380621171708287648e+03 8.088628390786454929e+02 3.065828240052624665e+00
1.441405808133481969e+03 5.834339572680368065e+02 1.032950555764369893e+00
1.621741687352407098e+03 6.009526762951946921e+02 4.678503564710367324e-01
1.492070401016044116e+03 6.356801430004908298e+02 3.050758970746052956e+00
1.368258129538567118e+03 6.636272361507100186e+02 4.867785336129511475e-01
1.589815645642954223e+03 6.701842830432930214e+02 7.371515592213460089e-01
1.643957458084303653e+03 7.447599539135271698e+02 2.571335346065174221e+00
1.492047686346266346e+03 7.451125532465682682e+02 2.683478574314622556e+00
1.581698837849797428e+03 7.533681367781488234e+02 2.467704575040743809e+00
1.376811530370632681e+03 8.106395388152971009e+02 3.135608541113005021e+00
1.546151169866581085e+03 8.116828351118324463e+02 2.570398094088440777e-01
1.656796327130688496e+03 8.308358692477755767e+02 2.024914616847351967e-01
1.620410635030794538e+03 6.022205651567746827e+02 4.727455245545506557e-01
1.687890040934956914e+03 6.274773157335896485e+02 1.072624474912313497e+00
1.775351351713011809e+03 6.397641017429222074e+02 2.244922536749317798e-01
1.588759883347187724e+03 6.704618987874537197e+02 7.549692242316923263e-01
1.707890527027480402e+03 6.833945677075278127e+02 1.812511016730523894e-02
1.646146238042765845e+03 7.454812168936348371e+02 2.684123651615391459e+00
1.580810779942619320e+03 7.532769869106701890e+02 2.500830746240304769e+00
1.732215014234834598e+03 7.521423600373958607e+02 2.538379757185339258e+00
1.546256828007389004e+03 8.122079772386902050e+02 2.433179835119613776e-01
1.810401029676991584e+03 8.308716552324781333e+02 5.455544624528201325e-01
1.664627851115023077e+03 8.272420019552142776e+02 1.975536812088247718e-01
1.744363904706870244e+03 5.478230296611677659e+02 2.994764886947454574e+00
1.853127525660958327e+03 5.615893606062616072e+02 1.216941795283319472e+00
1.891720519063118445e+03 6.011473893846259671e+02 6.844603631807109068e-01
1.684426761136105597e+03 6.257158581637031602e+02 9.460366013652801165e-01
1.775615361017134092e+03 6.393177681145732549e+02 1.796766817598682842e-01
1.912053260011544808e+03 6.441176326895504189e+02 3.177737322638635176e-01
1.707584427812200602e+03 6.852429749795821863e+02 8.763449539264749066e-02
1.821210201718730787e+03 7.214179740744029914e+02 1.590762708673121528e+00
1.883663287332104119e+03 7.443757882465763487e+02 1.686672380522259873e+00
1.949930069241852834e+03 7.297714036039415078e+02 2.497246760212065375e+00
1.731309993163695253e+03 7.534231783652021477e+02 2.625587828957192116e+00
1.935820336719621537e+03 8.234344334334725772e+02 1.800014060301481145e+00
1.813362445225895272e+03 8.238121609697631129e+02 8.317469727060039508e-02
1.850683030646914858e+03 5.600609824391821121e+02 1.035752343649161578e+00
1.888031126007209423e+03 5.942708905477287544e+02 5.605094339811890203e-01
2.009422227610645677e+03 6.111000588564630789e+02 2.976158367903099844e+00
1.910992010177755219e+03 6.451508450301425910e+02 3.705247931684898521e-01
2.002550417152585851e+03 6.974502821907099133e+02 2.015646518005419274e+00
2.077447410566046983e+03 7.052569522501933079e+02 2.031788304965255865e+00
2.137430426765448829e+03 6.962758510166008818e+02 2.502384205039959841e+00
1.882242452654090357e+03 7.449077178104435006e+02 1.639919561834837447e+00
1.947490258250023089e+03 7.297825358299654681e+02 2.536373758804441714e+00
2.057562829146451804e+03 7.909005831720080550e+02 1.940138285707619703e+00
1.934772128332322154e+03 8.248527329823392620e+02 1.793244722587260975e+00
2.008382422359013617e+03 6.108195065302591047e+02 3.034039792648099976e+00
1.999272025742453479e+03 6.966338910040960855e+02 2.000119434750881275e+00
2.136361236295559138e+03 6.948791041712737524e+02 2.387585254379973598e+00
2.269782661939844729e+03 6.864446404425259516e+02 2.825492666685230247e+00
2.075323960831973636e+03 7.047173074187467137e+02 1.970138818602388708e+00
2.056503142870677493e+03 7.907469061177361027e+02 1.908535666133607700e+00
2.221086549921352344e+03 8.376185067192300266e+02 1.211531270226027107e-01
3.114718793991537495e+02 9.886228577777778810e+02 2.878002756939719742e+00
3.110134483911784855e+02 9.893494573112495800e+02 2.885162904160650132e+00
9.037447310375678171e+02 7.167191720714276926e+02 1.810397732747601296e+00
9.735845876758398845e+02 7.218666961098292632e+02 1.350865958551566548e+00
9.919181588907904370e+02 7.861111647000360563e+02 5.511867035298402273e-01
9.464850680153786016e+02 8.927033712603695221e+02 1.542506388220256319e+00
8.682892391810471509e+02 9.164663227961946177e+02 1.138201198204642051e+00
9.864660438178066215e+02 9.151065584639313784e+02 5.800026429127681515e-01
9.910964588398078376e+02 9.840522290747085208e+02 7.707144283109894634e-01
9.027837550084443592e+02 7.178611345463509679e+02 1.821311852700411960e+00
9.746801351702201828e+02 7.156205646712211319e+02 1.350460903676964808e+00
9.927751277771212699e+02 7.856524363616809978e+02 4.858736867296142847e-01
9.469406113875793380e+02 8.922919845630228792e+02 1.590621258822651152e+00
8.671778790146975098e+02 9.157659319857002629e+02 1.212199507874890392e+00
9.872054118866938097e+02 9.138871118932568152e+02 5.617656793053560360e-01
1.079134745022106017e+03 9.293653473833946919e+02 1.263061858025583239e+00
1.123373805620158009e+03 9.666914888991075259e+02 9.569433355086630621e-01
9.914407497299616807e+02 9.805351250836342842e+02 7.289810850488536165e-01
1.208406049055921585e+03 7.111521768320509409e+02 1.439264288032675143e+00
1.246065637060003382e+03 7.480139855690035802e+02 9.469857572705066007e-01
1.283737405098902400e+03 7.902613009809068672e+02 5.347122384595128786e-01
1.278358289122347287e+03 8.634885193666027590e+02 3.514297351302674288e-01
1.077546368974918551e+03 9.300819953542459189e+02 1.304221086900918758e+00
1.301862560317750194e+03 9.215369173282686006e+02 4.455116755398812467e-01
1.122354706654454048e+03 9.643228677085623985e+02 9.417012862098609327e-01
1.203499299242654160e+03 7.121176920081945809e+02 1.125751018379287371e+00
1.242822907713288942e+03 7.458970441276295560e+02 9.760592382020680802e-01
1.493892398515935383e+03 7.443644757540832870e+02 2.660258000140547363e+00
1.281944133305785499e+03 7.907747983541077019e+02 6.211802821363422433e-01
1.381328406481099137e+03 8.085638740807239628e+02 3.065171679741883093e+00
1.475906124167595863e+03 8.630502358898902457e+02 1.955224238130688907e-01
1.275834137855734298e+03 8.642615021701296882e+02 4.064922160209212265e-01
1.391632136002437392e+03 9.153597401685763089e+02 1.597701389066641164e+00
1.477938443078207911e+03 9.125120905410026353e+02 2.694393349339843979e+00
1.299913253246462546e+03 9.221397949411575610e+02 5.028879506160319757e-01
1.646413175833118885e+03 7.433323982463873563e+02 2.656689545648147632e+00
1.492644269273259397e+03 7.447465226231458928e+02 2.768931801262147552e+00
1.581429125093960465e+03 7.522466536260508292e+02 2.608526183799726006e+00
1.378035080895892861e+03 8.085784509465986503e+02 3.124981753578064847e+00
1.545939993056003914e+03 8.108151387389108322e+02 2.653582857793647665e-01
1.472901356949606679e+03 8.636565928027106338e+02 2.914044388348381309e-01
1.583669372402547197e+03 8.887581644101342135e+02 1.706240240026702271e+00
1.390149183473888343e+03 9.140186410189185153e+02 1.569148828108374305e+00
1.478042909818965200e+03 9.138041001940193837e+02 2.713422325054508200e+00
1.642542451577001884e+03 9.400163815896585220e+02 1.346391029387580263e+00
1.534001838417655563e+03 9.832570432990896734e+02 5.804553442982712808e-01
1.647752591346406462e+03 7.454959590310030535e+02 2.768888768160989500e+00
1.579301296982416261e+03 7.529627742321915775e+02 2.613325154537648132e+00
1.733779722015319294e+03 7.537021770299967329e+02 2.622075239538485203e+00
1.545719894746538102e+03 8.104765266402768020e+02 2.584261651540020188e-01
1.811348168803682711e+03 8.268902848976075575e+02 1.146648954001673104e+00
1.665842372101919182e+03 8.266313514515431962e+02 2.075843462785210980e-01
1.772517055104026895e+03 8.630549634413714557e+02 2.767565245206375035e+00
1.582506220889598808e+03 8.908389120086033017e+02 1.711604397449120185e+00
1.641172828787868639e+03 9.372177324280039556e+02 1.242621559561791766e+00
1.742666020141424269e+03 9.050251364480520806e+02 2.014575953361226190e+00
1.690019090323724413e+03 9.469284823847349344e+02 1.834722846355602233e+00
1.533568074639940050e+03 9.866228455334307910e+02 6.615679867679803428e-01
1.820614574873758329e+03 7.200754033831423158e+02 1.502196761318933982e+00
1.884014482825801906e+03 7.443063726139075698e+02 1.642648417254360504e+00
1.954028752393131981e+03 7.299520275876805044e+02 2.495625855710279506e+00
1.735049581541022462e+03 7.546779888624876094e+02 2.718697710671356127e+00
1.936317204819055405e+03 8.256504295000296452e+02 1.803336036338609283e+00
1.814640081959217696e+03 8.217222000602630487e+02 6.860935166511326899e-02
1.666647870240884231e+03 8.273803985192325854e+02 2.499606298139137317e-01
1.755391407961243658e+03 8.903502177175512315e+02 2.197397046178109825e+00
1.686521069874681643e+03 9.477159973752739006e+02 1.944996779432720313e+00
1.823196513377459269e+03 9.762213221868669280e+02 2.001519730810838560e+00
2.079538360811214716e+03 7.065805867605257617e+02 2.057607301323227667e+00
1.882869801154655988e+03 7.456413067141082820e+02 1.643457072279268516e+00
1.949015778076247898e+03 7.308088711262334982e+02 2.529931383399006695e+00
2.058220585889005179e+03 7.930692880282422266e+02 1.966838649475864953e+00
1.935435555949220088e+03 8.257469723723770585e+02 1.778443009414713671e+00
2.112445352502459173e+03 8.990035297884141983e+02 2.012867205511403412e+00
1.999100860705080777e+03 7.065270406142797128e+02 2.640051392931214380e+00
2.075761614493171237e+03 7.074165875915133483e+02 1.959471857433167985e+00
2.056602337495334268e+03 7.925479033460254641e+02 1.977062986078381046e+00
2.219923975451275965e+03 8.371076991982320123e+02 1.425118271523496682e-01
2.111030640425335150e+03 8.985175761971736392e+02 1.999259462818784749e+00
3.130174035596159570e+02 9.871048251884742513e+02 2.792689946918270216e+00
9.410795398206477103e+01 1.137666186164352439e+03 1.385714745157884176e+00
3.097535257959787600e+02 9.861943072407577802e+02 2.757013129338082624e+00
4.657437680127634394e+02 1.061561971153955028e+03 7.998934198978175925e-01
4.863362245058837061e+02 1.156910250969258868e+03 2.326101104371479877e+00
4.633487310857263992e+02 1.062197063941279112e+03 8.071206465061188107e-01
6.128928297403565466e+02 1.073636439919614531e+03 4.694964860264125850e-01
4.867112741911766989e+02 1.161172270506025370e+03 2.276729120774345194e+00
8.516359587175480783e+02 1.015999021609565261e+03 6.094442972481060039e-01
6.106329016470787110e+02 1.074400321226758479e+03 4.766601554100211025e-01
7.164657660511015820e+02 1.071361939372339066e+03 4.311233578086101081e-01
7.635904106004702498e+02 1.104735679775773406e+03 3.668837011463364495e-01
7.312394754453309815e+02 1.166024906074140063e+03 3.140429375847841875e+00
8.399897234236873373e+02 1.172021928403183892e+03 4.573393152528584249e-01
9.656034585520262681e+02 9.040360505355151872e+02 1.626311403281911261e+00
8.696459550143781598e+02 9.141522337740439070e+02 1.230417549355831808e+00
9.928026110496148249e+02 9.790538084787251591e+02 8.799698391950767640e-01
8.506666936900899145e+02 1.017528622280259015e+03 5.714690289183222971e-01
8.992822934185842314e+02 1.055318568030345887e+03 8.854833608209969342e-02
7.218538247783387760e+02 1.075700580174791639e+03 1.558957017481897300e-01
7.627387334803448766e+02 1.105427171008115010e+03 2.793343749592400171e-01
7.309946020924935510e+02 1.167369640015844197e+03 2.886737201726620849e+00
8.449716421339514909e+02 1.168251323391006963e+03 2.169719616215652624e-01
9.743137688449992311e+02 9.062401866313944083e+02 7.800063878963479080e-01
8.664960260084249057e+02 9.142460147750221040e+02 1.198948573798717776e+00
1.079295848051368921e+03 9.288344575311625704e+02 1.303468988015033636e+00
1.122863591686672635e+03 9.636767900264769651e+02 9.250104644402863396e-01
9.914851803016697431e+02 9.795233141953592622e+02 8.223106978313242665e-01
1.026231303195125292e+03 1.035381308226753845e+03 8.143732492143148649e-01
1.136098787184053208e+03 1.025443962651691209e+03 9.712986689043537347e-03
8.989326635957538656e+02 1.055430120124864516e+03 8.349229429861482199e-02
1.077484817824868060e+03 9.271012900108139547e+02 1.282273916375647582e+00
1.302184173840679250e+03 9.191835275632035973e+02 4.592817242026465685e-01
1.121986743011592353e+03 9.628806535557241659e+02 9.060248625649875986e-01
1.132925971349795418e+03 1.025749967040171668e+03 5.322493733392306275e-02
1.240376127141896404e+03 1.125594430830383544e+03 1.910105343802248168e+00
1.330733990505258362e+03 1.181153845019299297e+03 2.484890846424561595e+00
1.391322513527968567e+03 9.123634890032237763e+02 1.554683415720027551e+00
1.476679846778199362e+03 9.071841318316137404e+02 2.672887030900905181e+00
1.299616669955731595e+03 9.207425197942359318e+02 5.089442306887441703e-01
1.353739381166454677e+03 1.064255980857328041e+03 3.574306014741582826e-01
1.466264383421893172e+03 1.066409582531401611e+03 5.829397598127221691e-01
1.238359913796217825e+03 1.127122503205673183e+03 1.822044704803303050e+00
1.501199661614885827e+03 1.120153061611605835e+03 1.337530886209232772e+00
1.397268703487728772e+03 1.138608810558565438e+03 2.415830307281636280e+00
1.583358935095796141e+03 8.900956405631479811e+02 1.777326419132331692e+00
1.389024391776889161e+03 9.119489189807111416e+02 1.628999390160603022e+00
1.478989240202245355e+03 9.147584278316433029e+02 2.794552895109313262e+00
1.640521663577868821e+03 9.389981645427169497e+02 1.217193415715767113e+00
1.534813573983374681e+03 9.818341963669186043e+02 4.840637076040888442e-01
1.567844999404169585e+03 1.036258445778552414e+03 1.420323135570710882e+00
1.350181499790147200e+03 1.065849558100561353e+03 3.276193805195423692e-01
1.465406974946133005e+03 1.067174547237910019e+03 5.089414311173329208e-01
1.654267927764568640e+03 1.072580682289102924e+03 2.545818084816447335e+00
1.498634551527737131e+03 1.120878045749150033e+03 1.374678248683341097e+00
1.593805175877332204e+03 1.135707820574893276e+03 1.730822995917174145e+00
1.394072913907872817e+03 1.141083007597417463e+03 2.489314088948826775e+00
1.582234883437050939e+03 8.890509950999842204e+02 1.700389619010364894e+00
1.640152804283615524e+03 9.369049957925785748e+02 1.197372788546881228e+00
1.744279114902122274e+03 9.061882554021433407e+02 2.163164770303585893e+00
1.691120692524663127e+03 9.461112553250893598e+02 1.903015561558012436e+00
1.532239237511988676e+03 9.823207218761879176e+02 5.106451885597866891e-01
1.566543489504429317e+03 1.037048782087818381e+03 1.353106209989847875e+00
1.700226793173462966e+03 1.047363356382029224e+03 2.457089595812155469e+00
1.651002410392375168e+03 1.071530248894495571e+03 2.576110973837233864e+00
1.592310569666580022e+03 1.134515379323211164e+03 1.666583379239433338e+00
1.743999905369091493e+03 9.102267080097126382e+02 2.140545813676097531e+00
1.691297695953261837e+03 9.468530920838788916e+02 1.876423762636070247e+00
1.823806759302977071e+03 9.754374279057813055e+02 1.974067217481853653e+00
1.701298961844991936e+03 1.048782134275215412e+03 2.434298697127506905e+00
2.114217947707083113e+03 9.006707654542317414e+02 2.109874738836607921e+00
2.110530150282411341e+03 8.974353408002878041e+02 2.061611243330955467e+00
9.330022259909878812e+01 1.142098712235067751e+03 1.348391694411492203e+00
2.854220465860763625e+02 1.185436600195020674e+03 8.054101163441609312e-01
2.647439013450663765e+02 1.270494969572103400e+03 1.369506775773935148e-01
4.660064382678774564e+02 1.060616390716797468e+03 7.120141534997449506e-01
4.902928523321131706e+02 1.162510858898645893e+03 2.338128595107466623e+00
2.839890934294124918e+02 1.185502753064981789e+03 7.365993188066292108e-01
4.199315031233893478e+02 1.212668263897481893e+03 1.680748413979382461e+00
5.283453099268472215e+02 1.274116982925036837e+03 1.988471970289266144e+00
2.605266175140123437e+02 1.271049115170751065e+03 1.505187515640187823e-01
4.566073522569331544e+02 1.298399821804730436e+03 1.353018308385051105e+00
4.631161241603787175e+02 1.061376292109049245e+03 7.439570016668302088e-01
6.127426863243379103e+02 1.074234412107325397e+03 4.033884871571634112e-01
4.883427981261008881e+02 1.161749010164701531e+03 2.321882656385999777e+00
6.405800262394704987e+02 1.187384415839618441e+03 2.615274129388421631e+00
4.187788519132024021e+02 1.212947006079115454e+03 1.675868123540138921e+00
5.722716801769822723e+02 1.220776733474446246e+03 1.506737702369359999e+00
5.260146060830643364e+02 1.276591171261947466e+03 1.991804871569978097e+00
6.123686682363223781e+02 1.288572991918469143e+03 6.442031224560237357e-01
4.558930985878748743e+02 1.298080296764240074e+03 1.320145883446824486e+00
6.134931031298727930e+02 1.072373779762223194e+03 4.099109590231032052e-01
7.207493540731062467e+02 1.072278957117974642e+03 2.862994943697650396e-01
7.634154626814118956e+02 1.103459513997065415e+03 3.291563981759229041e-01
7.330898989015627194e+02 1.163899632579953959e+03 8.661391101141276139e-02
8.452720830866404640e+02 1.167060704098586257e+03 2.764264236243461625e-01
6.389490382533922457e+02 1.186609757414119031e+03 2.548292703828720640e+00
5.715888787751819109e+02 1.218198045832137268e+03 1.526743226597022884e+00
7.994298237597316756e+02 1.212345627378908830e+03 2.376487678977327711e+00
7.426406103883375636e+02 1.243874703340276255e+03 2.460119426153675626e+00
6.099798196077807688e+02 1.289540392286181032e+03 6.811212497524918863e-01
7.250729622815532593e+02 1.280011995726431223e+03 2.797135036298409094e+00
7.992515053342046940e+02 1.323371851745257572e+03 1.153251165144201673e+00
1.021296932928616570e+03 1.036614472263244124e+03 9.000015208554872359e-01
9.014185914686322576e+02 1.054252446437228173e+03 1.398253193078493883e-01
7.244629784713130221e+02 1.075203906858135269e+03 2.377090863201853366e-01
7.645006716577372572e+02 1.103694535100602025e+03 3.609177496954631414e-01
7.315640550537760873e+02 1.163699794218492343e+03 3.243271267938097058e-02
8.480557381162630008e+02 1.166500549544419982e+03 2.563423615728451788e-01
8.000008065429257158e+02 1.214905489371232534e+03 2.344426589504660541e+00
9.007519135405773341e+02 1.217687187347446525e+03 3.375051775557594835e-01
7.395537626859554621e+02 1.245519751859297912e+03 2.429233692898044694e+00
8.898235163199901763e+02 1.302947069561595981e+03 2.684618913549107422e+00
7.974294923000823019e+02 1.321967286981358257e+03 1.175305758548386148e+00
9.774216210395691178e+02 1.337253621392775585e+03 7.831149445175428214e-01
7.188575314884614045e+02 1.280925261157115074e+03 2.043603389285406635e+00
7.125172064603877971e+02 1.306889587072360200e+03 1.921903051304583165e+00
1.026174384451523565e+03 1.032071063376964958e+03 8.830646109051527581e-01
9.004529953343346733e+02 1.054440971838841961e+03 1.702520425811957228e-01
1.090315185793310093e+03 1.227248684582284113e+03 2.282665887169791130e+00
9.018075008421506027e+02 1.217587214641614764e+03 3.298097873731817287e-01
1.176427059251476066e+03 1.235168347975368761e+03 1.351976494250855199e+00
8.875746675617954224e+02 1.304689834960799999e+03 2.668339603730502940e+00
1.099557679290036504e+03 1.311672983510885842e+03 2.371601256279763648e-02
9.737796066842506661e+02 1.337393710283345854e+03 7.509529927454563492e-01
1.239924332779876522e+03 1.122807312887021453e+03 1.844471002362969569e+00
1.087991072798606183e+03 1.226383464091364885e+03 2.318927154598374951e+00
1.174367215043268061e+03 1.233730298446443840e+03 1.248328674404312277e+00
1.251162368756443811e+03 1.240224430933187023e+03 6.621598168053348665e-01
1.239710044422919736e+03 1.293231757096753881e+03 6.767338318567344135e-01
1.311036924337293158e+03 1.310509366079645133e+03 1.063532000417372725e+00
1.095196636715436853e+03 1.312970223366012533e+03 8.945523103367972184e-02
1.356074637799303900e+03 1.062603077424654202e+03 3.421042647727965957e-01
1.467482258785000340e+03 1.063966799485053798e+03 5.332652975055134359e-01
1.238975465344869235e+03 1.122781915416479478e+03 1.879974286076940171e+00
1.501244297262770033e+03 1.119143118425470448e+03 1.381638021746775857e+00
1.397053224305004278e+03 1.137717227853855547e+03 2.459118034324215163e+00
1.341794309229321698e+03 1.186094334659503374e+03 2.628939939826285599e+00
1.249819799836410311e+03 1.240442857263972655e+03 6.465550271768755186e-01
1.382917281654039471e+03 1.301677769219620586e+03 1.784192055953705891e+00
1.307701480092857310e+03 1.310259423630447600e+03 1.064729656043469586e+00
1.236958106431978649e+03 1.292379682549657446e+03 6.521095296372410033e-01
1.567943575908431740e+03 1.036191632624857448e+03 1.329165389570344802e+00
1.466604688215219312e+03 1.065174606829579716e+03 5.561588008651160431e-01
1.354382679298100811e+03 1.061560507816574500e+03 3.983913637869100910e-01
1.655830453116834406e+03 1.069683673168213545e+03 2.575475503761221585e+00
1.499298631633717832e+03 1.118456946858176480e+03 1.308897673232078729e+00
1.593517298804935308e+03 1.131385268421724504e+03 1.680442793917432009e+00
1.396691151006667724e+03 1.138196873461594578e+03 2.518090702478140042e+00
1.380365354705354548e+03 1.299336234811845998e+03 1.837777646550862620e+00
1.581117807384935986e+03 1.302863608011117776e+03 1.805503870398413424e+00
1.565276582013827465e+03 1.038479243030073121e+03 1.286837262587455566e+00
1.702007302702641937e+03 1.046754864220134550e+03 2.478263450018532765e+00
1.651746386369996799e+03 1.070938825295374954e+03 2.567651767907001226e+00
1.592655237422846767e+03 1.132703326407241093e+03 1.667565013630800674e+00
1.579911081439058989e+03 1.304693659098456692e+03 1.811990540220956847e+00
1.707876232054864431e+03 1.055256205434798403e+03 2.424102654007230573e+00
2.639699371807375314e+02 1.270008087332751529e+03 1.686741613241581061e-01
3.688740797745916780e+02 1.356498362272345958e+03 2.932166607824682192e+00
1.618375882104374455e+02 1.400001045993620664e+03 1.520416124341988917e+00
4.196396773789019790e+02 1.212671135730392052e+03 1.661711857030082617e+00
5.290985085693216661e+02 1.278300612390076822e+03 1.999070393048201888e+00
2.615201904876356025e+02 1.270109066048726163e+03 1.888649643639243036e-01
4.566019979549898835e+02 1.297520015654495410e+03 1.317644945837130876e+00
3.654444235147487916e+02 1.355814242593095969e+03 2.978192583288432616e+00
4.939580088785755834e+02 1.450587685439904590e+03 2.208670632683777058e+00
4.614746548179263073e+02 1.500404633019273660e+03 2.381808766220041118e+00
4.168176962105995926e+02 1.214501490163487233e+03 1.659896234961068195e+00
5.722852898909468422e+02 1.219938638046912274e+03 1.448912612306917147e+00
5.262300624214349227e+02 1.275516197826271082e+03 1.961733480041869537e+00
6.124766637159301581e+02 1.287522179074512906e+03 6.461552997685739985e-01
4.559481338185236154e+02 1.296328304529455863e+03 1.290068684249525699e+00
6.373168722104421704e+02 1.369024262521229275e+03 2.816721890110672089e+00
6.296609594040394313e+02 1.429222875639364247e+03 2.857332396196436086e+00
4.929289951463122179e+02 1.450855616494063497e+03 2.226168958785471830e+00
5.782019566065341678e+02 1.467809767862669105e+03 2.628287311830288075e+00
6.396062641324026572e+02 1.186613476104967049e+03 2.493883321558892252e+00
5.685828688376076343e+02 1.221346718208163793e+03 1.462260968099548641e+00
8.008966211931890484e+02 1.216113238949908691e+03 2.559468111109076904e+00
7.414288283419214167e+02 1.241627775977175816e+03 2.370162852972783174e+00
6.107246532238759755e+02 1.287858171507982433e+03 6.892833692384051636e-01
7.978849676261518198e+02 1.321821485518962845e+03 1.090747049312953187e+00
7.092850995876804063e+02 1.356116603567410493e+03 2.416993281605305022e+00
6.354016228329012392e+02 1.369482349905682668e+03 2.729200144145224272e+00
8.534938253542768507e+02 1.356091587955242630e+03 4.177405602173567822e-01
6.269105696337970812e+02 1.429639201998462795e+03 2.835282955461991605e+00
7.342995436567414345e+02 1.457285722064144693e+03 2.206526898015485738e+00
7.826460760115454605e+02 1.456455612174029511e+03 1.627689227061187349e+00
5.742913070906502071e+02 1.469087114667523565e+03 2.515308016464777641e+00
7.280151937363428942e+02 1.277561326515912469e+03 2.877464268378156831e+00
8.007883997474569924e+02 1.215693996273725361e+03 2.420940612499734801e+00
9.021831663694345025e+02 1.216647237237235004e+03 3.411600519916251906e-01
7.375016601356022647e+02 1.245482518152957709e+03 2.555059242397528685e+00
8.885816856503874988e+02 1.303161239228457589e+03 2.677783424677206980e+00
7.969016997471737795e+02 1.320950888589237138e+03 1.124932079425329468e+00
9.763408113037196472e+02 1.334338961204128509e+03 7.422655768343117133e-01
8.557479179122037749e+02 1.355644530924690343e+03 4.857313793444412164e-01
7.111490451142717575e+02 1.360204438360462063e+03 2.362138866977121054e+00
8.738349662314171837e+02 1.415893152680567482e+03 8.585134585943361429e-01
9.984750972326380634e+02 1.430948898838714285e+03 2.814510768702661370e+00
7.830520260758109998e+02 1.456891835498791352e+03 1.742328220086333923e+00
7.310087819667268150e+02 1.459586839458568193e+03 2.161443297504112238e+00
1.004990073977344764e+03 1.474448864899006367e+03 2.201729841876721994e-01
9.119335133704396412e+02 1.491893641789554749e+03 2.837351504461032903e+00
1.089418982683469494e+03 1.225664616473948627e+03 2.310526938032899213e+00
9.055411752862851245e+02 1.213120952669213693e+03 3.252236302192411110e-01
1.175181296537686649e+03 1.233377158901922030e+03 1.274249339054594143e+00
8.871044131506009762e+02 1.303011795324846616e+03 1.974477388205384987e+00
1.099429888261395035e+03 1.308778483476256042e+03 6.597620326524612777e-02
9.744683598906735824e+02 1.334784486115625668e+03 7.293754817534239265e-01
1.102667330054281592e+03 1.382876462582697286e+03 1.055844912649329670e+00
8.734400603334875086e+02 1.412468973764153134e+03 6.199356914023274046e-01
9.962422415970236216e+02 1.429460801764599637e+03 2.979762184218766485e+00
1.153870430354470955e+03 1.482211425823766604e+03 1.764874581099118656e+00
9.085600575141304489e+02 1.482175325736454170e+03 2.786414508739923246e+00
1.008443876664659001e+03 1.482883819021848012e+03 2.883224793823519594e+00
1.094314420091762258e+03 1.497418606549803826e+03 2.210261146413442734e+00
1.086979697881163247e+03 1.224621060551199889e+03 2.372972561150140436e+00
1.175554591083230889e+03 1.231354006124335683e+03 1.250634296926281364e+00
1.250883481417337862e+03 1.240802598718647459e+03 6.488652034052591056e-01
1.240652507151166901e+03 1.290943792965462080e+03 6.165748496665220957e-01
1.309508339671677277e+03 1.307161098929529771e+03 1.052622233571907762e+00
1.096801490008317387e+03 1.308522720192822590e+03 2.821816936904373088e-02
1.100868628723144184e+03 1.383513357086233327e+03 9.911819066749728568e-01
1.207606561922402761e+03 1.394315048884261159e+03 1.556267104344324359e+00
1.150967166889255623e+03 1.490069412351343317e+03 1.835636385608836907e+00
1.272384783284432615e+03 1.483837927003919049e+03 2.823231522298569551e+00
1.093054544107703578e+03 1.496982391748175132e+03 2.364437161162558088e+00
1.251358429536415315e+03 1.238646028478539620e+03 5.942973508973607988e-01
1.382292611211755684e+03 1.299942650139456873e+03 1.822211220966445389e+00
1.239411086959710701e+03 1.292297861482522194e+03 5.772319700734929171e-01
1.308303321739363582e+03 1.308112685706586490e+03 9.998158107661124783e-01
1.205162284505070602e+03 1.396346179926548530e+03 1.498052785654176100e+00
1.464655806887692506e+03 1.407077597696464636e+03 2.126118763929013333e+00
1.413183119630976307e+03 1.404582159681556732e+03 1.353763502521949658e+00
1.340281820297691411e+03 1.430807794842415660e+03 1.847603130745132827e+00
1.274602287015416096e+03 1.481862847816367093e+03 2.896744433745836123e+00
1.381849938465795731e+03 1.300592455295976151e+03 1.799951449103805778e+00
1.580869185671200967e+03 1.299858859243361621e+03 1.841851696328514087e+00
1.537559070475701901e+03 1.403829287304728496e+03 1.445540246132006823e+00
1.462703352009856872e+03 1.404806321333659525e+03 2.090672269513974335e+00
1.411606871155692488e+03 1.404904355801726297e+03 1.324219405394852611e+00
1.655342620586623525e+03 1.474339924908114881e+03 2.233587531086185241e+00
1.579549529591127566e+03 1.299588495033264280e+03 1.838072614535921412e+00
1.535512046641517372e+03 1.403701507117038773e+03 1.460871615976031324e+00
1.654864921778311555e+03 1.478233329058533627e+03 2.259811416280485652e+00
3.667884392075836786e+02 1.352632054701087100e+03 2.986344808329523204e+00
1.620185679370750904e+02 1.398184334775149864e+03 1.508581078286005628e+00
3.637010625365766145e+02 1.353792376170039233e+03 3.005381477962412173e+00
4.937161428842791793e+02 1.449237403608855402e+03 2.191582179058623847e+00
4.602581286527064321e+02 1.502543609401780486e+03 2.277912625766639554e+00
4.617028960822059389e+02 1.593460437346645449e+03 2.828156880536548456e+00
6.361425398907445015e+02 1.365978410521147453e+03 2.883596078868811308e+00
6.301334965596349775e+02 1.428732579563080208e+03 2.895581520693685906e+00
4.928631394890987849e+02 1.450156000511568436e+03 2.150356405028253093e+00
5.777522118264178062e+02 1.466975917846451239e+03 2.587375159184795326e+00
4.593580225622156377e+02 1.500942080880213553e+03 2.195780080053840067e+00
6.737329604552428464e+02 1.533917882814206223e+03 2.249716491467752988e+00
5.877306127933036350e+02 1.547068915802517040e+03 2.733640040991363485e+00
4.605214223679404313e+02 1.592824821404619115e+03 2.832588219073807867e+00
5.722216814726401708e+02 1.601461748808032326e+03 1.582892443075307673e-02
6.865748088713337438e+02 1.635263327228758271e+03 2.300339637999115006e+00
6.348950059911354629e+02 1.367969388281464035e+03 2.983243640712658351e+00
7.086628276848796304e+02 1.356017931959352381e+03 2.427998778893258880e+00
8.404635145913559882e+02 1.355340952179073383e+03 5.886226101936191668e-01
6.268417009357394818e+02 1.428143994477784190e+03 2.912477144320908984e+00
7.332401785244352368e+02 1.455876437329308828e+03 2.120242669284379211e+00
7.835653099039709559e+02 1.455740017879747029e+03 1.618149311072243801e+00
5.756996115625479433e+02 1.466808872665773151e+03 2.570810756500568672e+00
6.716388459812334304e+02 1.532785843373450007e+03 2.246727013399319350e+00
5.851768370078204953e+02 1.546482749978830952e+03 2.543168829270666009e+00
8.536779466186069385e+02 1.576378498486404851e+03 8.897232905696188243e-02
5.688842005018763075e+02 1.600079016348609912e+03 1.163797735475871620e-01
7.768621672358204933e+02 1.605482220181125967e+03 2.762486513561131396e+00
6.871528994795763765e+02 1.636292987619049200e+03 2.345822492236596002e+00
8.525271188193398757e+02 1.354624410282854569e+03 5.253160906914589034e-01
7.161948536778888865e+02 1.367110284548329446e+03 2.398062671261913970e+00
8.730134979221838876e+02 1.414959800261066221e+03 8.818321093842489411e-01
9.967270382040264849e+02 1.429411919568461144e+03 2.833175942542704551e+00
7.822254266939274885e+02 1.456360867010235324e+03 1.691019421561033464e+00
7.322796383841084662e+02 1.456897128423208869e+03 2.164404991296620118e+00
9.084243203517614802e+02 1.483019382708486091e+03 2.859989829252754578e+00
1.007182161889703821e+03 1.479008719633239707e+03 2.872064610534950546e+00
8.778329787031682372e+02 1.521927378793498747e+03 4.928826374872457006e-01
9.504918147083365056e+02 1.574685040423528790e+03 3.063450504637995397e+00
8.579299157265437543e+02 1.578365108591786338e+03 3.100819704995042336e+00
7.752690694150697936e+02 1.606337182483445531e+03 2.700180873474899990e+00
8.884447636813144982e+02 1.640398937538825976e+03 7.114494588426011346e-01
1.102485912500458198e+03 1.381484897012326201e+03 1.076813939395018682e+00
8.725082035493471722e+02 1.413520750425779624e+03 9.556194976007955644e-01
9.956138705812470562e+02 1.429476868913577391e+03 2.952159059757383908e+00
1.151780257541011451e+03 1.491041376932973662e+03 1.730806986928848934e+00
9.088746327260796534e+02 1.483370230609109285e+03 2.835015106479867431e+00
1.007687886680815609e+03 1.480362032780110894e+03 2.850980670087632340e+00
1.099428404173566378e+03 1.498122250666128821e+03 2.260622868338009628e+00
8.772125559292110211e+02 1.519388795206571103e+03 6.811090725004513846e-01
1.050112214439649961e+03 1.551185500685764055e+03 1.529571084792755720e-01
9.515033687057930365e+02 1.574892454135315347e+03 3.071773792215337195e+00
1.118415967840212716e+03 1.609843418557039513e+03 3.055098573939735829e+00
8.886125654241900520e+02 1.639256600863520589e+03 6.766613398641563304e-01
1.101372769657050412e+03 1.380146273128323401e+03 1.063607835274978264e+00
1.206946342981139196e+03 1.393956921832838589e+03 1.535862766649153777e+00
1.150645578940722544e+03 1.490891446862244720e+03 1.789932929580005494e+00
1.275793040747623309e+03 1.481707020296400060e+03 2.903603130761028162e+00
1.097841074757847537e+03 1.498214444784643547e+03 2.356353873342162508e+00
1.240391826254564421e+03 1.517232054114477705e+03 2.384410722351107292e+00
1.340117048163976733e+03 1.547813806228685507e+03 9.907384216442560732e-01
1.048654646896322220e+03 1.551662865959970532e+03 1.034807947798481731e-01
1.225225408783722969e+03 1.588011859196793239e+03 1.545840918203220116e-01
1.117592322219867128e+03 1.609409983539478390e+03 3.106881066586022033e+00
1.300270577977784797e+03 1.639884976898249988e+03 1.003688959808049841e+00
1.206925300967022395e+03 1.647507772348680874e+03 7.305161908290024320e-01
1.203247499079599038e+03 1.397190359530931801e+03 1.450290468205836403e+00
1.466464671040014991e+03 1.407428525288962874e+03 2.094056541521432280e+00
1.413077381500894489e+03 1.403141074830691423e+03 1.333239240045993368e+00
1.340427089203430796e+03 1.429961234438019119e+03 1.861727960463116505e+00
1.274833728242392226e+03 1.480476006136305386e+03 2.906698773699145644e+00
1.239051110121718239e+03 1.518376554010040763e+03 2.521561880128404542e+00
1.423331088525936366e+03 1.532610835960588702e+03 1.764780271136586309e+00
1.338240673455940396e+03 1.545663639100019964e+03 9.041638361985905314e-01
1.222151462063976396e+03 1.587566941580552793e+03 9.968485321521951270e-02
1.362728770556544987e+03 1.610087554827210624e+03 1.380857007399833636e+00
1.295300256161746347e+03 1.640369109208593727e+03 9.948725140427598923e-01
1.209697149699620240e+03 1.636433153381453394e+03 8.852780483916031784e-01
1.537652119842153525e+03 1.402124116087969242e+03 1.424157534752987564e+00
1.463025004938722986e+03 1.403177921628212061e+03 2.078989303277761991e+00
1.411768091308892963e+03 1.403366202710355992e+03 1.303130965778825701e+00
1.658450170842326315e+03 1.478861709780063393e+03 2.291454418489029532e+00
1.423055949333245962e+03 1.531321001883417921e+03 1.702218637388723588e+00
1.583713290039865115e+03 1.533374837718419258e+03 2.082317067937268007e+00
1.361591149494790443e+03 1.602062796934645803e+03 1.291720249592976044e+00
1.534832176687622450e+03 1.403822482253601947e+03 1.393686764874822792e+00
1.654810696740732965e+03 1.478628076909326182e+03 2.212188812211489441e+00
1.582598153534637959e+03 1.534280688781458593e+03 2.033502549378057633e+00
1.704357247149079512e+03 1.630577878200489977e+03 2.157783543996377063e+00
1.703300038718177575e+03 1.628660118354097449e+03 2.188573429324707220e+00
4.608286051285026588e+02 1.592274339652431536e+03 2.838216753538699066e+00
6.741765992062343003e+02 1.532901559385003566e+03 2.278316371832725284e+00
5.875768819936353111e+02 1.545967387120076637e+03 2.733806082492534539e+00
4.604387158492415892e+02 1.592879995849353236e+03 2.808187249736311841e+00
5.715410783242884918e+02 1.601924277152723562e+03 3.091744631203621196e+00
6.894357032383629758e+02 1.637445018650021211e+03 2.355996721854652698e+00
6.723217439513496174e+02 1.532807291959527674e+03 2.201196991297339700e+00
5.843782916831332841e+02 1.550465436361140519e+03 2.809917573233722266e+00
8.551219461920503591e+02 1.575947463325041326e+03 1.058280157772675673e-01
5.702513989021472298e+02 1.598319371277401160e+03 3.130140657119622194e+00
7.769210512392963892e+02 1.604382023084625871e+03 2.696428045841875676e+00
6.885478323037553992e+02 1.635945792078296336e+03 2.306700567601824403e+00
7.867727666681795426e+02 1.690203152391349704e+03 2.627320313535706386e+00
7.341919052416421891e+02 1.723881312645146636e+03 1.239443398903244398e-01
7.543693822105759637e+02 1.789816257260763905e+03 8.920395594990503108e-02
8.772789285793417093e+02 1.518683070544563407e+03 6.253318251962756147e-01
9.513746804611425887e+02 1.573231606881264270e+03 3.092069520039885333e+00
8.577882212203414838e+02 1.573941987073788823e+03 5.238249861118023099e-02
7.758903647018009906e+02 1.604484299419001673e+03 2.640010500529359039e+00
8.899569937387332175e+02 1.636270942738622125e+03 7.317664882625239953e-01
1.000995145765331017e+03 1.664870660441700693e+03 2.630103334118050196e+00
7.832230615690273225e+02 1.690879963187150452e+03 2.427884415579121047e+00
9.014697404593348438e+02 1.706190113110802713e+03 1.239293117366469243e-01
7.331366765033942556e+02 1.722478502498885518e+03 1.812686516864246422e-01
1.020306728517825832e+03 1.740367995628540939e+03 2.937261733926486637e-02
8.881526130451100016e+02 1.778703020403481787e+03 2.216673625765440470e+00
7.515703088524858231e+02 1.791884676183302190e+03 1.154246526673336076e-01
1.048530348335860253e+03 1.547672752139131489e+03 1.915618487202754849e-01
9.504685963128497406e+02 1.572978353233381085e+03 3.069032710155077392e+00
1.118457464385740423e+03 1.608253984847945958e+03 3.112602831073592480e+00
8.876594294769595308e+02 1.636470593315449378e+03 7.500653359600584213e-01
1.000368563254863830e+03 1.664836356073520165e+03 2.639180828069838114e+00
1.075877304998675072e+03 1.665269395085760607e+03 2.348391686808595225e+00
8.999656215672791859e+02 1.706610765530429262e+03 1.044532416870158631e-01
1.169317715842640609e+03 1.745506480043444299e+03 1.909197719173292063e+00
1.022866085146060868e+03 1.739318249193805286e+03 3.125457205248460379e+00
1.131679865654543391e+03 1.770826056015812810e+03 1.967503053511207467e+00
8.846261674983236389e+02 1.780117238323387255e+03 2.228244248335222277e+00
1.026299615189873521e+03 1.817749770166334429e+03 6.771808928393715510e-01
1.239727265871826148e+03 1.516973647810961211e+03 2.294431718248532981e+00
1.336879244133542898e+03 1.548103533709479507e+03 1.002908356459641270e+00
1.051732807039064710e+03 1.551494658379981502e+03 1.291474578998914324e-01
1.225267691131700076e+03 1.585759055856483201e+03 1.397641655002819505e-01
1.117102229057732302e+03 1.608192784824004548e+03 3.059950448569625614e+00
1.296745161369067091e+03 1.638675246054955551e+03 1.077074723700036651e+00
1.206933229945395624e+03 1.644926296192842983e+03 7.142316283211773698e-01
1.074864446375921943e+03 1.664449851972604620e+03 2.455923714938170299e+00
1.268127303470577317e+03 1.724697362969725191e+03 1.011679010973501214e+00
1.170233765480057627e+03 1.741248413228091749e+03 2.322131828117368180e+00
1.130567396444945643e+03 1.771755414112513336e+03 2.080918319688936258e+00
1.238366498730885951e+03 1.524406725881333386e+03 2.420324717913988177e+00
1.423938752691785567e+03 1.530700407386118286e+03 1.810954946227998130e+00
1.338687980235717760e+03 1.544077916652054910e+03 9.448590234955507317e-01
1.363118779103697079e+03 1.607816780965747057e+03 1.440384477427297361e+00
1.223658169336568790e+03 1.586119100152172905e+03 1.654001986627852416e-02
1.296385625827495005e+03 1.638312477701832449e+03 1.030106260375893479e+00
1.205825334611609833e+03 1.644868248416043571e+03 5.903661536664973619e-01
1.466035396561237121e+03 1.672435994897733508e+03 2.185627451595443027e+00
1.345300043820854626e+03 1.720302276606259284e+03 1.157234176475650855e+00
1.267907096474694526e+03 1.724405338058998495e+03 9.116343023011272972e-01
1.423002049986640031e+03 1.530062267334307080e+03 1.783066303206630066e+00
1.584074061660327288e+03 1.531442830569510761e+03 2.097913071463181289e+00
1.361834365987557021e+03 1.605663085408279585e+03 1.350756220133372709e+00
1.465065013541331609e+03 1.671215138673318279e+03 2.163458957844120345e+00
1.560715086740194693e+03 1.752350363388820597e+03 2.035837605462829103e+00
1.582539019226180699e+03 1.532233080604852375e+03 2.073814396665788706e+00
1.704168041196692002e+03 1.628147099506174982e+03 2.161904912224666742e+00
1.559420273018217131e+03 1.752302530136687665e+03 2.008820289364706912e+00
1.702740862099162996e+03 1.628784256697849059e+03 2.137343032578103319e+00
7.846292942119024474e+02 1.688119949901784139e+03 2.631910689352397803e+00
7.329377942111211723e+02 1.723388467622296503e+03 1.168970423470294118e-01
7.547920546402256150e+02 1.790322167185792068e+03 7.134765703823740812e-02
7.619382835346584670e+02 1.704263792594316101e+03 3.129374278708207946e+00
9.039501299761932387e+02 1.706653079310908879e+03 1.050168841802545938e-01
1.020921232446159593e+03 1.739620416350652931e+03 9.833539331363416736e-02
8.891370320914463719e+02 1.779819777927096084e+03 2.256661017919152190e+00
7.543134897773362582e+02 1.790266238079645746e+03 2.905551007108267761e-02
1.079433361574403762e+03 1.667094636388025265e+03 2.430873549377003506e+00
9.052010807908236529e+02 1.706495586612137686e+03 1.683126377424411235e-01
1.174681904075092916e+03 1.740245688952349610e+03 2.253425542426005013e+00
1.023059024681535448e+03 1.740246383142461127e+03 6.923723001863889802e-03
1.129497432186532706e+03 1.774331357988537547e+03 1.998393005416145396e+00
8.871523535881617590e+02 1.778502888547920747e+03 2.295799560787851412e+00
1.028094982259220615e+03 1.814410495491899383e+03 5.635063711517616092e-01
1.079297518629675324e+03 1.666903230175889576e+03 2.448262804854291375e+00
1.268311249494543290e+03 1.724154147718428476e+03 9.929432166462762721e-01
1.171698010000891372e+03 1.738915298884197455e+03 2.306157754903530588e+00
1.128677237125466945e+03 1.773583142209500920e+03 2.062008987204918320e+00
1.026509256534973247e+03 1.813215582619791803e+03 5.269919284740254284e-01
1.310174175401162302e+03 1.818862453748102780e+03 2.340126127356931818e+00
1.195395873380854255e+03 1.844366216716115787e+03 9.530925210138397885e-01
1.252766013632641261e+03 1.847181527590914129e+03 1.527747375435870580e+00
1.302379871591457686e+03 1.910760462775188898e+03 4.455136952477081747e-01
1.192079485896829283e+03 1.961052561378814517e+03 1.638128355197670805e-01
1.340789375957579068e+03 1.951931756398676953e+03 1.196108377971934145e+00
1.468595782545526617e+03 1.675328975499358194e+03 2.326339462349572784e+00
1.345253136625495927e+03 1.719067274544884413e+03 1.189757237740365126e+00
1.268314117321520143e+03 1.722860954608366910e+03 9.467446783061077564e-01
1.308982732213572717e+03 1.819439940245346179e+03 2.402230133250915500e+00
1.466812641592519412e+03 1.832429847906595796e+03 9.248215854426238280e-01
1.387183245065675692e+03 1.836946896468793057e+03 2.046669652376249093e+00
1.197624719028769277e+03 1.842815126015722626e+03 7.711284527435315894e-01
1.250687853551170519e+03 1.845283089514754238e+03 1.569526684182969145e+00
1.301885936403078631e+03 1.910826489113243497e+03 3.737888543913804873e-01
1.415884845040098298e+03 1.929491705900694797e+03 1.000823275309808080e+00
1.337191453170601790e+03 1.946050113532061914e+03 1.079428140887043197e+00
1.496491835340448688e+03 1.943846861478581104e+03 8.968432969482841299e-01
1.196024869045920695e+03 1.962978887344386294e+03 1.571088821843816818e-01
1.464758695895063966e+03 1.670963098693513530e+03 2.220592109315060458e+00
1.560038150620423039e+03 1.750027574709249166e+03 2.055772082225291619e+00
1.465952193981046321e+03 1.830967511789339596e+03 8.639361538059764367e-01
1.644306332780953198e+03 1.831654368186764714e+03 1.321772497680726799e+00
1.386876466120643499e+03 1.834673922778217047e+03 2.026716307565868291e+00
1.415589919355978054e+03 1.927986280938663185e+03 9.543589960250487003e-01
1.496757319193945477e+03 1.937449393168084953e+03 6.856498385979223897e-01
1.558955488166340047e+03 1.751164029618754967e+03 2.045643214143010979e+00
1.642476836391937013e+03 1.833452960367858168e+03 1.334555546628616529e+00
1.076807153036917498e+03 2.065779308478098301e+03 2.101234791842741867e+00
1.251836740539093626e+03 1.845433819431225629e+03 1.575297808334530814e+00
1.192773602935681083e+03 1.844949024677969192e+03 1.012113569624516707e+00
1.298113843734604416e+03 1.909965184792722084e+03 5.205412971622848106e-01
1.191400816257150382e+03 1.960294843505678728e+03 1.520092819464852474e-01
1.337662391436815597e+03 1.947623362821892442e+03 1.144511582398980210e+00
1.075529487428542780e+03 2.064046316324922373e+03 2.102707321643368044e+00
1.265119616808389310e+03 2.055779811983915806e+03 5.219855202357925883e-01
1.309093468497388585e+03 2.104631178097562497e+03 1.010509590645179534e+00
1.462933461391207857e+03 1.838116840998303815e+03 1.165957826528553065e+00
1.251773420246304340e+03 1.844807372705280841e+03 1.623342890284621864e+00
1.387384561747194084e+03 1.837863011915297193e+03 2.064504885325871619e+00
1.300202007262638517e+03 1.909663184107340840e+03 4.497904263838659045e-01
1.415787247994224344e+03 1.929557619899145720e+03 1.067879450978064693e+00
1.337252426785486023e+03 1.945128102068853877e+03 1.168864397229148810e+00
1.496754990492906018e+03 1.939982651848801652e+03 7.535987111673395633e-01
1.190977857153482773e+03 1.959960798242492274e+03 1.103172749721304524e-01
1.385870910620765471e+03 2.000176291320207383e+03 7.860432349930570606e-01
1.471425410154929978e+03 2.020797910452002270e+03 9.363739609333885383e-01
1.265992533714089177e+03 2.055621818537946183e+03 4.673700614113270868e-01
1.307678927295905396e+03 2.101946505578836877e+03 9.913361202194082011e-01
1.386370249839510507e+03 1.839843747763345846e+03 2.071921054751838298e+00
1.466216929460124902e+03 1.829861136152279187e+03 9.579343991025475180e-01
1.642660993278864908e+03 1.837866105883187856e+03 1.219882154868383584e+00
1.416389675199537351e+03 1.928293099860754864e+03 1.005625340165498649e+00
1.496525104542299687e+03 1.937079482099758934e+03 6.982623838578062569e-01
1.550013612251832456e+03 2.001986195741817482e+03 1.906501415912732700e+00
1.385772024838255675e+03 2.001451686800436164e+03 7.216419865706419356e-01
1.470502721840479580e+03 2.020432402997923873e+03 8.560335640558500714e-01
1.642430287391505544e+03 1.833026720689419562e+03 1.356965209573882003e+00
1.549407766729008472e+03 2.001916537718193467e+03 1.875084987042133999e+00
1.077543287806885701e+03 2.062746359110218236e+03 2.126564379718696607e+00
1.076243130586921552e+03 2.064230532640398451e+03 2.125037033104957729e+00
1.266087396531135937e+03 2.054560093387385223e+03 5.670565145945352103e-01
1.309374720952029293e+03 2.101214041882575657e+03 1.006020307417208715e+00
1.384826814693636152e+03 2.002805917315606166e+03 7.805451027130281272e-01
1.468995395429296650e+03 2.023051533037529680e+03 9.939432695678969143e-01
1.264440489158982245e+03 2.055102555247270629e+03 5.366065988968722333e-01
1.308042662224505875e+03 2.101879030125086956e+03 1.011068705390921307e+00
1.384183825626930911e+03 2.000593376577296112e+03 8.441517449279192231e-01
1.549601262467362858e+03 2.003622514598876023e+03 1.954213419082888814e+00
1.470329741440206590e+03 2.020901583104191104e+03 9.197102908176310043e-01
1.547950551898205504e+03 2.005061115004160456e+03 1.932231633667766957e+00
