5.971975184624548092e+02 9.255423734864319840e+01 3.109121089318745312e+00
5.998571308909491790e+02 9.433664393109475554e+01 1.259720772736616298e-02
1.329749812914893482e+03 3.078519193545960206e+02 1.318550012260684134e-01
1.333723441117864695e+03 3.083018616018443936e+02 3.742431336039293843e-02
1.517525756572259525e+03 3.071697069954580002e+02 1.008269142356900350e+00
1.558086698450137646e+03 3.564263908751184999e+02 9.275820973905899436e-01
1.729729071241252086e+03 2.590625389052584069e+02 6.063296800852806534e-01
1.518485184197039871e+03 3.060993649839063551e+02 1.035697673794251372e+00
1.727133430514773409e+03 3.344489503277404765e+02 7.094337232910498114e-01
1.558347488503496606e+03 3.547630786135867993e+02 9.330184330792014036e-01
1.814272803739321716e+03 3.641570564915463137e+02 2.761526775780156928e+00
1.728142233910447430e+03 2.604279457211872000e+02 6.799484726058592221e-01
1.724561615340222033e+03 3.367977348692306805e+02 8.033623867915221650e-01
1.909085785352104722e+03 3.381354925236046256e+02 2.805798818362492231e+00
1.812709749617461739e+03 3.628444716018402687e+02 1.095613202479511772e-01
1.906821823829579898e+03 3.382676809688854860e+02 2.938731491567172949e+00
1.003094471144244380e+03 4.164997586195376016e+02 1.102724297588012492e+00
1.013219801984010246e+03 4.902113333197662541e+02 1.053078069940213357e+00
1.001884721589363153e+03 4.147089840047926828e+02 9.973841011121106215e-01
1.015267466519231903e+03 4.874833583200513658e+02 1.029035652356212305e+00
1.097072324956297734e+03 5.372591943423828980e+02 1.088610756996650331e+00
1.335191470658590788e+03 3.064860239903754291e+02 3.061729823835679376e+00
1.274068444706921127e+03 4.319467824451717206e+02 8.122672797052633564e-01
1.184581926955902645e+03 4.601242957868662415e+02 1.155898038759749724e+00
1.272757041372188269e+03 4.963257134277328078e+02 1.280494711559997806e-02
1.096013621272056980e+03 5.351836826536327862e+02 1.149017353496804228e+00
1.333793631139697936e+03 3.074856985542260190e+02 3.063354558212294076e+00
1.441518540897293633e+03 3.862855850737386163e+02 2.803812133370504167e+00
1.362872517169685580e+03 4.441074555088090392e+02 1.256575592405311470e+00
1.272164227556012065e+03 4.340950703231595753e+02 8.680649068687597003e-01
1.270392169585180000e+03 4.966081134939040567e+02 4.421086504477828028e-02
1.488385145800843020e+03 5.238219299647262233e+02 2.107518205553422064e+00
1.395790823359013302e+03 5.277246126121840462e+02 4.313652379338974163e-01
1.518354078300205629e+03 3.076104827495581731e+02 1.032558055876500624e+00
1.558720871704819956e+03 3.529198254893109379e+02 9.031654444159453732e-01
1.610978748578050727e+03 3.865450637318958798e+02 8.906431048360482494e-01
1.440345890488782970e+03 3.861783121123528417e+02 2.816437063403009144e+00
1.365366115657046066e+03 4.442419457405885623e+02 6.576703591382755398e-01
1.512235998938065450e+03 4.563484891875593803e+02 3.011136137187637285e+00
1.623580329128874382e+03 5.014486182597344168e+02 3.045468248123006205e+00
1.491384528895665426e+03 5.306752683435998961e+02 2.150010073837638203e+00
1.395483024940233463e+03 5.250866346442913937e+02 4.423050730914067086e-01
1.729458441946142329e+03 2.595262866646674524e+02 6.728613422534387434e-01
1.515982272955857979e+03 3.051392519648375128e+02 1.089355812531482171e+00
1.727140664962932078e+03 3.345203960872419202e+02 7.345731472956649188e-01
1.557312310339636724e+03 3.530656886146015268e+02 9.172883800661516540e-01
1.816603031108382538e+03 3.661595884043454134e+02 2.946542273346135055e+00
1.608957427081175865e+03 3.870008462930280757e+02 9.033373265215600689e-01
1.681805095870004607e+03 4.142687498703143092e+02 7.589508160051881003e-01
1.798770208305680171e+03 4.165341533224732302e+02 3.026678993843037180e+00
1.509753165738496364e+03 4.567412253888323903e+02 2.918877270266289514e+00
1.715117337117170791e+03 4.637833240353985502e+02 1.817361810657873167e-01
1.800194941183553055e+03 4.886883686492255947e+02 9.390727175211696642e-02
1.624686466068337495e+03 5.036633064596317126e+02 3.008779201767422418e+00
1.731963970627015215e+03 5.389295375957998431e+02 3.095392205515476558e+00
1.726410307797955511e+03 2.573865927068425208e+02 7.001207184354150126e-01
1.726326844732500831e+03 3.345011859766033240e+02 7.823741221159743464e-01
1.908320309542093128e+03 3.367314350458467516e+02 2.749967131500994810e+00
1.813490650326536752e+03 3.613318633981569974e+02 3.437709868838326188e-02
1.680765015120596445e+03 4.154311266681008874e+02 9.263825772255727120e-01
1.797643985071935958e+03 4.158002853129662526e+02 3.020039341863687277e+00
1.947855633358055002e+03 4.552051420701366169e+02 3.286638534246067445e-01
1.713703232003641688e+03 4.630843525746980731e+02 3.170070087748383392e-01
1.800309188878269651e+03 4.871200462729252649e+02 1.514332681226218669e-01
1.734741886183726365e+03 5.406760247549170799e+02 2.907437655113867869e+00
1.908080708156267974e+03 3.372027495796946823e+02 2.829011138902021383e+00
1.946065635753942388e+03 4.553137883020558547e+02 3.921037086204512967e-01
1.058430907230732601e+02 6.810867517700994540e+02 2.686639240684124630e+00
1.001228914364598495e+03 4.178391641924871465e+02 9.516657663880786489e-01
1.014418969734794700e+03 4.896352750513426599e+02 9.725299936733571293e-01
8.754004411847611209e+02 6.394947576360577841e+02 1.608023676890794951e+00
9.418893189059047018e+02 6.469427830094298315e+02 1.439829522480307711e+00
1.001938359672390106e+03 4.145563756402638091e+02 2.211348082878135946e-01
1.015495746657750033e+03 4.870472037439118367e+02 1.044245808188100533e+00
1.095749831696756019e+03 5.368592206261580486e+02 1.079816391925356944e+00
1.179351014762293744e+03 5.445225403035602767e+02 5.267267269463128398e-01
1.063299222184984274e+03 6.271388341980166388e+02 8.715512755819904145e-01
8.747787562021546819e+02 6.367409179242957862e+02 9.415253968338305190e-01
9.412599212549439471e+02 6.462707544905433679e+02 1.518887516881727962e+00
1.152065740447719008e+03 6.449513120710410021e+02 2.683524670158164982e-01
1.274632189898398792e+03 4.329311523985279564e+02 8.855359165262016719e-01
1.184809387099482819e+03 4.612072237912137780e+02 1.188736379102018903e+00
1.270598480509841920e+03 4.954017163705543680e+02 3.025455067168532963e+00
1.095106570029356362e+03 5.372685003063890008e+02 1.144798133915305050e+00
1.178886341436019620e+03 5.442913304355041646e+02 6.274067313614168917e-01
1.303921379175316588e+03 5.757613373198655609e+02 1.853362697972896211e-01
1.062619261298777701e+03 6.281273093615544667e+02 1.052020661298505688e+00
1.151818153041227561e+03 6.431927433131407952e+02 3.171935120655740015e-01
1.363966646426370971e+03 4.440548846124821694e+02 1.241596828057945689e+00
1.272961473862892944e+03 4.331994610685130738e+02 8.651414239844492649e-01
1.269787397377504703e+03 4.953308213648996343e+02 3.114028810853994411e+00
1.494956528528988429e+03 5.324364232785105742e+02 2.202972001310230077e+00
1.396044174081672281e+03 5.234549440775335825e+02 3.889744425464439215e-01
1.302515040175346940e+03 5.752781124451577170e+02 2.812900008095891580e-01
1.500633626279428427e+03 6.460879086974634902e+02 2.615466723311461905e+00
1.608065172581355000e+03 3.863023081678131803e+02 8.896410662780148693e-01
1.375156849979562367e+03 4.533683284525187673e+02 4.562460622689268885e-01
1.511381212189837697e+03 4.551092873770354572e+02 3.068533420080268304e+00
1.625720741682706603e+03 5.005093744014646973e+02 3.137869739847892081e+00
1.492593127476613063e+03 5.316731299208610153e+02 2.136859655632214583e+00
1.393693664867470261e+03 5.241996108067701243e+02 4.366080193751619709e-01
1.634414166519588662e+03 5.942115116189609125e+02 2.039482822094589753e+00
1.554645058300268602e+03 5.968288873186407955e+02 1.896458901172488387e+00
1.501329096113193827e+03 6.465446833351479654e+02 2.755936036781593046e+00
1.681491335618882431e+03 4.129565259868093108e+02 7.730451228616055381e-01
1.798085152402047697e+03 4.133519453834392152e+02 1.553519919966082040e-02
1.509942815816490565e+03 4.553615170991480454e+02 3.015657124614041784e+00
1.715320316372682782e+03 4.607715271641944810e+02 2.704644334519486493e-01
1.796290005324442291e+03 4.855437083171074164e+02 1.580454669085100128e-01
1.624795906389153970e+03 5.028858798034058282e+02 3.080151868023643047e+00
1.734710122423845860e+03 5.368633499678026055e+02 3.129887224016026703e+00
1.636913417702081233e+03 5.689107140181741897e+02 1.022174788740858320e+00
1.552984115919325859e+03 5.959946893162239121e+02 1.938924504437276042e+00
1.737572972314417029e+03 5.990072390529043105e+02 6.358542507215609874e-01
1.632196207172957202e+03 6.277550612959602176e+02 2.098205806804944729e+00
1.749831146394123152e+03 6.568659922307273291e+02 5.999721989772353881e-02
1.657335627952219284e+03 6.894325960251107972e+02 2.579756269559474013e+00
1.679582868230458189e+03 4.102533016522938851e+02 9.194461904264420449e-01
1.797341052859828778e+03 4.138984730451669520e+02 3.058262560077106951e+00
1.947866866226269849e+03 4.540252680278764501e+02 3.104520091673137472e-01
1.714753938480231682e+03 4.621294893621591200e+02 1.459044903611421418e-01
1.799428710587179239e+03 4.859940385239300440e+02 1.297312129687505089e-01
1.733143007936920185e+03 5.362450912969198953e+02 3.115384504530160470e+00
1.841650341459672063e+03 5.723663398981423143e+02 8.343542896124608310e-01
1.924070191608758705e+03 6.064648032547681851e+02 1.973926706926832475e+00
1.735929074619116818e+03 5.986080310324214224e+02 6.156896085691377918e-01
1.844894584549215551e+03 6.785066541079972922e+02 1.883157775371122389e+00
1.747936562588816514e+03 6.589397793337166149e+02 2.220370133655903411e-01
1.945866198470681866e+03 4.542646556946453984e+02 3.196945324037311353e-01
1.841684606447533952e+03 5.716542212954952902e+02 8.516384917711475877e-01
1.924291612688815349e+03 6.056829862952672556e+02 1.989578439530506060e+00
1.843465554670954589e+03 6.760479666512837866e+02 1.934502107104869362e+00
1.067591530700908606e+02 6.805819996792927213e+02 2.668807461599741693e+00
3.117735338184375564e+02 7.317696747497334400e+02 1.399178749780200404e+00
9.862393403658137458e+01 8.467541424540371509e+02 9.839973727712409968e-01
3.100112878607192215e+02 7.324368155810595908e+02 1.453808623578203063e+00
8.761056397089680559e+02 6.376187757266658309e+02 1.576464781433257745e+00
9.428601408380163775e+02 6.452888136675443320e+02 1.398811276815015159e+00
1.169240023538400010e+03 5.483517762131382369e+02 6.241009921502383984e-01
1.062802916994279940e+03 6.268992380430856883e+02 8.768700924866740243e-01
8.726165983590867654e+02 6.383184374618605261e+02 1.676523926512076823e+00
9.410878830359772564e+02 6.466872038765578736e+02 1.438735642947640336e+00
1.152815639679014566e+03 6.430220176164552868e+02 3.271517559929751351e-01
1.300512014490103411e+03 5.745474702217896947e+02 1.850011071669089013e-01
1.061333648259669417e+03 6.259178702156968939e+02 9.084054215733174953e-01
1.151141278694995208e+03 6.420732716337795409e+02 3.307876058566751043e-01
1.269981061357506178e+03 7.079306274394574530e+02 8.449604836191942914e-01
1.192002755618798346e+03 7.852615834617114388e+02 1.892557484600253304e+00
1.274059191470908900e+03 7.669956084268108043e+02 7.769978711657316017e-01
1.341810346361263555e+03 8.462385672297439214e+02 2.121845296951517579e+00
1.264151244777699503e+03 8.614594964463540236e+02 1.394216082402014667e+00
1.301960242727773220e+03 5.744477835659914717e+02 2.673806943561732319e-01
1.500918405230150711e+03 6.431961730870258407e+02 2.765864015693322298e+00
1.268685088721538477e+03 7.068727491379089543e+02 8.571818121090482023e-01
1.493403688839662436e+03 7.080720085770146852e+02 4.291884907325196896e-01
1.188699538227255971e+03 7.811938271721178353e+02 1.859032869687614387e+00
1.273296680165037969e+03 7.664915625761186675e+02 8.055464068158403323e-01
1.424742331969502857e+03 8.013244658153982982e+02 4.486776974829114195e-01
1.339631834397686362e+03 8.571689088587536389e+02 1.812985015969794445e+00
1.262284683191289105e+03 8.592874207202012258e+02 1.362264190348186910e+00
1.553586381995335159e+03 5.963402447271308802e+02 1.900878393522196008e+00
1.500410311945339117e+03 6.458314114407946818e+02 2.808186586390426509e+00
1.659536957005573413e+03 6.832750334983845732e+02 2.670715860943338349e+00
1.491410169873756786e+03 7.097272862257627821e+02 4.783361913124518083e-01
1.607542392718146630e+03 7.320618781530311026e+02 2.778976630329414998e+00
1.572225533062374097e+03 7.589808076416817357e+02 1.921679780824071093e+00
1.423099454433778419e+03 8.022755913427399719e+02 2.915369735270043616e+00
1.630477204509062176e+03 6.036593200393862162e+02 2.015044946253865099e+00
1.636097564990011051e+03 5.941145473691154848e+02 2.180361990948580964e+00
1.553053297521231116e+03 5.964494825915472802e+02 1.901998958645099602e+00
1.736438781649231032e+03 5.977682833411948877e+02 6.012743208009416751e-01
1.748867873258864620e+03 6.569270789698008457e+02 2.294082059477038638e-01
1.658635447843163774e+03 6.862239884290798955e+02 2.663770527492862250e+00
1.788231853211319503e+03 7.221982269871011795e+02 2.906202209145871240e+00
1.605389387774695933e+03 7.322925444106433588e+02 2.781320482164455044e+00
1.571837542287415545e+03 7.586830225383725974e+02 1.920938578467173086e+00
1.784963022243017576e+03 7.955742763254786496e+02 5.982713477813310643e-01
1.841355178899683324e+03 5.721558884296352971e+02 7.765815991345497160e-01
1.924395806024707326e+03 6.054573206117432846e+02 1.978848097025920572e+00
1.735538997679444492e+03 5.977285429123523954e+02 5.514253557149352281e-01
1.747551134910690735e+03 6.575004099351064042e+02 2.082263232803639175e-01
1.844982441823079625e+03 6.764660253344416105e+02 1.885885227546901577e+00
1.787189799130494066e+03 7.222820487068651119e+02 2.912502493991963703e+00
1.781841869523265359e+03 7.934871997026301642e+02 6.784932774624847784e-01
1.829324995747260800e+03 8.232370367531666489e+02 1.317701974728012759e+00
1.843608945443375205e+03 5.667309676471310240e+02 7.893100734794090689e-01
1.924169954811682146e+03 6.052269267873394938e+02 2.005699252736921068e+00
1.844086859798252362e+03 6.746868071793062427e+02 1.941697119329502952e+00
1.827176530273842218e+03 8.162351246790389041e+02 1.122999951767398530e+00
3.110094437271460492e+02 7.308777828180857341e+02 1.467349773825870507e+00
9.769331713141826867e+01 8.484465449616410524e+02 1.079079999138606194e+00
1.667034201609781690e+02 9.835657926195144682e+02 2.982606696573695260e+00
3.098798989162061730e+02 7.310530667374770246e+02 1.423903111788611620e+00
7.567402856758176313e+02 9.812071733800842139e+02 2.275007515681185311e+00
9.695515276497008017e+02 9.458680302344414486e+02 2.026633646290457058e+00
7.534456131821824556e+02 9.827497813009385936e+02 2.247962708185098357e+00
1.175782709472724264e+03 8.831993238041086443e+02 2.549028015475867992e+00
9.669386414996870371e+02 9.451669972835709359e+02 1.999553585326707017e+00
1.268449454772736544e+03 7.069134592533021078e+02 7.045354989508340049e-01
1.191514285783457808e+03 7.831697709267239134e+02 1.866750585308927457e+00
1.274013800789570496e+03 7.655419275896306317e+02 6.862145379390103272e-01
1.262109564826371297e+03 8.607069404764104092e+02 1.205380756218121130e+00
1.175264813601320384e+03 8.838463813381808905e+02 2.540881108756891660e+00
1.279786674969603609e+03 9.513081141468639998e+02 1.589183018838899564e+00
1.486579768684870942e+03 7.083202299071353991e+02 5.476557363305937232e-01
1.190515077572537166e+03 7.865227267259748487e+02 1.785695473233458452e+00
1.273794096068466388e+03 7.656509912445158079e+02 7.387163745083122901e-01
1.425956682078905942e+03 8.012046405457131186e+02 2.948029437969248434e+00
1.339967756526028325e+03 8.581490204155184074e+02 1.767250828890080339e+00
1.261525079302018639e+03 8.614782026797333856e+02 1.224095350081681133e+00
1.451531573109775081e+03 8.722715301144212390e+02 2.724658015362505736e+00
1.395470443168848988e+03 9.194698964609588074e+02 1.771494365384815639e+00
1.279307821255830504e+03 9.517482388789358083e+02 1.575002574346365147e+00
1.344686207030158357e+03 1.021961995872527268e+03 1.551784064865304735e-01
1.611919176830145261e+03 7.305093280452572344e+02 2.742232780171912854e+00
1.571931077244035123e+03 7.579127264166364739e+02 1.983282802871008110e+00
1.423924628804594249e+03 8.009946890986359449e+02 2.921415334988416657e+00
1.451349394569627975e+03 8.732202147224841156e+02 2.677796087967523331e+00
1.394601562454921805e+03 9.209564577903938698e+02 1.737748327963442918e+00
1.785855649971452294e+03 7.211916759292206507e+02 2.972928600196867333e+00
1.607536979643504537e+03 7.320575194223770268e+02 2.751425013454305013e+00
1.569711466828469611e+03 7.600560557294782029e+02 1.966326950904598858e+00
1.779930751541315431e+03 7.950408853160290619e+02 7.600689996041327667e-01
1.785813123329494147e+03 7.211147923299542981e+02 2.949329995689465633e+00
1.780315701346837841e+03 7.940869733309843923e+02 7.353384362402535235e-01
1.829442209494744475e+03 8.221161973810707195e+02 1.321076349863331334e+00
1.828959517320356099e+03 8.189847061243116286e+02 1.413478498793491189e+00
1.655236229432992445e+02 9.821492598282843574e+02 3.019673623386621930e+00
3.044269541715183891e+02 1.072773620597062063e+03 1.480442635799992912e+00
2.669434898467810058e+02 1.155903655043797698e+03 8.835340869629203231e-02
3.044052653591272701e+02 1.071002559466006460e+03 1.502648167835721305e+00
2.713271013234939915e+02 1.154158197717284111e+03 2.810957060436244603e+00
5.033372465544097167e+02 1.151331599254100865e+03 2.831886183392804845e+00
5.032299876000940912e+02 1.152947026990572340e+03 2.895077222462832278e+00
7.569626397959302722e+02 9.804890334960941800e+02 2.270710438413118482e+00
9.683325747883357053e+02 9.452764225101329885e+02 2.052654781867437439e+00
7.542541032119394231e+02 9.792812066353019418e+02 2.288484947931893387e+00
9.282959600014105490e+02 1.121309217241382385e+03 1.087082479983257688e+00
1.005461583626549327e+03 1.121499415525433051e+03 1.802963913638557569e+00
1.177158051575366699e+03 8.778549380092051706e+02 2.568586053957785165e+00
9.675991462569847954e+02 9.436735790987488599e+02 2.073289170399981174e+00
1.116117431058396960e+03 1.028679728002245383e+03 1.676759283679361889e+00
1.055671346419751444e+03 1.041662919480212395e+03 2.085860928504681411e+00
1.170269461993059394e+03 1.082814689483939219e+03 1.268791536918369545e+00
9.273843371176430992e+02 1.121061040177510222e+03 1.019427719913453156e+00
1.003291973309771492e+03 1.120646839177527227e+03 1.770452467814139119e+00
1.056106114023947612e+03 1.160046621892395024e+03 1.098745592468010512e+00
1.174762869012137344e+03 8.820967865305472060e+02 2.519161019412093250e+00
1.280075641124183221e+03 9.495161196658568770e+02 1.626599752178623737e+00
1.114651972046329547e+03 1.030368973047121926e+03 1.704079896097075331e+00
1.055075312165767855e+03 1.042072060461315459e+03 2.093322729339744726e+00
1.246434455166747512e+03 1.074637064033957586e+03 1.278588887669549701e+00
1.167390096806582960e+03 1.083235246586800486e+03 1.280837414523846807e+00
1.282188525816413858e+03 1.137106834533390611e+03 8.124393603931729935e-01
1.056092358523194434e+03 1.156645605354184681e+03 1.074321493448989528e+00
1.451243738487131168e+03 8.694789529869317448e+02 2.646726550119060217e+00
1.395140918879217907e+03 9.177494095399940761e+02 1.791544781099773331e+00
1.279058702317963707e+03 9.499710451327971441e+02 1.607668580625267962e+00
1.344192265113442545e+03 1.018363475682850321e+03 1.030595391212217188e-01
1.245025346525993882e+03 1.075766241244321463e+03 1.288231631506540520e+00
1.453725398935045632e+03 1.072590863394937287e+03 2.586750182135944431e+00
1.403777724752545510e+03 1.097746540382625426e+03 2.567385013380899750e+00
1.279360516156414633e+03 1.135769810315967106e+03 8.170137648005753039e-01
1.346642492118174914e+03 1.146363406789192368e+03 1.535933506166224038e+00
1.499607875272664842e+03 1.152246321396773965e+03 2.480417901641538414e+00
1.452235864961704465e+03 8.711067752742117136e+02 2.625936572703384986e+00
1.394420565274740738e+03 9.177009577842416093e+02 1.697625707129225558e+00
1.534268697879076171e+03 1.041168266845693324e+03 7.675155548210585432e-02
1.453682154044770186e+03 1.072706667163920656e+03 2.469033272376732313e+00
1.402945209243334830e+03 1.097812308314501024e+03 2.421507571111024326e+00
1.509476348258604958e+03 1.157245681670642625e+03 2.615112713163413982e+00
1.533404688200032069e+03 1.040591273423300663e+03 7.945034393781824633e-02
1.513445211036584169e+03 1.161617246899956626e+03 2.535141880793172042e+00
3.049789590519421836e+02 1.072001281568931745e+03 1.474978255027710405e+00
2.674543388168101501e+02 1.154463911562354269e+03 9.766575365942889442e-02
3.135642799667675718e+02 1.240796316247367486e+03 2.413720855813020094e+00
8.196707129890538113e+01 1.341473935399912762e+03 2.830699409701590064e+00
3.038000563855526934e+02 1.071438441911371001e+03 1.435557154937837865e+00
2.655945024886498800e+02 1.154321305986728703e+03 1.400400053643475196e-01
5.040404567935819387e+02 1.152016764918945000e+03 2.807394503581700729e+00
3.115234593447260636e+02 1.239769796414201892e+03 2.368310675349583949e+00
5.394278392441889309e+02 1.284953188994097218e+03 5.790579135469383631e-01
5.030405299712100486e+02 1.151386377993530459e+03 2.792587157852258972e+00
5.401989409685181727e+02 1.281599239038569749e+03 5.163708267428530618e-01
5.484081333807288274e+02 1.279194061292047991e+03 4.649485179213387331e-01
9.279700590852396545e+02 1.120839918829028647e+03 1.156365557553186818e+00
1.005279762073593474e+03 1.122112893896547348e+03 1.773526290141404838e+00
9.831313257851606977e+02 1.228674241262019677e+03 2.881930042476494425e+00
9.404670264307285379e+02 1.264517670104195986e+03 2.944605108116522096e+00
1.056129279327430140e+03 1.039703155080432680e+03 2.063734360846365412e+00
1.115423232442455856e+03 1.030664179483443604e+03 1.690672658102910342e+00
1.168324315121282780e+03 1.083290101800010007e+03 1.316202677153798684e+00
9.277427780649622946e+02 1.120631239295785917e+03 1.089695477070790508e+00
1.003264197610511019e+03 1.121080796416091061e+03 1.807671657999533776e+00
1.055329139780795686e+03 1.158274070701796973e+03 1.125785969589867763e+00
1.105977848987266270e+03 1.187054269955225209e+03 1.290109473940977525e+00
9.833093659534681592e+02 1.229097708980101515e+03 2.887571240323753230e+00
9.408814158072593727e+02 1.263405349428599720e+03 2.972875315252447859e+00
1.061923418474363643e+03 1.339124873333982350e+03 9.951033438310808998e-01
1.053498018559748743e+03 1.040492065613122804e+03 2.151228810777333411e+00
1.113532492043181037e+03 1.028377538502526932e+03 1.743658935413486155e+00
1.246869371164301810e+03 1.072347586679184587e+03 1.346041532913651251e+00
1.168270630339028685e+03 1.080966007131579772e+03 1.347549585091562196e+00
1.282323650133113915e+03 1.133432772209976065e+03 7.819099396602031682e-01
1.054169077832398216e+03 1.157349398680358036e+03 1.142020134612502291e+00
1.104903884997082287e+03 1.186301629468465535e+03 1.312770398489440771e+00
1.281936064636994161e+03 1.304543752880025977e+03 1.356234176099414546e+00
1.064142475160783306e+03 1.335495299196910764e+03 1.041917896665125465e+00
1.244999346435496818e+03 1.072286822218516591e+03 1.338570422334127041e+00
1.456350835328354151e+03 1.069067140081882144e+03 2.573283517845322610e+00
1.403085814042805396e+03 1.095829671093844354e+03 2.531304857732532110e+00
1.279571811650975633e+03 1.134673112170829427e+03 8.366926772555332015e-01
1.346647664751618549e+03 1.144687326750863349e+03 1.534744405263978706e+00
1.459134271911876112e+03 1.208640275102663509e+03 2.781123018879803066e+00
1.416899308918802717e+03 1.230331928681631780e+03 2.282629760751408110e+00
1.373253399351525104e+03 1.281687836005478857e+03 1.750255083552806790e+00
1.278897226116871479e+03 1.303969211658409449e+03 1.201086883810860595e+00
1.534093724501740326e+03 1.038784901143457091e+03 1.139421973416572670e-01
1.452532164169676207e+03 1.070724484388964811e+03 2.505443277971925120e+00
1.401100790596521847e+03 1.095134536940152884e+03 2.475002028988718017e+00
1.507878242058922979e+03 1.155157323989024917e+03 2.613805264039455789e+00
1.460441862532830100e+03 1.209278806984345920e+03 2.809079706962940293e+00
1.415980982437715511e+03 1.229015622907005309e+03 2.142127566570787067e+00
1.579464377126508680e+03 1.243035777344489816e+03 2.718393981293336203e+00
1.371116693602647047e+03 1.279777650220966962e+03 1.660847027648724383e+00
1.536175769997974612e+03 1.038522036560126253e+03 2.845868669762200986e-01
1.509299842000829813e+03 1.156162057701069898e+03 2.674048029935212067e+00
1.666480807918834898e+03 1.212322186291323760e+03 2.388548239821663088e+00
1.579463594063017581e+03 1.243176675588203352e+03 2.774916889863112246e+00
1.681804194852835963e+03 1.329369786276109153e+03 2.637251611808512752e+00
1.679257826093574067e+03 1.330708042975929857e+03 2.715675528308386877e+00
3.132288679379913674e+02 1.240447875586926784e+03 2.424783552073778381e+00
8.275976065553385297e+01 1.334617615031606874e+03 2.900028396251712604e+00
3.103044252119776161e+02 1.238304678805159256e+03 2.400719277305813470e+00
5.376522682820568662e+02 1.282433804342575286e+03 5.456897342123314676e-01
4.941028644306239812e+02 1.374820188153852087e+03 2.618625277830374021e+00
5.399995749937323808e+02 1.280428786621420386e+03 4.674289061383916644e-01
5.815801837214713714e+02 1.344342689551814146e+03 1.493836774449454730e+00
4.935457211322933517e+02 1.374182870596157272e+03 2.591888321529434602e+00
6.693660161893523082e+02 1.417969723529752855e+03 1.250548014589719648e-01
5.900624376599613470e+02 1.474602473430267764e+03 1.724398777630774537e+00
5.818177399312199896e+02 1.342851330772304436e+03 1.561999152215608477e+00
6.701555936668366940e+02 1.416883423316650124e+03 4.143350597103093863e-02
7.682772623739919027e+02 1.440703815591667308e+03 8.406218137959469150e-01
5.888857624452579103e+02 1.470466090716551662e+03 1.774742766311644848e+00
8.423991830289746758e+02 1.486182114101653497e+03 3.782373346557046379e-01
9.848219826603667570e+02 1.225447771823458197e+03 2.773780457667854638e+00
9.413435207162874576e+02 1.262212783108881695e+03 2.909869653327729733e+00
9.677257726427060334e+02 1.430958918459504503e+03 1.779331571478205198e+00
7.654922737293024966e+02 1.442337077616485658e+03 8.623835615768769003e-01
8.462081001594491454e+02 1.480061903059276119e+03 9.906940097710935367e-02
1.104082699165711801e+03 1.188737706329308821e+03 1.374566894005494255e+00
9.839937091399183373e+02 1.228013273026197567e+03 2.810986226883455341e+00
9.400310276810234882e+02 1.262566177743066874e+03 2.910014756333681341e+00
1.059189597550662029e+03 1.335861155491801810e+03 1.033343833062298822e+00
1.120233967663574049e+03 1.348125697617714195e+03 8.419471965245716172e-01
9.667809492527146631e+02 1.432575627466930428e+03 1.784091208663024952e+00
1.178546764216870315e+03 1.425240922113462830e+03 4.961798771342124659e-01
1.040255006945811147e+03 1.454248445753304622e+03 7.233589834054546808e-01
1.281178421626879299e+03 1.300411043346921815e+03 1.343966232854029830e+00
1.058925461238832213e+03 1.335522128170333190e+03 1.090863742564030403e+00
1.200660244971968496e+03 1.342851281917316328e+03 9.107863772035362793e-01
1.119037031754446616e+03 1.347269321932990351e+03 8.451136820663441851e-01
1.294903628388334482e+03 1.380876176649842364e+03 9.077891014455655716e-01
1.179734524470548649e+03 1.422598547311702077e+03 4.356367743487813970e-01
1.039872222416402337e+03 1.453368178323524489e+03 6.658892760404029332e-01
1.332209079990689588e+03 1.457021434481929418e+03 2.798645252896333702e+00
1.464205654413008233e+03 1.207421683463434647e+03 2.618283665444972819e+00
1.417297953899588265e+03 1.228689802540746996e+03 2.272847681299810407e+00
1.372983810668238448e+03 1.279541717841724449e+03 1.768121853104637431e+00
1.279586327439655861e+03 1.301285034029503549e+03 1.247965655863075618e+00
1.197265923203072134e+03 1.343519025104403909e+03 8.282537185750235009e-01
1.470511364187200570e+03 1.368740288858651184e+03 1.859092795166142231e+00
1.410944295708973868e+03 1.379200933460474289e+03 1.750730610934221776e+00
1.293265046225785227e+03 1.381699865807169544e+03 8.684787849864452625e-01
1.331965403832647098e+03 1.456439480928989497e+03 2.896472289929732824e+00
1.465784376556660618e+03 1.483937235296725248e+03 3.125085179788728684e+00
1.462788010528193354e+03 1.208467282343960278e+03 2.754934833035447284e+00
1.414821472763443126e+03 1.227273274451822090e+03 2.169430604851211086e+00
1.579581881247607726e+03 1.242441608965532623e+03 2.749485760656025235e+00
1.371319991531902360e+03 1.278071357884866984e+03 1.698093730436891935e+00
1.608237618894851039e+03 1.348274008348310872e+03 2.010677327528759939e+00
1.527449059721516278e+03 1.356338587050626529e+03 2.523146691506625405e+00
1.469087767258554322e+03 1.368433894088954958e+03 1.694293886426112783e+00
1.409878781189848496e+03 1.378422314746472011e+03 1.614327842098006061e+00
1.611997099252476801e+03 1.472579571190818569e+03 1.893416792775213908e+00
1.465240084691544325e+03 1.483788238501175783e+03 1.526267323596291470e-01
1.664637619162640931e+03 1.210198031652788586e+03 2.470251695264782832e+00
1.577464571018584365e+03 1.241338848053727816e+03 2.804242826788882592e+00
1.677941423107200080e+03 1.326097504589782375e+03 2.726764873719607962e+00
1.607007199800830449e+03 1.346004928697878540e+03 1.969474254383775325e+00
1.524234051827453413e+03 1.353341001153158231e+03 2.561572944831192800e+00
1.811906958913928065e+03 1.412020353472804572e+03 2.638350261137771380e+00
1.737436620100362461e+03 1.436965871073041853e+03 1.815500893960528606e+00
1.612228522145490160e+03 1.474991722193433361e+03 1.917537350014386632e+00
1.690240975467231237e+03 1.485507884963928745e+03 2.229690438098288485e+00
1.678582004822970021e+03 1.326344810687382278e+03 2.691925758938783719e+00
1.816059962996686409e+03 1.393323375006967126e+03 2.877139660602457294e+00
1.736244768616626288e+03 1.437203525840316843e+03 1.845243587785464712e+00
1.805951350715227818e+03 1.450212530602571405e+03 2.327589858673364542e+00
1.686008867827250242e+03 1.485199909599745524e+03 2.279725758679838510e+00
2.796672129252049217e+02 1.579608278538712966e+03 1.774562264668450018e+00
3.477601950453539530e+02 1.607480404008076221e+03 1.715531424738813149e+00
4.945673962921923703e+02 1.371342436880986043e+03 2.709754819632374634e+00
4.607518272650876270e+02 1.530642301848151874e+03 1.315531644309081427e+00
5.294569234757441336e+02 1.578658440018268493e+03 1.893485256490605062e+00
2.785428358309483770e+02 1.580026667004950696e+03 1.791513643966556879e+00
3.448260100194708002e+02 1.607774894023554680e+03 1.664421378328281742e+00
4.924593464674459256e+02 1.373505055155032096e+03 2.665909312280178689e+00
6.677868707380173419e+02 1.417602211987623150e+03 1.037420426260299844e-01
5.901434656440565050e+02 1.473842544041871179e+03 1.711150440951908491e+00
6.557091153440954940e+02 1.513658665320195723e+03 1.303631201890367297e+00
4.605693128328119883e+02 1.531765838011399865e+03 1.305426746804895899e+00
5.275336963047006975e+02 1.580454514390399254e+03 1.837519087526549466e+00
6.997051758065192644e+02 1.580984795870853304e+03 1.518448696184196756e+00
5.938260245397517565e+02 1.581250865601372197e+03 2.558374529613298254e+00
6.082940998835408664e+02 1.660599560057972667e+03 2.812634522537493798e+00
6.676284249750789286e+02 1.416941714040540546e+03 1.021794563215249474e-01
7.676448590212015688e+02 1.441541170745382260e+03 8.075286886888554116e-01
5.892797667509371422e+02 1.472345867725143535e+03 1.717195387861089273e+00
8.473956898990821855e+02 1.481878418289496494e+03 2.089032894681065455e-01
6.549052677865768146e+02 1.512864826844029039e+03 1.356006371158941848e+00
8.151569672834209541e+02 1.513628046281248771e+03 2.896889309204930818e+00
7.716894079511317841e+02 1.567049138544094376e+03 2.654118861951950681e+00
6.965043877052147536e+02 1.579651674990997208e+03 1.608433082251332857e+00
5.913405647927493192e+02 1.580595383880242935e+03 2.505095223824196360e+00
8.490926939430966058e+02 1.643171865867719362e+03 2.745104380759782359e+00
6.046760766885303156e+02 1.661977369734890317e+03 2.583808722013175796e+00
9.679885105602966178e+02 1.430044891904483393e+03 1.704876359676964270e+00
7.668750044026420483e+02 1.441393507636397771e+03 8.640107162564670817e-01
8.489702400946953276e+02 1.478936961698320601e+03 1.184234062914067548e-01
8.133879767471920559e+02 1.512803092496649697e+03 2.841103211217129054e+00
9.589460647101548147e+02 1.542354096282734645e+03 2.914427765660718705e+00
7.702100483287999850e+02 1.566358591611851352e+03 2.596813949996060966e+00
9.030223458787393156e+02 1.591023086354502084e+03 3.023129982307319885e+00
8.563449125138512272e+02 1.645285778681584816e+03 2.814462883434480034e+00
1.114754755467228733e+03 1.346188672998578795e+03 9.343124351777007952e-01
9.663871731773854208e+02 1.429865906655842764e+03 1.761455788013306822e+00
1.179297158527679812e+03 1.422433486946270477e+03 5.111099670289774854e-01
1.041071171944147409e+03 1.452714620322498831e+03 7.675424711454994497e-01
9.567877059073066448e+02 1.542366471843144154e+03 2.883149736119221096e+00
1.090508371670257930e+03 1.566659482243038838e+03 1.087603383750470609e+00
8.990425784528247277e+02 1.591404090623929051e+03 3.029208297901830882e+00
1.139528745069209890e+03 1.629728758343213030e+03 1.996484838252189808e+00
1.293869687138862673e+03 1.380053760416352361e+03 9.134625605938588855e-01
1.178885663184624264e+03 1.420724255060716814e+03 4.535299165251190368e-01
1.036271667721854101e+03 1.452158788403332892e+03 6.575943406610116337e-01
1.335033965704857337e+03 1.455631242748322393e+03 2.811271959266746556e+00
1.183605891677603495e+03 1.504441475048359507e+03 6.550399516317227666e-02
1.278671200011684732e+03 1.561385876930769427e+03 1.316719191129781752e+00
1.089494611567618449e+03 1.566604918722580578e+03 1.099740416145135624e+00
1.192311903398384402e+03 1.598581334238143654e+03 1.577876549743492784e+00
1.321352976931756984e+03 1.611044027816714333e+03 6.352776282628905813e-01
1.140394928906020141e+03 1.632981002145911134e+03 2.099369625693804586e+00
1.469623912896905040e+03 1.372429447189400889e+03 1.131703590978117901e+00
1.411884766866323389e+03 1.375731443323370058e+03 1.720953746144163077e+00
1.293215092598345109e+03 1.380334451023230031e+03 9.206905256022631656e-01
1.332395489515847885e+03 1.455755403807477023e+03 2.859685485598357779e+00
1.469087104127420389e+03 1.480575700357324649e+03 3.126140128052424139e+00
1.277322303013615056e+03 1.561851244281200934e+03 1.263556891045496400e+00
1.470012828568475697e+03 1.536224114689247017e+03 3.093802692557827694e+00
1.190592931824772450e+03 1.594267632345327002e+03 1.580273277353994255e+00
1.395112857395815581e+03 1.621730848511254180e+03 1.410676110047390575e+00
1.319288708843563882e+03 1.609038837147252252e+03 5.683303590136352668e-01
1.467515370794336604e+03 1.619502758094439059e+03 9.890549921101426945e-01
1.609720984741418988e+03 1.347220732491991839e+03 2.150632181973005430e+00
1.468635338879136498e+03 1.365707404541042933e+03 1.804825596342117588e+00
1.410779846652773358e+03 1.375179618691265432e+03 1.646458358281426504e+00
1.531469374983619218e+03 1.357104615974503758e+03 2.510819751440818592e+00
1.614454317223381167e+03 1.473819161214146106e+03 2.061210522039062631e+00
1.467171444268455616e+03 1.480458480436706850e+03 4.411124522096746686e-02
1.570933753144186312e+03 1.512544750719504691e+03 1.849437734707638059e+00
1.468658143263015972e+03 1.536655411198483762e+03 3.139211423668784029e+00
1.392762594836035305e+03 1.620142489165528787e+03 1.241987692795881948e+00
1.621737565434276121e+03 1.615547830595546202e+03 1.754861238797329248e+00
1.464840876732126389e+03 1.617462630805676099e+03 9.208973503754496193e-01
1.523756611616464397e+03 1.645989924262900786e+03 9.275405973247237146e-01
1.606766429780393992e+03 1.346978095836120247e+03 2.087401277351964346e+00
1.532583221837380279e+03 1.359773231665321418e+03 2.663984531932157562e+00
1.816470485451987088e+03 1.395663022318683943e+03 2.710733922883000080e+00
1.738447947172993736e+03 1.437328675485570784e+03 1.895132852142735080e+00
1.612934952271936254e+03 1.474081267060269511e+03 2.078171835349579943e+00
1.690486133525350624e+03 1.483812554962146578e+03 2.335445203623252919e+00
1.808411371091126057e+03 1.446045767746428282e+03 2.235584152170909888e+00
1.569385124250454965e+03 1.512671181805935475e+03 1.812120316663770492e+00
1.800097539855636114e+03 1.533290669999312740e+03 2.256372006118682716e+00
1.619870225630923414e+03 1.615392295319773439e+03 1.662701072754236620e+00
1.688654667633437839e+03 1.614078619380746659e+03 1.814436191618642003e+00
1.526093252080654338e+03 1.640859936476416578e+03 8.340040639314171278e-01
1.814973585876873130e+03 1.392220559874510855e+03 2.928177612542322450e+00
1.736276651123075453e+03 1.435770503141638301e+03 1.882292290795278156e+00
1.804932334830018590e+03 1.448779311917444147e+03 2.380467987458772861e+00
1.688424265752171550e+03 1.483477577930243342e+03 2.266343236704364550e+00
1.798233926129936890e+03 1.531402094537222638e+03 2.239249955573629158e+00
1.686952908957022146e+03 1.611663479568309640e+03 1.805650628282354120e+00
2.798690443608886653e+02 1.578496742795312457e+03 1.777687367619303904e+00
3.459584005753197857e+02 1.606286108022628468e+03 1.666598089598634536e+00
9.444346751142697372e+01 1.731195229680814236e+03 2.245105910061686139e+00
3.277231965748873108e+02 1.783072626030040965e+03 4.924947348811473669e-01
4.612312761420024572e+02 1.529793366482489091e+03 1.365812312981693033e+00
5.300199613824547669e+02 1.582825521453087049e+03 1.935528595475941138e+00
2.786625063166595737e+02 1.579628551928410388e+03 1.820790885737515019e+00
3.451439467337351061e+02 1.607818185163067255e+03 1.695028210621696063e+00
3.248805272027254318e+02 1.782230368766444371e+03 4.852384040902217310e-01
6.539224155721072975e+02 1.517666539077724110e+03 1.334388766303217899e+00
4.594277685315269082e+02 1.530155914309071704e+03 1.335529483483964608e+00
5.269175573531177861e+02 1.580654326076728921e+03 1.805904390898198875e+00
6.979996953242347217e+02 1.583347864110637829e+03 1.622728990048377673e+00
5.935273183481301658e+02 1.581506063675670930e+03 2.526920120284882554e+00
6.077927897306194609e+02 1.663326759825597492e+03 2.628134075141332904e+00
6.543788624230843425e+02 1.512247359853606213e+03 1.344512947788822910e+00
8.145908442748661855e+02 1.512766240052496642e+03 2.827132384895402417e+00
7.712015870325305968e+02 1.565708593809519698e+03 2.628845358924368991e+00
6.961304085127462713e+02 1.580243975070934539e+03 1.601551898532624918e+00
5.912256520594870608e+02 1.578536158704645459e+03 2.437750028180805106e+00
8.521344166699370817e+02 1.640597065002397358e+03 2.906478810068263474e+00
6.066428238393631318e+02 1.660556981241367566e+03 2.484429542825519643e+00
7.531099816256269150e+02 1.674081143567721938e+03 4.392978370065547290e-03
7.155666024844611002e+02 1.744209184901627395e+03 5.384157074480858673e-01
7.657223815415406989e+02 1.773687116610625935e+03 1.121282112095460137e+00
8.489843181639349723e+02 1.818651374764063348e+03 2.576434199409157522e+00
8.126026087076950262e+02 1.510951672044900306e+03 2.835704779040946644e+00
9.606166202928202438e+02 1.540880762768162185e+03 2.965216103891401112e+00
7.701431075227568499e+02 1.564429410315025279e+03 2.606605331939180648e+00
9.020448103223834551e+02 1.590350375881635273e+03 3.066114453269689566e+00
8.527046838720258393e+02 1.640053727576361325e+03 2.929976203423414916e+00
9.642353539482376164e+02 1.666174763232455007e+03 2.567427790491394468e+00
7.516428671343877568e+02 1.674411396076417304e+03 4.262472696271193962e-02
8.775431288404968200e+02 1.696276631077148522e+03 5.910498336672044273e-01
7.195671329415979471e+02 1.746411582778460570e+03 5.471767277803736285e-01
7.621719701976683154e+02 1.772684429701297859e+03 1.147077187712076229e+00
9.261810013845793037e+02 1.784788781710507919e+03 1.663186555847514958e+00
1.001321889939067432e+03 1.803927542814067237e+03 2.393175901367956104e+00
8.574534698116021900e+02 1.821945706431350800e+03 2.701897990799808191e+00
9.571073933285231305e+02 1.541578444897238342e+03 2.915816455211544866e+00
1.091094844617677154e+03 1.564452494765182792e+03 1.042709976068502575e+00
9.001993425617904450e+02 1.590075089325197951e+03 3.041192628014597332e+00
1.142070261849836243e+03 1.631811503868324507e+03 1.962154638962074094e+00
8.665357825681494433e+02 1.678043425212645616e+03 2.582203518070297577e+00
9.629434995618958055e+02 1.666106350461178181e+03 2.578209116230827380e+00
1.113361248807194443e+03 1.682489405834883655e+03 2.502124528864830832e+00
1.077388832550870802e+03 1.728843172228487447e+03 2.630377291245377780e+00
1.032817215162612683e+03 1.768766010383608091e+03 2.335327115935539322e+00
9.241397831582339677e+02 1.784768088393017024e+03 1.694546835541162810e+00
1.002434375066048233e+03 1.804034968238353713e+03 2.476983964974476926e+00
1.279095492069204283e+03 1.558502631129475276e+03 1.288898152561300581e+00
1.090011173463065688e+03 1.564248865624107793e+03 1.066213554107502404e+00
1.191644068809367809e+03 1.596565357232112092e+03 1.504429388426026026e+00
1.321445261043036453e+03 1.606284637720930277e+03 5.090303419284422093e-01
1.141097864287937682e+03 1.631063023516415114e+03 2.096968115277929368e+00
1.208414019649369266e+03 1.679606549995521164e+03 9.099595167542152696e-01
1.111976950276924299e+03 1.681771302464650489e+03 2.522451693789873772e+00
1.074974712460943010e+03 1.728191380535676899e+03 2.673857520926161246e+00
1.309372985814825142e+03 1.741508206086819428e+03 1.808843926008410374e+00
1.226234994275537247e+03 1.737968177707173254e+03 7.520297112792991845e-01
1.028448641525953008e+03 1.767914344452835849e+03 2.460372556577836711e+00
1.253719700466608856e+03 1.811718460333850089e+03 2.827124398902879587e+00
1.468022272143451573e+03 1.534457243270295521e+03 3.004147008331605306e+00
1.277505540836024693e+03 1.559351735451571585e+03 1.293114093612149684e+00
1.186691784947029191e+03 1.597083254552311246e+03 1.480591327318246053e+00
1.395027625871356122e+03 1.619048450836644406e+03 1.433865130151046996e+00
1.319902670253822407e+03 1.607223144299934802e+03 5.125309323620724777e-01
1.466583936462908696e+03 1.615731868748750003e+03 9.312227523187620593e-01
1.207029965669779358e+03 1.680527470508276110e+03 8.612296337275292535e-01
1.400201898842042283e+03 1.710533442263491452e+03 6.073560970461002739e-01
1.307196172503665821e+03 1.739987988574694100e+03 1.803619270407339048e+00
1.224157061039023802e+03 1.738254376618841661e+03 7.240582530383724569e-01
1.450364663733542557e+03 1.791141900461476553e+03 5.235212636650742324e-01
1.255002780630098869e+03 1.812902956123812146e+03 2.855824261904483130e+00
1.570826834201317524e+03 1.510606757541974275e+03 1.886509859270950162e+00
1.467889476941158591e+03 1.534568255380861956e+03 3.041447546061437635e+00
1.620799561309165256e+03 1.613969698967677232e+03 1.819733570853620197e+00
1.393593018710272190e+03 1.618959845877875750e+03 1.385377712228911040e+00
1.464271115391986541e+03 1.616212367291232113e+03 9.190035002548259113e-01
1.523489939225165472e+03 1.641811672026755559e+03 8.544683553248901831e-01
1.553253043902906938e+03 1.694789671623364029e+03 1.223117555118178323e+00
1.398108284127504248e+03 1.711411241720916223e+03 5.900846453913756173e-01
1.610439138922615257e+03 1.748920932170848801e+03 1.761867239474878888e+00
1.446679971083185137e+03 1.789722089800137383e+03 5.198536460180701591e-01
1.560412945655239128e+03 1.815442412015442414e+03 1.848484196594523565e+00
1.568603388364968851e+03 1.514487889394031754e+03 1.840585097128705439e+00
1.802192531392502588e+03 1.532361519727515997e+03 2.285827218540370076e+00
1.688961183920822350e+03 1.613239693985626673e+03 1.850870700242248201e+00
1.620055984703458762e+03 1.614336724887903074e+03 1.715376793493471830e+00
1.520701923435187155e+03 1.641618367550457833e+03 7.913766087844331665e-01
1.551680987339460216e+03 1.696344897622234384e+03 1.107416580286257668e+00
1.759266713963679649e+03 1.720053599871288952e+03 2.974503545294673312e+00
1.608014157819907268e+03 1.747932033288688217e+03 1.664766619365839695e+00
1.671879288560945042e+03 1.743278998706904076e+03 2.267229885328326588e+00
1.798390389403364679e+03 1.800879060697255454e+03 9.060124056824556682e-01
1.557959468576884092e+03 1.814959675958656817e+03 1.941298662390279928e+00
1.797904104984840160e+03 1.530521725490554445e+03 2.265326120477376914e+00
1.688081898451259804e+03 1.610879554453302262e+03 1.875589248858211322e+00
1.926011269996640749e+03 1.672551848482586138e+03 1.880254984975085808e+00
1.857122233081644708e+03 1.685765342236954439e+03 1.705775387078263261e+00
1.758645081267448859e+03 1.719841289667981073e+03 3.008882727345021380e+00
1.669224926294929674e+03 1.744092848010506259e+03 2.291560536353213440e+00
1.795116139384148028e+03 1.799259522943415050e+03 9.442285354032570188e-01
1.924824186302011185e+03 1.671948154012183750e+03 1.939058425168876276e+00
1.855370053467172738e+03 1.685875634090689346e+03 1.777503845873614541e+00
9.506448406450030575e+01 1.730861429440017218e+03 2.190194524003915788e+00
3.267208544852014711e+02 1.780315644647029785e+03 6.386614233094718429e-01
3.262752526139059341e+02 1.779520596524412213e+03 6.712116294450859444e-01
3.978661448015898259e+02 1.925130251325920199e+03 2.942049258470488482e+00
3.945391073028102937e+02 1.928005323159355612e+03 3.002609749071412537e+00
7.531284461680520508e+02 1.670807174415273948e+03 3.100178701167874085e+00
7.150011788548928280e+02 1.742908980959676228e+03 4.964048280755628539e-01
7.664351027569198322e+02 1.771761163641823487e+03 1.142513496041343002e+00
8.571190417128314039e+02 1.817606494254793233e+03 2.680387420750376837e+00
7.523717365160251802e+02 1.902116618013896641e+03 1.100134105025822651e+00
8.266118788092206842e+02 1.906861326320835815e+03 1.145735520159032683e+00
7.540003422052171800e+02 1.673358801387871381e+03 3.410409191310971588e-02
8.764964334993940156e+02 1.696983254576582794e+03 4.615429245730519048e-01
7.098162899952409362e+02 1.741118552030808132e+03 6.179463254182384624e-01
7.641767903824986661e+02 1.771539211795180790e+03 1.136394936857562321e+00
9.260415365411129187e+02 1.783709553800220419e+03 1.720901917726299413e+00
1.004666352051776130e+03 1.802843114224768669e+03 2.507910874620566943e+00
8.587055025289058676e+02 1.817366671219882846e+03 2.731255717976466713e+00
7.516640806519280886e+02 1.902896017946758548e+03 1.085304049201180510e+00
8.232487610078629814e+02 1.905703314934883565e+03 1.100734486727640959e+00
1.017031159497218823e+03 1.889419697026003632e+03 3.091564969779915018e+00
9.552049015189745660e+02 1.922814646806204564e+03 2.790952567748473001e+00
9.660804756840648224e+02 1.667867809548193691e+03 2.607766408205887565e+00
1.112811226740637039e+03 1.683279757468155367e+03 2.469549990866142686e+00
8.731842012000647628e+02 1.697138936356248905e+03 5.018432887393430297e-01
1.077001456729247820e+03 1.727938361363932017e+03 2.581984115892103304e+00
1.032513993901892036e+03 1.767818260071093846e+03 2.326150807437303847e+00
9.250764748718222563e+02 1.784121035013863548e+03 1.671658684540415329e+00
1.001289414521034814e+03 1.803613899627150658e+03 2.399412451632181309e+00
1.135441335239513137e+03 1.821945352485570311e+03 5.198920725652564911e-01
1.157276558671761222e+03 1.879466643372768203e+03 8.521300156269961956e-01
1.019372471010606660e+03 1.888854178659678837e+03 3.078940698134899900e+00
9.533388067200364731e+02 1.923079424129431573e+03 2.793332865247913244e+00
1.110058125780458340e+03 1.683781513595276465e+03 2.393879111340785570e+00
1.208922220587132870e+03 1.678081972848475289e+03 1.004730640523607832e+00
1.309282070538138214e+03 1.741115564168649371e+03 1.744057707368179111e+00
1.074909378297924150e+03 1.726531281430701256e+03 2.551043785164735844e+00
1.227152376244260267e+03 1.737358371989976831e+03 8.021824426216604964e-01
1.027870770873157426e+03 1.765793008295302570e+03 2.509420178968183368e+00
1.258655974383244029e+03 1.810304630496247000e+03 2.871587709063488258e+00
1.134808548344408791e+03 1.822110860730335844e+03 4.811211905751373030e-01
1.154921803884219798e+03 1.879436745843808239e+03 9.050660639070594593e-01
1.229288775704021418e+03 1.905271307635694484e+03 2.096925156597025108e-01
1.207475514973156123e+03 1.676095916205456433e+03 9.779402368076137719e-01
1.400212019193749029e+03 1.709072425916081102e+03 6.919235113265282955e-01
1.307590579781727456e+03 1.738336489330058612e+03 1.791062085303318341e+00
1.223067687453770532e+03 1.735433222831763715e+03 8.171452528374751889e-01
1.449951767497192577e+03 1.786955503274400598e+03 6.054682382230319737e-01
1.256028392784354992e+03 1.809159198005783537e+03 2.847043993040278220e+00
1.478374401451195808e+03 1.851509281376074114e+03 8.607477803424858909e-01
1.364802970068814375e+03 1.861896117439192039e+03 4.227571494399410823e-01
1.225381582777745280e+03 1.905463685358750354e+03 1.961952542679520628e-01
1.500958395209121136e+03 1.909062218479264175e+03 1.248285946748431519e+00
1.552929272071319247e+03 1.693820934169121529e+03 1.273409473370630041e+00
1.396387978355486666e+03 1.709048506440383335e+03 5.735006123435437697e-01
1.609327433684626158e+03 1.747305337716406711e+03 1.794464360149517157e+00
1.448222938486335352e+03 1.788053411931550045e+03 5.036300067873279440e-01
1.559528375228275763e+03 1.814554650122643125e+03 1.912834836640452174e+00
1.475370146484938005e+03 1.851430039229561999e+03 7.569797906986659441e-01
1.362273909629612945e+03 1.863453608550762056e+03 3.326489963343897682e-01
1.500495233256787515e+03 1.907919042793857443e+03 1.207980568155390566e+00
1.559052021157353010e+03 1.939338614663132830e+03 1.146074179779945190e+00
1.550590639827868245e+03 1.695529826180143800e+03 1.142976256518486888e+00
1.760406002151225039e+03 1.719618751639336097e+03 2.942970496749497844e+00
1.672827782875085177e+03 1.742259332978876728e+03 2.234695020572194490e+00
1.608094008488208146e+03 1.746456289705456129e+03 1.726835070085988466e+00
1.797105330635653445e+03 1.796678160285406420e+03 9.838303445030668337e-01
1.558952767804431687e+03 1.813702221986786753e+03 1.873842130066694311e+00
1.559906658160971801e+03 1.937512491487740135e+03 1.089383990701090932e+00
1.927240682870142791e+03 1.672784582753987706e+03 1.956691110706575865e+00
1.856379218638825705e+03 1.686845185081948330e+03 1.773341399396423990e+00
1.757810711255765227e+03 1.719877567668070697e+03 2.976309595089633664e+00
1.671214046990231282e+03 1.745691796411620089e+03 2.249021909924686202e+00
1.795200566835833797e+03 1.798873894209571063e+03 1.012926979594245713e+00
1.926189987917102826e+03 1.675023685487577040e+03 1.922966864018849309e+00
1.855263763979678743e+03 1.689532410598702882e+03 1.808647918231887752e+00
3.765218713579313317e+02 2.012545581692050291e+03 5.738959928252297671e-02
3.977386384115993678e+02 1.924272566313926745e+03 2.977715511094797041e+00
3.787307109702716161e+02 2.013165977066589221e+03 1.207235900844035904e-02
3.980611762795826962e+02 1.924622407913935604e+03 3.047789764600843831e+00
7.524023037973804549e+02 1.900385651703913481e+03 1.115417152543470847e+00
8.253172246538326817e+02 1.905475528383617984e+03 1.206037897773579282e+00
7.521168318121796119e+02 1.901269739667979138e+03 1.110558116294259490e+00
8.245888611030613902e+02 1.904924908822541965e+03 1.138272679636815887e+00
1.018045846632490793e+03 1.888734494283944059e+03 2.970443019880140145e+00
9.537723794020196237e+02 1.923055993256599322e+03 2.751650913161565182e+00
1.152614149661133524e+03 1.882050244415828956e+03 9.214278236315474047e-01
1.019221147091622697e+03 1.890112359613059198e+03 3.042343400314263757e+00
9.519983135968550414e+02 1.923194846466439685e+03 2.718326375439110709e+00
1.145540770581771540e+03 2.008684604711177599e+03 5.194447023049205692e-01
1.154285953929570269e+03 1.878554614752384396e+03 9.071871206726376258e-01
1.229650481422106168e+03 1.904298633049520959e+03 2.223269042924171657e-01
1.241947587468288248e+03 1.990821992489286913e+03 1.290958078522843611e+00
1.146274413338507202e+03 2.007822849812290769e+03 4.333847547454886540e-01
1.471079106708915106e+03 1.855295340203800151e+03 9.357411441142373665e-01
1.364867123122914336e+03 1.862069591563083350e+03 4.452502332991926104e-01
1.226638037423427249e+03 1.904354565946108778e+03 2.209611397905227592e-01
1.500948526635038888e+03 1.910591146181657678e+03 1.274077489246013384e+00
1.240381130921648719e+03 1.991016726442400795e+03 1.302627160624328706e+00
1.399943019401504898e+03 1.981931156916928558e+03 1.024149226262332513e-01
1.474726301696543942e+03 1.850778954973152622e+03 8.119666114895210951e-01
1.365593686818529704e+03 1.860460181877402874e+03 4.307600980214180697e-01
1.500462643485991066e+03 1.906171539240780021e+03 1.217554429271074046e+00
1.560643379402213668e+03 1.938022953810989748e+03 1.146898410182159322e+00
1.398563500241643169e+03 1.982110696198408732e+03 8.376329934942519650e-02
1.559877924211306436e+03 1.938645930425491315e+03 1.170277227879900073e+00
3.760578747960510100e+02 2.010034788916711932e+03 6.825416278627714772e-02
3.786611932543819421e+02 2.012281279958443520e+03 4.504804870396700994e-02
3.912709611721276133e+02 2.015327312994003933e+03 1.101350690499987711e-01
1.141142490733227532e+03 2.007630708933954793e+03 6.697805573094886000e-01
1.240772682923288130e+03 1.991342329212642653e+03 1.303775546717804934e+00
1.144735672390942227e+03 2.007253711027317877e+03 5.024063601250754463e-01
1.239571075478685771e+03 1.993466083392633209e+03 1.214017228265155346e+00
