9.979280031907287594e+02 2.804917313915354953e+02 1.640747147378937454e+00
9.959758488532136198e+02 2.805104735253264607e+02 1.613281041877374644e+00
1.319120245458363570e+03 3.672285476057256801e+02 1.134665806950565292e+00
1.423079790215209186e+03 3.114909170449797102e+02 9.442918820552654857e-01
1.500457129564712886e+03 3.292729852154561740e+02 8.260624921445417490e-01
1.314148537887825341e+03 3.729377924411901404e+02 1.273660112915254938e+00
1.654542987138774606e+03 1.634228804353022610e+02 2.030531407142214251e-01
1.420016037391761529e+03 3.131032084879400372e+02 9.965449557308077022e-01
1.630368886752094340e+03 3.209247746191186366e+02 6.522478706132198711e-01
1.497667196175724030e+03 3.268723508379592317e+02 6.734364567861070849e-01
1.515282521956594564e+03 3.804038909527434953e+02 2.327900671420242151e-01
1.656230219754521613e+03 1.639204368378048571e+02 1.415096513509633280e-01
1.694618078526395493e+03 2.288686986948788444e+02 2.105519490095754398e-01
1.753017563073356087e+03 2.835702535551547498e+02 5.898670487235120330e-01
1.631769563948085079e+03 3.191547216971385978e+02 6.705807607377900492e-01
1.803757294379571022e+03 3.575245058261185704e+02 2.571210859563932694e-01
1.681980533887771799e+03 3.647491298967954663e+02 7.854697341192429239e-01
1.694943533003085122e+03 2.294197164416816577e+02 2.711711260269623058e-01
1.752842770046397163e+03 2.835666086849026897e+02 6.295092329242112372e-01
1.685746490887085656e+03 3.615517838172231677e+02 6.969807685440944089e-01
1.806334672117814762e+03 3.556524645739050356e+02 1.866259219020546256e-01
7.373606100200909168e+02 4.057057167592107589e+02 1.394048672413715995e+00
9.970696095183623129e+02 2.798190297619884177e+02 1.680351029852761524e+00
7.359470295401613384e+02 4.053788063506083290e+02 1.377169998171831722e+00
9.450480357418284711e+02 4.977967809363151446e+02 1.294047411621183974e+00
9.959561686810498031e+02 2.783732882389685415e+02 1.582173856337382167e+00
1.173838688971203510e+03 4.100319968939635373e+02 2.744829034817036106e+00
1.100246448750045374e+03 4.340892421990282628e+02 2.286336927354511328e+00
9.442896036132272002e+02 4.971311517810684109e+02 1.245422754071722649e+00
1.018904412528451758e+03 5.101769275188853499e+02 9.517316090093076442e-01
1.314666044271299597e+03 3.738146986530824734e+02 1.198756387467714069e+00
1.172415923517689407e+03 4.100942205403399612e+02 2.696281780541700090e+00
1.098718965740958311e+03 4.335153107843970020e+02 2.214091866369994221e+00
1.308063810277969878e+03 4.625431168433472067e+02 5.720561499269806172e-01
1.329659028676325988e+03 5.172842017962295813e+02 4.725474653332655262e-01
1.422559288913780165e+03 3.129808707042576543e+02 9.326855538838360049e-01
1.313529998857665305e+03 3.751032434978103538e+02 1.246433006238500951e+00
1.405621922235585089e+03 4.153772628550000263e+02 1.319055603899961238e+00
1.304196394016302520e+03 4.622725203271475038e+02 5.837811337001788115e-01
1.477724143293756924e+03 4.982234360415120591e+02 2.723034008771343828e+00
1.334953551343644449e+03 5.151572252563953498e+02 3.498209288128194538e-01
1.423095508261794294e+03 5.384476256639459280e+02 2.771059207688552628e-01
1.422346381714032077e+03 3.127884036940791930e+02 9.479343352980671433e-01
1.635563127214818905e+03 3.176644232180025256e+02 5.950330869645730214e-01
1.499026724216760840e+03 3.272266245058862069e+02 6.652604929414688284e-01
1.516578309503528772e+03 3.754356250783024507e+02 1.716253691242370372e-01
1.404995990993315900e+03 4.148368308809053815e+02 1.323565581591467533e+00
1.532430854496686379e+03 4.352193221879298335e+02 1.208632174069091958e-01
1.654788104364929268e+03 4.546853189816147278e+02 1.124576619970617808e-01
1.480177045713852522e+03 4.973400778460248830e+02 2.818377490304651012e+00
1.586512459134969049e+03 4.993329120120025664e+02 2.981633699390091152e+00
1.424223980735766418e+03 5.369686961749775946e+02 2.681823011985537963e-01
1.695584951767632901e+03 2.261441155065174939e+02 2.230279936826760345e-01
1.754026738721404172e+03 2.822982283288060898e+02 5.896420533032780131e-01
1.633549174141315916e+03 3.180581506532820413e+02 6.354143900799047451e-01
1.683673266465156075e+03 3.611960157676699055e+02 7.260910921540915108e-01
1.806878305867727477e+03 3.552513712649500803e+02 1.296477950138775204e-01
1.517240019127539426e+03 3.777254326758301204e+02 3.662334503608382502e-02
1.531587434235965020e+03 4.361189683698337376e+02 4.146047191523888342e-02
1.656054157867890126e+03 4.531198036268636997e+02 7.019962657119201144e-02
1.775057517166245816e+03 4.804452207276136733e+02 1.712821357478035766e+00
1.584226833960627346e+03 4.999167011551819542e+02 2.930941835822933328e+00
1.688600900897777365e+03 5.326526081933727710e+02 9.941474651780785043e-01
1.753512683469107060e+03 2.822698083826694528e+02 5.246281420524028238e-01
1.681018463412359324e+03 3.616772886356583285e+02 6.211625022569506882e-01
1.806414194644794861e+03 3.547414103882396148e+02 1.737600951932438686e-01
1.773531706529415032e+03 4.785368815001138501e+02 1.651215546162808190e+00
1.837019038494388951e+03 4.991393435703414525e+02 1.864808984385748714e+00
1.694707163583776037e+03 5.222596270624994759e+02 8.003060203883660684e-01
1.835768580038462233e+03 4.964676600050568140e+02 1.915566723497574175e+00
7.359891106925055055e+02 4.044605893153513989e+02 1.378959633729146317e+00
7.325073565067962136e+02 4.039759974468468045e+02 1.244905057651939595e+00
9.452823423086488219e+02 4.950312513494674249e+02 1.242293714598353693e+00
1.020281709356105921e+03 5.087497769208417822e+02 9.295228192517520638e-01
8.739683689055170817e+02 6.151958958667300976e+02 2.145975735620528457e+00
9.224650332829335184e+02 6.223192608533656767e+02 1.270753141138868170e+00
9.730484384988446891e+02 6.639830774362457078e+02 1.477304645006218609e+00
1.172049525107307545e+03 4.066693471825316237e+02 2.629469093628310272e+00
1.100385900633806386e+03 4.332062928071333090e+02 2.248611378382828985e+00
9.448857135199480126e+02 4.957649554718863101e+02 1.281574987007266131e+00
1.018928682060697838e+03 5.094357056703264561e+02 9.917789692208091035e-01
1.179199503418005406e+03 5.510254807474002519e+02 6.971979736841024122e-01
1.064541925710377427e+03 5.758413795815940830e+02 4.603177854134742897e-01
9.211871018031838503e+02 6.234527685520304203e+02 1.290838793046558797e+00
8.702894995769486286e+02 6.147058172986683076e+02 2.054044408312447167e+00
1.171914695804511894e+03 6.167512306974305147e+02 1.521541040748616291e-01
9.713461972907275594e+02 6.626332538303738602e+02 1.484717909483986853e+00
1.101931857966222196e+03 6.561929290522944029e+02 2.598865522253885452e+00
1.172469298030476011e+03 4.096050439665777958e+02 2.638102698790920631e+00
1.099535611042339951e+03 4.328218785416617038e+02 2.169264477292225379e+00
1.307351903822975601e+03 4.604201629878327822e+02 6.580662905299666798e-01
1.336345258030094556e+03 5.135953506780174393e+02 3.660017903704695375e-01
1.178209146177574212e+03 5.510940801485305656e+02 7.423400329098263084e-01
1.063203381788023307e+03 5.768865791099838134e+02 5.320853152986639856e-01
1.172686993936142017e+03 6.159513765751216852e+02 1.082487055526264869e-01
1.261247500295386089e+03 6.587383925524335382e+02 1.184345714552363482e+00
1.100851582570477831e+03 6.566134131594340033e+02 2.536691456794136545e+00
1.406120377105257376e+03 4.140002022877561103e+02 1.349520943101585546e+00
1.305105085518899386e+03 4.612020277917088151e+02 6.539879109918671496e-01
1.483047581476008418e+03 4.974339247705867137e+02 2.783061366121294178e+00
1.335431552853508720e+03 5.134667855626393020e+02 3.624138586686521668e-01
1.424348116337330339e+03 5.345681925062591517e+02 2.708125947726714444e-01
1.377133210941531615e+03 6.269571367875189480e+02 3.070736803133470083e+00
1.260582790786836767e+03 6.580961225898206521e+02 1.195046884048437841e+00
1.403092450192555134e+03 4.141843046871299521e+02 1.349677180594611725e+00
1.532613240743371534e+03 4.332597780375178900e+02 1.619455464087464491e-01
1.654457818555024005e+03 4.520960901664392395e+02 2.509529330983812923e-01
1.480654166359971896e+03 4.974651628329360165e+02 2.883119304558585672e+00
1.585331762111136413e+03 4.981929720604305203e+02 3.064402274275779714e+00
1.422273149789215950e+03 5.353755039423543849e+02 3.722560673133246123e-01
1.585214851824858897e+03 5.546840360878258025e+02 2.693150326296724018e+00
1.530879579512257123e+03 5.941655207845559516e+02 2.681214100776853737e+00
1.375295537585099964e+03 6.279558528576743583e+02 3.443057136801377927e-02
1.648688012741390594e+03 6.397444651743696795e+02 2.837647602763312626e+00
1.527343965722771372e+03 6.557723145199129249e+02 3.979253843663728141e-01
1.637339828406305969e+03 6.760876042044087626e+02 2.430984238183075963e+00
1.533682851260511370e+03 4.363480457300657918e+02 1.664918460866834926e-01
1.656910709642292204e+03 4.518389807201569965e+02 1.522343932165195757e-01
1.774370989558079600e+03 4.787762734603219315e+02 1.608672175088341261e+00
1.583880800782540291e+03 4.980229623917350636e+02 3.101105806717312063e+00
1.689066276754091405e+03 5.313994201924188019e+02 9.877825089875923448e-01
1.584327553952045491e+03 5.554918080127683879e+02 2.757976450622964926e+00
1.719043993030831189e+03 5.773453567387873591e+02 3.230864220946195742e-01
1.527772761198723401e+03 5.944258767770345457e+02 2.749534433298548741e+00
1.647181700858634940e+03 6.355041302320980776e+02 4.040057964883214670e-02
1.527100357327588881e+03 6.548546242020495356e+02 4.707921417340519832e-01
1.639716921661021615e+03 6.838235143554393289e+02 2.564665363395505437e+00
1.773230836226553265e+03 4.779756094001355677e+02 1.578796955800199742e+00
1.836257543785854295e+03 4.982880664740280281e+02 1.806015758654568648e+00
1.688445777055063672e+03 5.303278565528155468e+02 8.781103169160823230e-01
1.922091141277570387e+03 5.550352655993095823e+02 2.453015555839453299e+00
1.716818291681933715e+03 5.784409682128011809e+02 3.400599116938346489e-01
1.829679373726750327e+03 5.958783351566196416e+02 1.830682739874772702e-01
1.931220255906945567e+03 6.532543676399600372e+02 2.059186313406756064e+00
1.833640649976746317e+03 4.975104395038845269e+02 1.833188188346143610e+00
1.921317956868514557e+03 5.549289031750838603e+02 2.503151807164607057e+00
1.830609762917300259e+03 5.963948622691315222e+02 2.278119218187259765e-01
1.930280344729150329e+03 6.530775842470195585e+02 2.094484989879740411e+00
2.914566930707728716e+02 8.348278871971609760e+02 1.457310919916362524e+00
1.665882358077984122e+02 8.401304853854860539e+02 2.516383608560063934e+00
2.910928575702853323e+02 8.317687686664135072e+02 1.592183849064557233e+00
8.582855045108610739e+02 6.996941443160245626e+02 1.995300079400741611e+00
7.957621853427037877e+02 7.806918100692845428e+02 2.402667382156796094e+00
9.224985606368827575e+02 6.217115099125940105e+02 1.159761268910621368e+00
8.752428657480450056e+02 6.148602043916714592e+02 2.141851541373793300e+00
9.726598302927475288e+02 6.619921598758141954e+02 1.335147024824594686e+00
8.581647748405757739e+02 7.026969418132878218e+02 2.003452823384204606e+00
9.259615689490533441e+02 7.630726075234074415e+02 1.776483300560637746e+00
7.969970045481035186e+02 7.827090862172543666e+02 2.442831753144007578e+00
8.722815778759504610e+02 8.160943980313068096e+02 2.061127107356155452e+00
1.171393922490192381e+03 5.562654787171244379e+02 7.703539457740168350e-01
1.065820815212734260e+03 5.747103475611291969e+02 4.671358673506297854e-01
9.210918669124487224e+02 6.219540572105227056e+02 1.244184916451991363e+00
8.775332640466981502e+02 6.156444914390347094e+02 2.402553303223137871e+00
1.173972338320741756e+03 6.142533689557077423e+02 1.142381895587956803e-01
9.715004091538787634e+02 6.618768840476045625e+02 1.410605904509585340e+00
1.102827065429190952e+03 6.553433949856861318e+02 2.630777716316160308e+00
9.247612220084554338e+02 7.633815808745141567e+02 1.813120120274842595e+00
1.092553612670840948e+03 8.008512077587644171e+02 1.405348026778042492e+00
8.693506962848264266e+02 8.142007226423556858e+02 2.129782501633178171e+00
1.178916044817174452e+03 5.473632194272951210e+02 7.566803324710953405e-01
1.061959421211407289e+03 5.738480186070657965e+02 5.207858805113390055e-01
1.172797751882290868e+03 6.152710605759506279e+02 1.373856373272534237e-01
1.261663445380095709e+03 6.559368901417117286e+02 1.126374859997304245e+00
1.100215568491802060e+03 6.549113301792962147e+02 2.546467962552263486e+00
1.273015221115745589e+03 7.478057088539144388e+02 2.811181752143563806e+00
1.091529754179854081e+03 8.012138582641902076e+02 1.442083327994986508e+00
1.239547684263035535e+03 8.143646860369779006e+02 2.525529430271078901e+00
1.324049313508863861e+03 8.580370095170032982e+02 1.335915187304484109e+00
1.377096647014663176e+03 6.258111806341502188e+02 6.242120427743122479e-03
1.260692943341441605e+03 6.553455515146365542e+02 1.136889790984006554e+00
1.357466961783330134e+03 6.999926387695146559e+02 3.303329307642968171e-01
1.271788050625115829e+03 7.476047217723395306e+02 2.797575575764462030e+00
1.407686245458918620e+03 7.993769668297843509e+02 1.797595455904245965e+00
1.236519874048858810e+03 8.161091317351781527e+02 2.525165455811325899e+00
1.322182561964628121e+03 8.619402923440595714e+02 1.573455140923954110e+00
1.587561026660957623e+03 5.524478480445252444e+02 2.747051987937910944e+00
1.530639439897820012e+03 5.927335122746218303e+02 2.768329298602648869e+00
1.376684635275507844e+03 6.258600970501088341e+02 2.451617530888848193e-02
1.649399976667358260e+03 6.350335221471528939e+02 8.309574429824091724e-02
1.528433375347825404e+03 6.549521094913839079e+02 3.497556810126261628e-01
1.641814659672991183e+03 6.809953911723496276e+02 2.619800458549999878e+00
1.355115103548315574e+03 7.004921964034922439e+02 3.648470843858454549e-01
1.587817447658703713e+03 7.283832843183822661e+02 1.783379955979638165e+00
1.406009594500031426e+03 8.013925206482713293e+02 1.724871197746181251e+00
1.521585924213215094e+03 8.530397188653669218e+02 2.270101743940053041e+00
1.587705312074222320e+03 5.586238904252154498e+02 2.837309304630009965e+00
1.705498239291024902e+03 5.585805420452439876e+02 4.844343381438346308e-01
1.532051137260360747e+03 5.963866234399117729e+02 2.819038068478886494e+00
1.648043414803117230e+03 6.331319573854628970e+02 3.136652678154834561e-02
1.526586801765039354e+03 6.562095364026168909e+02 3.978638189917592105e-01
1.640733573660708089e+03 6.837621073203116566e+02 2.630795706739788020e+00
1.587353402973252287e+03 7.306174382769854674e+02 1.813229244384556127e+00
1.517221164820469767e+03 8.562092217815002186e+02 2.335009094350035674e+00
1.924562846722741597e+03 5.551853726335698411e+02 2.452399316287032782e+00
1.718605993446364664e+03 5.759404091702655251e+02 3.539934077483213315e-01
1.830020746723855382e+03 5.965799515636840624e+02 2.417427995892238446e-01
1.931368123760782964e+03 6.551260034266643970e+02 2.069834789530829333e+00
1.921371954911046032e+03 5.544898832545945879e+02 2.563834638646416142e+00
1.834202023731309055e+03 5.955767294713289175e+02 3.453613994568149881e-01
1.930041592526926706e+03 6.536493453897085146e+02 2.107870665868794013e+00
2.909495927408739817e+02 8.351187375609811170e+02 1.475173852570856647e+00
1.668045618238367069e+02 8.389821203854643272e+02 2.503743995885363560e+00
2.900417688702956980e+02 8.356244463425183540e+02 1.534955613325545976e+00
7.966072277971228459e+02 7.805308729895469924e+02 2.382495957050708046e+00
9.258840547141796833e+02 7.624841201501681098e+02 1.742152571794193916e+00
7.966063373077761298e+02 7.820197801359267942e+02 2.449542757798309101e+00
8.720703815961667260e+02 8.156096542950399453e+02 2.022456249081832524e+00
9.929649003246759094e+02 8.722848771449914693e+02 1.912385970646736322e+00
9.940406410782552484e+02 9.887826360580479559e+02 2.264411215545252265e+00
9.242744983933378080e+02 7.617480244301119683e+02 1.829303501020937306e+00
1.092483881527782160e+03 7.993945643142506015e+02 1.334666811261949526e+00
8.696392772875117316e+02 8.149934632543515818e+02 2.121362745828684560e+00
9.922787638785782747e+02 8.724593267128793741e+02 1.992021297294993110e+00
1.162956720269041398e+03 9.175907315491162990e+02 8.489249069564619443e-01
9.925327124313209879e+02 9.895987026515972502e+02 2.226740222245756851e+00
1.272579836898700250e+03 7.472163393998451966e+02 2.822907877014736222e+00
1.091362037647053739e+03 7.989836134113470507e+02 1.443430454068029611e+00
1.238776025061747532e+03 8.132522797987962804e+02 2.575686850536293093e+00
1.323078606789849346e+03 8.606633597953115213e+02 1.563122489097285461e+00
1.159224967995236057e+03 9.175289711619827813e+02 9.636684392086964923e-01
1.223802103204354808e+03 9.374851957257112645e+02 9.362780445387844930e-01
1.267510177321923720e+03 9.821300157497539658e+02 9.560973724391376161e-01
1.270240461650829502e+03 7.462194932914335368e+02 2.826707504173757268e+00
1.407375443734501459e+03 7.968816738346058628e+02 1.782149070161799687e+00
1.237291320657270035e+03 8.121381039442962901e+02 2.573580395929860209e+00
1.321610097995536762e+03 8.591727546918860980e+02 1.530003396356574674e+00
1.373069967777485999e+03 8.695213737424298870e+02 1.717326978460444797e+00
1.222498876230904216e+03 9.373027451142575046e+02 9.551824645263878866e-01
1.465131776230782179e+03 9.320655088014339071e+02 2.922777798594914156e+00
1.265838469620973001e+03 9.797158841981772639e+02 9.200326983784442580e-01
1.358294367043412194e+03 9.788651518257727275e+02 5.680252794932483251e-01
1.482293754230643799e+03 1.000633833547753511e+03 1.054894923705699483e+00
1.589002369121299807e+03 7.242203195874628818e+02 1.821920346443360428e+00
1.406668360027928429e+03 7.970222058098569278e+02 1.787197146383806778e+00
1.521523672398205690e+03 8.508390791612484918e+02 2.319438134318248856e+00
1.373630462947043725e+03 8.717416229418981857e+02 1.708866693495104894e+00
1.464559414194832016e+03 9.313499242443515413e+02 3.004765177012610700e+00
1.359306410481355215e+03 9.775626186826332287e+02 6.780723072876045920e-01
1.501874668910701530e+03 1.000737997156847996e+03 5.049142699582517130e-02
1.427866013913939014e+03 1.020179879970620732e+03 3.386574301734859294e-01
1.587982256858906794e+03 7.287954474392931843e+02 1.824147780750125181e+00
1.521010357705160686e+03 8.526084458933958103e+02 2.342381468906665543e+00
1.511646226524571375e+03 1.007727368231420314e+03 3.598930206056056291e-01
2.340949908418712084e+02 1.080594691245375770e+03 1.016884489954292370e+00
2.358851604096298047e+02 1.077321072600489060e+03 1.028680870404592884e+00
2.636736811618862930e+02 1.177329167809419687e+03 1.127973146547791572e+00
6.931725564099408530e+02 1.069480560929983085e+03 1.543856409304423805e+00
6.228612035228525201e+02 1.074517425002075015e+03 1.808430715320513693e+00
6.905566642042955436e+02 1.067867636583317335e+03 1.482265710092484312e+00
6.217320728608831359e+02 1.074230616620607407e+03 1.788632663427948355e+00
8.214970150976777177e+02 1.146492811614628863e+03 3.134359837032945517e+00
9.957163222374788347e+02 8.732593128305675236e+02 2.028526578276909742e+00
9.925281397862981976e+02 9.880654482951899809e+02 2.123377539934362623e+00
8.241886768986449852e+02 1.146745349051751418e+03 3.134182943743417660e+00
9.911531076753510661e+02 8.695980192781869391e+02 2.000531417553079283e+00
1.157884113002423192e+03 9.185408806924590408e+02 9.248662852572043791e-01
9.910033683991775888e+02 9.868693585658509164e+02 2.206279708529479855e+00
1.159349165509201384e+03 9.151446952966821300e+02 9.193943815023137844e-01
1.223901866908451666e+03 9.349688959955396967e+02 8.855529385895516414e-01
1.267430861536314296e+03 9.778257224913552363e+02 8.720346387999465820e-01
1.334077537369991887e+03 1.070933795128656584e+03 2.073753339566335896e+00
1.271901968897686857e+03 1.083787973705422701e+03 1.910092603696675884e+00
1.222659220241005414e+03 1.127258878929300181e+03 2.004539798619791036e+00
1.324536647236653153e+03 1.161922001237848690e+03 2.029638293308814845e+00
1.371696222707037123e+03 8.681969387706110410e+02 1.777369645311648538e+00
1.220514484607914937e+03 9.341802923062298305e+02 8.769908268855433064e-01
1.464505565132804122e+03 9.303499369971868873e+02 2.944946018684166056e+00
1.265824249500477208e+03 9.775500482463276057e+02 8.888504408129853651e-01
1.357551712431256647e+03 9.775478740783380545e+02 5.092134864095072544e-01
1.499172002548767523e+03 9.982492305173147997e+02 3.091634206175175592e+00
1.423476960911699734e+03 1.019672655841882943e+03 2.194477817900925276e-01
1.330254772789039180e+03 1.070554566665359744e+03 1.937538370470881288e+00
1.270957155568980625e+03 1.084952090952938534e+03 1.858532148920690741e+00
1.220239761318235651e+03 1.127244564847447691e+03 1.963545049586577829e+00
1.457509364436309625e+03 1.133496327510026276e+03 2.403717214156688264e+00
1.405537029989628536e+03 1.157445972936183125e+03 2.104784199395027144e+00
1.323464084743092371e+03 1.166589168416943721e+03 1.914936185971921834e+00
1.371533504051814134e+03 8.725719528250253916e+02 1.775409209461499938e+00
1.463540446283564961e+03 9.300304843921403517e+02 2.983614230456403504e+00
1.356119578223917188e+03 9.772099733528511933e+02 7.091060984773929210e-01
1.500836964046065532e+03 9.987531407471574312e+02 2.565974384121992580e-02
1.425159397115317915e+03 1.019422095010564817e+03 2.856326107085870314e-01
1.527134339504259060e+03 1.066558969534857624e+03 3.049403365269914179e+00
1.655550241510570004e+03 1.111053166877353078e+03 2.473503632771787419e+00
1.518268048533238925e+03 1.112951819561207685e+03 2.374096133448100776e+00
1.458090937497414870e+03 1.131956150339501164e+03 2.296236907257284354e+00
1.401251477677359389e+03 1.155925533423090883e+03 1.956262232353323860e+00
1.525078659569822548e+03 1.066325281496481466e+03 1.212778816830665553e-02
1.684700801726724876e+03 1.089962688410170813e+03 2.945384877339371155e+00
1.648369432325369417e+03 1.115577343108434206e+03 2.333714821494777603e+00
1.517671200912410086e+03 1.112998215253884155e+03 2.432765360290985335e+00
1.684207585285698315e+03 1.088206093307207311e+03 2.995752024162271265e+00
2.346071533402111982e+02 1.079095541464440203e+03 9.856291476628445958e-01
2.611653056848733740e+02 1.180788868828755085e+03 1.091009886137888740e+00
3.318095783377174826e+02 1.205139386339769089e+03 1.759922015705402965e+00
2.316126041475370698e+02 1.075813199302199109e+03 9.425856001416144103e-01
2.604937783388108983e+02 1.180029911034518136e+03 1.041556856720044832e+00
3.307094729587918209e+02 1.203903859126281759e+03 1.706514703830006141e+00
4.209982914989569736e+02 1.303862040659592367e+03 1.971592293036548593e+00
6.231659081059096934e+02 1.073007202618859310e+03 1.773770278165327063e+00
6.916747464783460373e+02 1.069499486249961137e+03 1.494066350379769759e+00
4.168503182763702171e+02 1.303076448752881333e+03 1.907018833711153771e+00
5.541386305301165294e+02 1.285903704514727224e+03 2.911717399844739429e+00
6.909890270094921334e+02 1.067316670848500735e+03 1.478289173091629216e+00
6.224370430692247282e+02 1.072823977666750579e+03 1.754130300332637393e+00
8.255756443422883422e+02 1.145496534312989297e+03 3.089791623627255568e+00
7.384237051070576854e+02 1.187560850262225358e+03 1.781920277139691644e-01
5.530644190750110738e+02 1.287970235066887653e+03 2.812418835352572533e+00
8.238892507869120436e+02 1.145679382807951924e+03 3.095683589508717137e+00
7.364142568039704884e+02 1.187679826093758493e+03 1.886424278253674147e-01
9.908840023584446044e+02 1.207127266641057986e+03 1.623060078475536905e+00
1.145085106220790749e+03 1.205544064908391192e+03 1.371348890998012493e+00
9.895018554121706984e+02 1.206818971050602386e+03 1.550371168814827838e+00
1.063259223714867858e+03 1.224168945343596533e+03 2.042953730383512578e+00
1.033108115890010822e+03 1.316822758043810609e+03 2.172717291857339639e+00
1.181849883400685940e+03 1.313865777870225884e+03 2.451476180764568635e+00
1.334309832418839960e+03 1.069152229349074105e+03 1.987141202266231588e+00
1.272407269725067863e+03 1.082182319756592506e+03 1.857388701018698018e+00
1.223295363711503569e+03 1.124354784670494837e+03 1.944481930327409236e+00
1.325543369644168934e+03 1.164510669706172393e+03 1.921682832433902588e+00
1.150808016468232381e+03 1.208237470623171703e+03 7.913935860485563634e-01
1.062621714044837745e+03 1.223016703487562836e+03 2.077533843235406685e+00
1.298615724570275688e+03 1.273521582122183872e+03 1.638033597062146907e+00
1.245368843650204553e+03 1.297998882697801037e+03 2.086139228962026415e+00
1.182057584350697198e+03 1.316869569412253441e+03 2.290571018489182098e+00
1.028919212015046014e+03 1.317836492741475467e+03 2.212478269262087238e+00
1.331272379972498584e+03 1.070009468623173689e+03 1.925991898887633003e+00
1.271397018953084171e+03 1.083673838013051864e+03 1.828246142004418484e+00
1.222162321734738953e+03 1.125150524671276116e+03 1.924680238266526455e+00
1.459107342071962194e+03 1.129840024059649295e+03 2.565142226939655323e+00
1.404852074973859999e+03 1.156499932881440600e+03 2.100867454340802354e+00
1.323728292353499000e+03 1.165478978793010583e+03 1.890985916127659205e+00
1.393544982853106603e+03 1.251596589268009438e+03 2.233359703194661705e+00
1.296471797644422622e+03 1.273586524324706943e+03 1.567661815915048162e+00
1.242285007394904596e+03 1.300569498071216913e+03 2.051233091014823096e+00
1.525527539474526975e+03 1.065655006638360874e+03 3.121172437517345077e+00
1.517430969219476083e+03 1.111334199017727542e+03 2.449567005070534265e+00
1.651443533870940882e+03 1.116110209481241782e+03 2.375449983127562614e+00
1.457887261422434221e+03 1.130270481530666530e+03 2.423410445053908457e+00
1.403314614724613421e+03 1.155868464411875038e+03 1.983619646544248605e+00
1.631102271113270263e+03 1.200819560757029194e+03 2.184565487311660892e+00
1.554187432075232664e+03 1.223400324679565756e+03 2.366003621156311354e+00
1.391614175814002920e+03 1.250670797356097864e+03 2.159449546955362731e+00
1.541838366226996641e+03 1.292806079025846202e+03 2.529959862545580140e+00
1.526972559995815573e+03 1.067933534274155363e+03 1.599366893030906844e-01
1.681481670992703584e+03 1.090443788669561400e+03 3.076586798193859718e+00
1.648276817114706773e+03 1.114422514579564222e+03 2.366915984586072774e+00
1.516610573860724344e+03 1.113263847472931957e+03 2.481983768896890208e+00
1.762355974904299501e+03 1.185445821656186808e+03 2.202600836072572399e+00
1.629943914082023412e+03 1.201197510803480554e+03 2.182484700798248412e+00
1.553664478024758637e+03 1.222098458230102551e+03 2.386742808484657363e+00
1.718261675757891226e+03 1.214385365826692123e+03 1.710317076688617322e+00
1.538948029110090147e+03 1.295504925054916384e+03 2.603771568792516700e+00
1.665546609848417347e+03 1.296894008893231330e+03 2.451323859346496992e+00
1.685967672015877042e+03 1.089397864796008434e+03 3.025013815055359601e+00
1.762002376705442884e+03 1.184913385600606489e+03 2.217245830600697687e+00
1.716691135103336592e+03 1.215005126181317110e+03 1.778171880787881243e+00
1.847256286336279345e+03 1.261024271582346273e+03 2.572811512080519059e+00
1.845336123316986459e+03 1.261262501972880500e+03 2.626969036092409393e+00
3.302649390419330757e+02 1.206400960311606468e+03 1.735750835654175317e+00
3.282826278304391963e+02 1.366548897146554737e+03 7.560061537844331436e-01
3.509923456132804063e+02 1.445054436333073681e+03 3.705390248721996405e-01
2.530265330996992930e+02 1.457966637865271878e+03 2.257565537450625825e+00
3.299566818835358504e+02 1.201760941759428079e+03 1.651563097155403170e+00
4.205072438114627857e+02 1.302329184981423850e+03 1.899699578844959769e+00
3.282970007250531808e+02 1.366247071349434009e+03 7.249354444377282825e-01
5.224764531229586737e+02 1.386802888544807956e+03 1.623862261853927125e+00
4.541736069815060546e+02 1.440973867706750070e+03 2.177566410409776942e+00
3.508145422465516958e+02 1.443338970806575162e+03 3.988950892434081075e-01
2.505939039241405339e+02 1.457834191439086453e+03 2.275801043716932259e+00
4.195230774561756562e+02 1.301427482936132492e+03 1.822712057433542254e+00
5.540384446067854469e+02 1.284346043522454238e+03 2.925333033839159658e+00
5.202602107912448446e+02 1.383475782299259436e+03 1.509364559030166308e+00
6.712919655802151055e+02 1.398417161060976923e+03 2.674765710378736561e+00
4.529771030440125514e+02 1.439528805102055912e+03 2.111657350581589654e+00
6.568806806192399108e+02 1.468642224465629170e+03 2.145242956017552605e-01
5.524643155611937573e+02 1.284572171672691411e+03 2.802438006643737101e+00
7.203787184006165489e+02 1.345271821917154512e+03 3.036408486165837139e+00
7.938241682506316010e+02 1.391501328874575620e+03 6.621807955731393580e-01
6.701786785025130939e+02 1.398630922318691091e+03 2.568747753898788400e+00
8.175546917362539716e+02 1.438987848159025589e+03 2.641129578589662685e+00
6.594654378260424892e+02 1.468322423757342449e+03 8.949703496414368464e-02
9.905014987484132689e+02 1.208952499135278458e+03 1.602004286867923621e+00
7.164480699768707836e+02 1.344574821220175863e+03 3.061285742107798580e+00
7.916794578737878965e+02 1.390725294582590777e+03 5.520788563056497900e-01
8.172904693383056838e+02 1.440818701809688037e+03 2.518666029958799846e-01
9.289292224894054470e+02 1.482830821943490946e+03 1.914192482265767214e+00
9.895091385030270885e+02 1.204728059622895671e+03 1.525596253721854811e+00
1.142032179438589992e+03 1.210801248598264692e+03 2.020249492434563976e+00
1.062993902860066783e+03 1.222350895427528712e+03 2.047595271702828956e+00
1.032270944058090208e+03 1.315269110463449124e+03 2.152532802629176789e+00
1.100427290432824066e+03 1.351783452986157499e+03 1.777719499509914591e+00
1.046157718225551889e+03 1.408988062638672091e+03 2.873933093533147520e+00
1.149469867362130344e+03 1.442079368958584382e+03 7.831147497950577963e-01
1.034924329740889789e+03 1.456458453400958888e+03 2.541895128116831715e-01
9.258150935543826563e+02 1.482826181968976925e+03 2.001007385980102526e+00
1.158108113117400990e+03 1.212274875372761699e+03 7.833089776359304368e-01
1.062688051509108391e+03 1.223364964924529659e+03 2.077734891399731332e+00
1.298550055322040180e+03 1.270346332634579994e+03 1.623994511906422522e+00
1.245059046178406788e+03 1.297820620904514044e+03 2.055967476394895854e+00
1.030290555992619375e+03 1.315269797511205979e+03 2.209222690518897192e+00
1.182165949439698579e+03 1.316477009390656804e+03 2.233539305499670391e+00
1.099416112201391797e+03 1.353106990176083855e+03 1.804023307910743723e+00
1.044614377226824445e+03 1.413862222151213700e+03 2.877302610280628059e+00
1.148782439191106960e+03 1.440315452669480237e+03 7.940898312744223420e-01
1.316299322369115998e+03 1.450536470790354542e+03 5.434704743075076117e-01
1.172012266405372884e+03 1.496257796794261594e+03 5.983051062921236340e-01
1.392941223696427187e+03 1.250030542324127055e+03 2.222810694012446131e+00
1.297334508874489529e+03 1.270952322947001448e+03 1.650122795768999007e+00
1.243221221866536780e+03 1.297556467789696399e+03 2.055197307504131210e+00
1.459657520551939115e+03 1.341963727591147517e+03 1.000101822442628574e+00
1.314207239988167203e+03 1.447987516480292015e+03 5.156736654685504240e-01
1.409126657509852066e+03 1.497834741772028565e+03 8.372191449614353465e-01
1.632653397640340245e+03 1.201859043550763545e+03 2.301506324999659459e+00
1.553786100504016304e+03 1.220971237295545279e+03 2.427819154663146684e+00
1.390907822560468276e+03 1.249664288081171435e+03 2.199677540621410188e+00
1.540995243178112787e+03 1.291365706314431009e+03 2.539106825542208234e+00
1.457742372366888503e+03 1.343401248325132201e+03 1.003125063666110428e+00
1.544612475436313161e+03 1.366380990274022224e+03 2.110409556022232180e-01
1.593098338390089793e+03 1.419674210646608117e+03 1.086122234438022804e+00
1.505576833006934976e+03 1.444030864960290955e+03 2.060159378753738224e+00
1.641131623708895631e+03 1.462532991162048802e+03 1.283761507469802332e+00
1.407412606207300996e+03 1.497068826394339339e+03 8.370396140273254071e-01
1.629552029774356242e+03 1.200585851386695367e+03 2.213161704394449814e+00
1.762359584013407812e+03 1.187204838293012244e+03 2.413212731520741450e+00
1.553276464635894627e+03 1.225961014430198475e+03 2.577885508624921496e+00
1.718735968394112433e+03 1.211507797568400974e+03 1.719593425469165160e+00
1.538924454775017466e+03 1.291077498766033841e+03 2.521176647747526367e+00
1.663779259927883686e+03 1.295720999083135212e+03 2.452409531278624932e+00
1.543567438529339825e+03 1.366574542289150486e+03 2.352508908234459961e-01
1.704796853543534326e+03 1.388534493076200306e+03 2.975588596219642668e+00
1.591664896402012118e+03 1.419593052129802800e+03 1.084760523218673445e+00
1.638875847338035783e+03 1.462253688246959655e+03 1.299388788999112698e+00
1.783011162198832835e+03 1.467372479944444422e+03 1.358518560645362694e+00
1.703339661099710383e+03 1.493474629612949229e+03 1.638969356328948246e+00
1.716286177253920414e+03 1.212639748304941577e+03 1.736619484808101355e+00
1.846011394736322927e+03 1.259631107063244144e+03 2.566039740826708382e+00
1.840575476682883163e+03 1.353511316228965825e+03 2.459378180583559725e+00
1.703820179072872179e+03 1.387625664967649072e+03 3.014290400062822783e+00
1.780950999414893658e+03 1.464994571756551750e+03 1.391389732875772944e+00
1.839174118435700848e+03 1.470682624390519777e+03 2.132748358812293965e+00
1.702626981127924182e+03 1.486957159140032672e+03 1.609306961803419034e+00
1.928276470722881186e+03 1.475725025162586007e+03 2.481911026053187364e+00
1.845208438136726727e+03 1.259396852748600395e+03 2.633170767088865549e+00
1.839201261081760322e+03 1.352707606713888936e+03 2.477849239723801666e+00
1.832230471723531309e+03 1.466671706419033399e+03 2.303922723147759477e+00
1.958522846938519706e+03 1.462029186617008008e+03 2.765191049018162595e+00
1.917913957286283676e+03 1.479612341735148220e+03 1.901187291472471674e+00
3.268651450236262122e+02 1.365808441606251563e+03 8.180496864544971602e-01
2.534369876394752055e+02 1.456913804161221151e+03 2.206270472885871303e+00
3.522366883989459438e+02 1.442068571949953139e+03 4.424890958955532971e-01
2.020951972960625653e+02 1.647244415420631867e+03 2.855405237067183855e+00
3.286611036010904172e+02 1.363731091186339654e+03 1.610497991676292262e+00
5.213777318296059775e+02 1.386772332296564855e+03 1.556545221040513516e+00
4.543914105175051645e+02 1.440609590700456238e+03 2.117288011541822890e+00
3.510866118252997694e+02 1.442856355252067488e+03 4.444961757374417677e-01
2.527915900767927155e+02 1.457235860234706024e+03 2.204383909885351933e+00
4.967309055294597329e+02 1.530757619053862982e+03 2.886104026948727252e+00
5.288856869169410402e+02 1.649814931213225236e+03 2.615298692887534138e+00
5.202219520705854165e+02 1.382550893847388352e+03 1.502405035265905742e+00
6.715244881475592820e+02 1.395674833982675409e+03 2.696611945582703562e+00
4.523118576985311847e+02 1.438449093953362990e+03 2.110703463634561849e+00
6.599853801643760107e+02 1.466902172659449207e+03 1.147674309761191752e-01
4.935430403461630249e+02 1.529434143051828414e+03 2.926836127677634458e+00
6.288929239357005372e+02 1.547295901689290531e+03 1.981252004234216546e+00
6.096277827742694626e+02 1.636161208425913628e+03 1.977559486239436115e+00
5.340712121155133900e+02 1.650802680490339071e+03 2.694595000590932710e+00
7.951336072073344212e+02 1.390068732257684815e+03 6.519148220051420584e-01
6.699305925218322955e+02 1.397514339661243184e+03 2.579593873390564340e+00
8.181565961502219579e+02 1.438243535969520281e+03 2.208391407251510952e-01
6.592376031000377452e+02 1.467217854001773048e+03 1.119014191129562852e-01
8.290275652493455709e+02 1.513390565638361068e+03 2.839727648036720620e+00
6.284651258031691441e+02 1.547861268045097404e+03 1.942912270870404967e+00
7.361872119415049838e+02 1.544159493594571359e+03 2.918362206563454020e+00
7.059927345409155350e+02 1.580707331594147263e+03 2.228341055629749157e+00
6.067558240159997922e+02 1.637865419992033139e+03 1.906140300968793166e+00
7.922795689904455685e+02 1.389950372056274318e+03 5.502807148068498133e-01
8.164402918441900283e+02 1.439542044422261370e+03 1.913948681561792320e-01
9.291383558474781239e+02 1.481668186169298451e+03 1.934525183827882522e+00
8.271470963073116991e+02 1.513083584645878773e+03 2.802870695725661943e+00
7.343705752829772564e+02 1.543470392615676701e+03 2.865543129145046830e+00
8.990253978398789059e+02 1.591258698674172138e+03 2.822069144677135100e-01
9.453665404113141904e+02 1.643173097726407150e+03 9.941195671703666470e-01
8.471941664414421211e+02 1.658607222914961767e+03 5.202459168657135313e-01
1.099904043993345567e+03 1.352410073367592759e+03 1.841573633321639925e+00
1.048475876959098969e+03 1.409117722521983524e+03 2.780657225836580260e+00
1.151239344659525841e+03 1.438955806174023792e+03 8.576731820995389111e-01
1.035364917450947587e+03 1.457861350536294594e+03 9.879146198153164748e-01
9.278409204506492642e+02 1.481877047367808245e+03 1.993666247711677553e+00
1.175407849754289373e+03 1.491316284184823189e+03 5.588644712164977379e-01
1.027270837872607899e+03 1.519552359395652047e+03 5.758716734988236219e-01
1.148856189803721463e+03 1.589316926369032672e+03 1.512793621997490456e+00
1.052360167661491687e+03 1.574246117912221052e+03 3.099678316301204717e+00
8.963858028330594152e+02 1.592262348141274970e+03 2.294374586673676442e-01
9.431611438684731183e+02 1.642018269630018494e+03 8.869661218268972691e-01
1.032699498212038179e+03 1.648958305195320918e+03 2.025377028339602425e+00
1.098246735805646040e+03 1.354243399773409919e+03 1.818884038439848139e+00
1.042965900885750671e+03 1.432063197932211551e+03 2.939654233900355518e+00
1.149303972266320670e+03 1.439601769940969007e+03 8.591216093694589162e-01
1.317704474497715637e+03 1.445990643855930557e+03 5.447682214904048248e-01
1.173238767402184976e+03 1.491940017099023407e+03 5.746367665735191421e-01
1.239676661924332166e+03 1.517431752838338525e+03 5.097017230638388741e-01
1.309059517615659843e+03 1.558506573162630502e+03 1.818858355361494816e-01
1.146943619721624145e+03 1.589097702371664127e+03 1.472748624706694320e+00
1.052436422682925468e+03 1.573802354936890424e+03 3.073848076012951402e+00
1.243122639489403355e+03 1.629982073517863228e+03 1.949321410015899092e+00
1.303866455931575047e+03 1.653171297196744945e+03 1.424989372756293671e+00
1.033679339440087688e+03 1.644694623037788915e+03 2.245313522560986375e+00
1.169671571503682799e+03 1.658326970958254606e+03 1.100623059326241382e+00
1.315126855022528161e+03 1.445938465968257788e+03 5.480686383766050218e-01
1.408920419250863006e+03 1.494050255260793165e+03 8.556844673667111101e-01
1.237738462618172889e+03 1.516862208794874505e+03 5.316877006782153581e-01
1.306447527370939270e+03 1.558081215760269288e+03 1.850807186533730275e-01
1.382065030052426209e+03 1.596953407349208874e+03 1.008995409183544911e+00
1.239745808579775030e+03 1.625289914713264807e+03 1.898447317792708811e+00
1.426718619146724905e+03 1.638816013644665645e+03 4.066415671455956282e-01
1.296357479419608126e+03 1.654857634994906675e+03 1.438378503106778394e+00
1.546199998749675160e+03 1.364614960379529748e+03 1.429276891084719781e-01
1.593519382142310405e+03 1.417412488463190130e+03 1.143959212223706334e+00
1.505014136415128633e+03 1.441789567028380361e+03 2.131160658742115466e+00
1.641086513674578782e+03 1.458988277212433786e+03 1.355613956980426638e+00
1.406708379043446939e+03 1.495917535329770772e+03 7.703011270242006159e-01
1.545750451523890888e+03 1.562502682213003936e+03 1.573798440923111608e+00
1.661429967062776086e+03 1.575655704086680089e+03 1.660262651730682437e+00
1.599832825651343683e+03 1.582396892319681456e+03 1.628088620965262079e+00
1.380763853540399623e+03 1.598824955046595278e+03 9.064701512880229961e-01
1.423351613504791658e+03 1.638185785264451169e+03 3.267565353089325053e-01
1.506340628886684499e+03 1.653149678239840341e+03 1.724395995423559924e+00
1.542512024770497874e+03 1.363228577869195078e+03 1.994348220959147600e-01
1.704961870145250032e+03 1.387479580708562480e+03 2.967603627121328635e+00
1.592457474276863877e+03 1.417841325077726424e+03 1.085746581015824219e+00
1.638531788056147434e+03 1.459743377723667663e+03 1.326817490057395243e+00
1.782600327826608464e+03 1.464660070503726047e+03 1.455630168785014833e+00
1.703295015226129635e+03 1.491093360009179833e+03 1.733291337737760340e+00
1.544549391813872489e+03 1.563179440331801061e+03 1.534058149907025159e+00
1.658179739589780638e+03 1.577891739935619626e+03 1.718793604114415174e+00
1.812650537714504480e+03 1.562721052671845655e+03 1.752867541545365615e+00
1.728519977670460776e+03 1.581550321596044796e+03 1.377492660610976971e+00
1.597249191246296959e+03 1.582752973786246230e+03 1.594746479434169251e+00
1.840881468406208569e+03 1.351901986049524112e+03 2.493422288325550795e+00
1.705851540396163045e+03 1.388899042546612691e+03 3.013881891260617785e+00
1.780990794586203265e+03 1.463950617490618924e+03 1.420147239316344567e+00
1.838657659366027929e+03 1.469745751004354361e+03 2.279203128008529866e+00
1.961225660789392805e+03 1.463344588918419277e+03 2.859755082946707994e+00
1.703168259347050707e+03 1.490802526148773950e+03 1.674371956654163718e+00
1.918360296410139654e+03 1.482464700498263937e+03 1.986845694802087392e+00
1.809951644625215977e+03 1.561258250811018570e+03 1.633922466767904425e+00
1.728441524091935662e+03 1.581760726580708933e+03 1.331935153897277013e+00
1.841023433264935647e+03 1.353974237669315926e+03 2.514362249853716147e+00
1.838519054979083194e+03 1.469540443763440408e+03 2.201676760473773253e+00
1.959193241060516357e+03 1.462216996624453714e+03 2.752114429787732686e+00
1.917231999503127554e+03 1.482794057763079309e+03 1.922738700384799548e+00
2.017403316609497779e+02 1.644407393131660001e+03 2.909712127136868443e+00
2.936607658940880583e+02 1.797031424781614987e+03 1.155953410909222212e+00
4.965127128259639449e+02 1.527518082737751229e+03 2.871247849390416995e+00
5.366919874588791117e+02 1.648429160416247669e+03 2.635017180149882510e+00
4.840352854899040267e+02 1.708239975299789648e+03 1.507401486396690471e+00
2.916390427295326617e+02 1.796627810071683598e+03 1.087566376303235050e+00
4.942762599386696820e+02 1.529974144970480211e+03 2.920088593127690313e+00
6.289231561826308052e+02 1.546825223027056381e+03 1.989611568170119638e+00
6.103289155909615147e+02 1.637358397989584773e+03 1.998833926096169389e+00
5.354788663428798827e+02 1.648437799350461773e+03 2.581890816248046949e+00
4.828430975664939524e+02 1.709299805858450327e+03 1.415004713542134640e+00
6.239025238859192086e+02 1.733359491852193287e+03 9.408916714598515585e-02
8.288963554178377535e+02 1.511438254354381115e+03 2.739349383631886514e+00
6.286153903180195357e+02 1.547541760333135244e+03 1.996322200512693934e+00
7.359588266050033099e+02 1.542828677942595959e+03 2.897802027892229848e+00
7.057803314899092584e+02 1.579988270496948417e+03 2.273285636838080048e+00
6.095415166546711134e+02 1.637709324756752494e+03 1.979577752219811693e+00
8.508057940531248278e+02 1.655152929017580846e+03 4.669797882657613641e-01
7.292141301972746987e+02 1.678401911499417565e+03 8.201204070840681926e-01
6.232554245813338412e+02 1.732930410404570239e+03 4.467225673139956638e-02
7.620401538913625927e+02 1.777492779756288883e+03 6.206152684803944997e-01
8.275131020268896691e+02 1.511283934974111162e+03 2.757518832487130922e+00
1.018445024783473400e+03 1.524001192323865325e+03 7.653719560971696811e-01
7.391071518453443332e+02 1.541813075278844963e+03 2.765659042682688362e+00
8.980244169700258681e+02 1.589753390571201635e+03 2.292358493548896092e-01
9.436912363027595347e+02 1.641466095824385548e+03 9.715152689557843280e-01
8.479901660499995160e+02 1.655284062531572090e+03 4.268691424923598543e-01
7.267058500618981043e+02 1.679083940668129571e+03 8.507242551744206294e-01
1.016025897424894310e+03 1.690502688990367005e+03 1.895431667093040007e+00
9.968227443212954313e+02 1.776818666215723169e+03 2.333207189733816911e+00
7.600142426235133826e+02 1.778210373390374343e+03 5.954361420781646430e-01
9.439354477768199558e+02 1.800721826309204516e+03 2.873853183789134125e+00
1.027113798499657378e+03 1.517389902468156833e+03 6.326601711097712410e-01
1.148664018168877874e+03 1.586606459928942513e+03 1.437955985259696368e+00
1.051540451974649841e+03 1.572139042329474478e+03 3.086226673401093468e+00
8.955943370370846424e+02 1.590419473750353063e+03 2.259688863404878123e-01
9.422141656447670357e+02 1.640916685661258725e+03 8.962928693252228962e-01
1.033984434107825109e+03 1.643700035017586288e+03 2.194928211914797256e+00
1.171119448092719722e+03 1.655167437105562612e+03 1.090541387743525936e+00
1.013016863863692606e+03 1.692691260039718372e+03 1.961223176059445183e+00
1.117696499436239947e+03 1.752106244578254518e+03 2.193420236042459504e+00
9.967649037823475737e+02 1.777204757524489878e+03 2.547099383439704212e+00
9.421303866832647600e+02 1.799119290405070160e+03 3.046513743076322278e+00
1.103176465836929083e+03 1.814965786191568668e+03 2.841281025057278864e+00
1.236648873947334323e+03 1.515910326142605300e+03 4.407131112582083898e-01
1.304252581559650025e+03 1.556953126308375204e+03 1.859076190773991666e-01
1.146369502809340702e+03 1.587090552532304400e+03 1.444416968529654177e+00
1.049668079514084184e+03 1.574155981287771965e+03 3.123589141145270531e+00
1.243685855222865030e+03 1.628171682977901355e+03 1.933246881234840897e+00
1.294443941643360631e+03 1.655243086961851986e+03 1.209356496941582648e+00
1.168308253194993995e+03 1.654952060599428933e+03 1.075353703946463346e+00
1.029160812213128793e+03 1.645497400412434217e+03 2.392423458856409280e+00
1.326967942625477463e+03 1.711199140585559462e+03 1.158622528423718601e+00
1.235701682986022433e+03 1.720121653627996466e+03 2.482574086867117114e+00
1.116015863459479760e+03 1.752516637415323430e+03 2.195048315732343269e+00
1.229837253190545198e+03 1.789036989718731775e+03 1.182728806067829957e-01
1.106347452139850020e+03 1.819856488457535761e+03 2.788252777395263671e+00
1.237484739725911368e+03 1.513852569435889563e+03 5.355981002811729397e-01
1.305715146100649690e+03 1.557216238343054329e+03 1.890099053709422550e-01
1.382536974819152647e+03 1.597620249585783085e+03 9.981122645303976970e-01
1.241671817712791380e+03 1.627314350754850238e+03 1.962847601287831978e+00
1.423814629356067144e+03 1.635751893308726721e+03 2.501779170570965216e-01
1.293095021658359883e+03 1.655703775659478424e+03 1.280297937816211151e+00
1.323811181007280311e+03 1.709340275404139220e+03 1.193839872602802776e+00
1.233661083916253574e+03 1.720509860332001153e+03 2.446363897251648378e+00
1.412122316370816407e+03 1.717535225209745249e+03 6.505438773787617368e-01
1.407407992869253121e+03 1.769534299594049571e+03 5.242593139299548399e-01
1.446761945619781272e+03 1.801658758294538529e+03 1.421335290982325805e+00
1.227964663943040932e+03 1.789839651621875873e+03 1.422442578487165821e-01
1.546205798484546222e+03 1.560482281043673311e+03 1.551445268963294488e+00
1.661723086169295129e+03 1.577768470604263257e+03 1.860224167805551998e+00
1.599726628877672510e+03 1.580752027818202805e+03 1.601670199382545956e+00
1.381072151711361130e+03 1.596397116972251524e+03 9.080834678462718079e-01
1.423039878361348428e+03 1.635413351376539367e+03 2.700518587359120870e-01
1.505658955163487917e+03 1.650756780195915098e+03 1.741495898663106168e+00
1.641161947243571149e+03 1.713568637490235005e+03 1.874092105094147254e+00
1.411025124605195060e+03 1.716415679196806650e+03 5.344444654635860381e-01
1.569564135907978653e+03 1.737456408131238049e+03 1.237655556139177770e+00
1.407776869254902749e+03 1.769553514637192848e+03 4.883569759704352031e-01
1.448061598701408002e+03 1.798507306869652894e+03 1.315408945838853372e+00
1.628124146450476474e+03 1.809799661284162539e+03 2.672639670773853560e+00
1.543002115165355008e+03 1.561257308100428190e+03 1.419255197029989146e+00
1.812698745290968645e+03 1.564023631447495973e+03 1.756991673618515826e+00
1.658808274106817407e+03 1.577173942936097774e+03 1.712447550475575175e+00
1.597570669563034016e+03 1.581920292278093939e+03 1.547442980336726226e+00
1.728843656097152689e+03 1.580777598232526998e+03 1.340169311873099733e+00
1.725102465279893295e+03 1.690096050652326312e+03 2.761886824667385110e+00
1.637724017266147712e+03 1.712884972728160847e+03 1.802898891283822191e+00
1.567674092785686753e+03 1.739167439739584779e+03 1.162075792771143812e+00
1.700066389540912724e+03 1.744016358327660328e+03 1.970710125476053065e+00
1.628821402178698690e+03 1.812699313523127785e+03 2.766167382172803446e+00
1.810387532397219729e+03 1.561910795082633513e+03 1.662416983328804054e+00
1.729574428445966987e+03 1.581727959435366074e+03 1.365682613380758692e+00
1.725705105021121653e+03 1.689469102675032673e+03 2.721470917072981610e+00
1.698533549017819496e+03 1.748508111458851545e+03 1.997723909158739097e+00
2.942190729409618370e+02 1.793787155851498710e+03 1.136149617364450526e+00
2.201158118658169656e+02 1.955904871965698476e+03 6.661973602009710338e-02
9.053748629861061659e+01 1.962731459147166333e+03 5.025793457372073475e-02
4.845972380788485907e+02 1.706474454076924985e+03 1.556850728792816829e+00
2.924403205513576154e+02 1.794838604680102435e+03 1.071864765497375860e+00
4.827536332208844669e+02 1.708997775797226950e+03 1.481151809716239054e+00
6.234551664963998974e+02 1.734088033011301832e+03 9.929921651342818456e-02
7.293227642114694618e+02 1.677053901634847762e+03 8.485213541626375200e-01
6.232635001254514009e+02 1.733248198793753090e+03 1.650875016105947043e-02
7.626685632881462880e+02 1.776945534022167749e+03 6.295304485544082063e-01
7.250578218731527613e+02 1.677333689734950667e+03 8.804045180456909758e-01
1.014940007297810098e+03 1.700312460011102758e+03 2.094011052322906519e+00
9.992484678465923480e+02 1.777465293428657333e+03 2.413010676189622394e+00
7.602254211398520738e+02 1.777395578649576237e+03 6.612139383604922482e-01
9.449809271411031659e+02 1.799442947676789572e+03 2.974215868686880704e+00
9.605111202710982070e+02 1.926968957413966564e+03 2.987034737338313484e+00
1.012880890134165838e+03 1.691676093935631343e+03 1.939357278533215823e+00
1.117027199521578041e+03 1.751179032798219168e+03 2.153884225340131575e+00
9.975917778485293184e+02 1.776926087431937958e+03 2.491932530855159200e+00
9.428034276863293144e+02 1.798217995878905867e+03 3.014136825179603463e+00
1.108713628181095828e+03 1.815666638551222377e+03 2.881021778177669024e+00
1.105104415577020063e+03 1.866040560194776162e+03 4.455687630082469375e-01
1.163484071917546771e+03 1.941327522556450731e+03 1.147071400998951551e+00
9.576442039867552012e+02 1.925685219534754197e+03 3.016312918335366078e+00
1.093816716761924454e+03 1.954816860784929304e+03 1.013765429877781399e+00
1.322131403981305994e+03 1.712198181802117915e+03 1.136490520530333503e+00
1.235400344503352017e+03 1.718985768520753027e+03 2.506313705003362813e+00
1.115707072400859943e+03 1.751674124109498052e+03 2.217031792822517833e+00
1.229850836743964919e+03 1.787943257185442008e+03 1.179088080225393770e-01
1.108328542245801827e+03 1.816302358276955374e+03 2.871824865581152242e+00
1.245140839586914353e+03 1.839162302759096292e+03 5.258993298939275141e-01
1.104003738976534351e+03 1.865648997591335274e+03 4.104835307975793768e-01
1.306367070299057332e+03 1.895099786917111487e+03 1.712001082537685237e+00
1.159485354094847708e+03 1.941875059681472521e+03 1.184867466774778944e+00
1.238079590618080829e+03 1.933095288162336146e+03 1.695844879190960164e+00
1.094247898132470709e+03 1.952085287169067669e+03 9.318089126278438217e-01
1.324006478582718955e+03 1.708994654590624350e+03 1.129061208967798269e+00
1.411480802549662940e+03 1.715876415829540292e+03 5.518511478877571319e-01
1.234672242947166296e+03 1.722416689346074691e+03 2.461180725899392296e+00
1.405155351169360983e+03 1.769515067907575940e+03 4.896468065436179740e-01
1.451611489751882800e+03 1.801127444291618531e+03 1.250102650495463763e+00
1.227866906861851021e+03 1.788598040520211725e+03 8.261462659147456034e-02
1.243542118367798821e+03 1.841464209098062611e+03 4.646417076726206963e-01
1.304461628890584052e+03 1.893906497255009072e+03 1.702234652298633355e+00
1.237076709631723133e+03 1.935493924651845191e+03 1.697839906796652532e+00
1.640284691777297667e+03 1.716060063481767202e+03 1.871378229735566778e+00
1.410171024645383341e+03 1.716134943674971737e+03 5.471847517620022083e-01
1.568687694071478518e+03 1.737856911551154099e+03 1.284760162670468109e+00
1.403688429223931962e+03 1.769609615442722315e+03 5.525186918618032461e-01
1.450456459496644129e+03 1.800949770236153199e+03 1.308974895518100201e+00
1.628637129708963812e+03 1.808828730140358857e+03 2.700465801381294106e+00
1.535355320838222724e+03 1.848738061019784709e+03 5.914515740921340026e-01
1.641899245868222806e+03 1.890733910247544372e+03 6.132392981498848705e-01
1.638007089976707448e+03 1.710842083582831265e+03 1.787924642091814009e+00
1.727549666156590320e+03 1.687086055984447512e+03 2.651045137344729241e+00
1.568385482961280104e+03 1.737269461852755285e+03 1.263999845061743343e+00
1.700967254307208577e+03 1.743559941433491531e+03 1.930002129447067061e+00
1.628811589007027578e+03 1.808520134506901968e+03 2.743316723593606454e+00
1.535845441723347221e+03 1.848132012781598405e+03 5.780470058382736198e-01
1.639774247335660903e+03 1.890108642350196988e+03 6.271211859619379991e-01
1.730236907071355972e+03 1.689738195582270691e+03 2.651069020623970207e+00
1.702064242484266515e+03 1.748238493485781646e+03 1.932008309505231614e+00
2.195923395702893686e+02 1.955780705618096363e+03 9.090310393508420350e-02
9.137095501108956341e+01 1.960109780544883506e+03 1.676957538112114898e-01
9.607207147057267775e+02 1.925325810532060132e+03 3.090773174474825247e+00
1.102835761953667088e+03 1.867765810970108760e+03 3.824009672129799475e-01
1.163564240401803545e+03 1.941561754601850680e+03 1.339921073966116483e+00
9.585471497586404439e+02 1.926488828098250451e+03 2.963284090086623745e+00
1.092009428662783193e+03 1.952393742352852314e+03 1.055183109495844374e+00
1.171318720683066886e+03 2.019564315590917886e+03 1.205528265458685411e+00
1.245484240787263843e+03 1.840584788630256753e+03 4.332106399514715211e-01
1.105017923234463979e+03 1.862272836562366138e+03 3.919140951178127774e-01
1.306086929402256146e+03 1.894031239174273196e+03 1.758491077380844203e+00
1.161571924453812471e+03 1.940313848387274902e+03 1.191723841014421970e+00
1.239201728896964141e+03 1.933721633951393869e+03 1.731622678548092376e+00
1.092285306554806994e+03 1.952132337724790887e+03 9.518114358262711461e-01
1.171075628994353565e+03 2.016895465509710903e+03 1.142564641484096200e+00
1.245837472454117915e+03 1.839566816824240277e+03 5.368236375972333940e-01
1.305893306666266881e+03 1.893105496350945941e+03 1.687440495026042653e+00
1.238709105918954492e+03 1.933233293113947639e+03 1.709122122889583206e+00
1.534339108316049760e+03 1.848986740312877373e+03 6.649828601022124142e-01
1.637401155469965488e+03 1.892650617722516472e+03 6.356048429124288024e-01
1.535561242682978900e+03 1.846093023375455004e+03 6.875207411216217590e-01
1.639384926252562309e+03 1.889579543134186679e+03 7.295372267040869385e-01
1.166479048460329977e+03 2.025260655595016487e+03 1.190065405377525032e+00
1.171106241136225208e+03 2.016511704855788139e+03 1.198004525364717576e+00
