4.130449526961981519e+02 1.076817678075338449e+02 2.364577346881933551e+00
4.141178734999366498e+02 1.113417479302564175e+02 2.452743989876069453e+00
1.440154705282033547e+03 3.648163532588770295e+02 6.810904955971253116e-01
1.623364161207627149e+03 2.682055061418209903e+02 2.383384031330260555e+00
1.440306221645314281e+03 3.638565143465432357e+02 6.054385460620571591e-01
1.575865056598199317e+03 3.673047027815168803e+02 7.929800409350448720e-02
1.622260427862147026e+03 2.685461530740254830e+02 2.337864705935439158e+00
1.802391128335673329e+03 2.641547910774575598e+02 2.040451802470301668e-01
1.741892409349013633e+03 3.090559727116182103e+02 2.928966958411911126e+00
1.576309865550628956e+03 3.693886554425166651e+02 5.001258541451802930e-02
1.802334923313164381e+03 2.647606872878210424e+02 1.164732534617154425e-01
1.742438982086405531e+03 3.095852146291083500e+02 2.904951754343914061e+00
1.440283546056123441e+03 3.643295903781486231e+02 5.252317746206085491e-01
1.425759971924120009e+03 4.416115103212779331e+02 9.083089708685015973e-01
1.349204035031648118e+03 4.530182979188821264e+02 1.018514804135292717e+00
1.624186935590573057e+03 2.668719033096231215e+02 2.310275141360957019e+00
1.439103986295372579e+03 3.649024226766417769e+02 5.834915403628095909e-01
1.577463610782850537e+03 3.668644428696031810e+02 3.017588421585262637e+00
1.519379134246468766e+03 4.350513019642201016e+02 6.434013454133613585e-01
1.424610521311244838e+03 4.415889478206690910e+02 9.112284267833207219e-01
1.348562575341587035e+03 4.527923931873716583e+02 1.178203030286923303e+00
1.568810687039012009e+03 5.236582689209301407e+02 2.466348253156974979e-01
1.622289443633205792e+03 2.675223278975108769e+02 2.331465174435120247e+00
1.800529334018602640e+03 2.633218017286991426e+02 1.139044324136053443e-01
1.742812541936532170e+03 3.072019206932483826e+02 2.834289600006507204e+00
1.576554664198108185e+03 3.672482530032642671e+02 3.040048327654297555e+00
1.703434863883156140e+03 3.854028254026175091e+02 3.046221622293574516e-01
1.520448406327471503e+03 4.340901279807945912e+02 6.593948956682189610e-01
1.682895557275214742e+03 4.819197992950046228e+02 9.327880249038076332e-01
1.742589296208173892e+03 5.126574272332808277e+02 1.046236964030574423e+00
1.569542102727556312e+03 5.226845592387409170e+02 3.010936498236893022e-01
1.817035969841007045e+03 5.303936466866696264e+02 8.583732893761720772e-01
1.801503208308184867e+03 2.630027604622490003e+02 3.137478607543841225e+00
1.741030073258832317e+03 3.074541459704809654e+02 2.799799658694763327e+00
1.701894445260611519e+03 3.854907497188935395e+02 2.927206754644807729e-01
1.916905654035008865e+03 4.641007177031028732e+02 2.402072535970196931e-01
1.683231724016098724e+03 4.808108310607929070e+02 1.003283762198368789e+00
1.742341988634437485e+03 5.089601304264583632e+02 9.582622662452965345e-01
1.815534237953962474e+03 5.268422212218862342e+02 8.555744285862787457e-01
1.915726545946699844e+03 4.631814007423137127e+02 3.424064090495598234e-01
2.022965519691570989e+03 5.120834693238344926e+02 2.618941330757773134e+00
2.020509821389932313e+03 5.097789970351425382e+02 2.780141356658243801e+00
7.890169241836753145e+01 6.505158122297956425e+02 2.150046401742157443e+00
9.911434028019725702e+02 5.711785874959614375e+02 2.285826594215388585e+00
9.907471415629120202e+02 5.725354452510025567e+02 2.270416928519436439e+00
1.288727581418586396e+03 6.821819126056022924e+02 6.498525950334803625e-01
1.425403407638461431e+03 4.407077914464525747e+02 8.698606318334268783e-01
1.349326481566041821e+03 4.515676139972887313e+02 9.828983620714285552e-01
1.386416961295924693e+03 5.943999060183630263e+02 1.279938489768011722e+00
1.488254368962419903e+03 5.973169683389056672e+02 7.227161014706136033e-01
1.287761215409386068e+03 6.806953662150114042e+02 4.337730297874714536e-01
1.519333409872694347e+03 4.342576649826771700e+02 5.570348711058109581e-01
1.424536443584732751e+03 4.410859395534387204e+02 7.981174137967458337e-01
1.346941926303814398e+03 4.495860227432018519e+02 9.599227679792918799e-01
1.567816494111234988e+03 5.208483710980286787e+02 1.775329604253819415e-01
1.616347056850025865e+03 5.802269906359302922e+02 1.130193996687764768e+00
1.386048080367081411e+03 5.941887856308084110e+02 1.251178529996027411e+00
1.489325336642957609e+03 5.960036899545048072e+02 7.368700884508123661e-01
1.531506920037721784e+03 6.259633110171669159e+02 1.514561084643887501e+00
1.638432087822416179e+03 6.226301503613531168e+02 4.477074850657655758e-01
1.609126936343390980e+03 6.778532156989906525e+02 2.989927364704927815e+00
1.519902931679817357e+03 4.301752917745252489e+02 6.547151539209070670e-01
1.683713471736379006e+03 4.812623516900233653e+02 8.849771604408356307e-01
1.742043977489522376e+03 5.086885546501569024e+02 9.027346778485755285e-01
1.568821316670754186e+03 5.206265198641538063e+02 1.754834924706387689e-01
1.818446887785281433e+03 5.240902737507573192e+02 6.237551120924467174e-01
1.615515751515558577e+03 5.802773340424575963e+02 1.176301949336862052e+00
1.722778807937047077e+03 5.794193920603713650e+02 6.546316421788463125e-02
1.516034224657931645e+03 6.108827368395068333e+02 1.976563051062503185e+00
1.644462952581139916e+03 6.217846457649300191e+02 5.340616410615416365e-01
1.749512663775483588e+03 6.701797956716990257e+02 2.831605432776453046e+00
1.608954867224883856e+03 6.760837140454990504e+02 3.007594836464087873e+00
1.917046905922962651e+03 4.637903023007741012e+02 2.480356680862930707e-01
1.679738968884317956e+03 4.802920867229885289e+02 8.773072726626925943e-01
1.741567204669801185e+03 5.084015545450631635e+02 9.253767601061734238e-01
1.815717452739902456e+03 5.244570810371724292e+02 6.940076921797755372e-01
1.880474525018418490e+03 5.471838355903280444e+02 7.403153522260804698e-01
1.721714714929792081e+03 5.798100222448882732e+02 1.106157063088238357e-01
1.941119647477536546e+03 6.017426939123374723e+02 2.050228609509770206e-02
1.825853125543631222e+03 6.448594381396985682e+02 2.226766985630503015e+00
1.891642733194588800e+03 6.369522663066912855e+02 2.274770337867460857e+00
1.745929013561539932e+03 6.710361877868269858e+02 2.926930563139352959e+00
1.915625214689201584e+03 4.636154248956539732e+02 3.443929236256324522e-01
2.024112785834279293e+03 5.119424209611820515e+02 2.629855206455602445e+00
1.879415175782001597e+03 5.465400593240775606e+02 7.570936432562684892e-01
1.983919733593204000e+03 5.484068288089392809e+02 2.353484480481963459e+00
2.122374189246990682e+03 5.530428990455208123e+02 2.363953775116068634e+00
2.077822317047252000e+03 6.049706850524405581e+02 2.585803549804787327e+00
1.938546479097291012e+03 5.996381462887065936e+02 1.181279368468114849e-01
1.888184039057782229e+03 6.377265558263536604e+02 2.311882157241011981e+00
1.989331943864609912e+03 6.708999356528511271e+02 2.759243205182797531e+00
2.022503180780445291e+03 5.116068076470536425e+02 2.733968277388731050e+00
2.120552148981464143e+03 5.517001808319971587e+02 2.406666917097833203e+00
2.197469174529934207e+03 5.743547557750050601e+02 2.375577025169116840e+00
2.076337557623142402e+03 6.053773964049855749e+02 2.679834782170791740e+00
2.167852487371239476e+03 6.662750533323601303e+02 2.138808701720029681e+00
1.990244027608742726e+03 6.758111594495001100e+02 2.873437211196915086e+00
7.884406544701940334e+01 6.528646857345524950e+02 2.032761123451927610e+00
8.440082830418468802e+02 7.932570052324989547e+02 1.838676745008709146e+00
9.931129109221819817e+02 5.721014821622877662e+02 2.347621408036145496e+00
9.012768548223232301e+02 7.117714161111679232e+02 1.473936086884297669e+00
8.459102337178902644e+02 7.986029191425825502e+02 1.881776713091290132e+00
8.994748947780039998e+02 8.193982461018827053e+02 1.195144636456594522e+00
9.906126430410658941e+02 5.701247462318976886e+02 2.330532708085040206e+00
9.014906949254489064e+02 7.093808605969433074e+02 1.459778048800327355e+00
8.991327034737537360e+02 8.150815728329584999e+02 1.105255357670012595e+00
1.093666872375836419e+03 8.521991140147580381e+02 1.638562144936339893e+00
1.155942284526550338e+03 8.516650075597476643e+02 1.373649423775270773e+00
1.292461068897176574e+03 6.766137061378567523e+02 3.786342810938400638e-01
1.245327208960734424e+03 7.399618319731807787e+02 4.580769848146226120e-01
1.327914038598371008e+03 7.704353839419796941e+02 1.076820160996768694e+00
1.231650229728135628e+03 8.414185445538018939e+02 8.227869769974527348e-01
1.090213881946119272e+03 8.498005821501917580e+02 1.740461496744766468e+00
1.151034079148115779e+03 8.543954327486784450e+02 1.524413846084454294e+00
1.387319673929671580e+03 5.915798260388596645e+02 1.258015494439258752e+00
1.482383476398023276e+03 5.970752114545629183e+02 8.246500257740578821e-01
1.290358123413590874e+03 6.778027285656171443e+02 3.889240569463598973e-01
1.485490620418878962e+03 7.166768895383320341e+02 2.661859784404721374e+00
1.243545507421012189e+03 7.411403432034489924e+02 4.739114137038191732e-01
1.324963749960588984e+03 7.700884810297400236e+02 1.052781465159432939e+00
1.354323376083102175e+03 8.412794191036522307e+02 1.313003733417553054e+00
1.230896576398795105e+03 8.403651203999399968e+02 7.590188568046197792e-01
1.448261026188543156e+03 8.415567908259429259e+02 1.847540344731466444e-01
1.625009213587558406e+03 5.995186970996838909e+02 1.489797787028323661e+00
1.384260663494905884e+03 5.908151448464061559e+02 1.248268319501757206e+00
1.490146465771796557e+03 5.944763809053007435e+02 7.770982992417942992e-01
1.532084398656851363e+03 6.244486328709522240e+02 1.439119883294294855e+00
1.611296288934397353e+03 6.747687494875983703e+02 2.995976182466687732e+00
1.486145382675409337e+03 7.178798130759920468e+02 2.715069072678350182e+00
1.572867346896207664e+03 7.173307880309897655e+02 2.571959971976344406e+00
1.546189240398458878e+03 7.830330850918940087e+02 4.032950391688021052e-01
1.353266742814371355e+03 8.338821553033425289e+02 1.033809840064602081e+00
1.601406042081141322e+03 8.368794925775887350e+02 1.561313473019992903e+00
1.451321437114752371e+03 8.393562234162552613e+02 1.881191758715315965e-01
1.615090177887572281e+03 5.800177373420319782e+02 1.270655403764005209e+00
1.722205728328939585e+03 5.767888025693004010e+02 9.756718525180987922e-02
1.525381789238120291e+03 6.180978968452564004e+02 1.602486440072937501e+00
1.644129405172066981e+03 6.215608419810124587e+02 6.010508028716436968e-01
1.747972531178619420e+03 6.691884532834706079e+02 2.938857719939743873e+00
1.609605662659009340e+03 6.722023746096509740e+02 6.642281765880835298e-01
1.571544722536893005e+03 7.171132384301629372e+02 2.550219855112993539e+00
1.720829590218565954e+03 7.145786631018104345e+02 4.053960688609695717e-01
1.790606832268367043e+03 7.916427837452640688e+02 1.948037073396966745e+00
1.544599198494598113e+03 7.829528549134518016e+02 4.002620281611742881e-01
1.668877772056369622e+03 8.159608918772877360e+02 1.321220497227743929e+00
1.742140698583480798e+03 8.097177005492535500e+02 2.098742972602427592e+00
1.599775795096456022e+03 8.366639871389387508e+02 1.558775204876730269e+00
1.722585914269252044e+03 5.776131616540172899e+02 1.726686177946644418e-01
1.943588346402036677e+03 5.982900627491140995e+02 1.262813344501283741e-01
1.825822441081624675e+03 6.434329014228831056e+02 2.227841898166220247e+00
1.891355493895982363e+03 6.366602977071207761e+02 2.269796291973099400e+00
1.745955552463577305e+03 6.690440624050770566e+02 3.010219321327079811e+00
1.719070807940995792e+03 7.143273076804315451e+02 4.934196706586771453e-01
1.921095789027173396e+03 7.227391037479906117e+02 6.826785534623812379e-02
1.837883714261492059e+03 7.603794254649029654e+02 2.468197334825886546e+00
1.787726411994203772e+03 7.921208887591665189e+02 1.995618741070838142e+00
1.667736440052725811e+03 8.141996644961020593e+02 1.263377435784216907e+00
1.738717881721823460e+03 8.116274183979584222e+02 2.023554815296647380e+00
1.873371639930500123e+03 8.420048898130617090e+02 2.341088219109682900e+00
1.984769320201705341e+03 5.465522373126747198e+02 2.303208836919687030e+00
2.130057785653968494e+03 5.530974202770995589e+02 2.252408293296943143e+00
2.078307073436770224e+03 6.054905109171709228e+02 2.626041059694888880e+00
1.938861143665830241e+03 5.980375499601632328e+02 1.036466912903641485e-01
1.891153398513447883e+03 6.383316271075408395e+02 2.302442473058691430e+00
1.989989320377214426e+03 6.716331275591224994e+02 2.798556739398137427e+00
1.920082336069669509e+03 7.238186188594291934e+02 1.177769858795724156e-01
2.133949523148558001e+03 7.459221448879418404e+02 2.096606796841466114e+00
1.837912743545324929e+03 7.616034924927887459e+02 2.347102109609016107e+00
1.872850486399247757e+03 8.439861642617252073e+02 2.383100201318217870e+00
2.122760954533678614e+03 5.519012550342051782e+02 2.545630051184880838e+00
2.197653891575929265e+03 5.760564506956424111e+02 2.426582604968956502e+00
2.076636827637226816e+03 6.051969238924457386e+02 2.708275907362563739e+00
2.168195184745786719e+03 6.673819932950342491e+02 2.164819585269893043e+00
1.989425198608081701e+03 6.724488737839305941e+02 2.952641838706200783e+00
2.131786937186907380e+03 7.432404812223225008e+02 2.124286425939862610e+00
3.396245263471673752e+02 9.538836689642998863e+02 1.550610267697095201e+00
3.870967650083564422e+02 8.769308327193998593e+02 2.588432152171655787e+00
3.386547853674655926e+02 9.541928519314058121e+02 1.476125309887717618e+00
4.253297271957760586e+02 9.947095040738031457e+02 2.963576276128919051e+00
3.868741502179118470e+02 8.771676628681934744e+02 2.605028469756967890e+00
4.261742101731102821e+02 9.960664272590231576e+02 2.981108001692929221e+00
8.464276929002880934e+02 7.990261848315631141e+02 1.967011270841734216e+00
9.010689340444212121e+02 7.097973651947900180e+02 1.527772886087343629e+00
8.460098346719067877e+02 7.970399703182206395e+02 1.900833463925396760e+00
8.997070019083187162e+02 8.183819615497675386e+02 1.250927603248473741e+00
9.278395894731590943e+02 9.073626140399312590e+02 6.457969173099902260e-01
8.973128746414738544e+02 7.102522671447627545e+02 1.528869110465113978e+00
8.981332110248383742e+02 8.184001447635675959e+02 1.264503074839804730e+00
1.091977724745822570e+03 8.516699022785178386e+02 1.714054385840604766e+00
1.152754735245764095e+03 8.548657882638880210e+02 1.472311292196399224e+00
9.271152926287084028e+02 9.069223206353130990e+02 6.054835805612205357e-01
1.037564572085589361e+03 9.526796738926298076e+02 1.028427861177748204e+00
1.244859394561436602e+03 7.400665381405314065e+02 4.291855139445886480e-01
1.325720202695483295e+03 7.692893110781686801e+02 9.831392716793621034e-01
1.232019322720796254e+03 8.398004257748320924e+02 6.886782803314852597e-01
1.090177098693509834e+03 8.516809251432681549e+02 1.726498273105057102e+00
1.150721200583757081e+03 8.555109254203903220e+02 1.457255372458224008e+00
1.197573110539107120e+03 9.467554720011908103e+02 1.355359825747513014e+00
1.034974594035279097e+03 9.523114691263256191e+02 1.057012950628503756e+00
1.268709866859844169e+03 9.995911549380291490e+02 1.960400287862430480e+00
1.486013003965727876e+03 7.127552877823659401e+02 2.632747722622810205e+00
1.244306897422616885e+03 7.359589253088190617e+02 5.137713737396750746e-01
1.326334886681341914e+03 7.686247430532780527e+02 1.037401344405920023e+00
1.355411454650999531e+03 8.408288596815507390e+02 1.322662029696472175e+00
1.231816822339144892e+03 8.389582280349100074e+02 7.643790741594379545e-01
1.453890462491752032e+03 8.367550807892802140e+02 1.199570560674703135e-01
1.377566765129291753e+03 8.849246498563718433e+02 2.290816653778832146e-01
1.195601423788365537e+03 9.458835434617330975e+02 1.434446907593885712e+00
1.373358833032906887e+03 9.396692441188022258e+02 3.966587424436183729e-01
1.267662064408686547e+03 1.000169605020024619e+03 1.895738458288374506e+00
1.363473883377130278e+03 1.017188523491372052e+03 2.754147757584853640e+00
1.485310048985087633e+03 7.156526481057029514e+02 2.730121936244319425e+00
1.574323776887465783e+03 7.158136002313653989e+02 2.546185141898543947e+00
1.546094367427915131e+03 7.813079522292421188e+02 4.207496375399543131e-01
1.352022554688883702e+03 8.398664202205663969e+02 1.229542662438594114e+00
1.600616579933330513e+03 8.334949338988643603e+02 1.544030194544871337e+00
1.451478833840515563e+03 8.377464609366339801e+02 1.731836645333456326e-01
1.376440531957839539e+03 8.855846290567105825e+02 4.166450970741576443e-01
1.519067893182461148e+03 8.992494172197611988e+02 9.229150805040126082e-02
1.617427322216352877e+03 9.463745837199830930e+02 1.818985108476516288e+00
1.369573727680028469e+03 9.404310148106319502e+02 4.643939207732510899e-01
1.531450383183297618e+03 9.917449716025294038e+02 6.100467902913427887e-01
1.719847067832330140e+03 7.150843009488012285e+02 3.748951531229121059e-01
1.573018330198125341e+03 7.179186848446321392e+02 2.535951336324576033e+00
1.791217131647381393e+03 7.903072701962635165e+02 2.109749128895975545e+00
1.543469023166708212e+03 7.813155868019367745e+02 3.966782200112695111e-01
1.668298098643090270e+03 8.150616810723192884e+02 1.290447715477874846e+00
1.740733056141283669e+03 8.103731926283732037e+02 2.111527911976744942e+00
1.599290744285403434e+03 8.346304769140066355e+02 1.501055998964532012e+00
1.738350638567731039e+03 8.887266724819833144e+02 2.475128583927316939e+00
1.517677013346911053e+03 9.001053237520120547e+02 1.242560524185838261e-01
1.688688198263651429e+03 9.173418998435486174e+02 2.736196282852798589e+00
1.615455677440063482e+03 9.455742451398452886e+02 1.782219381383648438e+00
1.531218595444227958e+03 9.942365586066771357e+02 6.115781132776829665e-01
1.662441841264581853e+03 1.000012632118311330e+03 1.856013763047790199e+00
1.723864049494875644e+03 7.106618960133220071e+02 5.646872729531061674e-01
1.921853573419873555e+03 7.208057328983861680e+02 4.720544277675069872e-02
1.839424990925175734e+03 7.577623572760477373e+02 2.593615775675317980e+00
1.789486243098926479e+03 7.903685867100273299e+02 2.050663082775132651e+00
1.666865376684836747e+03 8.140701766653578488e+02 1.281438834011577432e+00
1.738758521551440936e+03 8.104389096633283316e+02 1.988173375738454096e+00
1.874902341136716132e+03 8.411923784388673084e+02 2.445835140887429038e+00
1.738732894345782370e+03 8.887147985810092905e+02 2.507564444214898103e+00
1.686215134547473781e+03 9.172875259744714640e+02 2.713411795770446666e+00
1.921688553528807915e+03 7.233786549490621383e+02 1.614855067763900642e-01
2.135965013341136000e+03 7.459972512510776141e+02 2.254735426402632914e+00
1.845497781793628292e+03 7.654679046039585728e+02 2.417849639850444543e+00
1.874063020649802638e+03 8.426126415674312966e+02 2.498754435493037107e+00
2.130524944208950728e+03 7.422147383994816892e+02 2.277343559487148728e+00
3.390967010257754737e+02 9.542199495569582268e+02 1.547818740383360758e+00
1.528566847774401367e+02 1.075245203274896994e+03 2.817314567085424937e+00
1.253676800887933496e+02 1.114633145789570563e+03 2.704943883786325998e+00
2.517745887631018036e+02 1.125100475169304445e+03 4.413406676157219377e-01
3.868851068031957539e+02 8.750079077994546424e+02 2.540258891892780646e+00
3.394831674043077214e+02 9.526938906986786151e+02 1.498734495157290514e+00
4.250810613130430511e+02 9.933694750183265114e+02 2.909184526486666478e+00
2.502374886500431330e+02 1.126408909023519755e+03 4.490766163016027823e-01
4.809527066804446349e+02 1.180854294557091862e+03 7.660563433840008596e-01
4.231093358531087461e+02 9.928751517125913324e+02 2.897601662223432850e+00
6.904769425315873832e+02 1.117498735582049449e+03 2.836300893077303709e+00
4.799103445097578060e+02 1.178685018261163123e+03 8.050459412310501106e-01
7.378652308139494380e+02 1.077562080101398124e+03 2.560847556500567834e-01
6.879055317954774864e+02 1.120438794227823337e+03 2.718143549900659650e+00
9.280262621962660887e+02 9.058404908559202795e+02 7.337780670607293443e-01
8.868285148374147866e+02 1.060685661841110687e+03 3.321157383574002697e-01
7.350568268373608589e+02 1.077466584410255564e+03 1.091852783834174612e-01
9.414360807718815067e+02 1.113696849683311029e+03 1.054565740694610509e+00
9.252285390877639202e+02 9.049592266504762392e+02 6.520381191710964419e-01
1.037525538284888626e+03 9.525357195165147459e+02 1.109897260425471099e+00
1.037581249481639134e+03 1.040371792110994875e+03 1.142635346848304367e+00
8.867374323700125842e+02 1.060895222914006808e+03 2.943230688959707075e-01
1.096956921378207880e+03 1.068761314611186435e+03 3.025713389104230933e-01
9.412490760784889972e+02 1.113715962082091437e+03 9.954032030150253840e-01
1.048683935998586776e+03 1.121700656686267394e+03 2.947401287948529625e+00
1.198348603204723304e+03 9.450871788365129760e+02 1.328844235413229491e+00
1.034022356438491215e+03 9.509296863812091942e+02 1.043983983844384733e+00
1.268945571327411926e+03 9.977377780933343274e+02 1.864125486565235246e+00
1.034610533645114174e+03 1.040917700992881464e+03 1.053793718586892858e+00
1.094722949820171834e+03 1.068333462525159348e+03 3.394460614500252049e-01
1.320945124401078374e+03 1.099282659798675923e+03 1.412108355615613042e-01
1.046110311125101134e+03 1.122770984286985595e+03 2.970482336216411223e+00
1.258292415932318363e+03 1.162693851182979415e+03 2.012769491076806805e+00
1.373994884857990428e+03 8.756416678147156745e+02 2.985565977651866154e-01
1.194467256529145516e+03 9.447009107364970077e+02 1.318127762677943293e+00
1.372796713537738924e+03 9.396088320916292105e+02 4.424490427610182075e-01
1.267358049238439207e+03 9.973683167997728560e+02 1.811201716084593905e+00
1.362282576859305436e+03 1.014287579474736503e+03 2.856078943460302888e+00
1.318401995324250947e+03 1.099009346172588494e+03 1.684180930845020352e-01
1.255783998962300075e+03 1.162658913720155397e+03 1.972047373396231817e+00
1.381194757478648853e+03 1.180776365592546199e+03 1.732515667926660008e+00
1.381162595502835757e+03 8.837725065342631297e+02 5.372052548664163485e-01
1.520399184420681877e+03 8.987222545287288540e+02 1.235536827986915276e-01
1.616717559747132555e+03 9.424687986470241867e+02 1.745343420782659694e+00
1.369697296652910154e+03 9.384660687768650860e+02 4.284365619107223244e-01
1.531459490677711756e+03 9.900948523923036646e+02 5.975379978909562961e-01
1.360885828918119614e+03 1.014268896878327723e+03 2.814222756652131174e+00
1.570852975643628724e+03 1.045600425477178078e+03 1.402512895407415972e+00
1.632427344512642776e+03 1.116009783302739834e+03 7.974203986551724466e-01
1.378913946564340904e+03 1.176673961876770818e+03 1.838472143051045782e+00
1.740702756703093428e+03 8.867052306035925540e+02 2.510280345063799601e+00
1.522531854923901165e+03 8.986563070583881654e+02 1.786148124234138990e-01
1.688382233919540568e+03 9.159751418440905582e+02 2.644674365802262006e+00
1.615294882948202940e+03 9.435484591142833324e+02 1.765967698888486481e+00
1.529769481934022679e+03 9.906982273454784718e+02 5.674522818207935471e-01
1.663261809646144684e+03 9.978717830073333062e+02 1.833488868709096664e+00
1.570147823273878885e+03 1.046632446752681744e+03 1.362362677952170920e+00
1.630541581672835946e+03 1.114727303173237942e+03 7.476573635081891211e-01
1.740351741820951702e+03 8.918266853395834914e+02 2.635033097628779686e+00
1.695000932454128815e+03 9.182812900510521104e+02 2.786842327933582109e+00
1.538586091760111003e+02 1.074134629560079247e+03 2.751514595848127076e+00
1.252040353290723260e+02 1.112490955191862895e+03 2.626542025352661458e+00
2.533204140762476868e+02 1.123716077927603919e+03 4.816941873946952168e-01
1.752050659848358123e+02 1.241526773960419177e+03 4.182085985326439714e-01
1.973858995139830199e+02 1.302454987720626377e+03 2.676804298044461183e-01
2.506930764779999663e+02 1.124435366876949274e+03 4.211989523033686234e-01
4.808837028586874567e+02 1.177556514495964393e+03 7.524748681132813477e-01
4.176647480130153554e+02 1.309879113349093359e+03 1.909396381298498424e+00
6.910784516012269023e+02 1.116810621441561580e+03 2.818187131070326146e+00
4.779881257113416950e+02 1.177265993056639672e+03 7.605536970605357716e-01
4.130176015558222389e+02 1.306627662714017561e+03 1.884851845706635887e+00
6.384162012421390955e+02 1.310129029421015275e+03 2.676810793342107253e+00
7.394937329454644441e+02 1.075562841665586348e+03 2.604912243722102838e-01
6.877532021902231918e+02 1.118903501696466265e+03 2.732532485087069141e+00
6.394903196649188430e+02 1.312965179209235885e+03 2.614522545989924396e+00
8.886669699320293603e+02 1.059928418650835965e+03 4.110883373652382544e-01
7.385516644770875700e+02 1.075238240534101124e+03 1.911137744045824927e-01
9.431730278410359460e+02 1.111956945454311153e+03 1.038867989947001469e+00
1.037683750087076987e+03 1.036370316183682462e+03 1.092703630355219557e+00
8.876630117210888784e+02 1.057650230716100850e+03 3.883568193135312208e-01
1.098548860843870898e+03 1.067008192841647542e+03 3.873061342198933499e-01
9.413875493679950068e+02 1.111779798212397509e+03 9.644620961852580221e-01
1.048179581363497164e+03 1.120906183176992954e+03 2.989371947150226472e+00
1.100907102725373079e+03 1.312644154520724214e+03 1.691213402944566235e+00
1.173729864675352246e+03 1.340181414907235421e+03 2.185795867762625022e+00
1.031103124853230383e+03 1.033621622307990947e+03 9.992375697164226356e-01
1.091733046946191507e+03 1.066962194362248283e+03 3.193055907060354803e-01
1.319625965310319998e+03 1.098106208820872553e+03 1.334152671472992324e-01
1.044821006285281555e+03 1.118766770090948967e+03 2.988404198481579677e+00
1.257315809145873800e+03 1.160724682408945000e+03 1.996691912927866630e+00
1.328819034866767197e+03 1.222981269706964895e+03 2.228896383441545836e+00
1.246360616013031631e+03 1.273545382726209255e+03 9.085828774704726163e-01
1.099178734361512170e+03 1.311176266917721478e+03 1.635607218064686341e+00
1.284763845882808710e+03 1.330495687367701066e+03 1.255965340449451961e+00
1.318121981493161002e+03 1.097877655236372220e+03 1.736018054539361088e-01
1.256253098220263382e+03 1.160692506319823906e+03 2.015618972573636647e+00
1.381370275908648637e+03 1.178684691909995536e+03 1.753454348926498874e+00
1.325401189199681085e+03 1.221828634885857809e+03 2.263513043789512569e+00
1.245554102679476955e+03 1.274066735117559347e+03 8.758442286328729232e-01
1.486624099530939247e+03 1.269639248002326440e+03 2.578568789082539503e+00
1.431928760995635912e+03 1.274605785387303285e+03 1.676643080652792772e+00
1.282630968185115080e+03 1.330486056621054558e+03 1.228900347563304241e+00
1.380638559654054689e+03 1.338758191192035838e+03 2.044864245753448273e+00
1.571402046787024346e+03 1.042644508560500071e+03 1.298468868122618858e+00
1.633179895722951642e+03 1.111874548347540895e+03 7.277179035805408924e-01
1.380270521507467492e+03 1.179681744476309859e+03 1.775182476119765429e+00
1.527285305030936797e+03 1.209398484673013627e+03 2.284236792281113093e+00
1.600723010020263473e+03 1.228533662262140069e+03 1.727315136749247859e+00
1.485472413701503910e+03 1.269626657019334289e+03 2.541057834944778548e+00
1.430140849864447318e+03 1.275804634843265376e+03 1.721533958554813726e+00
1.377608456309886151e+03 1.337857336098132919e+03 2.283563062039437153e+00
1.569619141434097401e+03 1.043432405965047792e+03 1.334414693517990358e+00
1.631416137239420095e+03 1.112737187514580910e+03 7.338722813302565040e-01
1.525273377976815482e+03 1.209270248535445489e+03 2.300159366010583906e+00
1.600986336959444543e+03 1.228846232840963239e+03 1.752430079023493237e+00
1.750221148133969109e+02 1.240439254329636469e+03 3.581939418213688220e-01
1.974162193264075995e+02 1.301192222478972553e+03 1.960534418086852526e-01
7.840777852421942384e+01 1.350354059294666285e+03 1.291466162079045965e+00
1.707736235107525999e+02 1.363683264818410635e+03 4.203433167322388475e-01
3.512841707819501949e+02 1.482706380617673176e+03 7.437159814130048785e-01
4.165957147030242140e+02 1.306902782769073156e+03 1.931877040632289599e+00
4.827565886028394289e+02 1.422841953733923674e+03 1.601411282443361284e+00
5.415346300093801801e+02 1.430129891996067272e+03 1.564358985873755215e+00
3.480273291328646792e+02 1.479457031997469812e+03 5.734834740039486123e-01
4.152928861571584775e+02 1.307005914261199450e+03 1.911431755566755264e+00
6.403712320886538691e+02 1.310135780488042883e+03 2.713386017192198629e+00
6.137076787108828739e+02 1.400820829182916668e+03 1.082805456250618192e+00
4.807677842546702323e+02 1.423149204391019111e+03 1.528195268459582090e+00
6.921210464287211153e+02 1.405024374314766192e+03 2.312555767143116281e+00
5.380265334232495889e+02 1.430866323584531983e+03 1.522987519216453256e+00
6.380919229688208816e+02 1.308273914847414289e+03 2.701847728952211813e+00
7.318149738093979977e+02 1.383289701973737237e+03 1.557635560901180494e+00
6.125929253423337286e+02 1.399181400859933319e+03 1.087531302799411348e+00
6.901593606343523106e+02 1.403534587013152304e+03 2.231007828190556541e+00
8.275596569969125085e+02 1.464290041132125452e+03 1.361410280757823443e+00
7.700493244686921344e+02 1.483828271095298533e+03 1.905412657354647932e+00
7.306956538980562073e+02 1.383122442499242425e+03 1.541455058264517453e+00
9.861008381029662360e+02 1.361538451746513601e+03 2.887762644301786086e+00
9.023306818026728706e+02 1.407969343089355561e+03 2.931784654348172037e+00
8.259694329604495806e+02 1.469005165232818172e+03 1.500294360314065489e+00
7.689145154927730346e+02 1.480604471967570134e+03 1.821881157024944464e+00
9.825329871124606598e+02 1.484857772941148596e+03 2.446457705957778284e-01
1.099958844434009507e+03 1.307741287157147553e+03 1.591117551070944769e+00
1.177396199871427370e+03 1.348825346791426455e+03 2.135826825417222352e+00
9.822974382562686060e+02 1.361769466515097292e+03 2.871137595540512066e+00
1.145604114306345309e+03 1.406428902938126157e+03 2.903448963778412217e+00
8.984662318258201594e+02 1.408007296548452814e+03 2.941871311235071840e+00
1.118028778415303805e+03 1.465063097433619532e+03 5.562567054443107173e-01
9.818809508505346457e+02 1.487936826409766809e+03 2.598931130330144890e-01
1.328588109317132421e+03 1.219008227134090021e+03 2.287274574773012326e+00
1.247173442031281866e+03 1.271969712069957723e+03 8.866455385009708312e-01
1.099094151967493644e+03 1.308682062259299300e+03 1.662492843663958997e+00
1.284400773478456813e+03 1.327918610420766754e+03 1.291667485804746773e+00
1.165386299878110322e+03 1.373147537528141584e+03 2.248243791399174629e+00
1.254277423852018273e+03 1.432025495998404722e+03 8.774512668001125393e-01
1.341265520595263297e+03 1.448743598024453149e+03 6.111946345727066188e-01
1.115821347889149820e+03 1.465873263757463974e+03 5.347185222641097635e-01
1.326283355654823936e+03 1.220570117367512466e+03 2.317953695517750212e+00
1.247487942355389123e+03 1.273454979321255905e+03 8.835112463292210672e-01
1.432248053533523944e+03 1.273602154510241007e+03 1.715792356458208046e+00
1.490314482085198506e+03 1.268216892285722679e+03 2.477124745251633176e+00
1.283131090005353599e+03 1.328346777576904515e+03 1.293150579300944569e+00
1.381387420468567370e+03 1.338434890880241255e+03 2.049999538268720389e+00
1.479469411349516122e+03 1.385358322559097132e+03 2.120107245938180451e+00
1.253024829023288930e+03 1.433159645688781666e+03 8.750285642698703015e-01
1.419774341583808109e+03 1.450296372112198014e+03 1.346714921825716393e+00
1.343333968990628819e+03 1.445693803049532335e+03 5.145623725128658510e-01
1.526932983407238225e+03 1.208127730294322873e+03 2.292483007229908942e+00
1.601110861367961661e+03 1.225906015200282582e+03 1.682975000196035520e+00
1.485504055605593749e+03 1.267774797176510219e+03 2.545272720340332473e+00
1.430377883660361476e+03 1.273661955788183604e+03 1.630413038394227687e+00
1.379897461919340913e+03 1.339053392538912476e+03 1.995917108936469342e+00
1.660925265182103658e+03 1.355922751683487604e+03 2.298650179294237095e+00
1.476673652912575790e+03 1.383825941338732036e+03 1.998720025104729903e+00
1.552004085890248007e+03 1.383153186167767217e+03 2.866807622255456156e+00
1.418591729133704575e+03 1.450928932394961294e+03 1.245511715538861086e+00
1.528378619541356329e+03 1.213352257784372114e+03 2.261061424717114132e+00
1.601736121139879288e+03 1.228586655775570534e+03 1.664973423916034312e+00
1.659921536237812006e+03 1.356767334816515358e+03 2.269900334929643826e+00
1.552729306904001533e+03 1.383717370833036739e+03 2.894695580321287043e+00
7.105407224893943408e+01 1.349934039428842880e+03 1.200105231461544353e+00
1.693798708043212855e+02 1.360835957260492933e+03 4.722364201323490107e-01
3.482403338560671955e+02 1.479312480329811933e+03 7.168541778745601833e-01
2.241641365368997185e+02 1.596037964239198800e+03 2.245311718794912662e-02
4.821039796778172786e+02 1.423600504976406000e+03 1.603373517261587500e+00
5.409497347777730738e+02 1.432137629446562414e+03 1.573144565591652944e+00
3.458227146955416060e+02 1.479420550213241540e+03 6.414287131774815132e-01
4.037213198484419081e+02 1.511338842345149487e+03 7.627424593092537730e-01
4.633159339722678851e+02 1.569735098905007362e+03 2.830310128328071606e+00
6.140550980958657874e+02 1.400003042529637696e+03 1.104991503502363193e+00
4.819101415436973639e+02 1.422429173621036625e+03 1.527081438497026156e+00
6.931820793761585264e+02 1.402330110688535342e+03 2.254497725017325482e+00
5.377227156346837091e+02 1.429225373144617379e+03 1.521338733582283664e+00
6.489810752041191790e+02 1.508773151871317168e+03 2.325614514279191969e+00
4.000798447520324999e+02 1.511181280160302322e+03 6.950442624368861066e-01
5.558256906008892884e+02 1.528387934847337192e+03 2.950568823114051220e+00
4.611096064643930958e+02 1.568702771809565093e+03 2.882507904058960069e+00
5.701700160241249478e+02 1.590163072933218928e+03 2.874367979520446426e+00
6.748842022033376224e+02 1.602164661287692070e+03 2.396453344273677288e+00
5.626483364856017033e+02 1.641442729136959542e+03 3.012678268900646383e+00
7.302338970090426074e+02 1.385734837608931457e+03 1.475789060990564394e+00
6.138327763421239069e+02 1.398396151754587663e+03 1.075182254058544729e+00
6.927393526409092601e+02 1.401781176787693767e+03 2.330508533870419008e+00
8.275313374162637956e+02 1.472518102797026131e+03 1.460438473354018551e+00
7.697734857379040250e+02 1.487065652028906925e+03 1.608569966376584670e+00
6.484820532833830384e+02 1.509277346111980250e+03 2.357393557125334382e+00
7.274819265680075659e+02 1.518068720183602181e+03 2.320543385246124579e+00
5.525738633932946868e+02 1.531442653514240874e+03 3.068140046031387680e+00
6.772173044702699372e+02 1.605812391203568950e+03 2.509394570565317562e+00
5.690814626625502797e+02 1.591509237726592119e+03 3.027519001040045676e+00
8.480223487501309592e+02 1.618037790851051795e+03 2.356316898456532805e+00
7.788844073506973018e+02 1.634342990229791667e+03 2.750630166826366629e+00
9.850644067913694926e+02 1.359871662677793893e+03 2.803637787823348937e+00
7.211786563197464375e+02 1.388435903849592933e+03 1.490666204626302394e+00
9.011388163292867830e+02 1.408715454310945461e+03 2.926414979647830261e+00
8.263866010333645136e+02 1.471431564241853948e+03 1.516317733349226593e+00
7.678752946811791844e+02 1.486235128722353238e+03 1.735328764662331880e+00
9.861547737909313582e+02 1.486895421836735977e+03 1.636498424849092415e-01
8.694337081978933384e+02 1.519149134040371564e+03 1.036117536529809424e+00
7.244412189362668641e+02 1.517796467855854871e+03 2.234845290615134150e+00
9.439217438968667011e+02 1.562110024610966320e+03 1.251482574087563748e-01
8.496835527484745398e+02 1.621850479775524946e+03 2.221656942947088265e+00
9.515447340929915754e+02 1.607637950033717516e+03 7.801540902441906900e-01
7.750686222646297665e+02 1.635869096579044708e+03 2.724560057938030688e+00
9.828911506500944597e+02 1.360672109216750869e+03 2.739406302687535710e+00
1.147216625328250984e+03 1.408528826413700472e+03 2.774767725045797384e+00
9.006978961975160018e+02 1.408752805456217402e+03 2.879931202826997882e+00
1.119557230704529729e+03 1.463473592378504463e+03 7.257045259635436230e-01
9.844333349235089372e+02 1.487089907112393348e+03 1.290372935662742748e-01
8.665397705248385591e+02 1.520280588121873507e+03 1.061101323356804516e+00
1.136073447824379400e+03 1.534530250082969133e+03 2.467083056839915578e+00
1.044368469564336237e+03 1.541200632110113929e+03 3.014676754051250906e+00
9.427817563238677394e+02 1.563445093687079634e+03 7.349694307857691788e-02
1.139325550682868197e+03 1.584659066831717610e+03 2.633706922328556743e+00
9.487577603753074982e+02 1.607658346121470231e+03 8.729586501988975122e-01
1.044183752084926937e+03 1.632072365541877389e+03 3.787210742879359437e-01
1.176678057745722526e+03 1.354138082512952224e+03 2.049085058736712206e+00
1.146089481229844523e+03 1.406813217767494507e+03 2.796585383588051865e+00
1.254129762088350162e+03 1.431349908569177842e+03 9.821791827519344986e-01
1.117841806209074548e+03 1.464110912624406410e+03 6.705385787187037039e-01
1.284479959577922273e+03 1.507485223628808171e+03 2.960294763853676070e+00
1.225713655350708450e+03 1.539734032171853187e+03 2.295051617707104974e+00
1.134752170117430296e+03 1.532519907256149736e+03 2.553442970776322873e+00
1.041018260773576912e+03 1.541383642773414522e+03 3.051054264939799587e+00
1.332838440375569235e+03 1.571301322783464684e+03 9.571873543677211771e-01
1.136771090462991197e+03 1.585120061933223269e+03 2.469043474572771013e-01
1.048078309431659818e+03 1.629970132757475767e+03 3.578814680368834211e-01
1.226946407668266602e+03 1.632269319382858612e+03 3.902501611250120406e-01
1.479063041073093473e+03 1.383679039681694348e+03 2.144040825603605427e+00
1.253012776022279922e+03 1.431766979882894020e+03 9.288608099856883182e-01
1.419392365328554433e+03 1.448409176958970193e+03 1.378482906262923136e+00
1.343693805487175950e+03 1.444602747584919825e+03 5.267249894067453919e-01
1.283190511873639025e+03 1.508024439283107768e+03 2.967402693456704377e+00
1.224213263881170633e+03 1.541072581778923222e+03 2.412695018719663853e+00
1.473308412268896973e+03 1.555867745285863066e+03 1.787208846851079613e+00
1.424078503922733944e+03 1.553179878469466530e+03 1.538362263329561941e+00
1.330831732828613895e+03 1.570941926417659943e+03 6.667470781963725779e-01
1.335049159365838477e+03 1.632850419044367300e+03 8.181552152872086925e-01
1.228504194266608010e+03 1.631294436157662631e+03 1.945425232445782415e-01
1.476490643013540648e+03 1.381834295768972424e+03 2.064829473035635132e+00
1.553593054224976413e+03 1.382339576314194346e+03 2.832255013277054978e+00
1.419282712514126160e+03 1.448197217819310481e+03 1.277795328862596502e+00
1.471334959105460712e+03 1.553130608426711433e+03 1.666356637124275508e+00
1.531722324947381594e+03 1.555502315579916512e+03 1.841129522595161383e+00
1.422165971450768211e+03 1.552230110850298161e+03 1.440354223026939051e+00
1.595642531064763034e+03 1.597360634197909576e+03 1.693864037926507526e+00
1.659596625603038319e+03 1.354751239552621200e+03 2.362978167170765254e+00
1.552307444655736390e+03 1.382124540792375456e+03 2.944341148968514066e+00
1.528885508566209182e+03 1.555102910213640826e+03 1.764069332975388704e+00
1.702864156739832652e+03 1.584495161860254711e+03 2.303616320715445198e+00
1.595135102056975256e+03 1.597375946665372794e+03 1.608227900119906240e+00
1.700585035076212534e+03 1.585315835902208391e+03 2.344777235257737402e+00
2.237608808856188602e+02 1.594291904064662049e+03 1.339905991472759850e-01
4.017634228054415644e+02 1.509783438301139086e+03 8.296289615751049062e-01
4.629036870986835766e+02 1.570432087194554015e+03 2.854955751136668329e+00
3.964433755701313657e+02 1.506973386766479734e+03 7.974762604449170400e-01
6.502031911734773075e+02 1.509392881550816810e+03 2.382180901160828146e+00
5.551773718396095774e+02 1.527362836945012077e+03 3.089361171409576556e+00
4.618110462261597604e+02 1.569070674374474038e+03 2.892495611777215370e+00
5.705040591071604013e+02 1.589687793050305572e+03 2.994544487813812328e+00
6.784487566844018147e+02 1.604879046079489399e+03 2.423090189806578199e+00
5.621211612500587762e+02 1.643139621649246237e+03 2.981034870963224837e+00
6.887874881251648276e+02 1.682338054287727118e+03 2.053818966115590783e+00
5.447004648718722137e+02 1.705413103309405187e+03 2.958466199508873906e+00
6.797358239529351067e+02 1.751066852218997610e+03 2.918078887383658060e+00
6.496614639788049317e+02 1.510495566792357067e+03 2.303340054261107550e+00
7.270067838061597740e+02 1.516248432558865716e+03 2.062259163064751988e+00
6.787238029997814692e+02 1.606672700280896606e+03 2.462987784430212379e+00
5.683763878396285918e+02 1.591496460467404177e+03 7.230703471581634637e-03
8.540460127007806932e+02 1.622446165615862128e+03 2.257086987562351599e+00
7.798696514996574933e+02 1.633248449513545438e+03 2.811353129559650110e+00
5.599992405997871856e+02 1.644678662593214540e+03 3.013125786831392094e+00
6.897920575335643889e+02 1.687858155994405479e+03 1.986771202064446795e+00
7.734383784396692363e+02 1.690716862931180458e+03 2.789271243343842688e+00
6.815411397715929525e+02 1.748894872318345278e+03 2.962335118732537076e+00
8.275797440555293178e+02 1.788424686870093410e+03 2.833974696988032616e+00
8.662448185129148897e+02 1.515172396972163824e+03 1.061043697562939148e+00
7.248219815011115088e+02 1.521917588519286937e+03 2.095369552341544761e+00
9.423826912303402423e+02 1.560972084577305850e+03 1.547791649913011491e-01
8.487907049716847041e+02 1.621598853256255552e+03 2.203390127581315472e+00
9.497839286279647695e+02 1.606650019128299391e+03 7.767701430086187964e-01
7.768961024301387397e+02 1.633551306301877958e+03 2.727731761858305681e+00
9.720143044911562811e+02 1.672007675461208237e+03 3.929735514291033960e-01
7.696905910937548470e+02 1.689346720663504129e+03 2.683321979072031294e+00
9.264050777497652689e+02 1.760809743770052137e+03 2.806292776444572201e+00
8.260692944163183711e+02 1.787581880725627343e+03 2.782150140195440713e+00
1.130459817236849858e+03 1.526285932604632080e+03 2.489585152723197581e+00
1.042058161685288496e+03 1.540002305711956296e+03 3.009832041218227783e+00
9.415863943765789372e+02 1.562673558802786374e+03 2.373057451251022604e-02
1.137874417736482428e+03 1.582867763986724185e+03 2.753522675268224029e-01
9.478948651122248066e+02 1.606229794141400134e+03 8.495796739060796909e-01
1.041432335570394571e+03 1.630693476662832381e+03 3.607975371929146302e-01
9.697247295944312100e+02 1.671678036956523101e+03 3.555888163403362889e-01
1.020593486766734941e+03 1.726786131595036750e+03 1.213438881798237112e+00
1.128081368944808673e+03 1.705421667367099417e+03 2.869524414719999861e+00
9.228123236886397081e+02 1.756779009966540798e+03 2.712010375648058247e+00
1.053359687986039717e+03 1.769010015961277304e+03 7.650400633347962387e-01
1.167722439262784519e+03 1.773761721637044730e+03 2.467549860068469769e-01
1.225102424527005496e+03 1.537880395955716722e+03 2.226637141429882227e+00
1.134526150652815204e+03 1.526482562477948932e+03 2.486640191047249981e+00
1.042790148880649667e+03 1.538997339226404620e+03 6.384197137968320238e-03
1.331627806906391925e+03 1.574967360218270414e+03 8.568216005496045451e-01
1.136264863926459611e+03 1.583086947248191564e+03 2.990892616564002626e-01
1.043254074372834111e+03 1.629794378833819110e+03 3.832723283577998408e-01
1.226724100069620363e+03 1.631032280315427442e+03 4.115284773810236052e-01
1.333474396147018524e+03 1.630795068142403352e+03 9.323412742062201497e-01
1.192390988160858114e+03 1.686632118734361484e+03 2.466443229236789936e+00
1.127989867855598732e+03 1.705395599479918928e+03 2.919567024701229307e+00
1.294982721216094887e+03 1.714129364497499182e+03 2.656209099135725893e+00
1.057396280951144945e+03 1.768141601682228384e+03 7.060854631731473541e-01
1.170390466681740463e+03 1.773766558786357564e+03 2.771806591648376950e-01
1.271226960352786818e+03 1.801204574414017770e+03 1.725027622382409476e+00
1.284907861650679479e+03 1.506534254511810332e+03 2.978667354982923676e+00
1.224015294254328637e+03 1.541481414480405419e+03 2.288525663703688373e+00
1.472539073033758541e+03 1.553785874605352319e+03 1.679301266849079877e+00
1.424740032547207420e+03 1.550445564634767379e+03 1.401675470981206262e+00
1.330610056408567289e+03 1.570073696114232007e+03 7.420754550301905672e-01
1.335117294872662342e+03 1.630945750734449121e+03 8.251541337423728972e-01
1.226227203044328462e+03 1.631210624423958507e+03 3.304955100951344482e-01
1.404122170120376040e+03 1.675593035785935626e+03 1.229383457507784660e+00
1.453821340854672599e+03 1.699615806799056145e+03 1.532269861613044126e+00
1.189783309855899915e+03 1.687642818449970036e+03 2.586878516091242197e+00
1.293370310859147367e+03 1.715343166089100123e+03 2.735228113776617231e+00
1.269849677390947818e+03 1.803201802850325976e+03 1.789460356948130215e+00
1.344853883796262380e+03 1.798364972398363079e+03 1.061114929114735261e+00
1.398294532508348084e+03 1.808702745010980834e+03 2.000106628206432369e+00
1.461100512210579836e+03 1.818094565335962670e+03 2.463938940957232315e+00
1.471057054008308796e+03 1.551454259175600782e+03 1.688097672328963350e+00
1.531278656840472877e+03 1.553894126106591102e+03 1.860360745692455131e+00
1.422024052667103660e+03 1.550274522333110099e+03 1.441750464950507293e+00
1.594672485193248122e+03 1.594676552401818299e+03 1.704983506171072305e+00
1.402039063792375828e+03 1.674655092948464471e+03 1.170469900424146559e+00
1.454230042033251038e+03 1.697805978606547342e+03 1.466589742957728815e+00
1.654745247340445985e+03 1.715505243593373280e+03 1.081094286397362492e+00
1.353680380380801580e+03 1.788578387191601905e+03 9.004795051421529140e-01
1.514959906211074667e+03 1.786251462074808387e+03 2.756395299211132688e+00
1.393203469959286622e+03 1.803245753316208038e+03 1.104457203179644464e+00
1.455590028065106253e+03 1.815786535182823400e+03 2.420680228062237926e+00
1.529840454171331658e+03 1.555554958979524827e+03 1.853488523145552902e+00
1.702091909356515316e+03 1.582380511746770026e+03 2.336191654366165604e+00
1.594598950488817536e+03 1.594991537528848539e+03 1.672400827289267644e+00
1.652613970800782909e+03 1.713687995309794360e+03 1.089351509435544152e+00
1.511080396526801906e+03 1.786465343993595980e+03 2.745300129737552552e+00
1.651543853154367071e+03 1.819929328277591139e+03 1.357705962235958186e+00
1.702661734239756242e+03 1.584845432597368017e+03 2.334765899448861592e+00
5.365935262861956971e+02 1.700414588752889586e+03 2.978266288553400365e+00
5.433056579944690156e+02 1.705166834289656890e+03 2.968506288563154349e+00
6.810799658179087146e+02 1.752654968325905429e+03 2.877720317957111362e+00
6.888980367498827491e+02 1.687159383830836987e+03 2.120327090100483147e+00
7.721016129033748712e+02 1.690840917528515774e+03 2.741246250260740869e+00
6.799533280191500353e+02 1.750822694379053019e+03 2.893577350652854818e+00
8.292800237897583884e+02 1.788999557298693617e+03 2.810059546616524795e+00
9.654591192571547253e+02 1.672277652499595888e+03 4.460264253323040773e-01
7.708955984801006025e+02 1.690924760748910558e+03 2.660731925181396118e+00
1.020852277899104820e+03 1.732155900014763120e+03 1.115268627920543043e+00
9.219567477115176644e+02 1.744857820716467359e+03 2.800996843865583230e+00
8.289973921418471718e+02 1.788085869927882413e+03 2.727054185261331476e+00
9.424878675549227864e+02 1.801367212345250891e+03 3.106221088400096253e+00
8.862662597085941343e+02 1.859953496626585775e+03 3.003471177677035642e-01
1.004621116810835701e+03 1.880349165268027946e+03 2.136143620170772861e-01
9.668562366816634039e+02 1.668870837793234841e+03 4.035158037603099324e-01
1.020584596366843925e+03 1.723395412619819353e+03 1.193873743277783062e+00
1.126594568108588874e+03 1.702522552203391342e+03 2.891655264381918666e+00
9.209258855553762260e+02 1.744358079416867895e+03 2.730015741108187122e+00
1.054204585847307271e+03 1.768064893165482090e+03 7.648546554023543109e-01
1.172238541937407490e+03 1.771486000219667631e+03 3.070738409476770348e-01
9.398448873694328540e+02 1.799485003036766557e+03 2.960453437671647592e+00
1.172153611812561394e+03 1.830502257766115008e+03 7.805679150006424871e-01
8.842877856016923488e+02 1.858786996036030587e+03 2.386663810198793312e-01
1.003518270481554737e+03 1.879008153062691918e+03 5.016276643731676366e-02
1.143095381447583350e+03 1.938953871781205635e+03 1.633590254205516068e+00
1.193271076540303739e+03 1.686460829473350032e+03 2.533275434409163029e+00
1.126904358820170955e+03 1.703562295307640170e+03 2.933275037492049542e+00
1.296365779834186242e+03 1.712168775394362683e+03 2.750417691258042918e+00
1.051917479492750999e+03 1.768358401053911848e+03 6.550010990442328707e-01
1.169717793765658826e+03 1.771879685475184260e+03 2.766500010288663880e-01
1.270985867813405093e+03 1.802265323926223118e+03 1.738847342023068565e+00
1.171511944657276899e+03 1.831633734894431882e+03 6.314233817145192829e-01
1.142319250819500894e+03 1.938097036200858383e+03 1.629472019888673850e+00
1.074867159864533278e+03 1.981825201222893611e+03 1.328046004499273902e+00
1.403262414739856695e+03 1.674770230044948448e+03 1.208607119762758364e+00
1.453924408182633215e+03 1.701273226715155715e+03 2.302492795172943030e+00
1.195221617530203503e+03 1.688971143976579697e+03 2.550868552495874297e+00
1.292900297363938762e+03 1.713845291618388956e+03 2.769855403349139156e+00
1.269717593967811808e+03 1.802506886667071512e+03 1.746493386316845697e+00
1.342647876793768546e+03 1.797611435255276319e+03 1.099026033726937523e+00
1.399277556117831182e+03 1.804065024627349203e+03 1.601357163451154753e+00
1.459533572380977830e+03 1.813153467811598148e+03 2.212466890711274559e+00
1.428423101122665685e+03 1.893961228338323963e+03 3.042064827091462975e-01
1.401141874139239917e+03 1.675673053928638637e+03 1.138076755698242515e+00
1.452856062747277065e+03 1.695469857484136810e+03 1.566139039635437546e+00
1.650855115030398338e+03 1.718203482330822908e+03 1.095024100395876054e+00
1.513532617317825952e+03 1.785446443310125005e+03 2.697406036493640524e+00
1.397838898624653439e+03 1.802919365631952360e+03 1.636918600379257294e+00
1.457515889570431227e+03 1.812486960183239489e+03 2.251666240491517978e+00
1.653831312492812231e+03 1.818741412601219963e+03 1.374944060544295299e+00
1.584048548179411455e+03 1.857450607175578398e+03 1.453172910665594841e+00
1.521331638563453907e+03 1.889897889697489063e+03 1.319288301615706205e+00
1.427758743358004722e+03 1.894075902035664512e+03 2.865648940173526338e-01
1.630552247620757953e+03 1.954021228930066172e+03 1.319860231711660559e+00
1.365303177782030843e+03 1.975999936955083285e+03 1.122379345542289242e+00
1.544956897785637693e+03 1.965660135679820087e+03 6.367601015483139726e-01
1.652796886333049770e+03 1.711922753218028447e+03 1.111474226513496699e+00
1.514197739415817978e+03 1.784880590856347681e+03 2.701785625439880878e+00
1.650806849876926663e+03 1.817549575902392235e+03 1.384644293293891382e+00
1.583615183240396391e+03 1.856203073949751797e+03 1.518343921004492225e+00
1.690931782931968883e+03 1.879453359753044424e+03 1.683078714778341478e+00
1.519861337929455431e+03 1.889287139951708923e+03 1.398745002627980405e+00
1.629014716370171982e+03 1.953528631925657464e+03 1.361687717640295059e+00
1.546263722238459422e+03 1.962271567741335730e+03 5.038123480886186334e-01
1.689797974322750179e+03 1.881731558685292384e+03 1.705580379692506421e+00
8.831178146105426094e+02 1.859251450893287256e+03 2.883769999149821128e-01
9.999325986793733136e+02 1.880216282851995174e+03 1.698232734628574159e-01
1.165899698241647457e+03 1.836825164738005469e+03 6.827286503876152102e-01
8.910044166246739223e+02 1.855702911601130609e+03 3.244515248953986908e-01
1.004028744122163971e+03 1.879578163118620523e+03 6.967286637293121365e-02
1.144037295952060731e+03 1.937297181187807837e+03 1.674062282112741995e+00
1.076104197826929976e+03 1.981861014418532250e+03 1.413729677779551608e+00
1.172008334227618434e+03 1.830957594391812563e+03 5.838711963879690270e-01
1.142829485430549539e+03 1.937320451409477300e+03 1.681170810275765870e+00
1.074554266064825697e+03 1.982384989148451496e+03 1.403035306698953155e+00
1.427605790731088746e+03 1.894288697211752151e+03 2.525391318062634727e-01
1.364424909695885390e+03 1.978889831800700904e+03 1.139646059541909562e+00
1.415272541310603856e+03 2.015597559673442902e+03 9.460532968472240567e-01
1.457323115009206276e+03 2.049012946779810591e+03 9.083809779837026532e-01
1.651150595595992854e+03 1.827192124930806585e+03 1.359761383966159087e+00
1.584726410042074576e+03 1.855294916092271478e+03 1.592614549654267186e+00
1.521656667757874175e+03 1.889230940795074275e+03 1.395732494304553706e+00
1.427488075153974705e+03 1.893260447725313952e+03 2.230732983982354478e-01
1.629123389612296251e+03 1.954496324942909268e+03 1.421940966951182883e+00
1.545970341954113337e+03 1.962418119808718984e+03 5.748414818132759896e-01
1.363923877862463542e+03 1.978144854245766965e+03 1.144943193734583087e+00
1.414622877102469147e+03 2.014690784622820047e+03 9.136273015094864558e-01
1.456629582929936987e+03 2.047961160514154471e+03 8.584321833696173520e-01
1.582647711937371241e+03 1.854964000238948756e+03 1.584868859639223970e+00
1.690945279692076383e+03 1.881354757101474434e+03 1.679676445416879993e+00
1.518639735903205519e+03 1.890165185007212585e+03 1.350775773197065988e+00
1.628908863841085804e+03 1.954209954667163402e+03 1.368976843202119209e+00
1.545432639902117899e+03 1.963189723580856480e+03 5.804063276332084298e-01
1.690151468454999304e+03 1.882937927614045520e+03 1.691108565267340769e+00
1.073332583526073904e+03 1.987247396911564010e+03 1.463495027817740546e+00
1.072579920045126073e+03 1.989423449474523295e+03 1.368039442943578932e+00
1.413542037762139444e+03 2.014599935090906001e+03 9.237155176859047634e-01
1.455483120284315646e+03 2.046806735739319265e+03 9.636241085977705900e-01
1.411321122930594356e+03 2.013524469404876982e+03 9.533903269283410253e-01
1.456610525874182031e+03 2.047362740332542216e+03 9.461544572931747110e-01
