1.169751297404414345e+03 4.285528995252940376e+02 2.736094688881334780e-01
1.171791232905515699e+03 4.287422918897694899e+02 2.385147210114716698e-01
1.212957043053429516e+03 4.965969893760384366e+02 6.006981436671444685e-01
1.431618535466050844e+03 5.028341586800829646e+02 1.306746509349714591e+00
1.212757482023214834e+03 4.960297801322144551e+02 5.580226533774144126e-01
1.519982114520918913e+03 4.853821642436269030e+02 7.624725343684725098e-01
1.428916542369803210e+03 5.022057610101239788e+02 1.277628069825895718e+00
1.578781948697625467e+03 5.258867526788865234e+02 9.923945926516357652e-01
1.526241076213018459e+03 4.805889860295723111e+02 8.236600030942613504e-01
1.580691575480072061e+03 5.217465223545536901e+02 9.792099585375934057e-01
8.720919269037149206e+02 6.986858323848960026e+02 7.302592888604276800e-01
1.166708486555539139e+03 4.265960965930539714e+02 2.145130475344434740e-01
1.092714950041532120e+03 5.673063655131088581e+02 1.452526000965089104e+00
1.045104644893188151e+03 7.002268091273210757e+02 1.495342697847724667e+00
8.689865229682086465e+02 6.967702775182526693e+02 6.993280180384268130e-01
1.171025469761127397e+03 4.283309944392982516e+02 2.136657768308612704e-01
1.212647398787391921e+03 4.958532299602504736e+02 5.837749344206198954e-01
1.093294122874090363e+03 5.680573204025084806e+02 1.461020877069611590e+00
1.195520584372567100e+03 5.642385059530394074e+02 3.133021146664835221e+00
1.328493676372156642e+03 5.981400528481706260e+02 1.530680885514878742e-01
1.202901895384484988e+03 6.319348441296999681e+02 1.700841975816415608e-01
1.045776520798334104e+03 6.939161412066689536e+02 1.534415511328508064e+00
1.430996400298791286e+03 5.013984987717585682e+02 1.270163329318509060e+00
1.211723747250195629e+03 4.966330974343266007e+02 5.994275528317649648e-01
1.195900001915279290e+03 5.645353139016568775e+02 3.103515598164343192e+00
1.328217473366958529e+03 5.983345893749916513e+02 1.083817237853634680e-01
1.202734521535126760e+03 6.328644862963069500e+02 1.405493495503701562e-01
1.519931772288395223e+03 4.851520566229302176e+02 7.727968077510115608e-01
1.428908264226826304e+03 5.014277125670937494e+02 1.255544913224449166e+00
1.578272585260984670e+03 5.234799129870253864e+02 9.493945617983462482e-01
1.600051032650169873e+03 6.287851834662450301e+02 2.927061246637555625e-01
1.646173911595761865e+03 7.002785482249946654e+02 2.539411247152325135e+00
1.518231128893520236e+03 4.835085233610460591e+02 7.858451321634770670e-01
1.577720397807814152e+03 5.226506071611518109e+02 9.733425546259665273e-01
1.600030681540932619e+03 6.285978471114503918e+02 3.459536661503878063e-01
1.707008533267788607e+03 6.727384775417197034e+02 2.694260036354406918e+00
1.704687393145811029e+03 6.710263662055390341e+02 2.868595777398667668e+00
1.852711232304339774e+03 6.984495779836244083e+02 7.672384303106127845e-02
1.856462591862039062e+03 7.006632517245873260e+02 7.174872596677438034e-03
2.179041329444818302e+02 8.235121292257850882e+02 1.120020079540331032e-01
5.012850846812209511e+02 8.195024446321506275e+02 1.412517721107392710e+00
6.491747849933710768e+02 7.271282368811674814e+02 1.555269646155865271e+00
5.838804586711128195e+02 7.643547477883901138e+02 1.893569289088102847e+00
5.015038455686944872e+02 8.239167677673449361e+02 2.307428684112253325e+00
6.482482849171426551e+02 7.276878763130431480e+02 1.614516279253812581e+00
7.806698102674915845e+02 7.261877826445037272e+02 1.134054326125131462e+00
7.143121654139363272e+02 7.529170065343603255e+02 1.939679955765881036e+00
5.835548498734206078e+02 7.637251526355864826e+02 1.950852841011981420e+00
7.749958547744915904e+02 8.298693191181845350e+02 1.317834687719789954e+00
8.705098293720191123e+02 6.980750845860334266e+02 6.063988682510986772e-01
7.802505907245918024e+02 7.257292389645624553e+02 1.269305333128858848e+00
7.107895038408042865e+02 7.520634293984518308e+02 1.944813526352809463e+00
9.039551703242257190e+02 7.942883722183626105e+02 3.853827035901195575e-01
7.751586068361397110e+02 8.266488068633236708e+02 1.456102521359998514e+00
1.093532680110164620e+03 5.660931273919910609e+02 1.481780019974378693e+00
1.045730834852874523e+03 6.987095304661852424e+02 1.454677750630872346e+00
8.663648674067198954e+02 6.992377415599869437e+02 5.971648076754708656e-01
1.097601638726823921e+03 7.222310837590385972e+02 9.080500250430264542e-01
1.181990536078026253e+03 7.777101450695167841e+02 2.570299492619362969e+00
9.004745894092654908e+02 7.955246628674985914e+02 3.799283150326161485e-01
1.083294897697822307e+03 8.455129099452926766e+02 1.227885052934016619e+00
1.092712290472981977e+03 5.655339508958911665e+02 1.430148512888354206e+00
1.196227445703241983e+03 5.634893415947757376e+02 4.589748016475787840e-02
1.327195267713572321e+03 5.963405048408940274e+02 1.850866642013501706e-01
1.203879491492633633e+03 6.305161798298503300e+02 2.010457952359359923e-01
1.045340401360369697e+03 6.991786271834312174e+02 1.436005783577548822e+00
1.096460415908549976e+03 7.224053397291282863e+02 9.277857162800645652e-01
1.299730775921244003e+03 7.200320431469745017e+02 2.563750436864820514e+00
1.213786452253436892e+03 7.193393675945288805e+02 2.790354957987367879e+00
1.184113026984922726e+03 7.786780560489863774e+02 2.646283218268432158e+00
1.270514967290381264e+03 8.151415606183488762e+02 2.223964595671391375e+00
1.084029904950839409e+03 8.432555207714883636e+02 1.228591875464210448e+00
1.200353469012189862e+03 5.631406085154706034e+02 1.228815431841268624e-01
1.328233448971471489e+03 5.974783400386583025e+02 2.263355674744753354e-01
1.202226678955302759e+03 6.314937038623145327e+02 2.737726068048790262e-01
1.300211665124169258e+03 7.208034739950505809e+02 2.525397903552128120e+00
1.213801659863488794e+03 7.188357051260808248e+02 2.784433100263049354e+00
1.270413464213138695e+03 8.147835637365512866e+02 2.159517821553323280e+00
1.486238968013294652e+03 8.417869791426928714e+02 1.984087484648608291e+00
1.599097500942389843e+03 6.288693652037119364e+02 4.010114191160417119e-01
1.586014586859021165e+03 7.156857682949200807e+02 2.120715822366499026e+00
1.661452868031495655e+03 7.013822854581201227e+02 2.667368545236278532e+00
1.528928753763311306e+03 7.895013476318051744e+02 4.077130486193358133e-02
1.634422994029629308e+03 8.248703723081897579e+02 3.123053553848380570e+00
1.483322571026093783e+03 8.479010522570240482e+02 2.015312297801347796e+00
1.598881405010607978e+03 6.284695749909583355e+02 4.318541202631961395e-01
1.705518602636424021e+03 6.710410635906255266e+02 2.708743678837175040e+00
1.584838814781570363e+03 7.146445425693951847e+02 2.075855068661266678e+00
1.659390061430292917e+03 7.000381779498951573e+02 2.639067273175963013e+00
1.527316668625063130e+03 7.897780230889466111e+02 1.106949146826542441e-01
1.821106429026471233e+03 8.218981575326965867e+02 1.639162325858587899e+00
1.636640088806404947e+03 8.210345707544579454e+02 3.952852923981337377e-03
1.704895156056180667e+03 6.711433292478714066e+02 2.781886606724198074e+00
1.853281114445013827e+03 6.975614542202064285e+02 1.102382005519167256e-02
1.871989427778239815e+03 7.745697084913269919e+02 2.865626472600052210e+00
1.817905243094622620e+03 8.264645005444825756e+02 1.712147405233190423e+00
1.851236030744991240e+03 6.970942107741614109e+02 3.685475041469660207e-02
1.869467026733623470e+03 7.739668264851031836e+02 2.869330877067356678e+00
2.072144595666696205e+03 8.429939009525394340e+02 2.971902689969718736e+00
2.071917867665320955e+03 8.445552488630462449e+02 3.079920748206268044e+00
2.180205599371705034e+02 8.230249835637577007e+02 9.030574815465974847e-02
3.104694319213590461e+02 8.856941862462977042e+02 1.387952960777170397e-01
5.024993490435019794e+02 8.241554176054644358e+02 2.170604859281480170e+00
3.080124139594018970e+02 8.854091145359207076e+02 1.602334812946323572e-01
4.774917480228086788e+02 9.174076530592049039e+02 2.008797350148233019e+00
5.413276474631686597e+02 9.300642045986464836e+02 1.477077036136549282e+00
6.496654321206718805e+02 7.261962212259650187e+02 1.596250444330963525e+00
5.843708321814165174e+02 7.630001853578291957e+02 1.908898601878513679e+00
5.013319763914309988e+02 8.230847191867171659e+02 2.293253292615734296e+00
5.945565738988140083e+02 9.037101971569413763e+02 9.587828437065990528e-01
4.763621848993407184e+02 9.169353416714102423e+02 2.143018375348433757e+00
5.373534913868096510e+02 9.314022853196702272e+02 1.450325641907230123e+00
5.851142051671420177e+02 9.911926075522942483e+02 1.086284193526456665e+00
6.571955706293372259e+02 9.964825250951480484e+02 1.369231152220522496e+00
7.806777575088697176e+02 7.256529745016631523e+02 1.067900317773607721e+00
6.492652901699286758e+02 7.247937061208367595e+02 1.626902893258506566e+00
7.150686711148860013e+02 7.508223476850498628e+02 1.993064185713040226e+00
5.823559222503770343e+02 7.619834907991177033e+02 2.007124172022882291e+00
7.757136302061463766e+02 8.285717781323783129e+02 1.315944814570459975e+00
5.926775759492991256e+02 9.051178408537214182e+02 9.326745886458962520e-01
7.952076318333097333e+02 9.161887225626960571e+02 1.150605944020580029e+00
7.237037638592969415e+02 9.238233891067075092e+02 2.226181921344130288e+00
5.844042831218678202e+02 9.883636846808153678e+02 1.026086911492181120e+00
6.549233865649756581e+02 9.995475191698158142e+02 1.412211706176234705e+00
7.775654676915999062e+02 7.247314964241658117e+02 1.107571347466291378e+00
7.136397589394475744e+02 7.541059567205436451e+02 1.945869185975768190e+00
9.040039829845829900e+02 7.940527302530019824e+02 3.868352241788818313e-01
7.741589809052251212e+02 8.281060451080875282e+02 1.362441957167936035e+00
8.699412967993671373e+02 8.943521390228841028e+02 2.216009781936273182e+00
7.936709985466009130e+02 9.162692884739801684e+02 1.207098849638684079e+00
7.198893758084453793e+02 9.244184511793214369e+02 2.117233753473828806e+00
9.839066928799331890e+02 9.218052829259790997e+02 3.116208813930468668e+00
8.635869265097094285e+02 9.853835886153733554e+02 2.178168101933922962e+00
1.095675416053976733e+03 7.192780797081105675e+02 9.094982817593392221e-01
9.012179893900831757e+02 7.948123131066777205e+02 3.779055922694923297e-01
1.083469028299889260e+03 8.425061176071607179e+02 1.166283785983479371e+00
1.127694934632760351e+03 8.800402408586846832e+02 8.013114366183800019e-01
8.660313463894665347e+02 8.951756934690836260e+02 2.230546115943885077e+00
1.181584472030473762e+03 9.190414470625723879e+02 9.174276080638262831e-01
9.805000046514001042e+02 9.218612180968730172e+02 3.073372422591773567e+00
1.075404977026230881e+03 9.908179361056866128e+02 1.162697119326885131e+00
1.181774159288367628e+03 9.655682800189686077e+02 1.813905876243447013e+00
1.095059907459997476e+03 7.187376221202383704e+02 8.191644178271190180e-01
1.214167539608076822e+03 7.171278237152312158e+02 2.817170486059493051e+00
1.300683240727492375e+03 7.175756076197319544e+02 2.600329298913053755e+00
1.183789996095973720e+03 7.772372310740370267e+02 2.674488967423148456e+00
1.269710970391989804e+03 8.134111309912020715e+02 2.287382400567212759e+00
1.082394977333621910e+03 8.428042609280714714e+02 1.159311496781190387e+00
1.126540403633210872e+03 8.798929415840416368e+02 7.764344304015408094e-01
1.179430479394889517e+03 9.178797018584912166e+02 7.900962088121299409e-01
1.187258921071171699e+03 9.670212871414512392e+02 1.089571694418994818e-01
1.074961928081560927e+03 9.889484363027181644e+02 1.066502996955989824e+00
1.297176591128476048e+03 1.003474725373431511e+03 9.700830644485340937e-01
1.299534768655224525e+03 7.192821881132941826e+02 2.587120974580839228e+00
1.215981072254410719e+03 7.190022986153475131e+02 2.828355895599481862e+00
1.270236647164497299e+03 8.137764739174307351e+02 2.207169980508641771e+00
1.486380267889071547e+03 8.457872658095784573e+02 2.016324012517889841e+00
1.356502855103622096e+03 9.316988262264510468e+02 3.041508428732176306e+00
1.200559592890291469e+03 9.697215767144271013e+02 2.658060570884737683e-01
1.295057768238505105e+03 1.002221757865112977e+03 9.701653330978686762e-01
1.586547289134161247e+03 7.151690961597494152e+02 2.131550573693561823e+00
1.529434054383835019e+03 7.883959862463367472e+02 4.591343541483555030e-02
1.637938115131033328e+03 8.205100018090154208e+02 3.136090742766914907e+00
1.483252484682845989e+03 8.449699920134203239e+02 1.991665550521296124e+00
1.582648482396363761e+03 8.865694316714566412e+02 4.678326484013261566e-01
1.351617175751595369e+03 9.324900096051833316e+02 3.032464550155189009e+00
1.585293538793990137e+03 9.430899758147625107e+02 2.601482531570392887e+00
1.501618724592603030e+03 9.811329854273558340e+02 1.433899376235107659e-01
1.585606875278592724e+03 7.129378724509410858e+02 2.068161168063621602e+00
1.528118246125521182e+03 7.889213327137605347e+02 9.689915445673315253e-02
1.821229476261740501e+03 8.269146647108552770e+02 1.664344227694950940e+00
1.636457045862948235e+03 8.212455034479394271e+02 3.127596340292020105e-02
1.751638635183448514e+03 8.777989491704536249e+02 2.799299680708529969e+00
1.581083665754435515e+03 8.871862314718603102e+02 4.946996229190934735e-01
1.724451249559845792e+03 9.220941121695993843e+02 2.888517919341747398e+00
1.667422547380404012e+03 9.484756035831478584e+02 1.902274609419445373e+00
1.816026167268443032e+03 9.442437828468116550e+02 2.482835013826061754e+00
1.584969740592807739e+03 9.449006024000236721e+02 2.658676042259661365e+00
1.786433342294528984e+03 9.932452713745519759e+02 2.939054692546022363e+00
1.869499893245868179e+03 7.735879184866946616e+02 2.875143284228768525e+00
1.817089113675629733e+03 8.247973023943206954e+02 1.676376275307385422e+00
1.749579404554876874e+03 8.764591446148672276e+02 2.801170519247450752e+00
1.972652764552466124e+03 8.832400471656428635e+02 2.351421660757222198e-01
1.883424429915058681e+03 9.168277231844219841e+02 2.247818954302131633e+00
1.722807529165285814e+03 9.222008818430076644e+02 2.856231564592292660e+00
1.825849223002138160e+03 9.461495608844877552e+02 3.012839953611906374e+00
1.796766932425688992e+03 9.948811290360717976e+02 2.935676417428783047e+00
1.869852737736816152e+03 7.737103713894382508e+02 2.866492921697303409e+00
2.072833895147406110e+03 8.433940628995254656e+02 2.990567692615273110e+00
1.971753728584976670e+03 8.831284288090885184e+02 2.529260128655697049e-01
1.883463986315078500e+03 9.166892447452464694e+02 2.302673649126591560e+00
2.059304358534189760e+03 9.322353749914377659e+02 1.750994421242112686e+00
1.982573137023669005e+03 9.381017617560578401e+02 9.800152952175590348e-01
1.831646270029102652e+03 9.455306883560836013e+02 3.802122577880293064e-02
1.991110980729530183e+03 1.012441508381308267e+03 9.089495614032248039e-01
2.071583674941120535e+03 8.419353507539900647e+02 3.046098930225932921e+00
2.059308799624975563e+03 9.319288122597170059e+02 1.764291401447468877e+00
2.187217299158541209e+03 9.948885507372833672e+02 2.078747211680702200e+00
3.082420077271964374e+02 8.856376034346426422e+02 1.736731079074928241e-01
3.049238942193431967e+02 8.845646682513861379e+02 8.655423372503544266e-02
4.767837020185951360e+02 9.165093527160361191e+02 2.062357362551583861e+00
5.379056733614335144e+02 9.318209275786168746e+02 1.423673629304523125e+00
4.578960111970095568e+02 1.065798783875232402e+03 2.243051053785574567e+00
5.266026001867820696e+02 1.084281339182760348e+03 1.541216538578825679e+00
5.940251360579981110e+02 9.024681313998175938e+02 9.224876376466382144e-01
4.770164570543213358e+02 9.152533934410050733e+02 2.182445691890186001e+00
5.375809020525234700e+02 9.297966713148673534e+02 1.432060224395860670e+00
5.864383345688752343e+02 9.886474105744546250e+02 1.061328647753045695e+00
6.556597553403357779e+02 9.974940034400356126e+02 1.380902140905885478e+00
4.581611228312214052e+02 1.064978660103753782e+03 2.378374267755409832e+00
5.239252419374447527e+02 1.082254824640254810e+03 1.486899536318561310e+00
5.858311698658469595e+02 1.087161613427374277e+03 1.468620496118913321e+00
6.603807490547371799e+02 1.143955838253521506e+03 2.217295481945847690e+00
5.877862124021773980e+02 9.024641255696590179e+02 8.188812416522731619e-01
7.961587099885548469e+02 9.129003337705994454e+02 1.181630785283084961e+00
7.230092151006493850e+02 9.222061681835516538e+02 2.202071951539512185e+00
5.854515701436170048e+02 9.893727052739907322e+02 1.113728737211638897e+00
6.549709883449855852e+02 9.974287393835622879e+02 1.381408101305998892e+00
8.261755455276968405e+02 1.021964672300617167e+03 2.792947213451078436e+00
7.888813946215461783e+02 1.068328666637503602e+03 2.695371747267434781e+00
5.835715412017603967e+02 1.087770290103863999e+03 1.481743769977974523e+00
7.271399519501820805e+02 1.150772447543675753e+03 1.846881756521352447e+00
6.596480784731581934e+02 1.147397525385641529e+03 2.176616245077541478e+00
8.520645710392496994e+02 1.170943346208945513e+03 1.218409946482631900e+00
8.688393293640392585e+02 8.933622879915099020e+02 2.223467192646054524e+00
7.937295487356039985e+02 9.143767302427904724e+02 1.189512292114859981e+00
7.208462851953896688e+02 9.229992554508396552e+02 2.160197040184241857e+00
9.833228869507920535e+02 9.207920775943787248e+02 3.902817763338802676e-02
8.622704286903975799e+02 9.825997728698609990e+02 2.140850492891960499e+00
8.232738198870210908e+02 1.022058789289359765e+03 2.758175823281776129e+00
9.463200546309353740e+02 1.041241924843216566e+03 1.477493812214900615e+00
1.000026718798490037e+03 1.075397532409019050e+03 1.082266540356643603e+00
7.865355089702050009e+02 1.067752763718351389e+03 2.644979421678398612e+00
9.003396521065424167e+02 1.093462121671929935e+03 1.436211122173524313e+00
7.239150560408048705e+02 1.145204818331604656e+03 1.954295024919439072e+00
9.328106137280360599e+02 1.167390352888071448e+03 1.726636084077016964e+00
8.437213098645205491e+02 1.176380685761733275e+03 1.417426540683206282e+00
1.021594832439981246e+03 1.150018977826483933e+03 6.460210876796063095e-01
1.125940853733006406e+03 8.749633554148765597e+02 7.763174884048249513e-01
8.674235023396877295e+02 8.983969024374357559e+02 2.248477958898770446e+00
9.802407071217519388e+02 9.208224026759044136e+02 3.080480813264195206e+00
1.074930982035583384e+03 9.896833172248864230e+02 1.168614173790267330e+00
9.450384742722908413e+02 1.041796357566460756e+03 1.550265050308220927e+00
9.967847231957871372e+02 1.076288255800382331e+03 1.167426140705458915e+00
1.086388849628953722e+03 1.067712744709976278e+03 6.658820664074664997e-01
8.998341412598149418e+02 1.094159605883666245e+03 1.562712251398202579e+00
1.139126575604792606e+03 1.136118509092259046e+03 2.732347468488451003e+00
1.025432598626363188e+03 1.146837310098424950e+03 5.231301886888962693e-01
9.289416022113971394e+02 1.166255781425651094e+03 1.791905997264952921e+00
1.125235860603503852e+03 8.736990599877733530e+02 7.419573000114322303e-01
1.179990285104898931e+03 9.164252036136258539e+02 7.916374041529085082e-01
1.186648725534400683e+03 9.654406820831936784e+02 3.089666725973588601e+00
1.074887119780616786e+03 9.888687911300164615e+02 1.169398231002319433e+00
1.295544747426805316e+03 1.000528946689880513e+03 9.776909779968238068e-01
1.187796768022358492e+03 1.026758843706586504e+03 2.507419514798943538e+00
1.085612259875920927e+03 1.066986006764150261e+03 6.506138771664322640e-01
1.307791755074891853e+03 1.087137694220772573e+03 7.350942660054760047e-01
1.184399920837667651e+03 1.102208744141898478e+03 2.521083393605556111e+00
1.138146902400412728e+03 1.136239715839632026e+03 2.791901487351696076e+00
1.337754125101532736e+03 1.123987176074793524e+03 8.861700613013911987e-01
1.026030660989392800e+03 1.145542352231082077e+03 5.508166206959981270e-01
1.355123255701962762e+03 9.312633284469650334e+02 2.967977272401714828e+00
1.191677655242395758e+03 9.674371490382166030e+02 3.466213642220562774e-02
1.294723332569445574e+03 1.000472811402608841e+03 9.734907222729271004e-01
1.187706685350836324e+03 1.029044284459102755e+03 2.578925232713646931e+00
1.451668408335757476e+03 1.062819790241724832e+03 1.136981477407938534e+00
1.304477446060730017e+03 1.087000388183287669e+03 8.025898326600374721e-01
1.186040410496893173e+03 1.102498550276577134e+03 2.458902219342577578e+00
1.500936593112487344e+03 1.114566979536987674e+03 1.749167892811483105e+00
1.340825965402321799e+03 1.124882187493715492e+03 8.096262890199301676e-01
1.386533759590530963e+03 1.165837734589233150e+03 1.084331983314090975e+00
1.583802320426501865e+03 8.855140233552779137e+02 4.102429329276735537e-01
1.353974987603758109e+03 9.306070496346196705e+02 3.009766248497709018e+00
1.585021031553532339e+03 9.417894138166798257e+02 2.634667283667812221e+00
1.502581618233085692e+03 9.804777877502110641e+02 7.674355690657395923e-02
1.565848318892550424e+03 1.024752367875023992e+03 9.673666559551611366e-01
1.622272999098179298e+03 1.049285279447974290e+03 1.162766038123147050e+00
1.450276108962547141e+03 1.063813711561100263e+03 1.100655531010895416e+00
1.499683709581194080e+03 1.115782657972696370e+03 1.779911958902405278e+00
1.349936240849032401e+03 1.127874543219679708e+03 7.478657711390518381e-01
1.570270216188994254e+03 1.153004734825736250e+03 7.816061790360410155e-01
1.387109980167581853e+03 1.157968487618916470e+03 9.210163229763411730e-01
1.581316869856339508e+03 8.843657559295329520e+02 4.684890808112992522e-01
1.722075791067185037e+03 9.178068142052732128e+02 2.858807920988692963e+00
1.667592033561031258e+03 9.469794578643177374e+02 1.982172436721705067e+00
1.576073698093837947e+03 9.195662697091017890e+02 2.094469019441844271e+00
1.588980975893277900e+03 9.483936004952890926e+02 2.625197645330926921e+00
1.795331390741157747e+03 9.939555587710356122e+02 2.833526954231921469e+00
1.727629826489004699e+03 1.030464120482680983e+03 1.953691456919794733e+00
1.565713626462200182e+03 1.025196841607584474e+03 9.474015972846410172e-01
1.622071708956658540e+03 1.049541965108146314e+03 1.110467870812649638e+00
1.667255598339953849e+03 1.076081626944122036e+03 1.616462650505968490e+00
1.818374373951098960e+03 1.064635133530917756e+03 1.244465259191160023e+00
1.713204985116896978e+03 1.138348203684210148e+03 5.407665864342855455e-01
1.568424065458789073e+03 1.152706912024926623e+03 7.663738909776535158e-01
1.880318464412363028e+03 9.190325976818558047e+02 2.313722573237878777e+00
1.720041283229538067e+03 9.162215618592076680e+02 2.568979839784192087e+00
1.826194182429548164e+03 9.457226646054550656e+02 1.134765407373317520e-01
1.795393679183395534e+03 9.941240792520629839e+02 2.859229575009026636e+00
1.725816315053147264e+03 1.032503009508531932e+03 1.947263819557203401e+00
1.981192550137927810e+03 1.005962557827929231e+03 8.472162205866083928e-01
1.842806214211635734e+03 1.049082153537851127e+03 2.418168740467736832e-02
1.815062214433050030e+03 1.103286342313577734e+03 2.391993093227787970e+00
1.891941770914762401e+03 1.129298012420478699e+03 2.268963609117252478e+00
1.713754304111949750e+03 1.138208262492229096e+03 6.102671730450827114e-01
1.750258200382077121e+03 8.818898857524047799e+02 2.799638832307878467e+00
1.963564373052816336e+03 8.836439251313290697e+02 2.587769829010048372e+00
1.971974007411587991e+03 8.826481593380860886e+02 2.199956283187283756e-01
1.883049158897110374e+03 9.168691253754404897e+02 2.370746641308171032e+00
2.058696696195388540e+03 9.326866710101655826e+02 1.799002833005197921e+00
1.982358739175479059e+03 9.393336416678209844e+02 9.059183835318539435e-01
1.835330331763971799e+03 9.415742663765181533e+02 2.476451156586851332e-01
1.979268380911518307e+03 1.005982029242614317e+03 8.319450856337951006e-01
2.026020575175969952e+03 1.037829622843624975e+03 1.552752437593550638e+00
1.840344606512551309e+03 1.047457689319651990e+03 4.139543239588143464e-02
2.129307037586960632e+03 1.102580385097827730e+03 1.208042626485935411e+00
2.061976897737695708e+03 1.117287943202561564e+03 1.468895711109077462e+00
1.890413364860805359e+03 1.127267125132676483e+03 2.368456671265815050e+00
2.058950929255872325e+03 9.317108807201007039e+02 1.804577645858635115e+00
2.186856760225913604e+03 9.940614523876140538e+02 2.151723451398956488e+00
2.025638301532923833e+03 1.036187247342677438e+03 1.476286042826557621e+00
2.126452040023148584e+03 1.100748451242888677e+03 1.184083521684198281e+00
2.060300302108425967e+03 1.117472544996498982e+03 1.443734399862196982e+00
2.603390693754683980e+02 1.334379398012233196e+03 2.338907520902305581e+00
4.579751771959818143e+02 1.064826237104282427e+03 2.363272294536752582e+00
5.250836299549864634e+02 1.084037765993392441e+03 1.459206346296913814e+00
4.879146024775672004e+02 1.199980329161429381e+03 1.751420426426815613e+00
3.818793243674310816e+02 1.265537585978018797e+03 1.620618020597340170e+00
2.553845883865563451e+02 1.336992588457886995e+03 2.356788266939439325e+00
4.581612549335586664e+02 1.064756005416354355e+03 2.378269820794570499e+00
5.240062330786086022e+02 1.081663266718505383e+03 1.458342550082531774e+00
5.856138234345828550e+02 1.086897894826142192e+03 1.454821826121813100e+00
6.610486247382680176e+02 1.146151799076335010e+03 2.155133407111150312e+00
5.521828371048984536e+02 1.193112325190364118e+03 1.983519508475447113e+00
4.886059171489272330e+02 1.199973121388328082e+03 1.733052193319553957e+00
6.108551305255487023e+02 1.199153177897774412e+03 1.651520858261417590e+00
6.710502781248699193e+02 1.248193246056453063e+03 8.328548033042342258e-01
5.523019356790224492e+02 1.289111169639643094e+03 3.056881634247605728e+00
7.897685868037290220e+02 1.066665378876924933e+03 2.742280792340206386e+00
5.826513407533080908e+02 1.084186346151434009e+03 1.486812500292626460e+00
7.266959001202790205e+02 1.149822237674899270e+03 1.836916665183880859e+00
6.598341021236028610e+02 1.147028426726409180e+03 2.186025420343610470e+00
8.490784554537469830e+02 1.172762633684253387e+03 1.482119657514153754e+00
7.886284753997524604e+02 1.183315145594865953e+03 1.574203175930806609e+00
5.479092391326676079e+02 1.192034556316759563e+03 2.066378421222179185e+00
6.095134101249137757e+02 1.198943262120169265e+03 1.662764968836671686e+00
6.686033230677536494e+02 1.247461883173593606e+03 8.132083444783440029e-01
7.496331185442020342e+02 1.282144762389840480e+03 2.352822745281322625e+00
8.024237301646667220e+02 1.301809124579043782e+03 1.267155623901203620e+00
5.502726911227019855e+02 1.291597745936699539e+03 3.134387042376415522e+00
9.439633910764582652e+02 1.043075089435481914e+03 1.255364185945219813e+00
7.866501927743142915e+02 1.063569748882324575e+03 2.558777820217054799e+00
9.933271573309298219e+02 1.078453721099278710e+03 1.144485978704309792e+00
9.014974635446292268e+02 1.093106941802845540e+03 1.347556284320033715e+00
7.246231287886910195e+02 1.149443619960937440e+03 1.886866273980151387e+00
8.441343247727127164e+02 1.174112107700972047e+03 1.500474623809672448e+00
9.329688885642435707e+02 1.169706556923494873e+03 1.730298438579914500e+00
7.882109379789973218e+02 1.182746221500559841e+03 1.598177973282763453e+00
9.753767664852621238e+02 1.240840822996068709e+03 1.418727929552329403e+00
8.973481392242581478e+02 1.250880807597299963e+03 1.954083497462431263e+00
7.449316566136682241e+02 1.281226365664237164e+03 2.327162099165167142e+00
8.003773162350340726e+02 1.302362540676449044e+03 1.290998468429114032e+00
8.699596531253002922e+02 1.320452980953654333e+03 1.784788469552489598e+00
1.019569787314331279e+03 1.260829442392833926e+03 1.153507900936627140e+00
9.434280500243055485e+02 1.040676840209367356e+03 1.447187553767061763e+00
9.977633592800084443e+02 1.073829669795671862e+03 1.144297766418828299e+00
1.087777832750948619e+03 1.065776666964215110e+03 6.575837187909042703e-01
8.979864949900395459e+02 1.094262516331758434e+03 1.536876235710243011e+00
1.140125557725973067e+03 1.134636217678369121e+03 2.830457450542905207e+00
1.026117013201598638e+03 1.145107065659874479e+03 4.925354082347468965e-01
9.314873255049217278e+02 1.170040135702430916e+03 1.777468907076442228e+00
1.117026847865085074e+03 1.186429911173406708e+03 3.067604074570643213e+00
9.748568764708541039e+02 1.241276823370621969e+03 1.581027236524901403e+00
8.957197614328185864e+02 1.249399836136778276e+03 2.002930765096557764e+00
1.118956749036212386e+03 1.236238704273471285e+03 2.909248526709856453e+00
1.018450463119211236e+03 1.258806285482163275e+03 1.151963242637455531e+00
1.167267681080243392e+03 1.304694704284730960e+03 9.680403835391395706e-01
1.072686968409548626e+03 1.323314531285263683e+03 9.894106950909988818e-01
1.188656094132316184e+03 1.026206679075776037e+03 2.494088076411217436e+00
1.082561781831635244e+03 1.063977374838892047e+03 6.595056695267370594e-01
1.307393181415428899e+03 1.084984830719146885e+03 7.314592387639626825e-01
1.183914632938027353e+03 1.101969293894469047e+03 2.486989294849566434e+00
1.137248342338089742e+03 1.134905258880137126e+03 2.775587782893763400e+00
1.336410394569028085e+03 1.119900915283152699e+03 8.325054473447861536e-01
1.220449982717635976e+03 1.192077423368983091e+03 7.891427680791981425e-01
1.114885189950505492e+03 1.186933213227792976e+03 3.013356861844041834e+00
1.267110375617733780e+03 1.243464053463451819e+03 1.071006943923950461e+00
1.116235798433720902e+03 1.237145663012896193e+03 5.091089379739475174e-01
1.165648369684279714e+03 1.301552826897959676e+03 9.612350735967770676e-01
1.285348490196549847e+03 1.308872650615237944e+03 9.947830715786313283e-01
1.072003302430860913e+03 1.320808019278319534e+03 1.042268205284629712e+00
1.194352685233956436e+03 1.035889164733465805e+03 2.664833224689349578e+00
1.453659063588067738e+03 1.062298649245557499e+03 1.007915636988572450e+00
1.305768026105725539e+03 1.086219409263590023e+03 7.305389816053191598e-01
1.339407047327596956e+03 1.122698694945263696e+03 6.710541897380403187e-01
1.385751738751675475e+03 1.167139333846238969e+03 1.119092740005700248e+00
1.453475485355005276e+03 1.187641495837992125e+03 1.934516695545531961e+00
1.219444084387888779e+03 1.192378765756076973e+03 7.425191958166101891e-01
1.265892436058534713e+03 1.243143660536204152e+03 1.005574686841423926e+00
1.393718297946448502e+03 1.233828573691293514e+03 1.248765024099061316e+00
1.453444883049876580e+03 1.284059575666826049e+03 4.879524455926734228e-01
1.282213817699343281e+03 1.307609487748943138e+03 9.113371484880672391e-01
1.449965335088001211e+03 1.062833687082046026e+03 1.087471266571218731e+00
1.618284781565098456e+03 1.050936587890053033e+03 1.063781478166925920e+00
1.499186867223326317e+03 1.114763329863425724e+03 1.906201617656441138e+00
1.569701910660091244e+03 1.149317844844802494e+03 6.312726692189042366e-01
1.383892715863306648e+03 1.165186937114905277e+03 1.056555118296437001e+00
1.451728059082202662e+03 1.187008535458494180e+03 1.956220492022327617e+00
1.610922800394057049e+03 1.189159939717921134e+03 1.478544431751947386e+00
1.392627320479778518e+03 1.234502457913081798e+03 1.211449848183973277e+00
1.554648578432424074e+03 1.292681024025680017e+03 1.422677431640699153e+00
1.447498641559343014e+03 1.283613583463043597e+03 5.070742582414825561e-01
1.617701716764593129e+03 1.321155856415899279e+03 1.068407954238294266e+00
1.726103446425684069e+03 1.034034548500744222e+03 2.113282695311454518e+00
1.618202869120342029e+03 1.045227751994127175e+03 9.959461946928933607e-01
1.666732739157763945e+03 1.075150143154556872e+03 1.697855047073193679e+00
1.713322834387603962e+03 1.136630091520357382e+03 4.496088809277863918e-01
1.567899556112802884e+03 1.148917558648182649e+03 6.304624555477997827e-01
1.609120087086410649e+03 1.189902791690982895e+03 1.500012634333631967e+00
1.761148187078521005e+03 1.197590197641698751e+03 1.250767089464794424e+00
1.673098589915084631e+03 1.218546928263393056e+03 8.036554624747667130e-01
1.553098998154819355e+03 1.292043069046911342e+03 1.403638567867542042e+00
1.687384470609709751e+03 1.296676342730650504e+03 1.321338663161178539e+00
1.784658660765777313e+03 1.312335905629004401e+03 2.167400801560479540e+00
1.613893983980587109e+03 1.320725795871150694e+03 1.134198701515345853e+00
1.739296512485073663e+03 1.337548894738130230e+03 7.278682966454775860e-01
1.817354791177783000e+03 1.095435839259116392e+03 2.364092635970997947e+00
1.728342240756174078e+03 1.035529415005607916e+03 1.985149457899411995e+00
1.841839180988671842e+03 1.046854867483776161e+03 4.882110587587354389e-02
1.666064687475027768e+03 1.077661428611793099e+03 1.490359747823282177e+00
1.815362598095181511e+03 1.099797283631475693e+03 2.419128076174614339e+00
1.893048675286506295e+03 1.127550674083572403e+03 2.313284439675699300e+00
1.715207397405019947e+03 1.135785204117907597e+03 5.404656557640141745e-01
1.760528830849966198e+03 1.197384166975255994e+03 1.217130724578404211e+00
1.886752160088241226e+03 1.212748905995428913e+03 2.222249700085241475e+00
1.672678223911613713e+03 1.217556597985745384e+03 8.475690737137396846e-01
1.825614010490975716e+03 1.198313071569502654e+03 1.934964620830511128e+00
1.687957408038661015e+03 1.293405627542093953e+03 1.249031989771270279e+00
1.785550604708062110e+03 1.314084449484109427e+03 2.088195063980814226e+00
1.736320721369779903e+03 1.336713512773898628e+03 1.396133664826918919e+00
2.027002936795375717e+03 1.039876880748620124e+03 1.432674477895319320e+00
1.847724734321854612e+03 1.047845351529647814e+03 1.768576608616483914e-01
2.128370748931527032e+03 1.101486003169898368e+03 1.237835694780085483e+00
2.061448619398007850e+03 1.117720910444633319e+03 1.414887377451358397e+00
1.891486430447677321e+03 1.127339328478055677e+03 2.357072846300975577e+00
1.885143109082189994e+03 1.212449448398462437e+03 2.243808512287803758e+00
2.121610031843987144e+03 1.219839680851013100e+03 1.509735990644207160e+00
2.023667917466351355e+03 1.038736550593922175e+03 1.422675423192643729e+00
2.125979699908180010e+03 1.099828482762570957e+03 1.194702281796747645e+00
2.059721935194437265e+03 1.116287786050213981e+03 1.456503782751042753e+00
2.120264177101018049e+03 1.216669779290399674e+03 1.521605426409428308e+00
2.193957748300984804e+03 1.317142660348188429e+03 1.989541097179998053e+00
2.137323568641410930e+03 1.315608012743408608e+03 1.519368248383422770e+00
2.617554588726859492e+02 1.337297015615629562e+03 2.340278834603664038e+00
4.894356613363897850e+02 1.203563834180908316e+03 1.765905852145485788e+00
3.822923053763887538e+02 1.264841418321452693e+03 1.626141464905451084e+00
2.603673606061466330e+02 1.337179105643361936e+03 2.320170228290368453e+00
4.876765655251811040e+02 1.201040668200618256e+03 1.661925377876363630e+00
5.522083744527697036e+02 1.192614331078757687e+03 1.917148760849230582e+00
6.113234498778147099e+02 1.201730050377642783e+03 1.626474943556047714e+00
6.678479557466537244e+02 1.249868741963871798e+03 8.783164423655593911e-01
5.520068373955359675e+02 1.288961833829688430e+03 3.072762372829110245e+00
6.757654559682821400e+02 1.350102295924508553e+03 2.449496012036751491e+00
6.241777010450518901e+02 1.382557673513693089e+03 2.002275792565280099e+00
6.034973278174886673e+02 1.460858958588569294e+03 2.686408828705491025e+00
6.089480224985981067e+02 1.200376517047399147e+03 1.662456830854958989e+00
6.676904683737681125e+02 1.247193815064618548e+03 8.643611165289839526e-01
7.494594575272606107e+02 1.280178674244716603e+03 2.236827885147748329e+00
8.009598595151740028e+02 1.300673407487617169e+03 1.339735201897071848e+00
5.494840596041366325e+02 1.288344790627236307e+03 3.100544242946167373e+00
6.731532045289878852e+02 1.349147774125865908e+03 2.545946664715556640e+00
7.545797512599176571e+02 1.376534144637253121e+03 2.191264125059355639e+00
6.238367784460456278e+02 1.381312803609382627e+03 1.984978518341208975e+00
8.599653710528634747e+02 1.420851654929868118e+03 2.854501408201563617e+00
5.998301589554381508e+02 1.460028107781853350e+03 2.734339072707318685e+00
7.483681283088772034e+02 1.460466296153498661e+03 2.573351743043364781e+00
8.264800100465963624e+02 1.486275549498036071e+03 2.197768859769612337e+00
9.747767483143279605e+02 1.237614004232809066e+03 1.256518595494968249e+00
8.963791008784457972e+02 1.249744151325998246e+03 1.896104282738063862e+00
7.466075382683993666e+02 1.278759282570059440e+03 2.365723559174929491e+00
7.988814370597572179e+02 1.300776976421140034e+03 1.280267302641246330e+00
1.017945012380493608e+03 1.258491634266768870e+03 1.137254592053077884e+00
8.688681964472048094e+02 1.319625670768607051e+03 1.766541719924296761e+00
9.335004489708999245e+02 1.361452781257175502e+03 1.297949076172852934e+00
7.519583190246519280e+02 1.375660446192181098e+03 2.218996443835612453e+00
8.623154461277789551e+02 1.421404221727116692e+03 2.893268726852368022e+00
7.437574417261586177e+02 1.461792654562155349e+03 2.528962278963700516e+00
9.824597766143369881e+02 1.452223287951577277e+03 2.970174734765891333e+00
8.250838756714421152e+02 1.487622293276952405e+03 2.151441599670361082e+00
9.917956997641424550e+02 1.368149414988373792e+03 1.950234337388228267e+00
9.729754639697825951e+02 1.240401891240254599e+03 1.549927091689907277e+00
8.936743611595579750e+02 1.250332450809575448e+03 1.997676360874458101e+00
1.119468078371961155e+03 1.234776601677295048e+03 2.867308467872352384e+00
1.017542483808246743e+03 1.258097946736859512e+03 1.159675388206133695e+00
1.166934148623559850e+03 1.300799438201580642e+03 9.011838054693583899e-01
1.071831833635692192e+03 1.322469046781295901e+03 1.005826936545287431e+00
9.340161733708498559e+02 1.362001876868088402e+03 1.564554091866115160e+00
1.141704396340360518e+03 1.386553545040922927e+03 6.350411379671786483e-01
1.061222287363901160e+03 1.394016371103510664e+03 9.113819554006260537e-01
8.683333043006732623e+02 1.425023175163971928e+03 2.757410922802468356e+00
9.818820501926991255e+02 1.454098170780666806e+03 2.822304016476759436e+00
1.106996382869215950e+03 1.453745593993361354e+03 7.316866587070964822e-01
9.945594133955692087e+02 1.377715588641863860e+03 1.966408333160670541e+00
1.221093223302429351e+03 1.190963590911008168e+03 6.156120433382681334e-01
1.111631275847639472e+03 1.187918131441737387e+03 3.031596335776138851e+00
1.116439013461291324e+03 1.236248483513319343e+03 2.861757861655028545e+00
1.267439505552831179e+03 1.241400262600409860e+03 1.010304910583999183e+00
1.165697396974228923e+03 1.299675472600196372e+03 8.298429895849935845e-01
1.284338009858274290e+03 1.304319754374246259e+03 8.836307892277918130e-01
1.070317550282500861e+03 1.323173430157524990e+03 1.004746640173868943e+00
1.140700488838466072e+03 1.385663794939798436e+03 5.009826549662217410e-01
1.059047159696099698e+03 1.392503184693716094e+03 9.280954188135411842e-01
1.202798716560014100e+03 1.405456242436340517e+03 1.342911121403833397e+00
1.264833428491417635e+03 1.426125422051647774e+03 1.315044458240229641e+00
1.105243590138872605e+03 1.452644925830361444e+03 7.210116143491864804e-01
1.217797513260453798e+03 1.188728542042163554e+03 6.733190533375660314e-01
1.454171408380999083e+03 1.188546062154796118e+03 2.924551087495916413e+00
1.265966772785697913e+03 1.241136789258614954e+03 9.667417625556870009e-01
1.393733507219941202e+03 1.233038019705026954e+03 1.183015143960340687e+00
1.450427852843198934e+03 1.280973354422534612e+03 4.914018719505618416e-01
1.282982417579287130e+03 1.304805104133812165e+03 8.365678012304190725e-01
1.486680764657361806e+03 1.358044913597831510e+03 1.483988378628591898e+00
1.343132283553086836e+03 1.362392960715208801e+03 1.715688363472103628e+00
1.418068523458080108e+03 1.367472701342702976e+03 2.323791175110148099e+00
1.199012203385050725e+03 1.406514651016967491e+03 1.291704410731106423e+00
1.263378736396956810e+03 1.426661676442358385e+03 1.255370473022630939e+00
1.454865612334493562e+03 1.476932509804301390e+03 8.984477016264902360e-01
1.610103705096968497e+03 1.196562725756984719e+03 1.169344802605694067e+00
1.451213398284354980e+03 1.186632917103784848e+03 2.020452250443425690e+00
1.390758122328238414e+03 1.232330739233972736e+03 1.239967687704943922e+00
1.554831226439855300e+03 1.291450981368020393e+03 1.368171819984087101e+00
1.448697376285409064e+03 1.281754604732025427e+03 4.941742652550432102e-01
1.615968002384518286e+03 1.317707974129140439e+03 1.085102238409027864e+00
1.483357801647713814e+03 1.359322953370687173e+03 1.409703317468129935e+00
1.416994614988965168e+03 1.367915107986143312e+03 2.328709984312506975e+00
1.564632931991444366e+03 1.427931879094355963e+03 1.859760472806972542e+00
1.500643716744390076e+03 1.466127909840253551e+03 1.974629559564307524e+00
1.447306439194786890e+03 1.480268682538077428e+03 9.938773489489777235e-01
1.608399168249655986e+03 1.191320614213504996e+03 1.347277752792867878e+00
1.758796521544220468e+03 1.200462691733423753e+03 1.312461168459091221e+00
1.673485695927357028e+03 1.216184350963175120e+03 7.667225022042339910e-01
1.553645460407567271e+03 1.291041568998075263e+03 1.375909859645332745e+00
1.687005659456312515e+03 1.295978358169685180e+03 1.224894065058474979e+00
1.786558082066107090e+03 1.311396405310228602e+03 2.217440967128015750e+00
1.614810349287918370e+03 1.318225645631136558e+03 1.086254221910984752e+00
1.734309717290104572e+03 1.340456916664481469e+03 1.367488737966701562e+00
1.563675382240464387e+03 1.426978834777286920e+03 1.880822199017624818e+00
1.760166857289770405e+03 1.198872941204884683e+03 1.232062450518692565e+00
1.671770893313717579e+03 1.215183924120351094e+03 8.000803446756229453e-01
1.826612518214035617e+03 1.199287489371928814e+03 1.928939211000120890e+00
1.887186509006357028e+03 1.212872342379816246e+03 2.239902051130965521e+00
1.685692487015632423e+03 1.295779289770836613e+03 1.164315130169023771e+00
1.786185375466509186e+03 1.311464395417147216e+03 2.130460091242576404e+00
1.733481429805463677e+03 1.342201695608661566e+03 1.310051522775502297e+00
1.886930133948198318e+03 1.215891987991159112e+03 2.229998232947804748e+00
2.120995013339304478e+03 1.221324843485757583e+03 1.503320903086213356e+00
2.141245315381799628e+03 1.316120105556527051e+03 1.469162991588609968e+00
2.120243724870455935e+03 1.215498848935242449e+03 1.514306935642348639e+00
2.137522595115882723e+03 1.313925811667270182e+03 1.510852125784837519e+00
2.192937341923497115e+03 1.314819731664320670e+03 1.953755192270378860e+00
6.813553546766956970e+02 1.351440926978084690e+03 2.363898506437230207e+00
6.227410216213534113e+02 1.379547950188791674e+03 2.017639578769943043e+00
6.023926281277413182e+02 1.460300128122211163e+03 2.696221292129762581e+00
6.743152083925440365e+02 1.349727554888719169e+03 2.424263706308195765e+00
7.547129072100321991e+02 1.375908596120123093e+03 2.090129100794483996e+00
6.229343195541257501e+02 1.379744510424063037e+03 1.836437797463317700e+00
8.604017673481467909e+02 1.418782909095233435e+03 2.792378768705903624e+00
7.471903717525138973e+02 1.460337359789723223e+03 2.489386220165425545e+00
6.017304781268400120e+02 1.458569876921793821e+03 2.633349931805649025e+00
8.284278349732148854e+02 1.486509779902376749e+03 2.030298275434332389e+00
7.661525128915529876e+02 1.537071460909634425e+03 5.699734524006216940e-02
7.130943147111863709e+02 1.603925920584203823e+03 3.032136137318630631e+00
8.207848660436025057e+02 1.605248003246534381e+03 4.979160589084833527e-02
7.524152079133808684e+02 1.377320333702073185e+03 2.116645974537341601e+00
9.308921626192552594e+02 1.360293794316121648e+03 1.388265146849945841e+00
8.615607840325818643e+02 1.419018168020847497e+03 2.836742352598299544e+00
7.459127737100646982e+02 1.460118096311689897e+03 2.410493170118933826e+00
9.827543384773109665e+02 1.452279805172056740e+03 3.023486826492010504e+00
8.255991537401073401e+02 1.485204649679299791e+03 2.039997369928997273e+00
9.394415064636432362e+02 1.504710895303987172e+03 3.325172371250771919e-01
7.649357408184943097e+02 1.535884900678889835e+03 3.138676727915485465e+00
1.012940562357531917e+03 1.547103650044418828e+03 3.104381453672673263e+00
9.003613944890107632e+02 1.569070698295412058e+03 2.582746722588619148e-01
8.181065137615953518e+02 1.603651659843898869e+03 3.049398895164918244e+00
9.725786124531086898e+02 1.608202411701763367e+03 3.130481099671074574e+00
7.077975731471557310e+02 1.603656500794917065e+03 2.864858950844619390e+00
8.627038016023024056e+02 1.648524416816697112e+03 2.850609298002685144e+00
9.307657897524400141e+02 1.358681295975566400e+03 1.409036624561583073e+00
9.919205994891487990e+02 1.369310240040171493e+03 1.908191263416563199e+00
1.138778337452692085e+03 1.390221003619353269e+03 1.029591449546940929e+00
1.061194048962870511e+03 1.391657291187089641e+03 1.013792406829324699e+00
8.668010101792895057e+02 1.422842750715823968e+03 2.778047854933689109e+00
9.814361243883081443e+02 1.452362511422973512e+03 2.816152324536512541e+00
1.108031999592449210e+03 1.450381680658794039e+03 8.355948158408659232e-01
9.388192975505576214e+02 1.504829087572009030e+03 2.062078187849982203e-01
1.094658524357297210e+03 1.523676820097093696e+03 1.178802448918876283e-01
1.016515177735281895e+03 1.547505241559611022e+03 3.050792407442408649e+00
9.006263916654652348e+02 1.570766876416941841e+03 1.093849249324091721e-01
1.124103659375935194e+03 1.579262771833682109e+03 3.423206000433950402e-01
9.724756087806595133e+02 1.607879035424625954e+03 3.060081962959450674e+00
1.141336601226058292e+03 1.634720712862836081e+03 1.221837017060246833e+00
1.141308947210514361e+03 1.383822952357121949e+03 6.101967458150928669e-01
1.058123398217753447e+03 1.390831070527344309e+03 9.891835212233066610e-01
1.203670885257372674e+03 1.404188158566712900e+03 1.311048300081659512e+00
1.264706849410516043e+03 1.424772070342409961e+03 1.275260585904038679e+00
1.106674412019502370e+03 1.450117393517146184e+03 6.975456956856459501e-01
1.290906194499733601e+03 1.510666084645717774e+03 1.809877433494467613e+00
1.199915592784359887e+03 1.533525161821175971e+03 2.258460345564751837e+00
1.094433253435910729e+03 1.523862839921950581e+03 9.380360365462375727e-02
1.125359242783367108e+03 1.581313646900762251e+03 2.521543282394063112e-01
1.212419472779281250e+03 1.634551822592562303e+03 7.095002701953616597e-01
1.140101012933459060e+03 1.631971335421417052e+03 1.256542140619792969e+00
1.342861200916236385e+03 1.362320541764640438e+03 1.650201589175358530e+00
1.420234453750512785e+03 1.368502414262954289e+03 2.339870589096313847e+00
1.485251678818655819e+03 1.357077058863285629e+03 1.363970604680077248e+00
1.199384955533704215e+03 1.405169308375151786e+03 1.240643503899771183e+00
1.263961948908671957e+03 1.425761098042874437e+03 1.187507372754708301e+00
1.449185984224073536e+03 1.477884165639552748e+03 1.034212050118145987e+00
1.290528653443782332e+03 1.511012989045948416e+03 1.737303230687559541e+00
1.197297294355858185e+03 1.532625267482416348e+03 2.331407568968755673e+00
1.392105986126638300e+03 1.565013580070144371e+03 1.850358092120709008e+00
1.214457449457437633e+03 1.633703236244320806e+03 5.971472887927556927e-01
1.484412253587132000e+03 1.356121724836578096e+03 1.369974011887777676e+00
1.417127441005440915e+03 1.369910074538110393e+03 2.366963386504419287e+00
1.565534607132811288e+03 1.425941633999632131e+03 1.796985496587205411e+00
1.501614358291876897e+03 1.464497852063727805e+03 1.887409586913832538e+00
1.447499896285153000e+03 1.478864330612143476e+03 1.028544519211651131e+00
1.610339044030344894e+03 1.522124853938107435e+03 1.894561699546437827e+00
1.390879594796853098e+03 1.564483982671837111e+03 1.867203812179534905e+00
1.564194076147980240e+03 1.427092514611376146e+03 1.795108026810723123e+00
1.608838468316804438e+03 1.523072930901411382e+03 1.891781604017976015e+00
1.825467861577985559e+03 1.509374785948871704e+03 1.938736658709531824e+00
7.647995432810178045e+02 1.535478648409643938e+03 5.647166329546505353e-02
7.111148986920404695e+02 1.602739364847349862e+03 2.974583541686075527e+00
8.189737213528889015e+02 1.604215446589436624e+03 3.123811036590705470e+00
8.616246809411661616e+02 1.643828893633906091e+03 2.818548874386287206e+00
8.408916939872893863e+02 1.747247298483159739e+03 2.808497572991058178e+00
7.642174041287339605e+02 1.533899742377316215e+03 3.100995749124385803e+00
1.012211115888099130e+03 1.543675136015676799e+03 3.206555017886952158e-02
9.007351238845828902e+02 1.567963774617924400e+03 2.702622916704287004e-01
8.195055449151600442e+02 1.602994939745045258e+03 3.121550027444048414e+00
7.113278368970029533e+02 1.602314479156988227e+03 3.023740705139765339e+00
9.739834592352526670e+02 1.606943207397437618e+03 6.300943723652097095e-02
8.648563823391179994e+02 1.646694428714493597e+03 2.153396868996475533e+00
9.874925986509551876e+02 1.696609472395775356e+03 1.993522634530772830e+00
8.422339812560069277e+02 1.746050857332580108e+03 2.879640310943222925e+00
9.409485382379200473e+02 1.754907299753284406e+03 2.155940214434822533e+00
1.094389586364421803e+03 1.519962560489933821e+03 1.535847882346546012e-01
1.017409368236072851e+03 1.546291513386465567e+03 3.099934678135575883e+00
9.010255492173741914e+02 1.568506840200404895e+03 1.053224655873107457e-01
1.124686203557570025e+03 1.577532046061011215e+03 3.861258488034477465e-01
9.735569761976221344e+02 1.607254955537226351e+03 3.106423687848399950e+00
1.142357732878654815e+03 1.630013261170949818e+03 1.191760110330454481e+00
1.045671040737810472e+03 1.676202861073325039e+03 1.337178603611582250e+00
9.856133222907394611e+02 1.697052628785869729e+03 2.088153185616192342e+00
1.066839648006590778e+03 1.737136680173913192e+03 7.759473206460563155e-01
9.387783025087092028e+02 1.754873500442221712e+03 2.232257653675698172e+00
1.129164062917743649e+03 1.766031736848071887e+03 1.345357466204532448e+00
1.292431224732377359e+03 1.509928124443234765e+03 1.832961483704372618e+00
1.097354505092899672e+03 1.518199302559633225e+03 1.118638163674761793e-01
1.200208835738737889e+03 1.531913126692526021e+03 2.243804157212427874e+00
1.029979677959504897e+03 1.543515903445757658e+03 9.145930389245368608e-02
1.126294820801868582e+03 1.581789041526018991e+03 2.650564997291693925e-01
1.214621334354672626e+03 1.632320461515861552e+03 7.092953613126623535e-01
1.140927881117786910e+03 1.629892272015679964e+03 1.169681574322279261e+00
1.046616468941955645e+03 1.673665958416892863e+03 1.343402474725242879e+00
1.066025826021447074e+03 1.737838321801628808e+03 7.176203228382012078e-01
1.130472138845879044e+03 1.764369627666220367e+03 1.284284256981467420e+00
1.290655195846394918e+03 1.509195603567351554e+03 1.776527796322893815e+00
1.201207921431988098e+03 1.537069564237953045e+03 2.302948489195919546e+00
1.392220970820006869e+03 1.563620325114864954e+03 1.856842134061564176e+00
1.213268262964880932e+03 1.633422103461396546e+03 7.093791499781375576e-01
1.611627721811572883e+03 1.524535792440153500e+03 1.959841407539148150e+00
1.389758197760776511e+03 1.565973108604575145e+03 1.848872965417869940e+00
1.609373791833231053e+03 1.522913833834733850e+03 1.903172112714196063e+00
1.824865826364484292e+03 1.508932456795218286e+03 1.996999802601277407e+00
8.425391345153857401e+02 1.744521275477676227e+03 2.963215041273499217e+00
8.263245373663039572e+02 1.830506357485104900e+03 2.119636489695517767e+00
8.105166353172410254e+02 1.926510240030751447e+03 2.840502049089886683e+00
9.892655265033922660e+02 1.697199031825585053e+03 2.099588849127633772e+00
9.396410707635420749e+02 1.753330620317095736e+03 2.194449552295343775e+00
8.415514869543940222e+02 1.744611708013220323e+03 2.865215905552180864e+00
8.268946607425573347e+02 1.830756433701942569e+03 2.060299965263789446e+00
9.155578032928169705e+02 1.829626050282918413e+03 2.953576928737391860e+00
9.187839116630366334e+02 1.897606226284532568e+03 6.740074556150562612e-01
8.096407271244145250e+02 1.926556375240024408e+03 2.747396844293311435e+00
1.002405349299503996e+03 1.941262555934934880e+03 3.062991284464314568e+00
1.046019887946326890e+03 1.673532064052399392e+03 1.336666964990206319e+00
9.849149809947678023e+02 1.694935834568988867e+03 2.080201938749794532e+00
1.067031579242745011e+03 1.735472197488270240e+03 7.980277327963845035e-01
9.381939987725645551e+02 1.753179546126979858e+03 2.226938931424019774e+00
1.129867656514045393e+03 1.761955086675458915e+03 1.315729227794995904e+00
9.152443626950164344e+02 1.830559951399567353e+03 2.863624320460793626e+00
1.048912877044731886e+03 1.831918551932800483e+03 3.010950665681592309e+00
9.183852689519644628e+02 1.896965754460436528e+03 6.698161514800639038e-01
1.073029197586210330e+03 1.891027232758637638e+03 1.819449187910498478e-01
1.176190118059475253e+03 1.935494789114208743e+03 6.304753785186796300e-01
1.005732959471741651e+03 1.942041294990620827e+03 3.084360931913316062e+00
1.117569817155624378e+03 1.974430507186325485e+03 1.491757416974986428e-01
1.042741836281337555e+03 1.666861945682988562e+03 1.180100724014550684e+00
1.064236036181041754e+03 1.735994627475750804e+03 8.353316990760688565e-01
1.129950832944476815e+03 1.762191108212348126e+03 1.348778186941220314e+00
1.048211484021844626e+03 1.830930641533587277e+03 2.961749877735389891e+00
1.190987975564672070e+03 1.872143762022371448e+03 3.069648478631977095e+00
1.073863944116140829e+03 1.892562330909350749e+03 5.335534728076146704e-02
1.334641850769668963e+03 1.921416816867464604e+03 6.918834821405850377e-01
1.187510164421790478e+03 1.928546422761837675e+03 7.436073402406245814e-02
1.117811063793345511e+03 1.974385332670908156e+03 1.084331953215571659e-01
1.370086146427744779e+03 1.837255142533209892e+03 6.220409272119250543e-01
1.189547947777939953e+03 1.872322569537047457e+03 3.068613421738942915e+00
1.334431555009306521e+03 1.918880025140484577e+03 6.928727932972006398e-01
1.191773849504084637e+03 1.927079975990086950e+03 1.045144673987509834e-02
1.352137055645276632e+03 1.969171402142137140e+03 1.415707031399106919e+00
1.369332863250381024e+03 1.837555100031102938e+03 6.864784655586041451e-01
8.295231837198350604e+02 1.832078792470981853e+03 2.203619904545563557e+00
8.105850333080504697e+02 1.925537751343139007e+03 2.811529073716028115e+00
8.455465999539865152e+02 1.992465277210490967e+03 5.832089687120561861e-01
8.269769230994040754e+02 1.831512829777793513e+03 2.110364726504325716e+00
9.157860753020861466e+02 1.827029189497901598e+03 2.928292324774823374e+00
9.186771508910298962e+02 1.896622168128208614e+03 6.632298531832813149e-01
8.101588987887217854e+02 1.926660705282590698e+03 2.690431271315540940e+00
1.007027973213280347e+03 1.940569420748117864e+03 2.987009666292728571e+00
8.454999337234796712e+02 1.992412301789296635e+03 5.169822030031046012e-01
9.924138311935751062e+02 1.999504246686015449e+03 3.779120946231155909e-01
9.154884183499639221e+02 1.829154430098951707e+03 2.846731387608123498e+00
1.048961270368255555e+03 1.827629391156470319e+03 3.000692420245160807e+00
9.186840547061999587e+02 1.896305016659149260e+03 6.702303284244053305e-01
1.074072764418743191e+03 1.890861683131423888e+03 5.363986401316581804e-02
1.006046322787128702e+03 1.940065028040099151e+03 2.992226000608851688e+00
1.119656996815224829e+03 1.971064206529079001e+03 1.135410198849175906e-01
9.916247091320160507e+02 1.999252936247135949e+03 3.334848011269743728e-01
1.110917196486598641e+03 2.055996934261644128e+03 1.169892921170085032e+00
1.056083548283328582e+03 1.831356495933829365e+03 3.076776794631853384e+00
1.191288581788673582e+03 1.871303777693336087e+03 3.063912672459828457e+00
1.071756837926951448e+03 1.890386704015591476e+03 3.124057142552071564e+00
1.336769371171567400e+03 1.918789945321242612e+03 6.031634635114280218e-01
1.186133300176724788e+03 1.925781746988644045e+03 5.645337684723827215e-02
1.118936700760706344e+03 1.971357586041415288e+03 8.334890101571745813e-02
1.236752630852382936e+03 1.998781021572699046e+03 8.558038127743095025e-01
1.110748039323893408e+03 2.054974570279660838e+03 1.150845344410613480e+00
1.369780708282303749e+03 1.837318629143768476e+03 6.046734137988850621e-01
1.195295268922763398e+03 1.873374482906006506e+03 3.058264483559519409e+00
1.334669384091887196e+03 1.918908953626010316e+03 6.556972735193465907e-01
1.187608065841841153e+03 1.926339846590012712e+03 3.126078934418912159e+00
1.351647879157637362e+03 1.970404973951076045e+03 1.403337656204911799e+00
1.235789486706370553e+03 1.999157010101920150e+03 8.196855463081692550e-01
1.375932350830400992e+03 1.833295038869265227e+03 7.726168288300109266e-01
1.350842986582919821e+03 1.969093704908043492e+03 1.486816543032598137e+00
8.363640457071608125e+02 1.995756846400971426e+03 5.296769642091477825e-01
8.445353985079166250e+02 1.991755304374414663e+03 5.499492918045304490e-01
9.866522997694585229e+02 2.001982191475472519e+03 4.034837964945027222e-01
9.912686331504555710e+02 1.997970941611708440e+03 3.652758471255287964e-01
1.110327155075666496e+03 2.055940484294437738e+03 1.130360068251072825e+00
1.235316729250010212e+03 1.999840196553946043e+03 7.937477059368369670e-01
1.109613403035258898e+03 2.055466667472049267e+03 1.126897628174898580e+00
1.234797626273359583e+03 2.000212936475683819e+03 8.609534982270816705e-01
