1.069889016055770071e+03 4.377405016466283314e+02 1.181622603851889997e+00
1.177186274304976223e+03 4.696630593905739488e+02 6.225471212683382216e-01
1.070211914916480509e+03 4.373381163870321870e+02 1.207938881371416029e+00
1.178941653293465151e+03 4.669079152011830729e+02 6.040668653589604808e-01
1.436873543310251534e+03 4.924536036129165950e+02 8.789236400473847688e-01
1.435204519688801838e+03 4.921786477048690358e+02 7.977026140842914392e-01
1.518333674460236352e+03 5.248677240268954165e+02 1.526712991301866662e+00
1.521229451657908157e+03 5.156797032980377935e+02 1.539586342209827929e+00
1.069514224574353193e+03 4.373258071630298218e+02 1.151514182983247370e+00
1.177364356761334648e+03 4.669068228823060736e+02 5.744062826767091234e-01
1.139615646892078530e+03 5.515017433419568533e+02 2.166861713222780761e-01
1.018949243672826469e+03 6.450993510278052554e+02 1.553484131336935192e+00
1.098624377849637085e+03 6.392620985175169608e+02 6.291037257092083612e-01
1.067582371055183103e+03 4.345523897972672103e+02 1.201046395739968853e+00
1.178654861349360317e+03 4.661043323121313051e+02 6.120664980481326234e-01
1.139316079316214882e+03 5.511826321442164272e+02 2.626244377160312227e-01
1.262066386422677169e+03 6.168031157998964318e+02 2.496033251428198430e+00
1.098325903439722879e+03 6.394716598456333259e+02 6.783644712767119556e-01
1.217213316357310532e+03 6.663188190832509008e+02 2.860080414322857756e+00
1.436211762947542638e+03 4.921951138075913832e+02 8.229553799416263749e-01
1.343450383740184179e+03 5.585632266048452266e+02 1.325791379452211594e+00
1.261024946030011733e+03 6.165803388768541708e+02 2.568785340872898448e+00
1.448280690455007516e+03 6.580692136367982812e+02 1.013245655565460313e+00
1.215928478339930052e+03 6.687697523627521150e+02 2.809328867750755521e+00
1.434633220756381206e+03 4.922067003812412622e+02 8.277842744584877899e-01
1.517816340934888103e+03 5.247873492423709649e+02 1.515178374977880438e+00
1.589808092721059666e+03 5.880696250720036460e+02 2.926928445127352951e+00
1.445873745957582969e+03 6.558712325203675846e+02 9.663534932193292848e-01
1.571431352931368110e+03 6.477386458477358246e+02 3.127188474886789749e+00
1.515207154119779943e+03 5.251378997064534815e+02 1.470382726752264890e+00
1.589333734028044773e+03 5.879680808869266002e+02 2.961218722586781205e+00
1.726263775805924752e+03 6.446692395622933418e+02 3.778609788811043702e-01
1.569697940478858300e+03 6.487427067861333398e+02 5.902081787554161636e-03
1.725687560537792478e+03 6.449520343053486613e+02 4.061234814839497775e-01
1.571655667845653284e+02 8.166344763287677324e+02 5.836029976974147493e-01
6.234649028853782511e+02 7.438009864821539168e+02 1.418080518846778215e+00
6.903253744053633909e+02 8.004534044719860049e+02 1.499715063259345893e+00
5.631231402203092102e+02 8.033545696561144496e+02 2.315434840490432578e+00
8.139176210486189120e+02 7.148177194405918726e+02 1.108705385275392974e+00
7.427415482286401129e+02 7.332455963185860810e+02 1.475919574171988158e+00
6.231385738750419705e+02 7.437341314427740144e+02 1.432439506636810522e+00
6.880480442198922901e+02 8.023645266444598292e+02 1.602623736209433103e+00
5.603493349171533282e+02 8.025005884076426810e+02 2.330999951416875771e+00
8.272571452570481370e+02 8.305328040295794381e+02 2.758891052953035938e+00
7.362493429373016625e+02 8.459032214155188285e+02 1.302023575978252357e+00
8.128364638410948828e+02 7.154823209716150814e+02 1.158380709025305544e+00
7.416173469066711732e+02 7.338843674543616089e+02 1.489235777835776320e+00
9.749436063437215125e+02 7.674510658327678811e+02 1.212135998727162489e+00
8.312530021463226149e+02 8.231649617445372087e+02 2.988550962792630550e+00
7.346081378250762555e+02 8.407373095671598549e+02 1.298980954923909747e+00
1.137364092169678315e+03 5.497973833979212941e+02 2.486944354752701758e-01
1.019526340211852130e+03 6.432138761788062311e+02 1.506520550912576750e+00
1.099124910165050551e+03 6.383591819895035542e+02 5.928861307403070491e-01
1.129131372714328336e+03 7.061677348588532368e+02 4.272181352062145998e-01
9.733109211117989616e+02 7.687591904059597709e+02 1.243402367583915646e+00
1.042334280304585263e+03 7.768080365976005623e+02 1.440766009326348129e+00
1.143852952693543557e+03 7.819389171462908052e+02 2.574462456944241584e+00
1.139369974695732935e+03 5.478327521630245656e+02 2.946415282755376341e-01
1.262454882853479603e+03 6.163402292930436488e+02 2.528795961108305512e+00
1.099360689534236144e+03 6.381241717956582988e+02 6.854302954956538185e-01
1.218165017272512841e+03 6.653714685222694243e+02 2.907752214640157984e+00
1.129765490573473016e+03 7.058731139857230801e+02 5.337407104683268289e-01
1.217997789144506442e+03 7.556236366130742681e+02 2.503543002171775278e+00
1.040935332099200878e+03 7.754241548290740411e+02 1.418601141033150714e+00
1.145382038134469667e+03 7.825122894867037076e+02 2.538911108143273143e+00
1.343401775628605719e+03 5.575339643742761382e+02 1.290163831941271155e+00
1.260675473750500487e+03 6.157909895758651828e+02 2.551048150421124205e+00
1.446873404441426828e+03 6.553098704122273830e+02 9.614619789868196209e-01
1.215503211783064444e+03 6.659152911079203250e+02 2.888988354194054864e+00
1.216018641868742634e+03 7.548755325524839463e+02 2.537822569637099956e+00
1.443704938307202156e+03 8.162734120483743254e+02 3.473721664355707284e-01
1.589659442619987885e+03 5.880179692189497018e+02 2.960738479085596619e+00
1.445370285360266280e+03 6.553359480951035039e+02 9.716370836156001944e-01
1.570871555246194930e+03 6.471788222008096909e+02 2.262715069530298398e-02
1.560512858660397796e+03 7.325812448969951447e+02 2.221399093559958793e+00
1.638005634795808191e+03 8.012729846675601948e+02 6.009893545422767547e-01
1.443950714994805139e+03 8.039859151959108203e+02 2.147222995270886003e-01
1.438382500115679704e+03 8.527152206188288801e+02 2.542040083617249646e+00
1.587734019524094265e+03 5.876536232792332157e+02 2.947802346395843820e+00
1.725263557687341518e+03 6.437262371893762065e+02 3.885389295172335111e-01
1.569473521909568262e+03 6.469530193675168448e+02 4.997692023214628243e-02
1.797331051926627651e+03 7.014228484248881159e+02 3.113123781009205171e+00
1.558879143990785678e+03 7.313030022308319076e+02 2.158807703190797955e+00
1.638492169085481237e+03 7.976297641384927601e+02 6.352171668298829399e-01
1.747103338717169436e+03 8.248640371664155282e+02 3.679716227836209441e-01
1.562130102220613708e+03 8.615142847271085884e+02 6.158063523384067484e-01
1.724331787459959514e+03 6.433738934121789725e+02 3.978583691663979405e-01
1.795810311420766084e+03 7.008329872432721004e+02 1.165209596897644136e-04
1.821780436540644359e+03 7.958376164490995279e+02 2.061863656521306432e+00
1.746038305541712816e+03 8.229626122857375776e+02 2.798797694021584626e+00
1.970311551331023111e+03 8.244655365094437229e+02 9.215181716111481292e-01
2.061845945784451487e+03 7.665266829716256325e+02 2.900230379022604499e+00
1.968882568707550490e+03 8.232685964442807744e+02 8.884927217024291002e-01
2.057937708460939120e+03 8.464765501039350966e+02 2.106188963984124918e+00
2.060847572472453521e+03 7.669326776185304197e+02 2.976915421237739778e+00
2.055503469461897112e+03 8.462507751710963930e+02 2.238821173806826881e+00
1.566850219477602195e+02 8.163508133977242096e+02 5.818301548820311586e-01
2.797351604902634676e+02 8.699079803856382114e+02 2.982773912050590837e-01
2.758179471435101959e+02 8.697859433621727021e+02 2.801410169977863740e-01
5.401898166365136831e+02 9.261189173312568528e+02 1.518419302487547640e+00
4.709396025843213920e+02 9.677455899596450308e+02 1.523872559104488378e+00
6.242456352784481624e+02 7.418050432371130682e+02 1.456519395951732188e+00
6.915497536427474188e+02 8.035235182239059668e+02 1.692348677624430087e+00
5.633989241637242458e+02 8.020372099599020430e+02 2.365735746879507939e+00
5.381353716469317305e+02 9.269689843890014345e+02 1.410542341828983082e+00
6.061474554189923083e+02 9.301087900994532447e+02 1.128787914652869206e+00
4.705146624460704743e+02 9.676803185962601219e+02 1.465027392084469637e+00
8.128271260041369715e+02 7.163291591524314299e+02 1.029062883320810640e+00
7.436687631088648232e+02 7.338948229284392255e+02 1.384123100393248373e+00
6.230576665277079655e+02 7.410563710096437262e+02 1.444720502382584426e+00
6.895048173337327171e+02 8.022541539189129480e+02 1.580238208835070823e+00
5.614571896933337030e+02 8.011303460235905050e+02 2.346264418028140675e+00
8.321541729638165634e+02 8.250595127964317044e+02 3.137550360973750951e+00
7.365776698725314873e+02 8.462289367922045358e+02 1.263769299270417479e+00
8.181869493091061258e+02 8.711624272243718679e+02 2.426872450228799494e+00
6.057996660496339700e+02 9.307122403769978973e+02 1.096647870542394543e+00
7.642182041905300593e+02 9.369088442670274617e+02 1.332250416081339761e+00
7.086633797118967095e+02 9.875523459761761842e+02 2.252181974657864849e+00
8.392550719709929581e+02 1.008271617417631660e+03 2.317995000201633182e+00
8.125874271570806968e+02 7.131848715715684648e+02 1.171275101684050579e+00
7.395744389392245921e+02 7.334393784897519026e+02 6.097928675530975839e-01
9.763374087594056618e+02 7.660690288389000671e+02 1.190777233053126993e+00
8.312793779476829741e+02 8.229041043004418725e+02 3.010467722930928680e+00
7.353246501782356290e+02 8.460197430188661656e+02 1.345184612290749149e+00
8.181625554745625095e+02 8.721315475785470426e+02 2.357923147552654974e+00
7.626279323087787816e+02 9.373065158172273641e+02 1.395936054896817602e+00
9.285255675665971467e+02 9.582221393295444614e+02 4.126808306831690198e-01
8.385724720234026108e+02 1.012845821888153068e+03 2.237873260743902026e+00
9.742451562348910556e+02 7.669504213221407554e+02 1.243993808887422281e+00
1.042477362985640411e+03 7.751076208173653868e+02 1.463127362603354298e+00
1.145234264510568210e+03 7.816520719443112739e+02 2.604692274818940056e+00
1.048292519528634557e+03 8.728278453631889988e+02 7.546099516743457469e-01
1.180880272761153265e+03 9.016409181018802883e+02 8.373114420996433660e-01
1.094982155610420023e+03 9.108172362747013722e+02 8.261277642097676344e-01
9.259006979966247854e+02 9.585058802125477087e+02 3.906835828641143649e-01
1.148157637393338518e+03 9.842702406877058365e+02 9.138839155208913212e-01
1.057063870771242819e+03 1.015045988448575372e+03 1.433760854106798099e+00
1.217825417281552973e+03 7.547563247638264556e+02 2.515693157530257906e+00
1.039543518967399223e+03 7.752016371218242057e+02 1.402848435965758256e+00
1.144627180349673836e+03 7.811170963391612077e+02 2.537669398574583735e+00
1.047135724428819685e+03 8.728634420543569377e+02 8.398287972587828998e-01
1.179902383897111122e+03 8.994362325319621050e+02 8.631005105185231008e-01
1.094274700642285325e+03 9.104660640314352804e+02 8.736256167146455587e-01
1.274034206546488804e+03 9.307892594829206701e+02 1.154335141648532015e-01
1.150900992394081868e+03 9.870464016954636008e+02 1.297509123421760335e-01
1.055856598661171347e+03 1.012318816605959000e+03 1.372821623084221399e+00
1.216506297532164126e+03 7.543112488269032383e+02 2.502314899446259844e+00
1.447094087504854087e+03 8.021804004064933906e+02 2.692653843755524745e-01
1.441787301326314036e+03 8.512581941660632765e+02 2.541888574146534463e+00
1.271868764451102606e+03 9.308309436325671413e+02 1.853752741428036643e-01
1.498326436202967216e+03 9.517032620755280732e+02 1.179069408815302741e-02
1.560091934070090247e+03 7.292635777375106727e+02 2.189012740849363148e+00
1.637671109443897649e+03 7.978730379813846412e+02 6.083102542718589190e-01
1.440865633970735644e+03 8.286071552143896497e+02 2.696150273414649412e+00
1.560741062023200129e+03 8.607661269178397561e+02 4.494406562588916243e-01
1.661665374999086453e+03 9.046301434091064948e+02 2.228706566448233506e+00
1.575777163768242417e+03 9.142884306380378803e+02 2.871865222448023669e+00
1.495096030522326828e+03 9.511462489729253775e+02 2.590898507848362481e-02
1.568013364209861265e+03 9.987280677184216984e+02 9.587174746093318767e-01
1.636626747656761154e+03 1.009919464452131706e+03 9.519540371993092664e-01
1.559354388285710911e+03 7.305614286927929015e+02 2.173669269690462258e+00
1.638838941523476706e+03 7.967290347198369318e+02 6.225087285280200833e-01
1.750192141377794542e+03 8.230648696105303088e+02 2.768643347881381001e+00
1.560991727724486054e+03 8.605334749462197124e+02 4.909567135571422103e-01
1.719564835230903782e+03 8.678720154062807524e+02 2.911959572167805099e+00
1.659278372535426342e+03 9.045699069418690215e+02 2.277365849842266865e+00
1.575440150926351635e+03 9.144912687884664138e+02 2.876981802485844675e+00
1.798451081300162286e+03 9.321469457479597622e+02 4.082043655008985583e-01
1.742167596764145401e+03 9.754952221495641425e+02 2.144132531155246379e+00
1.567683967411956019e+03 9.974895099404659504e+02 9.204934065122892806e-01
1.637768187952266544e+03 1.009293927911747687e+03 9.987074827721100778e-01
1.681273403872448398e+03 1.021600817735725514e+03 1.534361853023619160e+00
1.817025794869868605e+03 8.973849325907115144e+02 2.891339395262454204e+00
1.820990936859627254e+03 7.960786316853093467e+02 2.035051717016916673e+00
1.748467032382669913e+03 8.225655239003821180e+02 2.876494229323932394e+00
1.972372250056560461e+03 8.231247125983575188e+02 8.456295552486172706e-01
1.717849312451844071e+03 8.688997351341818103e+02 2.931485032575321892e+00
1.906775801698435316e+03 8.961305071375027183e+02 2.407996354376048753e+00
1.815296345641544121e+03 8.929935034348268346e+02 2.964228510416543116e+00
1.795823620277290274e+03 9.351148313142912230e+02 2.785494562895184933e-01
1.739460677551382787e+03 9.783406198469892843e+02 2.173989601627924984e+00
1.847857004363993610e+03 1.005424506355527683e+03 7.377674072090010249e-01
1.681513335439539333e+03 1.016485422592952546e+03 1.703311986627356278e+00
2.061722709902595398e+03 7.682850919024588165e+02 2.906205208074939428e+00
1.969096950438835393e+03 8.229078016114908678e+02 8.554701057493200311e-01
2.060291630643574535e+03 8.473559209839913819e+02 2.123927730661972824e+00
2.000035066688610641e+03 8.682123026987851517e+02 1.345547550030812722e+00
1.905950608485131397e+03 8.965072047453229516e+02 2.424425390360413157e+00
2.058397055152358917e+03 9.646892538040299314e+02 1.622830004796893100e+00
1.999601414235221455e+03 9.557629411817638356e+02 9.348022594176330635e-01
1.861477125956286272e+03 9.955482444060983198e+02 2.619031412054061980e-01
2.061186779008310623e+03 7.666410364204307371e+02 2.918044565187934314e+00
2.060321148745227674e+03 8.470167797519799251e+02 2.132303697138560494e+00
1.995717959577442343e+03 8.674845984583178051e+02 1.421312247195704703e+00
2.162405691494116581e+03 8.881095434220667357e+02 2.766492470236542101e+00
2.057991375570062246e+03 9.638430001817282573e+02 1.659068489685835424e+00
2.001632763603380226e+03 9.522027982333574982e+02 8.423217184146081227e-01
2.774655198616512735e+02 8.696684806008699979e+02 3.327651329459617169e-01
2.763536043822031161e+02 8.686639056130056815e+02 1.999605777922542627e-01
5.390729102910106576e+02 9.299468953745194995e+02 1.533391687361735478e+00
4.713294666903051393e+02 9.663068680783619584e+02 1.469892403183339580e+00
5.024398548016956738e+02 1.040232007335545859e+03 9.101955746338967757e-01
4.455868033551557801e+02 1.121290255370327714e+03 2.298044395556197550e+00
5.189673000676398260e+02 1.146827557136120959e+03 1.686816320212917386e+00
5.385962094972544492e+02 9.255546571403194775e+02 1.359597173494601519e+00
6.064990342878436422e+02 9.289001919021882259e+02 1.070397380051487879e+00
4.714032875806921083e+02 9.655631347531279971e+02 1.421697590669263267e+00
5.718013628969384854e+02 1.041433277726578353e+03 1.401841247775299282e+00
5.018386682501688938e+02 1.039033631503542665e+03 7.883485201033378909e-01
6.367826942115403881e+02 1.064941297724811648e+03 1.941357040718886928e+00
4.452742674022982783e+02 1.121001691260742973e+03 2.408869373066872654e+00
5.806478566314040108e+02 1.139910936766837267e+03 1.506596398452483054e+00
5.165882998521839227e+02 1.148006498850898197e+03 1.645134859233965630e+00
8.199078495863742546e+02 8.679862466934707754e+02 2.393137956941809197e+00
6.060860530459234496e+02 9.281719264329331054e+02 1.107298601904452173e+00
7.641920090797335661e+02 9.346328067088993521e+02 1.317219898437407277e+00
7.079769084641405925e+02 9.853925052762836003e+02 2.199490382320305137e+00
8.381349597606406405e+02 1.011066171328177461e+03 2.286907322123677311e+00
5.701080567304171609e+02 1.040918347522014756e+03 1.382429580562318794e+00
8.060292800596690768e+02 1.046275839061585202e+03 2.756749536812046486e+00
6.356468474033262055e+02 1.064184891676706684e+03 1.876525663326375604e+00
7.776487286250510351e+02 1.098775131214985095e+03 2.733826825618545620e+00
5.768369342602638881e+02 1.138055733984786229e+03 1.443985396315039527e+00
8.170071090403801009e+02 8.704311300090607801e+02 2.348359052242467548e+00
7.628329272022569967e+02 9.344766644434710088e+02 1.343707399352320087e+00
9.280444867992885065e+02 9.570079875875755988e+02 4.642335044140971090e-01
8.371297965002897854e+02 1.011387697011456794e+03 2.218192264302985883e+00
8.038267885246560809e+02 1.047129074178284100e+03 2.710810353647730153e+00
9.315411042427253960e+02 1.074391303836727275e+03 1.537436749977873829e+00
9.839516371101267396e+02 1.102132370246223445e+03 1.064571316439712367e+00
7.752631122086323785e+02 1.099059455274396441e+03 2.668010328980338297e+00
8.840206631680380269e+02 1.120099230131410650e+03 1.675202363480017942e+00
1.006705907995652524e+03 1.180483180043697757e+03 6.716771169643498407e-01
1.050106524870084286e+03 8.696639045838624043e+02 8.028391975865371011e-01
1.096330352423864497e+03 9.067912342626682403e+02 8.389258451135743755e-01
1.181553445961717898e+03 9.004222895866855652e+02 8.278123667795350693e-01
9.265904254900622163e+02 9.570103300870641760e+02 4.210093009587173030e-01
1.147377277366228100e+03 9.991353381017024731e+02 2.557955472768332239e+00
1.057057628681580127e+03 1.010873680643091120e+03 1.402081971391295534e+00
9.305214926096459749e+02 1.074577065665667533e+03 1.657467841682970899e+00
9.806642440405096295e+02 1.100901940897238546e+03 1.133910085723815131e+00
1.061611741601093399e+03 1.097512390168134516e+03 7.253808487362469748e-01
1.179257716865943394e+03 1.122533951957564568e+03 2.182127986875178838e+00
8.825805398171189609e+02 1.118717739155107665e+03 1.917761073262108651e+00
1.128359775650477786e+03 1.158031327999548921e+03 2.564529557998114218e+00
1.009682135432201903e+03 1.175993213173177992e+03 5.167933534531613526e-01
1.043870095323778742e+03 8.671074562430201240e+02 8.163855529004515610e-01
1.179044452241236286e+03 8.980519899522664673e+02 8.495953750896444445e-01
1.093334917588197641e+03 9.056007673051271922e+02 8.424400748893046131e-01
1.273886492200432485e+03 9.296193394465053643e+02 7.233750764793907273e-02
1.156571734978926543e+03 9.722015878318106843e+02 6.458890003777638389e-02
1.056635332991636005e+03 1.010200310653113547e+03 1.398926327161394756e+00
1.139531697959640269e+03 1.013692521111000360e+03 2.469304702394629736e+00
1.266236248073545539e+03 1.036687870467353605e+03 3.834636626771513734e-01
1.061209915399623242e+03 1.096344425785788872e+03 7.212602571481584457e-01
1.278520235259504034e+03 1.104683891817054246e+03 1.055855313728264022e+00
1.181104106419424170e+03 1.125189448522475914e+03 2.278664593888697798e+00
1.129929462735692368e+03 1.159327154024686479e+03 2.636936748563069699e+00
1.270894385337484891e+03 9.299380110338620398e+02 6.431484079886078120e-02
1.497808531481958198e+03 9.497887298967077641e+02 3.086360119495659138e+00
1.450564012958146350e+03 1.039181019012131628e+03 1.186300115123972043e+00
1.263131403426183624e+03 1.036594565567969539e+03 3.917396982371465497e-01
1.276388192635567066e+03 1.105566537666362819e+03 1.033796257163474897e+00
1.340077160542267848e+03 1.132660976993004624e+03 1.128808409920331046e+00
1.402704244889707070e+03 1.146736993958825451e+03 1.105514404355296687e+00
1.485428860455785752e+03 1.159991622528804101e+03 2.203810976137531963e+00
1.576132880506147330e+03 9.132081711309706407e+02 2.864964504403624712e+00
1.495949253171507053e+03 9.502807261869320428e+02 3.140381164319141494e+00
1.567965080781374809e+03 9.937018271556994478e+02 8.633775334727151751e-01
1.635305211189904185e+03 1.006085709482983248e+03 9.753861003950168307e-01
1.449474561592785903e+03 1.040167580966172181e+03 1.149918564342228500e+00
1.508166079076929691e+03 1.084495557861803263e+03 2.000107015655422593e+00
1.588670037705550840e+03 1.108384331099653991e+03 1.015016601559962206e+00
1.640382909425072967e+03 1.119246103161307019e+03 1.509618141272431213e+00
1.400793075020767674e+03 1.147032994370385268e+03 9.990254527653982253e-01
1.483802222139382138e+03 1.162400939242889763e+03 2.221104244861791699e+00
1.659410220114828235e+03 9.029513734332410877e+02 2.342235027802446634e+00
1.574326740777084979e+03 9.134190791048888514e+02 2.798411538578746693e+00
1.796357529629103055e+03 9.334988166786922648e+02 9.431214867513423861e-02
1.741052314187565571e+03 9.753841865338554271e+02 2.179176856482528013e+00
1.566374778126323918e+03 9.945328978230270423e+02 8.069571944086634252e-01
1.634614298987316943e+03 1.006616660769652299e+03 9.253876140968110287e-01
1.682260587433614319e+03 1.027217621683406151e+03 1.354102584765708439e+00
1.722440949196348356e+03 1.098108176093317070e+03 7.448907982352850343e-01
1.588689725966450624e+03 1.107342309123159794e+03 8.487036355696588874e-01
1.637191132450504711e+03 1.122773922552943986e+03 1.248302761315628340e+00
1.806454474097054572e+03 1.123791365702880512e+03 1.481110825293404210e+00
1.709717352004023951e+03 1.154051874584069992e+03 8.080836281130753251e-01
1.719764979388179654e+03 8.677466175021893378e+02 2.739970231387957256e+00
1.908467318482812516e+03 8.954859676294188375e+02 2.490056556543792432e+00
1.814608951011653289e+03 8.942404221322749436e+02 3.065666976260533083e+00
1.793966939405951052e+03 9.323687158001785065e+02 2.124817184364047040e-01
1.739656013068979746e+03 9.762688424528637370e+02 2.213427316565589997e+00
1.845764438583698848e+03 1.009131694455139268e+03 1.263664499651047768e+00
1.680308915280671727e+03 1.026223216666255212e+03 1.359808333274849179e+00
1.853362903404549797e+03 1.054171417492704222e+03 2.964170326047110837e+00
1.923860169910801233e+03 1.070468154561681786e+03 2.429137868946838363e+00
1.721458697360542374e+03 1.097002218914574087e+03 7.604305684681719191e-01
1.803928669329324066e+03 1.121701362907325120e+03 1.418886592811699154e+00
1.862036422139686465e+03 1.150462463114959974e+03 1.992723847553244942e+00
1.708137236440734114e+03 1.139852006173413884e+03 1.457295772271325562e+00
1.932678571582987843e+03 1.167694107625820834e+03 2.055242919190929829e+00
1.999970244913993156e+03 8.677905818959952740e+02 1.325824590064167197e+00
1.904998826992439263e+03 8.950626235618765349e+02 2.442663469863956660e+00
2.058717373058681460e+03 9.646386800230654899e+02 1.614218185744380696e+00
1.999517113967565820e+03 9.551977666836337448e+02 8.871938798047895869e-01
1.850407904598386267e+03 1.013629509819875466e+03 2.132588703884849557e-01
2.075842170553091364e+03 1.074615792496964787e+03 1.449251598122635931e+00
1.922201667022602123e+03 1.068634723477206762e+03 2.459621635831692021e+00
2.125932297720321912e+03 1.150406918340793254e+03 1.276376949142903339e+00
1.857442604559073061e+03 1.146629000691890724e+03 2.084791503929644740e+00
1.931948808088803162e+03 1.168089626351837524e+03 2.114941693766048125e+00
1.993949145376932393e+03 8.740895162994438579e+02 1.196555793858415484e+00
2.162229312640597982e+03 8.891344509337566251e+02 2.781371529167823375e+00
2.057664099284014810e+03 9.631440765516008469e+02 1.698142736789536533e+00
1.995593317791934169e+03 9.549741030753129962e+02 9.376076017842507326e-01
2.175099593052412729e+03 1.021997435096333447e+03 9.814126001552260226e-01
2.074890578554439799e+03 1.074736581093658060e+03 1.503452143168460431e+00
2.123526577799077131e+03 1.152525379979435002e+03 1.390846993521101416e+00
2.052627435297457623e+02 1.283114808057325490e+03 1.963014203635200516e+00
3.618199210833763573e+02 1.332958050452471070e+03 2.454229096142321431e+00
4.997377769067720692e+02 1.039842154795941951e+03 8.828172676242785899e-01
4.451334889756847133e+02 1.119034062647262090e+03 2.312888532587498602e+00
5.171955166870586709e+02 1.145400349937857982e+03 1.581062321083560374e+00
4.838914920098894754e+02 1.271439421864097767e+03 1.690072741260382427e+00
3.612523652889618688e+02 1.339420264371652593e+03 2.196144876493991038e+00
5.023644883657411810e+02 1.035517055853880038e+03 8.500234428199916481e-01
5.713838593120009364e+02 1.040381205944709336e+03 1.342240795334256775e+00
6.371066483985571267e+02 1.062767159575532787e+03 1.891168661811930107e+00
4.450325831448759573e+02 1.119379839400813353e+03 2.388830602765077860e+00
5.800356731136032522e+02 1.138854397192637862e+03 1.437302121540060540e+00
5.165943976975271426e+02 1.146628665816891044e+03 1.558891385726451251e+00
6.606168699852680675e+02 1.199492935785786585e+03 2.267611491334613927e+00
5.460749913073443622e+02 1.255500611049228610e+03 1.987326397131993660e+00
6.061363608561525780e+02 1.261581665348667457e+03 1.624226559083234989e+00
4.845226204584173502e+02 1.272319572417508653e+03 1.689920273562601327e+00
6.650929809706458400e+02 1.300307652681559375e+03 8.020346552186103928e-01
5.657620996596224359e+02 1.040924193647256288e+03 1.244734309187711441e+00
6.352178506433871235e+02 1.063197043227535687e+03 1.867245581546982169e+00
8.058155171938442436e+02 1.045374299626414768e+03 2.790706191450615492e+00
7.775320389892021922e+02 1.097404793596348100e+03 2.777421149432004910e+00
5.785209799291104673e+02 1.138971668214363945e+03 1.448317402530652220e+00
6.592459468174433823e+02 1.199749216188288301e+03 2.248545001858070602e+00
7.256839393532491158e+02 1.207575893524831599e+03 2.021042761431409041e+00
8.383935492891748709e+02 1.210478453487528895e+03 1.560833242927306630e+00
7.805815617050116089e+02 1.230864206956203589e+03 1.711296774487692351e+00
6.044515951176315411e+02 1.262172314793460600e+03 1.576472737357550447e+00
6.622878706667198685e+02 1.299476068636645778e+03 8.205455583184367852e-01
7.451857034988998976e+02 1.331178157570918529e+03 2.313811665913049875e+00
9.330867181936914676e+02 1.075361901091718664e+03 1.521018910155584214e+00
8.026454835112198225e+02 1.043788048765543181e+03 2.673849403258367730e+00
9.828001490949177423e+02 1.098750634210863609e+03 9.019240258348436567e-01
7.748970623648036735e+02 1.095771073657138231e+03 2.637895628083819943e+00
8.849284251858164225e+02 1.119067616496200117e+03 1.679404228177410641e+00
1.013826839429494385e+03 1.171199872242218362e+03 4.968952934818161582e-01
9.151388966059594168e+02 1.196484922893373778e+03 1.780258412381559907e+00
8.364081805088537749e+02 1.210075114363004559e+03 1.578696977505107180e+00
7.228069143491987916e+02 1.206785750325378785e+03 2.076392155892710978e+00
7.812435316804205740e+02 1.229847445984879414e+03 1.751860851463478363e+00
9.550878895564085269e+02 1.276837514449754508e+03 1.353039308826317511e+00
8.958322671764403822e+02 1.296886109469640814e+03 2.019852115134197046e+00
1.012241324981472644e+03 1.291242917710751499e+03 1.477166970889836062e+00
7.411561119555876758e+02 1.328435576992792221e+03 2.299119900528716620e+00
9.320547547595892866e+02 1.075486638014330083e+03 1.629760449279872514e+00
9.824943361169191576e+02 1.098529567593060165e+03 1.056989029868570462e+00
1.061904271746426048e+03 1.096031928730711570e+03 7.194891547702423340e-01
8.822204849562942854e+02 1.119168350775889849e+03 1.736108175011835009e+00
1.180876828024198403e+03 1.125908565701025282e+03 2.088332328907751112e+00
1.135053013650240246e+03 1.158122422287532345e+03 2.672315901125605908e+00
1.012159458350481600e+03 1.171234935163713089e+03 5.118676039111280662e-01
9.136548705019470162e+02 1.196145141553874737e+03 1.832360135757135522e+00
1.107778736508684233e+03 1.203018381555546966e+03 1.753516388878010868e-01
9.535406431455614893e+02 1.276830695672188995e+03 1.442231839995538500e+00
1.095037411086454085e+03 1.264923343614363148e+03 2.853438901394907301e+00
8.941400736520570263e+02 1.294805867320206971e+03 2.126144236499346363e+00
1.009993925817477702e+03 1.290705921637408210e+03 1.569155434148874706e+00
1.266147369171457967e+03 1.034273556215806138e+03 4.416918743825229421e-01
1.057902003394641042e+03 1.095123637883015135e+03 7.287499790896944107e-01
1.278357504773263372e+03 1.103299273638810973e+03 1.079549859243201348e+00
1.180398543362620785e+03 1.124262145705854891e+03 2.268442105992733548e+00
1.341519937334451470e+03 1.131230400227063910e+03 1.082232440503140047e+00
1.131586511571219489e+03 1.158517129262711251e+03 2.621853311700071298e+00
1.104852038463046028e+03 1.203238253580666651e+03 1.186123912979751421e-01
1.201357165717731505e+03 1.223778609533431791e+03 6.612606467555741663e-01
1.270274690093712934e+03 1.247482394586207192e+03 6.888268878841586895e-01
1.093267016351627717e+03 1.265275997026807772e+03 2.837786951161620497e+00
1.307545613049268013e+03 1.291750258463098362e+03 8.899476517934373776e-01
1.158292544183255814e+03 1.337417141842001456e+03 9.718584837826637068e-01
1.262924196951008526e+03 1.032654445375139630e+03 3.414411477856824639e-01
1.450730090077685418e+03 1.039814111331083268e+03 1.156240060467968123e+00
1.276863497079779336e+03 1.103959165756651373e+03 1.012762836590399784e+00
1.340683685083714181e+03 1.131245138300398821e+03 1.072656104903524144e+00
1.401800027558829697e+03 1.145187433867025675e+03 1.011171386181798582e+00
1.487030122338896945e+03 1.162290957447030678e+03 2.329535632581682503e+00
1.419442880178243513e+03 1.213105466531154889e+03 1.362551028756237903e+00
1.199263104093502079e+03 1.224087909325526653e+03 6.168052578787637241e-01
1.269187915634112869e+03 1.247930557855580219e+03 6.471991792188284132e-01
1.493286675857505543e+03 1.241348410532925300e+03 2.762766234246425978e-01
1.306690406692614033e+03 1.289234854435655961e+03 8.260831587647403662e-01
1.358539213105036424e+03 1.310192947513278114e+03 1.642140238408801745e+00
1.434066639441558436e+03 1.331711323402052130e+03 1.874057218113900580e+00
1.449688487714436633e+03 1.035969827410890048e+03 1.173587382254704714e+00
1.507886846909825408e+03 1.084005586877233100e+03 2.092172022285118338e+00
1.589072376211349820e+03 1.106001791098575040e+03 8.942866604799604158e-01
1.639444564553414011e+03 1.119975865637299876e+03 1.467233548866614834e+00
1.399320029005083597e+03 1.145379172303560836e+03 9.649078570724209936e-01
1.483045164630256295e+03 1.160139249988454367e+03 2.321630021873642757e+00
1.592218134614633300e+03 1.213679350144992213e+03 1.460523462155587593e+00
1.418015554879224283e+03 1.213134384939100983e+03 1.332243516401262262e+00
1.487711255015393590e+03 1.240295353347808032e+03 2.629751325489853020e-01
1.650645747427068500e+03 1.252310079444049279e+03 9.188405208985152006e-01
1.353345323974416033e+03 1.307418806499145603e+03 1.600435704414171045e+00
1.431452219145578738e+03 1.332488388419817056e+03 1.872378267727319301e+00
1.683592296420441471e+03 1.031399431093591147e+03 1.426583379421768827e+00
1.722704960180851685e+03 1.095381403622201105e+03 6.858877778755264609e-01
1.586268825290112318e+03 1.106616561546172761e+03 8.650876152842682520e-01
1.636855057589634271e+03 1.120153980325364500e+03 1.482801388319474389e+00
1.805608768985041024e+03 1.121232864709222667e+03 1.470827838525005982e+00
1.706853505865489524e+03 1.151598630789600520e+03 7.606014121310014087e-01
1.590182784075260315e+03 1.215251858441148215e+03 1.445746916391576375e+00
1.732371856408926078e+03 1.209231881921170952e+03 1.123187788213412475e+00
1.646286783571815249e+03 1.252095630136205500e+03 9.443348104259533526e-01
1.762252145178848423e+03 1.273074566244784819e+03 1.449937294787936981e+00
1.844515099529449799e+03 1.034721031938039232e+03 2.695894849778282865e+00
1.679206410333290478e+03 1.029099189364075301e+03 1.085194875488675770e+00
1.925897446573232628e+03 1.066876055781627201e+03 2.505282217053195204e+00
1.722725946833299304e+03 1.095340905990944293e+03 7.019221884583631832e-01
1.803474811228438512e+03 1.120836864256584022e+03 1.389395248149795314e+00
1.861357281845725993e+03 1.146760477790267259e+03 2.025407100000077065e+00
1.707499267370018288e+03 1.152086457119120496e+03 7.964806069597984983e-01
1.933014411658123208e+03 1.167449483201060048e+03 2.168546999903715911e+00
1.731833833204801067e+03 1.209064474987879748e+03 1.092918327484303731e+00
1.824411217809297341e+03 1.243758305067204446e+03 1.982532750404380151e+00
1.761807964978835798e+03 1.272577091926451203e+03 1.316791488712584890e+00
2.076458287848230157e+03 1.073365578811191199e+03 1.429942043824615538e+00
1.922318468467226921e+03 1.068347414344393655e+03 2.518079843456792588e+00
1.858100333439462474e+03 1.053575531732923082e+03 3.075068726541969166e+00
2.125015714219082383e+03 1.150914568812396283e+03 1.282861341771875052e+00
1.860161865758872182e+03 1.146781312596815042e+03 1.968197063191833962e+00
1.932768974014675223e+03 1.166608013178639339e+03 2.135748287719845706e+00
2.074565810717401746e+03 1.072849308323636478e+03 1.482799710708218477e+00
2.122996534617548605e+03 1.150956125649458500e+03 1.356507141099882796e+00
2.147964163379484035e+03 1.251931610922438267e+03 1.916270564913677310e+00
2.213152840813093462e+03 1.330623828565910799e+03 2.093533675636352065e+00
2.051852759625105591e+02 1.282242608319332248e+03 1.918867323852571527e+00
3.648754589017408989e+02 1.339614456454034325e+03 2.189395552384771904e+00
4.845047624817708538e+02 1.271862185380650317e+03 1.702113227077894697e+00
3.625397924544910211e+02 1.339550719805536119e+03 2.155000741623934957e+00
6.629014100788111818e+02 1.200064139549739139e+03 2.286357939123629279e+00
5.455544978381683450e+02 1.253786342053437238e+03 1.887180398139283177e+00
6.068618935689967202e+02 1.260275812766434910e+03 1.607225392173531553e+00
4.840016652543212103e+02 1.271775649613328369e+03 1.658165679071801568e+00
6.637043881459394470e+02 1.298555530687712235e+03 8.771651002396932961e-01
5.502584823656945900e+02 1.350434976856617823e+03 3.349402500699011354e-02
6.733992832055664621e+02 1.398423449882979639e+03 2.606283645865510312e+00
6.322204931995521520e+02 1.426790581444200598e+03 2.254830360397199751e+00
6.583620192744150472e+02 1.198003648564810646e+03 2.223444465264854397e+00
8.369007570447363378e+02 1.209757497413424289e+03 1.658157980594388237e+00
7.810061612897548002e+02 1.229090359019978450e+03 1.638973325668382941e+00
7.254173180851555571e+02 1.205234078507701724e+03 1.971298652219308334e+00
6.040128950644026418e+02 1.261058191135926108e+03 1.597075316283416146e+00
6.616113421112210062e+02 1.298393883943778519e+03 8.436799538361541284e-01
7.460234385455057691e+02 1.330602317412168304e+03 2.269586433928818980e+00
8.050516067492753791e+02 1.343591508762973262e+03 1.435345258508387012e+00
6.705390082929925484e+02 1.398781531135614614e+03 2.701903101027463894e+00
7.576962036650595564e+02 1.424114540148838387e+03 2.278068704261895228e+00
6.318869233069915481e+02 1.425058291189720876e+03 2.164751380345968812e+00
8.597602869945582142e+02 1.474289158103884574e+03 2.651432529356887891e+00
8.363828319751264644e+02 1.207866099555770006e+03 1.573257079577865758e+00
9.144977926505362120e+02 1.198496717371013574e+03 1.739122451223563903e+00
7.799086254597600600e+02 1.230032587629670616e+03 1.683511435255472977e+00
7.260540926598380338e+02 1.208700147579322447e+03 1.850194069577913769e+00
9.543061141125626818e+02 1.275298229433659571e+03 1.263142985342349256e+00
8.954394765564588852e+02 1.295522101770259496e+03 2.034666548675630793e+00
1.011379026141655686e+03 1.290848627577470324e+03 1.466911899244407236e+00
7.450945405438999387e+02 1.330670803538539985e+03 2.348570498013007324e+00
8.037615215757900842e+02 1.343578769329333682e+03 1.385957138862349725e+00
8.665111155204847364e+02 1.356144671505006500e+03 1.881428683841797955e+00
9.944348531463283507e+02 1.397871269087687324e+03 1.927330816698418658e+00
9.366489418577193646e+02 1.399117759054948692e+03 1.281619227893151747e+00
7.561637558460555510e+02 1.423958833527645538e+03 2.338161140069001220e+00
8.665368209596056204e+02 1.473565066423951521e+03 2.989799057974233065e+00
9.821081298582344061e+02 1.480965213827280877e+03 6.651806827427969582e-02
1.106292330865924441e+03 1.201364385483667093e+03 7.897504265329716167e-02
9.115240608761464500e+02 1.208190902529127470e+03 1.760765213906691828e+00
9.523670583175278352e+02 1.275166871564202893e+03 1.411791036971910440e+00
1.094743485624875575e+03 1.264061802106032246e+03 2.858066512270031723e+00
8.920827988997925786e+02 1.295233030791167266e+03 2.083604074288406771e+00
1.008698801965836083e+03 1.290878378333576848e+03 1.568641700724287880e+00
1.159088972654454665e+03 1.335881926919316811e+03 8.970053527102487267e-01
1.079920570481569257e+03 1.355612613563094556e+03 1.001125746118699089e+00
9.936450211896740257e+02 1.400285706133964368e+03 1.968658482775753837e+00
9.344014662217209661e+02 1.399553475392289556e+03 1.386189495568858954e+00
1.148658169064167623e+03 1.410189724689279501e+03 8.959816353809781919e-01
1.066467982820921861e+03 1.425256745496580379e+03 1.001078818979094009e+00
9.877844442747682479e+02 1.489993235423331043e+03 2.930224561993587162e+00
1.125997305130385257e+03 1.492175222790559019e+03 5.790823670005086354e-01
1.104394211814656501e+03 1.198038872466407383e+03 1.509006223109088385e-01
1.201751558458190175e+03 1.222108204038481290e+03 6.287074367665270724e-01
1.270861732160170959e+03 1.245338646316174163e+03 6.453946921171860307e-01
1.093575720182633177e+03 1.264376884092272576e+03 2.831929041545748760e+00
1.307861713598161032e+03 1.287381470404826587e+03 7.913447365101214936e-01
1.157968192334339392e+03 1.335986149835336619e+03 9.170356822510176142e-01
1.079012710279968815e+03 1.356035072819036714e+03 1.057044286165776725e+00
1.226516511436805786e+03 1.365025592809932505e+03 1.737326207645800036e+00
1.146973066841817172e+03 1.407939357264248656e+03 8.921452040350342783e-01
1.275525739225555753e+03 1.430918226223241618e+03 1.639322171525684047e+00
1.065671971827772040e+03 1.423272091627427926e+03 1.163450796379040142e+00
1.316851426541504452e+03 1.461946263603848820e+03 1.354622472574744885e+00
1.121077488426139553e+03 1.489886744345942589e+03 4.160028066732381902e-01
1.419184900064839894e+03 1.213154115958219791e+03 1.276503563568899713e+00
1.199314330351906392e+03 1.219510002008811171e+03 6.117671689380885791e-01
1.268907731132367644e+03 1.245629046031430562e+03 6.123380768483911440e-01
1.490148001233093282e+03 1.239585054485804221e+03 2.380189216177168998e-01
1.305856092414453542e+03 1.287271993268118422e+03 7.627337658323258829e-01
1.358616055621017722e+03 1.308330164150332848e+03 1.548241288561520879e+00
1.434004296531496720e+03 1.334393417415555177e+03 1.865213657672542658e+00
1.225163908935956670e+03 1.364826669889209825e+03 1.725265530793882229e+00
1.494199832595521457e+03 1.353257168764477683e+03 8.010879974457295605e-01
1.273456800905791169e+03 1.430648314411688489e+03 1.559932817802258898e+00
1.396909546880188827e+03 1.452835654102634180e+03 1.489182437404848791e+00
1.317227171420433933e+03 1.460043714192884863e+03 1.290762519345058479e+00
1.478488443807463227e+03 1.480070014776144717e+03 1.466187974163168040e+00
1.592204870469160142e+03 1.212547810862835604e+03 1.399615087413828896e+00
1.417471986673725041e+03 1.211071627586326713e+03 1.284738226819542861e+00
1.489338760162610470e+03 1.239219638500767360e+03 2.773948858704029519e-01
1.649562077451338610e+03 1.249441623340000433e+03 8.873835385953158239e-01
1.355274135299738873e+03 1.309089078083422919e+03 1.510590634983239200e+00
1.432754838789014002e+03 1.334375609476966474e+03 1.844428316637275467e+00
1.571688630144078161e+03 1.350825314487081414e+03 1.838299108265388115e+00
1.491177844523883550e+03 1.354043351620366593e+03 8.052163524606573697e-01
1.530578718134749579e+03 1.433779005571587049e+03 1.950716281394454299e+00
1.630914344830381197e+03 1.442851409484495434e+03 2.115088406616467687e+00
1.395124247000857167e+03 1.454092194411148739e+03 1.438568412254874751e+00
1.474495803946236265e+03 1.483223214011535674e+03 1.504612730409745858e+00
1.733727017894878827e+03 1.208568114579009716e+03 1.141843412357407939e+00
1.590324595429962983e+03 1.212920341981570118e+03 1.397801108989637831e+00
1.647430961830728847e+03 1.250713580924424832e+03 9.027481771485886819e-01
1.763142684671755660e+03 1.271709085264312307e+03 1.317287638972087782e+00
1.571006079815186013e+03 1.351498988119793012e+03 1.822915206795616916e+00
1.810678837013732846e+03 1.356682185376372900e+03 1.627724670761297121e+00
1.527485780470996133e+03 1.434325882773255671e+03 1.922750939795000669e+00
1.628925875202487077e+03 1.442367692697663870e+03 2.126679495771097272e+00
1.732261046096550672e+03 1.209097960672881527e+03 1.060777263436099016e+00
1.825763162344272814e+03 1.242859072333385484e+03 2.012114326021797517e+00
1.761853913032875880e+03 1.273464219044278025e+03 1.331660799198165046e+00
1.807489906696198659e+03 1.357670014933139328e+03 1.584775955431325212e+00
2.147873313293550382e+03 1.251095053996762999e+03 1.840444009537445469e+00
2.211899411458949089e+03 1.328306816246455128e+03 2.032505193308906222e+00
5.499804279983584365e+02 1.349220589744283188e+03 1.084696523164201676e-01
6.756423673754547963e+02 1.398485055873599777e+03 2.531122085977454361e+00
6.311771310119986538e+02 1.426619793347363611e+03 2.136488987925963645e+00
6.251513447918287056e+02 1.514773079637873934e+03 2.690094169460189644e+00
5.553097128551205515e+02 1.351440065852506905e+03 3.388926495678861728e-01
8.021753237234515836e+02 1.347163753575958935e+03 1.402300668115329163e+00
6.725492799151011241e+02 1.396610723193675085e+03 2.522066447471310813e+00
7.581411521269826608e+02 1.423116636355902301e+03 2.179311899443681977e+00
6.299124847348111871e+02 1.424996542356512919e+03 2.062188680740494995e+00
7.638443286301319404e+02 1.504323057279934801e+03 2.583748424329877391e+00
6.232369852140382136e+02 1.512248946327327985e+03 2.709188267636743142e+00
8.551937585257038563e+02 1.538051909709408392e+03 2.192110501390706290e+00
8.123321140918460515e+02 1.595108134953182343e+03 3.063816956317485296e+00
7.657687030300423885e+02 1.649247561457519623e+03 2.750200769210667584e+00
8.672734316012522413e+02 1.354783832050193723e+03 1.838045161850724751e+00
9.981314889606976521e+02 1.400281217228372725e+03 1.976491296065317371e+00
9.355704650769957880e+02 1.398112972532660251e+03 1.378926513911353569e+00
7.560405044478118270e+02 1.422420255718269118e+03 2.230179226819290594e+00
8.668778404443658019e+02 1.471547381103738871e+03 2.999466184667805457e+00
9.905721517652582406e+02 1.485099457514758797e+03 3.080806392316437492e+00
7.618386598984527609e+02 1.502467592899296960e+03 2.552296516228018675e+00
8.532325209160912891e+02 1.539210226919873094e+03 2.198785162828927664e+00
9.691601702528480473e+02 1.537689511442521280e+03 5.050217451881179320e-01
8.127341127880162048e+02 1.596233160063907235e+03 3.005664312288985673e+00
9.402632049101680423e+02 1.615906589565327977e+03 4.203710046320925375e-01
7.623592582756881484e+02 1.649124904083824049e+03 2.683636900628177724e+00
8.712808234715937488e+02 1.661846953948337159e+03 3.073932760363110361e+00
1.080214159025981871e+03 1.355809243760001891e+03 1.161584005267849662e+00
9.933530502272590184e+02 1.399633939449377749e+03 1.956103975709947207e+00
9.339749155189740577e+02 1.397625601561701387e+03 1.433717679404811651e+00
1.147519465583653073e+03 1.407238734809961670e+03 9.393263125446045247e-01
1.067036609915285226e+03 1.423147918446157064e+03 1.086419528727891048e+00
8.680070060297184682e+02 1.472711963975767048e+03 2.960293236427808505e+00
9.885061104676083232e+02 1.488720826110401049e+03 2.941559084696587334e+00
1.124676071000726552e+03 1.488779357362167048e+03 5.427011181225352976e-01
9.689579391145769023e+02 1.536704562500988231e+03 4.779767847857371854e-01
1.128479807868151511e+03 1.539201418347355229e+03 3.091929793943036242e-01
1.047628915122591025e+03 1.579617417203622608e+03 3.063774900731258466e+00
1.159629542149894405e+03 1.593891841721768287e+03 1.017967975707155137e+00
9.384414370305703414e+02 1.616762642861144741e+03 3.513087990041592334e-01
1.022033948678513298e+03 1.649366682564319035e+03 1.058202740780074536e-01
1.077988481145399646e+03 1.352797665488466237e+03 9.950660760952020345e-01
1.226184037503967147e+03 1.365192462620479091e+03 1.729212553889671877e+00
1.146766340372550758e+03 1.406568362869598104e+03 9.030357263195423201e-01
1.274905047227233808e+03 1.429552987969100059e+03 1.586714587979671576e+00
1.065305856950054022e+03 1.423286280562652792e+03 1.115134138726781465e+00
1.319188511440089997e+03 1.458607784301183528e+03 1.296081557440616594e+00
1.122846541815256842e+03 1.488036989913194247e+03 4.226940771865627666e-01
1.234860305418525286e+03 1.532630918963867771e+03 2.718594075278510047e+00
1.127035001752241897e+03 1.539855611265003517e+03 2.683584751046301786e-01
1.046334108842928799e+03 1.580036348597784126e+03 3.054400202194960112e+00
1.158078956198535025e+03 1.592170681629171440e+03 8.588139192917488840e-01
1.275885993887791074e+03 1.613416351921201340e+03 7.413867664599683716e-01
1.175458448427105168e+03 1.644661896194170140e+03 1.080484931280317529e+00
1.033088403986797402e+03 1.652722707942343959e+03 2.909720653364682441e+00
1.223911332890702852e+03 1.365923364559979746e+03 1.683350291824235789e+00
1.273124150476778141e+03 1.428900119142475432e+03 1.482338034012915085e+00
1.397391977710584342e+03 1.451544959904916141e+03 1.454383083027686041e+00
1.320059371225014957e+03 1.459748070696571176e+03 1.271293652512536010e+00
1.475610821706579372e+03 1.480873265795313273e+03 1.527849382140225032e+00
1.233866757396642015e+03 1.531613505973256679e+03 2.771872114627350836e+00
1.273564267867233639e+03 1.613183639202568202e+03 6.771709326993187172e-01
1.489516661561550336e+03 1.352561068222204767e+03 7.659647466492349732e-01
1.572794218636167443e+03 1.353419292336893477e+03 1.865151486860512353e+00
1.532000164641165611e+03 1.432758777973673205e+03 1.945061215675644162e+00
1.629865629401956539e+03 1.442500931668743078e+03 2.094470770578731766e+00
1.396724144752043458e+03 1.452200352183796213e+03 1.409504052848398192e+00
1.474608064469519377e+03 1.481911029087765428e+03 1.492988848998455298e+00
1.571849263160397641e+03 1.354962021204998791e+03 1.797977188257770420e+00
1.811852406859102302e+03 1.361114708652226909e+03 1.485502375732710822e+00
1.528932217432363359e+03 1.432285509841273097e+03 1.959295733215105306e+00
1.629132464501356480e+03 1.442365899354062094e+03 2.051682415490450495e+00
1.807688813681797910e+03 1.357665544308690642e+03 1.656792369153863076e+00
6.258993487728648688e+02 1.514308596391606670e+03 2.820843564266235060e+00
6.241406279483977642e+02 1.514081158720257918e+03 2.690388137191740192e+00
7.658615272194288082e+02 1.506674159788801944e+03 2.563647449182398397e+00
8.565276638706641279e+02 1.539571763342040413e+03 2.217742124518259583e+00
8.130921086599620367e+02 1.595584073569551038e+03 3.027489292398237275e+00
7.657700771380249307e+02 1.649883473234907569e+03 2.694052196427380252e+00
7.657948038200105429e+02 1.506095220913474577e+03 2.451618344258859938e+00
8.531280663145299741e+02 1.536015628030401786e+03 2.139639339293188947e+00
9.659918751740203788e+02 1.539215677093983913e+03 5.107498019504628228e-01
8.110576085720874744e+02 1.594507700170884164e+03 2.977425237829823157e+00
9.390528888314129290e+02 1.614490298583175900e+03 4.838572095699908426e-01
7.643953586035421495e+02 1.646889557122407041e+03 2.648411598421742230e+00
1.021911874614417229e+03 1.646809073548904053e+03 2.846383159159612264e-01
8.748954887616523592e+02 1.658880355478304637e+03 4.209257151469322084e-02
9.134632357881982898e+02 1.711750060171498944e+03 2.945600121898189538e+00
1.014290190512695744e+03 1.737314669502074594e+03 1.846929881650508642e+00
9.773187355992790799e+02 1.805840606315377954e+03 2.329267879910877692e+00
8.823981418974813096e+02 1.812369626192214582e+03 2.861089539870377951e+00
9.686349060704862950e+02 1.536390204433022973e+03 4.926970560114359299e-01
1.127954875312603917e+03 1.538233977878799806e+03 3.462671590472934380e-01
1.046755009988571601e+03 1.578041406094981994e+03 2.301914238845414573e+00
1.163121669029641453e+03 1.590247073443699946e+03 7.393668433556398467e-01
9.382371658598453905e+02 1.614594858050762014e+03 3.715908802332748562e-01
1.021969611184850237e+03 1.646187761624803443e+03 1.594141295414222004e-01
1.177140229671654197e+03 1.642478655231479934e+03 1.041136080672604658e+00
8.716294419193768590e+02 1.659141597440210717e+03 2.991897723047526103e+00
1.074489305264251698e+03 1.715721159734765706e+03 1.439644586840639784e+00
9.098655078097697242e+02 1.709764331044970049e+03 2.781152322167765423e+00
1.012188419876214084e+03 1.736635636682789709e+03 1.930022747257442717e+00
1.093051040826105691e+03 1.771439174469865293e+03 1.277975830728762974e+00
1.158120992579363701e+03 1.781656328778489069e+03 1.476080111605337475e+00
9.804521746445234385e+02 1.811815715937540745e+03 2.369426319882026011e+00
1.235764468743734597e+03 1.531007392950216854e+03 2.724973739306010945e+00
1.130927139095825851e+03 1.541588786419065173e+03 1.867948492018670914e-01
1.049302809677935329e+03 1.577562050953913058e+03 3.036505991391563519e+00
1.157401374991548209e+03 1.590050031402723562e+03 7.930186939029213455e-01
1.276689772182656043e+03 1.610095571959009476e+03 7.288738829757073212e-01
1.178368823447278828e+03 1.642914147742728574e+03 9.949297177708756879e-01
1.074131843152985766e+03 1.713354825142103664e+03 1.415423956992727827e+00
1.091724002444861981e+03 1.771086201467651790e+03 1.271924384746673020e+00
1.159294215741060270e+03 1.782439584250470034e+03 1.564077455935474648e+00
1.235558222996681707e+03 1.532374772710342540e+03 2.769943186057659545e+00
1.275438368536195412e+03 1.611206170511408345e+03 7.555027829942269069e-01
1.446044958818047235e+03 1.750183959960113270e+03 1.204359678463782668e+00
1.444614348141328719e+03 1.750868400590087958e+03 1.184726344438732593e+00
8.450631667775818414e+02 1.899759020536235766e+03 2.592295011788317449e+00
8.252043418811999800e+02 1.966606093365553079e+03 3.064366986001851423e+00
9.150230185248501584e+02 1.712186483704632792e+03 3.006012682376430156e+00
1.015183696512792721e+03 1.736377443792566282e+03 1.900210492926373895e+00
9.778680789213606204e+02 1.832489819004798619e+03 2.455029690545556864e+00
8.824411253973075873e+02 1.808420649123929252e+03 2.898805134736138989e+00
8.478498972939050873e+02 1.902221819649658755e+03 2.543097631377767787e+00
9.486258588364730713e+02 1.935248700594007914e+03 7.908799276729138183e-01
8.295652660971604746e+02 1.968069472821599447e+03 3.115126351851127406e+00
1.075307777399665156e+03 1.713213820608647893e+03 1.427135182534980951e+00
9.114635553108946624e+02 1.711384040771099308e+03 2.892607458786566887e+00
1.012395179109295213e+03 1.734856718357626505e+03 1.925538418058580170e+00
1.093902168823876309e+03 1.769045819483251080e+03 1.233296152810098079e+00
1.160151752772606642e+03 1.779622034694384411e+03 1.514488573497110968e+00
9.777338103777562992e+02 1.831660413703888480e+03 2.461544269970139975e+00
8.812411907696944127e+02 1.809287168318636077e+03 2.896279940437233691e+00
1.101370069313695012e+03 1.867164884798825824e+03 3.140892047503467843e+00
1.152020644212956313e+03 1.919179663116090069e+03 5.492500939401504523e-01
9.480771904939047090e+02 1.933232699465571841e+03 8.140208299731365171e-01
1.054569474410585372e+03 1.963515702433025581e+03 3.037063583155136914e+00
1.072603495049020466e+03 1.710742461921076028e+03 1.468022252602319000e+00
1.091653021217755622e+03 1.770108224394376066e+03 1.274832909217670007e+00
1.159072571483449110e+03 1.780977551010849083e+03 1.560888555943309886e+00
1.100607858613807139e+03 1.867262134188853906e+03 3.096569293489601193e+00
1.267745707705689711e+03 1.875516767990725384e+03 2.868765601501066867e-02
1.152978390919533240e+03 1.917592350810286462e+03 5.389353748429258628e-01
1.239459974548510445e+03 1.945213488490168402e+03 2.633624724713857779e-01
1.054934649321761754e+03 1.965251168381893422e+03 2.928736875762139480e+00
1.332195311350792736e+03 1.970117483446002097e+03 7.524955999761168135e-01
1.446164465247330554e+03 1.747461476683999308e+03 1.235407438516962886e+00
1.411800721995121194e+03 1.850748514314145950e+03 1.050354380513320862e+00
1.456641837170589952e+03 1.878418207706525436e+03 1.683286633783472874e+00
1.266523601982806667e+03 1.874924677814115057e+03 1.696765462995364696e-02
1.238591064557851041e+03 1.945578513846212445e+03 2.231368461687535387e-01
1.329249438273679061e+03 1.965958250125125687e+03 7.442893252635536250e-01
1.444922318835336455e+03 1.748356850803402949e+03 1.168202440101217654e+00
1.409912392723768107e+03 1.851570517644728625e+03 9.798090223128892440e-01
1.455397859145867869e+03 1.877991387634958755e+03 1.689929267061848872e+00
8.483834873302398591e+02 1.898914475502846926e+03 2.627570962077501626e+00
8.297272045064304393e+02 1.964896344206388221e+03 3.105749675130358600e+00
9.683181448536283824e+02 1.865759706705926646e+03 1.563740801375042011e-01
8.469508119175650336e+02 1.901486899369194361e+03 2.529492736160382726e+00
9.491602321709674470e+02 1.932067444702785906e+03 7.899852358807787356e-01
8.295815706484198699e+02 1.966138701191142445e+03 3.050459449667780820e+00
9.131621051369995712e+02 2.002876102953363443e+03 7.795558005599465545e-01
9.762302225808168714e+02 1.847340257882903643e+03 2.299315717875864529e+00
1.100753981084912084e+03 1.865532764195130312e+03 3.093988524513546334e+00
1.151008045463549479e+03 1.916451898078879367e+03 5.973210123532783911e-01
9.475331023654380260e+02 1.932823764939430475e+03 8.255570292171456881e-01
1.053592853167821659e+03 1.959753940432314721e+03 3.004487653052767104e+00
1.173836971553355625e+03 1.987785828489552387e+03 1.975785035788486521e-01
9.121971405204562870e+02 2.002472434259588681e+03 7.928887231576575712e-01
1.046543126825440140e+03 2.025820800891604449e+03 5.756667118003810923e-01
1.154181793994776399e+03 2.075888601999538878e+03 8.932808785184492839e-01
1.098866668298260038e+03 1.865423998255606193e+03 3.040289874789860125e+00
1.267029311260596387e+03 1.874160964352506426e+03 1.011971203371484114e-02
1.152589310527443786e+03 1.915615594046591923e+03 6.424637493769961294e-01
1.239340273824408541e+03 1.944595050822413668e+03 2.717180335911316691e-01
1.053109271748474157e+03 1.959696943525454117e+03 2.972545529556869237e+00
1.331786827552740306e+03 1.963050070492246505e+03 8.389486859646485550e-01
1.175162805623514487e+03 1.986987740884685991e+03 1.852405047346705191e-01
1.045598258602775104e+03 2.025968741369841155e+03 6.150370459216797370e-01
1.153737935620691360e+03 2.071738695057655605e+03 8.979653395291642415e-01
1.412053381178515792e+03 1.849898155766982427e+03 1.063168399686423626e+00
1.457409431051798492e+03 1.880180233031748003e+03 1.630545053444860448e+00
1.266642600220496433e+03 1.874716314540006124e+03 2.782451946940452808e-02
1.238782433367211524e+03 1.945070549075403051e+03 2.468014994676532847e-01
1.330595187848363821e+03 1.964380166685510176e+03 7.641603843085892356e-01
1.409441628112372655e+03 1.851614646902837876e+03 1.021730276841650076e+00
1.456222235438385042e+03 1.879110179204340056e+03 1.671259460383674122e+00
9.123290835308459918e+02 2.004063783172658077e+03 7.833686960057880677e-01
1.164883699932438049e+03 1.990981491126486162e+03 2.313695126885154663e-01
9.121093266694740578e+02 2.000303384190910947e+03 8.384621697273262342e-01
1.046377048523130952e+03 2.026735872655756339e+03 5.444714901564848830e-01
1.152727592929565390e+03 2.072407143046369129e+03 8.937999640562932502e-01
1.175394401129723065e+03 1.986674479671767131e+03 2.718066734733320944e-01
1.047263449791260882e+03 2.024704744010418835e+03 6.546389149478628600e-01
1.153017873706103501e+03 2.071751124537754549e+03 8.612713661611727245e-01
