1.137486932845195724e+03 4.269722311774962691e+02 4.922169887085305895e-01
1.136582572644584161e+03 4.271166649996179103e+02 4.503471421893210924e-01
1.196827103110635790e+03 4.868019077969107684e+02 5.822403851214470460e-01
1.489284383276334665e+03 4.819101132060961845e+02 1.022443147773554717e+00
1.197282375306196627e+03 4.858519448010474662e+02 4.514636809151997277e-01
1.396986201877287385e+03 5.142353169003010862e+02 1.336663345307281592e+00
1.487347633283093046e+03 4.814137117946680746e+02 9.313554012152255313e-01
1.395384794716974511e+03 5.140049636936334991e+02 1.368009849563684543e+00
1.549575721492125012e+03 5.242857156327290795e+02 1.208163795179949318e+00
1.553950377409971679e+03 5.184193192984730558e+02 1.234132436753446527e+00
1.135798008685354944e+03 4.257077627440114611e+02 4.207613352647269211e-01
1.180447480636787532e+03 5.606298756726927195e+02 1.468646726917086087e-02
1.064199120813967056e+03 5.963316809615701004e+02 1.522197922584423990e+00
1.157028479255202228e+03 6.304976510142055304e+02 2.589826763469653681e-01
1.136051176946230044e+03 4.261007877660114218e+02 4.633780923223328463e-01
1.195795759824409288e+03 4.863323978898240512e+02 5.881870244784104251e-01
1.182214144854916412e+03 5.601630770429590029e+02 5.089488788446563244e-02
1.065276430690765437e+03 5.965188657531197123e+02 1.507905922799910758e+00
1.305903785059859956e+03 6.063216024152810633e+02 3.042321546151253386e+00
1.159618126699218919e+03 6.292135119180920810e+02 2.061988098369438305e-01
1.489525483066106290e+03 4.799995228542854875e+02 1.021987931744790190e+00
1.194039238388352032e+03 4.862239868633164406e+02 4.840019439766701237e-01
1.396102998285971580e+03 5.161546851375503593e+02 1.345253159512145746e+00
1.305190174610260783e+03 6.066066051250609235e+02 3.063418131575015746e+00
1.486586421645499286e+03 4.811508528377145240e+02 9.473747892437032192e-01
1.394652012943678983e+03 5.157440421128849266e+02 1.335896080500700744e+00
1.548970302988136382e+03 5.230866519570680566e+02 1.202164003987717278e+00
1.542959734414405148e+03 6.270585345911143804e+02 4.407631544984479399e-01
1.612861048624233263e+03 6.862180240963334654e+02 2.904258695335406149e+00
1.549171643637237139e+03 5.220617045638160789e+02 1.204413933881332666e+00
1.542513850873754791e+03 6.271951542057153119e+02 4.959914110665246678e-01
1.674496248795055180e+03 6.438961175881703412e+02 2.647648798180766150e+00
1.809029599057836776e+03 6.775399534309494811e+02 3.090246847463392399e+00
1.619796124232229431e+03 6.846207946908210715e+02 2.817560237371078191e+00
1.671601317374764676e+03 6.469855104758350990e+02 2.724551840955136139e+00
1.809884036977622372e+03 6.761965687599908961e+02 1.270830685087201983e-01
1.945903880394899943e+02 8.205350285304974705e+02 2.115230811525458665e-01
5.184010620755969967e+02 8.446803342402618000e+02 1.746923602609493420e+00
6.394465580944738576e+02 7.290349993743982395e+02 1.572245669709529059e+00
5.740990922435298671e+02 7.802746284794123994e+02 2.012682777553322921e+00
5.166376169022232716e+02 8.526503827857364968e+02 1.875857668324456107e+00
8.478465490698341682e+02 7.043570750552252093e+02 7.432805245807226902e-01
6.388877767632526457e+02 7.294525010992505258e+02 1.648713815470286503e+00
7.658720920631692479e+02 7.271628977648742875e+02 1.284993513533874587e+00
7.033069988595125324e+02 7.680868581456519451e+02 1.995837899612353805e+00
5.714454383834250848e+02 7.812952843073871918e+02 2.043016321672376900e+00
7.615180156860617444e+02 8.343230673524492431e+02 1.366126566452952718e+00
8.462784192660511735e+02 7.046633306430743460e+02 8.058438623523768163e-01
1.021532013182194987e+03 7.155468940175406942e+02 1.463014659724682698e+00
7.650505605096326462e+02 7.267128049417373177e+02 1.366796038480399877e+00
8.771755496249666066e+02 8.058786331765059003e+02 1.723855481863194317e-01
7.613195248868321414e+02 8.308041056851011490e+02 1.485562065544001165e+00
1.174909830887066164e+03 5.550103268860693788e+02 2.798188924114887399e+00
1.065648688079045542e+03 5.956032120550588616e+02 1.490164207345014535e+00
1.161289715510276892e+03 6.277279995966284787e+02 2.017587814526359824e-01
1.017212861116669501e+03 7.155862122068192548e+02 1.439373834682524222e+00
1.078054406993234807e+03 7.319559404595488559e+02 1.163890470544420186e+00
1.164216377448262620e+03 7.753995489975054625e+02 2.616312293883390705e+00
8.745954571133934223e+02 8.074816255480747031e+02 1.803929485198663141e-01
1.070154262662124665e+03 8.546351001806469867e+02 1.279930283735523311e+00
1.182937139935043888e+03 5.581503625542129612e+02 1.081385396916498820e-01
1.064103807200622896e+03 5.943504135700233064e+02 1.482172648237880086e+00
1.307470027277343434e+03 6.052010279710486884e+02 3.102569795925903762e+00
1.161069009676070891e+03 6.282774407314411746e+02 2.378167910449933697e-01
1.271632349801924647e+03 7.029679166812186395e+02 2.562633372698487566e+00
1.185465853890340213e+03 7.076745239166732517e+02 3.030974961147836488e+00
1.076533387988580898e+03 7.322485547549999865e+02 1.155148006141170303e+00
1.165284359488197424e+03 7.762821819089845121e+02 2.614688243057472938e+00
1.246549518379806841e+03 7.973269722549481457e+02 2.200518882843392365e+00
1.070523538980918147e+03 8.510996328847472796e+02 1.266388255594531609e+00
1.188375591052621076e+03 5.580172898776623924e+02 5.176242498063305941e-01
1.304774871102264115e+03 6.058322711748320444e+02 7.930241480837945181e-03
1.271311148023246460e+03 7.034246376381989876e+02 2.550510890813735276e+00
1.246142961695803706e+03 7.967016882035077288e+02 2.169862503542893784e+00
1.481864229928316036e+03 8.164511975255138623e+02 1.008044631931335200e+00
1.542140194434786963e+03 6.273160489985564254e+02 5.359982895554703530e-01
1.621662618265063429e+03 6.821879239376703481e+02 2.781195712275479792e+00
1.573470591109638463e+03 7.213144724588701138e+02 2.130721066810129294e+00
1.500553206219196454e+03 7.953690625770511815e+02 1.029694777209670259e-01
1.632734718929865721e+03 8.138924772126122207e+02 1.447142803341397999e-01
1.466232838249800125e+03 8.457118336626130031e+02 2.136527462758036844e+00
1.540118937894627379e+03 6.268881013312103505e+02 5.751823041736143782e-01
1.672234425463215530e+03 6.424389228667582756e+02 2.602301629922120885e+00
1.620522897719407183e+03 6.819122051701389182e+02 2.793845230381434508e+00
1.809572911236915616e+03 6.755097392415391369e+02 8.136213788735013885e-02
1.572123931866606426e+03 7.196001934328519383e+02 2.080248554619843482e+00
1.814402081404604814e+03 8.031682759969605740e+02 1.741214228021734201e+00
1.635975367869081765e+03 8.108290555105238582e+02 1.198143429687636013e-01
1.744511178303048155e+03 8.600902109673583027e+02 2.692274478199584209e+00
1.671957092923776827e+03 6.438257700487073407e+02 2.730278066847352747e+00
1.809577681052976004e+03 6.751554251837401353e+02 1.013869226496832282e-01
1.843649538588384985e+03 7.524370795036854815e+02 2.738403686097069301e+00
1.812059039728687139e+03 8.090303262843149241e+02 1.823918817220151922e+00
1.748501384769003380e+03 8.614449571649680593e+02 2.799559562505000265e+00
1.840019055964709651e+03 7.512188276343044890e+02 2.787688026294064425e+00
2.070210574877442468e+03 8.204948684324021997e+02 3.117154472379728869e+00
2.066820773365207515e+03 8.209070920228955401e+02 5.290271529112266363e-02
1.945629128171293587e+02 8.200201668877309658e+02 1.881441990489750860e-01
3.022980556462671302e+02 8.814530901020320925e+02 2.215799819275816041e-01
5.174176886338436816e+02 8.521466597753361611e+02 1.857619270352582674e+00
2.992835840974431676e+02 8.810224620618303106e+02 1.911693848328934187e-01
4.734206565671825047e+02 9.338938525046769428e+02 1.855377163410078634e+00
5.267926476324006444e+02 9.672822368403340079e+02 1.233388271169075345e+00
6.407258202170171444e+02 7.280665059748449721e+02 1.647684073992790488e+00
5.745797797168963825e+02 7.790835599061074390e+02 2.039669722635989668e+00
5.172700125488991034e+02 8.521180366902125343e+02 1.914486515314574477e+00
5.990196812372475961e+02 9.109961119829222298e+02 1.034352810990646354e+00
4.727599105519589102e+02 9.337708494655289542e+02 1.943616235196098163e+00
5.231133320689242510e+02 9.678259430938278456e+02 1.155506002933111231e+00
5.775997736774609166e+02 1.011112062160069172e+03 1.033887750084038437e+00
6.471699606174238397e+02 1.020254840517404773e+03 1.683726822650168042e+00
8.431585799637357468e+02 7.070060819730693993e+02 6.790326370120598476e-01
7.676738459428281658e+02 7.246674754803204905e+02 1.203379823593637488e+00
6.397292529086714694e+02 7.270465746467361896e+02 1.653145492171585573e+00
7.041632708829711191e+02 7.667717519563967699e+02 2.033021401681782692e+00
5.719694682848125922e+02 7.783771979138093684e+02 2.104323165264966988e+00
7.616883852486982960e+02 8.328944836767201423e+02 1.340389520854818439e+00
8.478524559199693158e+02 8.836291431403456045e+02 2.388913508635706950e+00
5.982257130488288794e+02 9.114402248541719018e+02 1.045710808416888904e+00
7.825732017395198454e+02 9.252081410912576303e+02 1.188202104213875954e+00
7.176207562140900791e+02 9.476570141568824965e+02 2.229355036482981944e+00
8.580746859184342838e+02 9.911814807059304258e+02 2.332698159322628584e+00
5.765543568188330710e+02 1.008944896768923400e+03 9.493825069460745114e-01
6.449219713104241691e+02 1.020604971134786638e+03 1.631255981916763353e+00
7.634543736635837377e+02 7.255766129466574057e+02 1.285851222612013567e+00
1.018958808075088427e+03 7.189287690839474863e+02 1.177762054026729066e+00
8.773519012520669094e+02 8.057600695286373593e+02 2.124107109993045861e-01
7.602781207965865633e+02 8.328976677406695899e+02 1.391348833387813455e+00
8.465266918993950185e+02 8.831139105494094110e+02 2.271401917026264261e+00
7.815073368477802660e+02 9.252700866576810768e+02 1.258280851507198816e+00
7.135702925947865651e+02 9.461703884938158353e+02 2.116770503909886525e+00
9.640489546417115889e+02 9.351889129597136616e+02 3.101980737090207274e+00
8.580164998829959586e+02 9.972484957071474128e+02 2.196499635521322880e+00
1.017735199639307666e+03 7.132367198096150105e+02 1.430018661267432378e+00
1.077878109989311724e+03 7.307631040431931524e+02 1.157098654645827285e+00
1.166052356016738031e+03 7.744646425282152222e+02 2.648463521226781303e+00
8.730374704432033468e+02 8.058633233333548560e+02 1.576327935395537838e-01
1.070788680937669142e+03 8.526539134321192250e+02 1.248181803872775886e+00
1.106357522022036846e+03 8.906890162325692017e+02 9.035512465586361674e-01
1.175952713901031530e+03 9.146569332074050180e+02 9.602784616953278229e-01
9.611619118792079917e+02 9.353473656151875275e+02 3.070136525249944182e+00
1.165706167620763154e+03 9.650715450764280376e+02 1.880158332653488307e+00
1.068825565153204025e+03 1.004115053116659283e+03 1.208482888244870379e+00
1.075026083521745477e+03 7.307234813293538309e+02 1.095609566832166148e+00
1.164742655598655347e+03 7.748179544677988133e+02 2.647183866861090529e+00
1.246023912117154168e+03 7.952655226611847183e+02 2.261586908549246822e+00
1.069647261380128157e+03 8.531017481965902789e+02 1.244870342335133495e+00
1.104877085692747869e+03 8.902899375004799367e+02 9.037283612373391284e-01
1.175549465718673673e+03 9.072343848020223049e+02 7.329690610542010099e-01
1.330723622453036796e+03 9.309016996877294332e+02 3.081063809409910537e+00
1.174256467066236610e+03 9.676375788093271240e+02 8.996281417709151018e-02
1.069246254805259923e+03 1.000384260922825888e+03 1.211168746512459204e+00
1.284924038122232560e+03 1.010947179817379038e+03 9.228604229982492191e-01
1.245836642106605950e+03 7.953997036525029216e+02 2.196667444280587134e+00
1.468227987458687494e+03 8.441382638958791631e+02 2.161189838356806003e+00
1.330134406154509634e+03 9.299586677207141747e+02 3.139610600076504721e+00
1.187122464476309915e+03 9.704245091144853177e+02 3.111157069663862962e-01
1.497363755158426557e+03 9.715445374084258674e+02 1.167080725892686577e-01
1.283119865574121150e+03 1.009480876760266256e+03 9.261607909388668292e-01
1.574067733337509480e+03 7.201877091361369594e+02 2.125076381550122129e+00
1.500004469642017511e+03 7.946279801393719708e+02 1.393664677274978891e-01
1.635697342817257322e+03 8.105440894810319605e+02 1.013693440376435551e-01
1.466250735581645586e+03 8.432491287669133726e+02 2.135152258071153941e+00
1.575755544450184289e+03 8.738352580616478917e+02 2.993069413476492913e-01
1.581782496890103857e+03 9.292793121604020143e+02 2.675940488207289025e+00
1.494273153170427577e+03 9.705066868217336378e+02 1.382542373465509566e-01
1.566544511824575466e+03 1.021421853371639372e+03 9.229183111448276966e-01
1.573379681227018864e+03 7.212470869397363913e+02 2.104997377018861027e+00
1.815590373409753056e+03 8.094778113297397795e+02 1.752113557735606619e+00
1.635518048015805334e+03 8.107102944472811714e+02 1.400860275219829587e-01
1.752785842948027494e+03 8.621754738645907992e+02 2.764162997881794759e+00
1.574619136194806060e+03 8.745576449226095974e+02 3.619935885900498196e-01
1.724838501678575994e+03 9.047017057722136997e+02 2.698890760082762519e+00
1.664492039853791994e+03 9.361521441666361625e+02 1.993789293525681350e+00
1.819385499807321594e+03 9.315144469365031910e+02 2.617044650167087205e+00
1.581965114395725323e+03 9.300887075932719199e+02 2.740183747942166903e+00
1.785495272027950705e+03 9.798321485517628844e+02 5.145192422902805651e-02
1.731555351573848156e+03 1.013542683809413575e+03 1.879498607350680084e+00
1.566859410439013118e+03 1.021855056838163819e+03 9.757781149623139250e-01
1.842310536307122220e+03 7.512606261937803538e+02 2.740161282361999184e+00
1.811176989642939816e+03 8.071227621688603904e+02 1.763264938968771123e+00
1.750517739744558867e+03 8.608829650053818341e+02 2.758809471885506071e+00
1.971652126974939620e+03 8.617104253287637903e+02 3.737242075356453919e-01
1.885145185503914945e+03 9.038297043331494933e+02 2.390402125596216010e+00
1.722250103876425555e+03 9.045200943947183987e+02 2.679797314808594511e+00
1.820412972195018256e+03 9.288201616914277565e+02 2.932212835349171876e+00
1.794692971023404198e+03 9.767493615955545465e+02 3.074649258931795526e+00
1.728405738716889800e+03 1.013055015559470121e+03 2.001741367570024188e+00
1.843109587931443684e+03 7.518518247396191327e+02 2.790902029398064421e+00
2.067237817050835019e+03 8.207575587527417156e+02 3.131284071848837058e+00
1.970128363025952240e+03 8.617118474773153594e+02 4.005046065206016026e-01
2.059816230826655101e+03 9.075872143997003150e+02 1.879579827972613915e+00
1.885717423094237347e+03 9.047768882360262523e+02 2.397288795779859427e+00
1.982587382233396056e+03 9.097869072688406504e+02 8.986514927742843550e-01
1.989690186709132377e+03 9.823399541458061321e+02 9.068041953468851668e-01
2.030375533483163053e+03 1.018719415960121069e+03 1.613680535090485701e+00
2.067011713370711732e+03 8.192996653866229053e+02 3.892609392350401820e-02
2.059989641834225040e+03 9.073591890397838142e+02 1.885418790462188410e+00
2.180288253475624515e+03 9.547224897496380436e+02 2.269139043251268362e+00
1.992831974595145766e+03 9.759951363849761492e+02 8.602788881566151291e-01
2.026515909361079139e+03 1.011487630717399497e+03 1.538717692185046726e+00
3.003435715261531982e+02 8.807049167099949045e+02 1.551648053371925962e-01
2.983304892443323411e+02 8.792056650554995940e+02 1.803685034790504238e-01
4.725699192399304138e+02 9.331539137836375630e+02 1.883930748136193323e+00
5.244505626562313410e+02 9.670413604060559010e+02 1.240576033844144721e+00
4.507023429820218325e+02 1.086598227777085413e+03 2.256158071740878235e+00
5.238230975093873667e+02 1.103057838425419277e+03 1.703059029816754721e+00
5.995008053773342453e+02 9.092537188128542311e+02 1.018658574371910097e+00
4.735602898180158036e+02 9.325011330940319567e+02 1.994077183411323340e+00
5.229864438432225597e+02 9.657234789032140725e+02 1.119260684581870446e+00
5.794600230389703484e+02 1.007167906092069870e+03 9.862590445475537537e-01
6.461711326943976701e+02 1.019755588544402826e+03 1.582899946812027725e+00
4.504048649191033746e+02 1.085600564321035790e+03 2.378426318247893079e+00
5.211429761597586321e+02 1.102064616245467505e+03 1.628864232397517098e+00
5.801245423205341467e+02 1.105071901449443658e+03 1.509111402511070787e+00
6.542109189738074519e+02 1.159765647677158540e+03 2.300967759969194670e+00
8.496162458738527903e+02 8.809067009166387834e+02 2.355222636090749777e+00
5.968352662959620147e+02 9.059648807634807781e+02 1.085589316084780043e+00
7.833778488241637206e+02 9.229227527654438745e+02 1.182206987957713284e+00
7.169979954792331682e+02 9.451705176472244148e+02 2.203661411472169096e+00
8.610212485047675273e+02 9.942178097924640952e+02 2.299507633099064474e+00
5.785722067431785263e+02 1.007486615013659502e+03 1.006277372696332995e+00
6.452065272443019239e+02 1.019760492146272554e+03 1.563174396307658087e+00
8.110330056891305048e+02 1.031177792076951846e+03 2.727374007875168704e+00
7.831097882407743782e+02 1.082658822027097358e+03 2.624582729766086864e+00
5.760226710558920331e+02 1.105939412440888418e+03 1.468550605522294106e+00
7.200332294327016598e+02 1.159706178867373637e+03 1.876913495133459620e+00
6.539696043735921194e+02 1.164057023123185445e+03 2.218810162467328428e+00
8.505297160861945258e+02 1.178780585097375933e+03 1.001928516206089137e+00
8.449405451696625278e+02 8.807375715578657491e+02 2.282093863900162667e+00
7.817267032816312167e+02 9.229967614056681668e+02 1.208567097716118033e+00
7.147050412746219763e+02 9.444452296807457969e+02 2.160186485150873192e+00
9.633391231003197390e+02 9.345224738289637116e+02 2.010423060766860712e-02
8.567462517542074920e+02 9.949409681133049617e+02 2.199519381028831599e+00
8.082486577556352358e+02 1.031601952412387163e+03 2.685139244215824839e+00
9.380938600163781302e+02 1.050536603423317501e+03 1.463411775474016574e+00
9.903637274112913929e+02 1.085853073594101716e+03 1.041069026211646653e+00
7.806416203839047512e+02 1.082220827057657516e+03 2.535514482676779924e+00
8.908496781394671871e+02 1.103787054631861110e+03 1.563855387648556583e+00
7.159768725138271748e+02 1.155208326787595297e+03 1.960885007431831806e+00
1.009359274197659943e+03 1.159665027711542734e+03 5.398086455323830579e-01
9.215049710941127614e+02 1.175072765179957059e+03 1.873923999431192922e+00
1.107608794027675913e+03 8.843113652741690203e+02 9.920071817469862108e-01
9.611770420852503776e+02 9.342082669535457171e+02 3.078831812258600920e+00
1.170992183672721694e+03 9.626564161847918513e+02 1.689659776841374361e+00
1.069450357178468948e+03 1.000329451283276967e+03 1.186445665022185514e+00
9.369556351033086230e+02 1.051241139393676576e+03 1.560667538826154832e+00
1.172857689579622956e+03 1.025319422394572712e+03 2.413386188200807414e+00
1.078679400292075798e+03 1.073784506273837906e+03 6.828327139301441084e-01
9.877739768708452175e+02 1.086390315445402848e+03 1.115240067418888925e+00
8.896429517532749287e+02 1.103635787873949766e+03 1.721001763333511292e+00
1.179865162892876924e+03 1.108677638867619180e+03 2.484403180393646160e+00
1.132622743300990351e+03 1.142335536619293634e+03 2.698122220129311355e+00
1.010005030378199535e+03 1.158164157921560218e+03 4.627174178280260008e-01
9.175830548916294447e+02 1.172862139726273654e+03 2.059776228577204549e+00
1.104863919393935703e+03 8.847703541240168761e+02 9.643957251503074701e-01
1.176093790918399236e+03 9.055398001915252735e+02 7.125936241514685410e-01
1.330431898529714545e+03 9.284085707394351630e+02 2.995526750267580862e+00
1.172476049135222638e+03 9.656970327627245752e+02 2.240929324091922137e+00
1.068687761079448364e+03 1.000007220004949204e+03 1.206477498529368253e+00
1.282976544992146501e+03 1.008380615212943894e+03 9.168105774663173335e-01
1.172535659758573274e+03 1.029113497200033180e+03 2.439436779877149686e+00
1.077494945617078429e+03 1.073568366515150046e+03 6.617104051308072554e-01
1.294210563881647204e+03 1.090700833779340883e+03 9.085258022104090170e-01
1.178920402394699977e+03 1.111824343374111550e+03 2.545017491580480851e+00
1.341073247198564786e+03 1.128987100333145918e+03 9.040620870895955674e-01
1.133354819802241991e+03 1.142440113381246192e+03 2.801451766827145473e+00
1.328804116353546988e+03 9.291157116256672452e+02 3.044461180855102977e+00
1.498605133362695369e+03 9.696417520711113411e+02 3.138373080257006453e+00
1.281883477329647576e+03 1.008201092179505622e+03 9.242321927908242474e-01
1.446762845908637246e+03 1.051547690482588678e+03 1.132435980392648478e+00
1.291981461962198409e+03 1.090332472245054532e+03 9.322541045117619385e-01
1.500173326077194588e+03 1.104436139069902765e+03 1.870984146368310785e+00
1.339700690620900787e+03 1.128070974572711066e+03 9.202217340651288602e-01
1.387670049970689888e+03 1.158226066771602063e+03 1.840696056433982708e+00
1.463808353565836114e+03 1.175543506003434231e+03 1.997012318765482686e+00
1.576442124520273410e+03 8.716162740965864941e+02 1.865551790892020778e-01
1.582375732697360718e+03 9.283276406679133288e+02 2.697482517792891166e+00
1.494366025063109646e+03 9.697377195788164954e+02 7.508763439744621515e-02
1.566067446873117206e+03 1.018555408227944554e+03 8.670509105577215436e-01
1.622303074294824683e+03 1.039695457581882238e+03 1.251660585935227887e+00
1.445446497981294897e+03 1.052800590001933415e+03 1.100499855516692715e+00
1.498399215953902967e+03 1.106070906312257421e+03 1.824315575570053083e+00
1.578014683935127096e+03 1.138474166524193379e+03 7.044340845676619889e-01
1.387964760404588787e+03 1.155828608805466502e+03 9.387202592174623828e-01
1.461562071111853811e+03 1.178958126649225278e+03 1.972924922360181021e+00
1.574172164606526849e+03 8.738327189441060909e+02 3.264198182058291597e-01
1.725328927814284498e+03 9.022958139074880819e+02 2.653353374079962634e+00
1.664781417634886111e+03 9.343870110119266883e+02 2.046037275563721280e+00
1.582178773679928781e+03 9.285999923108986422e+02 2.702117265575730620e+00
1.793437029457533981e+03 9.761222752286378181e+02 2.905590414859010373e+00
1.731662467107046041e+03 1.015829941507675358e+03 1.943413832896247140e+00
1.565372319286039328e+03 1.019368621730170617e+03 8.190663966339873925e-01
1.622587299586793051e+03 1.040518476655330687e+03 1.244532316571659303e+00
1.670139411002639918e+03 1.060802157870528845e+03 1.595173772074737872e+00
1.720395277227083398e+03 1.120421129987999848e+03 5.742536266662959799e-01
1.591739215377779146e+03 1.143643487694076157e+03 6.335528842625935964e-01
1.787646732586863436e+03 1.165599996352035760e+03 9.067897225282971485e-01
1.760533254517338037e+03 8.666122922814361118e+02 2.706978839661534408e+00
1.884097484419785587e+03 9.038973328669164857e+02 2.524324373548216816e+00
1.723248820305545223e+03 9.029367889944273884e+02 2.589218720899408854e+00
1.818774069314701137e+03 9.287271565578930677e+02 3.028567040151942891e+00
1.793521964121330029e+03 9.757653038014302638e+02 2.969244095892478175e+00
1.729759324808838983e+03 1.019098606655849380e+03 1.974475735587189806e+00
1.843869139337580009e+03 1.029920727731136139e+03 2.092733225663051533e-01
1.821403846394171978e+03 1.079998160423764602e+03 2.353115227478463023e+00
1.903273023749926779e+03 1.113475831404537985e+03 2.215200590563589866e+00
1.720248148620709344e+03 1.120255606963393575e+03 6.378778544573079357e-01
1.783407196575737544e+03 1.163481348028685488e+03 7.705228301813631386e-01
2.059187220830691786e+03 9.081634991913690556e+02 1.943496561914212162e+00
1.886258148168365551e+03 9.046402217786430811e+02 2.383815250227896421e+00
1.982132389592694835e+03 9.106543706120301067e+02 8.338223215238299568e-01
1.989650310959203580e+03 9.822453783225473671e+02 8.507952469203546864e-01
2.031631683686070573e+03 1.021205697049277887e+03 1.428410232329275331e+00
1.842046984383747258e+03 1.028759769256811296e+03 1.649074693318783591e-01
2.062113228426230307e+03 1.106812150982407729e+03 1.454987370035693450e+00
1.902455577597000683e+03 1.111138657482754070e+03 2.312188693183405697e+00
2.058379929458960760e+03 9.066157461600237184e+02 1.957908024538829173e+00
2.179909426927481945e+03 9.543883495639295234e+02 2.354219191938861755e+00
1.988897342671738443e+03 9.781940458277938433e+02 9.465294220758374566e-01
2.030848032140616851e+03 1.020052347292099284e+03 1.400107876987586097e+00
2.139751817843493882e+03 1.076280600663241785e+03 1.029003293338969005e+00
2.061297961101008696e+03 1.106182742840207538e+03 1.432405179600065193e+00
3.749568044339458766e+02 1.281235232809574427e+03 1.582387270952801739e+00
2.368579297783101083e+02 1.323248084340214518e+03 2.207512878319930927e+00
4.502629413598102701e+02 1.084681559904654932e+03 2.319268237513316677e+00
5.237719963564394448e+02 1.101221478966322138e+03 1.511792998512384578e+00
4.846164762280527611e+02 1.222506386508917785e+03 1.677629398804088678e+00
3.729481462882907863e+02 1.285939634454983207e+03 1.659636003219964628e+00
2.288951890087984111e+02 1.322999235898059851e+03 2.246144354912867680e+00
4.499673588312949732e+02 1.084770653212381148e+03 2.358729857497773530e+00
5.209813423946716284e+02 1.101104276402213372e+03 1.588066865891166080e+00
5.797713441631047999e+02 1.104498064953668063e+03 1.495615331856237074e+00
6.553881293455924606e+02 1.161209668194872847e+03 2.243713728856850942e+00
5.453384447373682633e+02 1.212132466412063877e+03 1.894646557059443959e+00
6.105411174547293740e+02 1.218760150848819194e+03 1.634298583485258360e+00
4.850254397854042736e+02 1.222608796705517307e+03 1.685085542072555675e+00
6.692332042405244010e+02 1.266239666813117765e+03 7.876745797329123278e-01
5.472399822301520089e+02 1.309560815207767519e+03 3.129294555553069124e+00
8.111693008232934972e+02 1.032628247370163990e+03 2.830834721998142012e+00
7.842119013890327324e+02 1.081634705046149520e+03 2.666338692157538492e+00
5.766013172715680639e+02 1.101244612439420052e+03 1.503164507375229553e+00
7.194326235571747929e+02 1.159150284926472068e+03 1.873167811635265689e+00
6.538338908762591473e+02 1.161723721280485506e+03 2.274996136114673551e+00
8.427433984250421872e+02 1.186860342047803215e+03 1.554990405703668310e+00
7.827503583361262827e+02 1.204840833517623196e+03 1.701032735280375796e+00
6.089828858011596822e+02 1.218233477282443573e+03 1.609113253632778129e+00
6.667065803412197056e+02 1.264548599547176309e+03 7.718574807569450469e-01
7.454767948812509530e+02 1.298531149035329236e+03 2.282473093559665323e+00
8.040639420496675029e+02 1.313712896685904525e+03 1.331339656294655338e+00
9.391425553549076994e+02 1.050738589414005901e+03 1.394359372917258089e+00
8.076746443029330749e+02 1.032186993307755756e+03 2.831123083399792240e+00
9.895288537018200259e+02 1.084591795163963070e+03 9.650534538027901732e-01
7.821224299219363729e+02 1.079189363184621016e+03 2.544798856048866575e+00
8.913840016687167918e+02 1.103899617137344194e+03 7.691739068145434510e-01
7.164330163844450681e+02 1.158323432151982615e+03 1.927046285691667249e+00
1.012246480170399536e+03 1.155876933462524221e+03 4.123841742747790806e-01
9.232736499736847691e+02 1.177744229415582595e+03 1.906705405126162933e+00
8.397323361330046509e+02 1.187272093281678735e+03 1.559331925235103444e+00
7.818316635600485824e+02 1.204110107999234742e+03 1.703280088810168902e+00
9.688509134512414676e+02 1.251320215811309481e+03 1.383196151360186921e+00
8.936459270098175693e+02 1.261759859002271469e+03 1.955248230006224386e+00
1.016127378727075438e+03 1.272657009630312132e+03 1.193865879218354742e+00
7.432039161578173889e+02 1.296418479324180680e+03 2.274291813075918434e+00
8.024638961185077051e+02 1.315716046305029067e+03 1.454952112235247341e+00
8.661855169536611356e+02 1.333543100769216380e+03 1.857477649348109994e+00
9.369140849917732794e+02 1.049768365829787626e+03 1.492199405052256012e+00
9.891314443431515429e+02 1.084024937757633097e+03 1.091888566041736341e+00
1.079578381624644862e+03 1.071594261090142709e+03 6.897977488457878170e-01
8.866993598283950178e+02 1.107491217046990641e+03 1.814519715437602043e+00
1.136547090302207380e+03 1.141644234233525822e+03 2.802424001282723953e+00
1.010344040958571441e+03 1.156301046021919774e+03 4.275787685606125543e-01
9.218147632232105479e+02 1.177010825925557810e+03 1.952707570825624739e+00
1.112711161682393140e+03 1.187472182672373037e+03 3.573294951934214564e-02
9.671991036453459856e+02 1.251079751853306107e+03 1.491928783110120449e+00
8.919126087919196380e+02 1.260397162566018778e+03 1.972299607979133951e+00
1.114381914198491131e+03 1.250072264406272552e+03 3.024565496893993011e+00
1.013815189313894052e+03 1.270371764382663287e+03 1.264753892696347082e+00
1.165716017429308067e+03 1.316742303843383979e+03 8.927934102200895117e-01
1.072098430228099460e+03 1.339898453613699076e+03 9.178760969930083169e-01
1.173529587893379585e+03 1.030539156567694363e+03 2.428168724749752094e+00
1.074603864193383060e+03 1.070396621344395044e+03 6.943845651693240084e-01
1.295344446388895904e+03 1.088820689099764877e+03 8.982575498900460254e-01
1.178966598827442567e+03 1.111665185481291473e+03 2.495073608622699002e+00
1.338030401693099520e+03 1.125036894676763040e+03 8.441859502163726603e-01
1.133108626053138323e+03 1.141924594437331052e+03 2.795683979609807412e+00
1.109882258843506634e+03 1.187181115123293239e+03 4.089996163714563863e-03
1.218868721549885777e+03 1.200449667163085678e+03 7.647162628225950831e-01
1.262140781883662839e+03 1.248186113126798546e+03 9.309879691158994275e-01
1.112685972928099318e+03 1.250868436818687314e+03 2.993078636389775227e+00
1.287511738237200461e+03 1.303806766752180692e+03 9.484233224591489542e-01
1.160256851910060504e+03 1.316700746041657794e+03 8.827759319364978374e-01
1.072589701838966675e+03 1.337336067300113655e+03 1.056930822954677662e+00
1.447084684037254192e+03 1.051463259424639773e+03 1.131401805299234731e+00
1.293352562205914865e+03 1.089418299693110384e+03 8.761461028672195006e-01
1.501567953390881257e+03 1.106007543781111735e+03 1.942038732656706790e+00
1.339994929038987038e+03 1.126965065760731477e+03 8.123822723141368440e-01
1.386787834707123238e+03 1.155736211403546804e+03 9.694631163817030162e-01
1.462774571487972480e+03 1.177703595976551014e+03 2.059280885902150970e+00
1.217189068167847836e+03 1.200762621769218413e+03 6.854000780275051330e-01
1.402422100774830142e+03 1.225628460549381316e+03 1.301741413758943811e+00
1.261150498205283384e+03 1.248104425982051907e+03 8.609724210534872579e-01
1.467518139619716749e+03 1.268381353913119710e+03 2.380256192939584903e-01
1.286545903863048807e+03 1.301282245563044398e+03 8.383688738191563683e-01
1.445491726237398780e+03 1.049738794785860591e+03 1.138904558030373160e+00
1.615029190269972105e+03 1.044555295081220493e+03 1.082785339324420892e+00
1.497977163463911666e+03 1.105345615692368710e+03 1.906151741063673022e+00
1.571757987630261141e+03 1.136064269207680809e+03 6.142462672766514364e-01
1.622788349879680027e+03 1.155583458391920431e+03 1.465371041397508955e+00
1.383602116891454671e+03 1.155484651072938732e+03 9.276107459021994961e-01
1.460886831739833497e+03 1.176691239788444136e+03 2.050662972414639462e+00
1.400882534584902032e+03 1.226030370483796787e+03 1.278861231134556853e+00
1.559778823953155097e+03 1.264769293667422971e+03 1.326564667938916697e+00
1.461254628801844547e+03 1.267821769070685150e+03 2.651883251311356604e-01
1.620819695360295555e+03 1.301973543732769485e+03 1.069541135471739679e+00
1.669126113491569868e+03 1.059898164709120920e+03 1.669654790722435722e+00
1.821411324118981611e+03 1.064533491286884100e+03 2.220479841314829894e+00
1.615000327858139372e+03 1.039115751515855891e+03 1.152645568379616625e+00
1.719167340570909801e+03 1.119282291300356746e+03 5.014621251563864401e-01
1.570089500837779042e+03 1.135495966825616961e+03 5.910690801112521431e-01
1.619931153738303010e+03 1.157332631423433668e+03 1.377286154545401153e+00
1.779821604463161066e+03 1.163826043349324891e+03 1.035387001671936646e+00
1.680815742620472747e+03 1.200238954648446907e+03 8.571301422830517325e-01
1.557712618743686562e+03 1.265661759061885732e+03 1.324436646851376853e+00
1.699215576776167381e+03 1.259915663618384542e+03 1.326704520750625615e+00
1.791808281099486521e+03 1.288656325189443578e+03 2.186314798391190362e+00
1.616840420782154979e+03 1.300556814847589067e+03 1.070785891287384217e+00
1.739907724690722262e+03 1.319400106054870321e+03 1.482852842915438396e+00
1.668268618583259922e+03 1.063119980168764641e+03 1.454432967948826594e+00
1.822940737203578010e+03 1.077903961082018668e+03 2.508728810740123105e+00
1.903984374564502104e+03 1.111405631043267704e+03 2.295426502829369220e+00
1.719978484955313888e+03 1.119250363047044175e+03 5.645090932245240278e-01
1.778781980411288259e+03 1.164560625028473623e+03 1.048266491055918070e+00
1.902062572487047873e+03 1.195759522832016046e+03 2.107625919621103350e+00
1.679273056955645416e+03 1.200065767597055128e+03 8.752501728867142505e-01
1.835916924251250748e+03 1.184431662425871082e+03 1.776567702065967147e+00
1.698464682228745232e+03 1.260223782268295281e+03 1.247791502424651533e+00
1.793037324271027501e+03 1.288752236537724002e+03 2.169071515069822098e+00
1.738647533793809089e+03 1.317964606770639875e+03 1.432771311031423744e+00
1.852490327745094191e+03 1.027208198391723272e+03 2.751903041925830018e-01
2.140556440750312504e+03 1.077776031642780254e+03 9.708803523489292209e-01
2.062213996213482460e+03 1.106259339819721390e+03 1.400360932698482053e+00
1.902769450214144854e+03 1.110261183002724238e+03 2.378450397377848358e+00
1.901079895762640263e+03 1.196387524372383041e+03 2.137107303800253710e+00
2.119330046412006141e+03 1.201064056690821189e+03 1.492301919314395153e+00
2.139471926766935667e+03 1.075008961482682935e+03 1.027497471675461238e+00
2.060827337162199910e+03 1.104908780771757392e+03 1.453074353050950673e+00
2.118707850840818992e+03 1.198953165459464799e+03 1.526646653849172974e+00
2.141948103072398226e+03 1.298611715538442240e+03 1.752802696188235698e+00
2.200540736057757385e+03 1.321757781145287936e+03 2.020404751308839231e+00
3.754481844466212124e+02 1.286507852749315589e+03 1.704124518540361066e+00
2.374662017270495653e+02 1.324828851449396552e+03 2.212321227075681573e+00
4.859840781162406529e+02 1.222483908445376983e+03 1.656236447588725902e+00
3.732919561117410012e+02 1.285454410029054998e+03 1.675324113092582223e+00
2.345205227580726159e+02 1.323971091698309010e+03 2.244026819943809592e+00
5.451503802255294886e+02 1.211247139783098646e+03 1.848849852039595287e+00
6.106423837838841564e+02 1.217536947938584262e+03 1.606045448328098368e+00
4.841587692569398769e+02 1.221722874000054617e+03 1.630241286227655628e+00
6.673867444012942087e+02 1.264707331515569649e+03 8.345868947407325544e-01
5.470203831599491195e+02 1.308948857054519067e+03 3.141568178153359980e+00
6.741784732598084702e+02 1.364608022918909228e+03 2.488346925982585667e+00
6.228069724193187540e+02 1.398463146130481846e+03 2.140200080023601181e+00
6.086621754427430915e+02 1.478971798192674669e+03 2.710058260337225633e+00
6.085292432138656977e+02 1.216976776337015281e+03 1.588830345996117499e+00
7.831794840481755955e+02 1.203240511537250768e+03 1.612587557052402643e+00
8.407769882821683041e+02 1.189055172882598526e+03 1.503772549897104849e+00
6.658456803137033830e+02 1.264372999222116050e+03 8.242470013354572522e-01
7.453137981292227323e+02 1.297403764743249894e+03 2.135701038939899821e+00
7.993066986619435284e+02 1.315561277474218969e+03 1.404217762066145792e+00
6.718658718824049174e+02 1.364273492716632063e+03 2.570229807548588763e+00
6.222289690972494327e+02 1.397363511535697398e+03 2.089001883053360764e+00
7.538368599357363564e+02 1.393975697401615435e+03 2.263332403033526230e+00
8.605163535269529120e+02 1.437215333590947466e+03 2.883612568482157190e+00
7.541459532001263142e+02 1.477189747900977409e+03 2.577720460260389146e+00
6.047739126497737061e+02 1.478378356278607725e+03 2.749012894931203377e+00
7.809055858722889525e+02 1.203042541914715230e+03 1.663441840475111011e+00
9.690527593519539096e+02 1.248489812966117142e+03 1.263169203726094425e+00
8.929376114802214488e+02 1.260556355789160762e+03 1.908727221910743177e+00
7.428320260309234300e+02 1.295279413347231639e+03 2.237066365091968212e+00
1.013532256392434192e+03 1.269191982040499397e+03 1.168900879939813064e+00
7.980849542217605403e+02 1.315386343906314551e+03 1.378247896463988154e+00
8.645751520860706023e+02 1.335280060699315527e+03 1.874257676652267390e+00
9.300334033488279601e+02 1.375182933211917771e+03 1.453618868765644834e+00
7.514644884804229150e+02 1.393179964529008885e+03 2.288786334976363968e+00
8.631934277464696379e+02 1.437709572027543572e+03 2.942092112553949868e+00
9.804099574528215726e+02 1.465116430517225353e+03 2.991120433925853916e+00
7.496360304646547092e+02 1.477847351234574489e+03 2.482088326155621250e+00
9.889413865035069193e+02 1.378654200903217315e+03 1.962442406791070404e+00
7.672414255083167518e+02 1.308792940713645748e+03 2.948811684988461135e+00
9.664602904299904367e+02 1.249547155443081465e+03 1.467217482471903978e+00
8.897543206084228586e+02 1.260368409030245630e+03 1.988979471448581116e+00
1.114759246142904658e+03 1.249034593944514199e+03 3.044887367886822016e+00
1.012915488165303941e+03 1.269532405445567292e+03 1.254901117179297865e+00
1.163284825992469905e+03 1.314063046612825474e+03 7.953237207445447154e-01
1.068463749424455500e+03 1.342101110716812627e+03 9.673513237809059362e-01
9.298900067066492738e+02 1.376140394887260982e+03 1.651973883804261689e+00
9.886118650478319978e+02 1.382328531350688536e+03 1.967062072913394077e+00
1.137793600297624835e+03 1.393668844904752632e+03 7.983648260588599443e-01
1.058993842837835246e+03 1.404259531821445762e+03 8.845548849210420617e-01
9.798144930924211167e+02 1.465122182462673209e+03 2.869814423231117129e+00
1.107614739639225718e+03 1.469777849353812144e+03 7.423337363257761501e-01
1.220801923578357219e+03 1.197529206149428092e+03 6.659566035806088191e-01
1.262551855353259725e+03 1.246002097627891089e+03 8.756921189297599550e-01
1.113085112969806232e+03 1.249606009931429298e+03 2.982141738315470914e+00
1.288106449542876589e+03 1.298348226080818449e+03 8.411285459081611071e-01
1.160658598488119878e+03 1.314581529694058872e+03 7.815925721055715369e-01
1.067540336801162084e+03 1.342758324455007369e+03 9.743632070370588094e-01
1.209425172223429172e+03 1.391468287367913490e+03 1.701773310719782106e+00
1.136989588659501578e+03 1.393025052352510102e+03 7.365545627570870835e-01
1.056905374807503676e+03 1.403289566078729649e+03 9.301180662460426518e-01
1.265852008083853661e+03 1.428861615488795223e+03 1.499561980412964290e+00
1.104977738261481136e+03 1.464204613567259230e+03 4.857529198404313964e-01
1.215692564541832326e+03 1.197412207855835049e+03 6.765828627402616924e-01
1.402683000027622484e+03 1.223368217422079624e+03 1.241855709997796930e+00
1.261055046873569836e+03 1.245886991199675322e+03 8.097597496311046417e-01
1.465171227740396034e+03 1.265564462701884167e+03 2.589563796384218297e-01
1.286423669321364287e+03 1.298915129859114813e+03 7.838581269992555001e-01
1.345265771713888853e+03 1.345830529101713410e+03 1.658409001695352769e+00
1.420667381587138834e+03 1.355361653153252973e+03 2.136225187487977184e+00
1.492166091878538737e+03 1.355629911265252986e+03 1.195950708424295517e+00
1.206428253320453678e+03 1.392257164179478650e+03 1.628855153058585525e+00
1.264475128567116599e+03 1.428545049807371470e+03 1.427171178352352410e+00
1.461733369679651332e+03 1.476376065633282906e+03 1.040581882006605507e+00
1.295986588032950522e+03 1.494074935840634680e+03 1.624381508966578513e+00
1.400530240483371472e+03 1.222254783750712704e+03 1.287859418524220478e+00
1.560622471977387704e+03 1.263055503358537408e+03 1.281854301853095901e+00
1.462885008503380277e+03 1.266089748293632283e+03 2.621577572304952253e-01
1.619533832376295322e+03 1.297260861022688914e+03 1.017671143253391586e+00
1.419745647905922624e+03 1.355830177673292383e+03 2.121633621825452565e+00
1.487763533017753616e+03 1.357044870527100557e+03 1.152361870738723315e+00
1.564311150204166779e+03 1.398512716371032639e+03 1.695155789859948747e+00
1.508900570631327355e+03 1.450288300312359979e+03 2.056224267017941365e+00
1.454346856260308414e+03 1.480491945691607725e+03 1.238707812714510137e+00
1.615114191970350475e+03 1.488057764698677374e+03 2.065617388787582165e+00
1.682048173016004057e+03 1.197503545204128159e+03 7.785945783669159237e-01
1.558962178073749556e+03 1.263181291685187944e+03 1.282169011459417307e+00
1.699871978631358616e+03 1.258829575282662290e+03 1.208212253197370911e+00
1.794847287266997682e+03 1.286521738316614801e+03 2.245941268809533486e+00
1.617836774924973497e+03 1.298141942815273751e+03 9.972147794860056758e-01
1.739100181237372681e+03 1.317575215665017595e+03 1.440588320184635895e+00
1.562972744905317313e+03 1.398153934962846733e+03 1.698539774468973418e+00
1.808420583039924850e+03 1.460375362434453564e+03 1.633378958884163623e+00
1.613709249111492682e+03 1.491296511425091012e+03 2.085652120546794386e+00
1.677453778148920264e+03 1.198649637855655556e+03 8.741346880037035305e-01
1.835559997272780720e+03 1.186995013114963967e+03 1.901821697023845958e+00
1.903943288211511117e+03 1.197451629305187907e+03 2.166103661157866345e+00
1.697988968404177740e+03 1.259420225976667098e+03 1.208482838505372747e+00
1.793506520485707142e+03 1.287432311460374422e+03 2.208022194077589706e+00
1.738466054917030306e+03 1.320504295396139241e+03 1.382148912757800163e+00
1.806369883887984997e+03 1.462524984538046283e+03 1.644885104789875152e+00
1.830011468120341760e+03 1.191398710800273875e+03 2.043065746033009056e+00
1.901270320605357938e+03 1.199871073236395659e+03 2.149364458347592155e+00
2.119004779349568707e+03 1.204801463823009954e+03 1.445336678599065561e+00
2.118393717111379374e+03 1.198464402420448323e+03 1.484510589273436043e+00
2.142191579106920472e+03 1.298201768739036424e+03 1.708847484117476112e+00
2.199776644354568816e+03 1.319424057321411965e+03 1.971671440736043834e+00
6.764702557192194945e+02 1.365670497468077656e+03 2.455080882336055037e+00
6.218094194621504585e+02 1.396842126702154701e+03 2.111287816929214856e+00
6.077151366720383976e+02 1.478916275224077253e+03 2.686593490444826315e+00
6.714597409659041887e+02 1.362890501859645155e+03 2.435141376223553866e+00
6.215895858906728790e+02 1.396173695341432449e+03 1.955410006839060078e+00
7.546705439879979167e+02 1.393712198220918481e+03 2.131247416583891052e+00
8.617816955333976239e+02 1.435085407497641881e+03 2.987944930647532527e+00
7.534128219974246576e+02 1.476883947149697406e+03 2.494768033099773685e+00
6.070798188541368745e+02 1.477265288424888240e+03 2.641799912609859025e+00
8.363905082909093380e+02 1.509261984333577630e+03 2.038671805013757332e+00
7.735852096611764637e+02 1.556198120037238823e+03 3.604217128550546434e-02
7.238548481250809346e+02 1.616185459733621428e+03 2.840930284976847187e+00
8.295488612282397298e+02 1.622945174071653128e+03 1.852956622818848487e-01
9.284839972309166569e+02 1.372605343839581110e+03 1.417206880261179913e+00
7.531832560369526846e+02 1.395372958839288003e+03 2.140316733014118178e+00
8.628570348830166949e+02 1.435606871609610607e+03 2.939899009780116312e+00
9.811067607274053444e+02 1.463269247792433589e+03 2.976945597165478574e+00
7.520143967846689748e+02 1.476496929196767269e+03 2.392800325567555397e+00
8.334045496309175860e+02 1.508258745647472551e+03 2.045802260400647832e+00
9.421226380831776623e+02 1.517725470558209963e+03 2.832785283021653222e-01
7.724644265191219574e+02 1.554658802895384042e+03 3.136113070845125250e+00
1.013760386916319476e+03 1.559160330107777781e+03 3.012419583139400725e+00
9.059475855216210221e+02 1.585544530825690344e+03 3.461966741342364928e-01
7.188278676506901093e+02 1.615455984877862193e+03 2.771382450868124181e+00
9.824925479331950555e+02 1.622333963051916726e+03 3.062566923150233045e+00
8.316404898884331942e+02 1.620620136939229042e+03 7.366870322383892340e-03
9.902957314587642941e+02 1.383586723012906077e+03 1.874980047529298810e+00
9.272021841009154741e+02 1.372985673106888498e+03 1.493427162050624535e+00
9.880283403047608317e+02 1.379435977900027865e+03 1.889168396582463272e+00
1.136935839736523576e+03 1.393885608037283873e+03 9.015349079564045631e-01
1.058957140652595854e+03 1.402909962652596960e+03 9.833584213848368671e-01
9.797693062975583871e+02 1.464214805098667739e+03 2.848379010101505848e+00
1.106697817008437596e+03 1.465938789317148576e+03 8.055469871195967135e-01
9.419436617614176157e+02 1.518126937191128263e+03 1.818405644086201478e-01
1.102151617269663575e+03 1.522901283645654075e+03 1.349112379030310560e-01
1.018021212665572421e+03 1.559892079534328104e+03 3.044652730214395309e+00
9.054576038918833092e+02 1.587682024767025496e+03 2.455592955860045890e-01
1.134323307227093210e+03 1.589080067995189438e+03 4.636171244289776228e-01
9.851202195094674607e+02 1.622787142602974427e+03 8.248687546132598553e-03
1.150425093104684493e+03 1.634474658830743920e+03 1.189915275114471926e+00
1.209795766981539373e+03 1.390810736775870964e+03 1.636828284495803754e+00
1.137215087231497137e+03 1.391650440239744285e+03 7.468380050660836655e-01
1.055851303254979030e+03 1.402442810018807222e+03 9.762766582945984206e-01
1.265516686745260813e+03 1.427658910503835841e+03 1.433545244044006850e+00
1.104541621744258464e+03 1.464795598411777974e+03 5.181543626408330327e-01
1.296658996920106802e+03 1.493656675888712698e+03 1.554172376613931261e+00
1.208910397752536255e+03 1.534417382169876419e+03 2.369823605597578542e+00
1.101060680231663810e+03 1.524411858905672034e+03 1.212536838810683859e-01
1.134181450684682432e+03 1.588538930917182370e+03 3.808387146274730961e-01
1.150307414142606603e+03 1.630606870679244594e+03 1.201379122677690647e+00
1.229827109685936875e+03 1.628698573705983108e+03 6.646947797397591007e-01
1.345080759093382540e+03 1.346545866152211374e+03 1.637251889635215507e+00
1.424516574911267298e+03 1.360071777040379402e+03 2.231323555447953133e+00
1.487832128265205029e+03 1.359595465151865255e+03 1.124212367734998219e+00
1.205925620425587340e+03 1.391941100957848448e+03 1.556983680922433555e+00
1.264657338055070795e+03 1.427986721484669488e+03 1.333539677694288716e+00
1.455807984024299003e+03 1.479229941349700084e+03 1.239001200229677302e+00
1.296540078877238329e+03 1.493499948039607261e+03 1.476594722004632487e+00
1.388510135148778090e+03 1.527434153096326781e+03 1.709001060644298686e+00
1.206937135997534597e+03 1.533275028594104469e+03 2.448679499553625405e+00
1.228306402614326998e+03 1.629824787052915099e+03 5.320343174221102700e-01
1.420240453162558197e+03 1.359277399045309494e+03 2.177570617378360218e+00
1.489079829045232827e+03 1.354983427445955840e+03 1.098978635199107323e+00
1.564933645431006198e+03 1.396921637797152243e+03 1.662301206606118908e+00
1.509742357808219822e+03 1.449564254370136268e+03 2.019183516093709940e+00
1.454354523160085137e+03 1.479589856051356946e+03 1.250231990492713274e+00
1.615160794814847350e+03 1.490388206439992700e+03 2.030801450329197344e+00
1.387028193733338867e+03 1.526780014508512750e+03 1.715521786154643014e+00
1.563333328334145563e+03 1.397704858319681534e+03 1.654899822993413316e+00
1.507644160601883641e+03 1.449570432715872357e+03 2.085791029693512932e+00
1.808914041598974563e+03 1.460116263970408227e+03 1.628359417559727795e+00
1.613726115087577682e+03 1.491526488999364119e+03 2.020903426853581486e+00
1.806229925233493304e+03 1.460212521016950177e+03 1.696139809935131693e+00
8.369628718150746636e+02 1.511231696060968261e+03 2.196964717861406680e+00
7.722542293532017084e+02 1.555525880921058615e+03 3.125845328088145969e+00
7.220822100532056993e+02 1.615653886220170762e+03 2.759675806100622797e+00
8.307298932199885257e+02 1.620652744090052693e+03 1.407851933724857951e-01
8.472896428611052215e+02 1.769712741013685672e+03 2.903166976473295691e+00
8.337063947520638294e+02 1.506244209759194291e+03 2.057566680729671305e+00
9.407530061517206832e+02 1.515388311334966374e+03 4.165103646710970331e-01
7.705556197356231678e+02 1.552182093281058087e+03 3.088624479571572934e+00
1.013580164443146941e+03 1.555146081749642690e+03 3.521903081242431371e-02
9.068950428140699387e+02 1.584486119877009742e+03 3.330427049307306819e-01
7.211236743384015426e+02 1.613891212614914593e+03 2.791212987861453776e+00
8.325308435973519181e+02 1.619891179329417810e+03 4.324889964016383898e-02
9.867479019142574543e+02 1.621186747859893103e+03 1.528932351346611318e-01
8.809004837282886911e+02 1.670581081453040952e+03 2.937887854691579648e+00
9.921832572545185940e+02 1.711527275045233637e+03 1.966562664632623303e+00
9.472971827676383327e+02 1.775794323460230771e+03 2.221490680405638685e+00
8.500137414244027241e+02 1.768028582155246113e+03 2.994976922621826354e+00
9.403904183303509399e+02 1.514507930596162851e+03 2.579380884725008261e-01
1.104727286086437744e+03 1.521933222648302490e+03 2.329419817280823646e-01
1.018413311576604428e+03 1.558499718545147061e+03 3.069635974060266115e+00
9.059355129311720702e+02 1.585264569632836128e+03 1.998229258505134776e-01
1.134257181971151113e+03 1.585709884638072708e+03 4.719774138897842031e-01
9.858059702877399104e+02 1.621688946082941811e+03 3.730933607779031436e-02
1.152266226966555450e+03 1.629160517741228659e+03 1.124930551362098852e+00
1.053015225731767032e+03 1.688426741873953688e+03 1.341603354916574009e+00
8.790856335826294981e+02 1.671910161187144240e+03 2.848313145580457562e+00
9.896699922058728589e+02 1.710761089252149986e+03 2.046526430367809013e+00
1.072121176545887010e+03 1.746014901369326935e+03 9.232401113290183980e-01
1.135980460542641140e+03 1.770597917316177245e+03 1.465822327223208488e+00
9.460212243868561472e+02 1.778478506908658346e+03 2.273517355401145412e+00
1.100971712886753949e+03 1.523359535542637332e+03 1.041609885717867251e-01
1.209287497483443758e+03 1.532771169863490286e+03 2.343659934991393357e+00
1.027691338245607767e+03 1.557457464226936963e+03 3.039139152555593970e+00
1.132845091248768995e+03 1.586789712444364113e+03 4.158140556232470808e-01
1.151254552448600407e+03 1.630436508136011980e+03 1.098165033752741993e+00
1.231836865605468347e+03 1.626571691800800181e+03 6.667407148377958448e-01
1.053870932530586742e+03 1.685719551477199502e+03 1.356358925084338862e+00
1.070890882193974221e+03 1.746516627755005629e+03 8.913234585550710021e-01
1.136062430744094172e+03 1.768947913737157478e+03 1.395276002812657845e+00
1.388352750928239402e+03 1.525142791932928503e+03 1.794167603642031317e+00
1.210361680739549911e+03 1.537972171522294957e+03 2.382333585861397651e+00
1.230597045861679817e+03 1.627738319661956666e+03 6.794197327095826688e-01
1.393209150822716992e+03 1.820328225915144458e+03 8.014928683184017189e-01
1.385601920397157983e+03 1.528500480001538335e+03 1.817416342350713920e+00
1.395171325143045806e+03 1.816435374273804428e+03 7.947120731289262219e-01
8.495188403675607560e+02 1.766344578390870538e+03 3.041773339593228265e+00
8.332776367956619197e+02 1.857827711521770880e+03 2.232867986282372375e+00
8.120770774813634034e+02 1.941983976105509100e+03 3.005871751262563230e+00
8.816452396933848377e+02 1.669425833159784133e+03 2.928683753531793776e+00
9.923452940887411842e+02 1.710066384002512223e+03 1.990960339512827693e+00
9.471252883301158363e+02 1.774123817628231336e+03 2.275293556855228161e+00
8.503795898151065558e+02 1.766780174003267575e+03 2.950718958182660945e+00
9.314506127860881861e+02 1.845689773090832887e+03 2.960036675709498688e+00
8.340457931084122265e+02 1.858852820852216155e+03 2.201128906341967006e+00
9.239168664426767918e+02 1.906297906362320646e+03 5.721662326543834887e-01
8.113924135539976987e+02 1.941384589467663773e+03 2.983250009739635278e+00
1.012440953381795225e+03 1.945084227115252816e+03 2.311283244491866423e-02
8.870530179081786173e+02 1.675402611133355322e+03 2.871476194778804114e+00
1.053993489475698198e+03 1.685646277256416397e+03 1.356155079014811804e+00
9.890781170193893104e+02 1.708955930825447240e+03 2.030123957811175828e+00
1.072690464841123230e+03 1.743761241867859098e+03 9.594086478524451733e-01
1.135839666976101398e+03 1.766643193334497710e+03 1.412208349154114639e+00
9.456171252580234068e+02 1.775503311639693493e+03 2.286416768973593250e+00
9.305370425663147671e+02 1.845887817552690194e+03 2.876276629171730548e+00
1.061616327500781608e+03 1.843715724962489958e+03 3.018328706442191756e+00
9.238003587554678688e+02 1.905550343011628229e+03 5.469620819866561900e-01
1.099618019152017268e+03 1.905704373436960850e+03 3.225066629001436813e-01
1.017063934474395865e+03 1.943118184004495561e+03 3.088405112795914675e+00
1.132970105626848635e+03 1.980758461922206607e+03 2.609877236860295713e-01
1.050566167229342454e+03 1.683030090871592620e+03 1.190470026652992397e+00
1.071110056370726852e+03 1.744155620606075900e+03 1.020122939760364611e+00
1.135347562393167664e+03 1.767312329031999980e+03 1.437109455640429134e+00
1.060423826921472255e+03 1.843152793260901717e+03 2.945212541122273819e+00
1.207925756028402020e+03 1.874344050853655972e+03 3.031270208066391358e+00
1.099599954822028849e+03 1.907759955984631233e+03 2.540175583530161485e-01
1.195902959313334122e+03 1.942256402319448625e+03 1.622988916567512097e-01
1.135591479259740709e+03 1.980208474437628865e+03 8.282494633111336935e-02
1.392184032661551555e+03 1.816090578240763762e+03 8.389561177858244623e-01
1.206558062973264214e+03 1.874057811961138668e+03 3.037707181551096980e+00
1.357975765322320740e+03 1.894854425877654649e+03 8.562177362978138362e-01
1.392377613582625600e+03 1.936272788243977175e+03 1.408197084842733426e+00
1.200190280935587452e+03 1.940286264835052862e+03 1.620345834877114644e-01
1.390988807378795627e+03 1.815847914431685240e+03 8.180240739282357287e-01
1.358711752841016960e+03 1.895914717612753975e+03 8.649686228867402571e-01
1.387238431625359908e+03 1.931761603328527599e+03 1.534085410269638183e+00
8.352498936180350029e+02 1.857629179575247235e+03 2.279647590627989384e+00
8.125111013288292270e+02 1.940571007950751664e+03 3.005723212927530863e+00
9.309568553410263121e+02 1.842353687775108938e+03 2.879409700409309991e+00
8.337160040375727021e+02 1.858461517862025858e+03 2.219634734437298196e+00
9.237239863633019468e+02 1.905130401129126312e+03 5.616149305184896523e-01
8.114642060757937543e+02 1.941058183910651223e+03 2.907846710128970891e+00
1.015712459993304947e+03 1.942223586953268750e+03 3.089222331039390035e+00
8.667892335432254640e+02 1.997718967657037865e+03 6.696561514245892299e-01
1.006312957979249632e+03 2.010259509904672996e+03 5.244247787503111269e-01
9.312878102494385075e+02 1.844764868476413085e+03 2.797653501262327591e+00
1.061680996603228323e+03 1.841014154085660721e+03 2.968274598866893044e+00
9.237496008136281489e+02 1.904956044644266058e+03 5.592089101558480602e-01
1.100544768378067602e+03 1.906200252490999446e+03 2.871894639345633493e-01
1.016973132807044749e+03 1.940971543647866838e+03 2.996188082727468505e+00
1.152675426525833018e+03 1.968101403888277218e+03 2.016349201764828236e-01
1.006289585493208961e+03 2.009796964471823230e+03 4.476199800486496683e-01
1.123714166757540397e+03 2.065249941270802083e+03 1.265859104605305374e+00
1.065477755897904672e+03 1.842035219105885062e+03 2.953225517223071250e+00
1.208466693320724744e+03 1.872792365073604742e+03 3.025099398204501355e+00
1.100311715697975387e+03 1.906722429887774524e+03 2.656693359493400020e-01
1.196332962992720923e+03 1.941120342381404953e+03 1.715127979760577293e-01
1.265562912512773892e+03 1.983649270096703276e+03 7.848269958486278064e-01
1.138856141385966566e+03 1.976069639040136735e+03 1.659628370266408026e-01
1.123972365331268520e+03 2.064108340518273053e+03 1.258461313793403757e+00
1.209921404580313038e+03 1.874502161555394650e+03 3.072005973303733484e+00
1.357770841608793944e+03 1.894920028027653188e+03 8.551094934199668929e-01
1.392257653850563884e+03 1.937105871431694140e+03 1.417224644687721691e+00
1.197047783398711545e+03 1.940159153564663029e+03 1.442535026129511677e-01
1.264672364838951353e+03 1.985175410701215696e+03 7.112545563019392336e-01
1.356471197962450333e+03 1.895298042965702280e+03 9.471305018725810765e-01
1.390620961205215735e+03 1.937778015913671425e+03 1.401388852923904471e+00
8.649408407189682748e+02 1.998051786438781164e+03 6.597721763873614087e-01
1.002114910982675838e+03 2.011596928731126354e+03 5.365684120916919264e-01
1.005094422698403150e+03 2.009586778499960474e+03 4.278638367058862357e-01
1.123871164601722967e+03 2.064269511894894549e+03 1.239997328664612652e+00
1.261053529380776354e+03 1.987947156162069405e+03 7.003407371574459361e-01
1.122364681887920824e+03 2.065016538554013096e+03 1.223824611774760873e+00
