3.988976700416551466e+02 2.599792018010164156e+02 9.558110846153060614e-01
3.993944988012499380e+02 2.587546212028540822e+02 9.759519122052614515e-01
1.142420067034879821e+03 2.857703318368282908e+02 1.390219805176830636e+00
1.155289728180881184e+03 3.656859591340937641e+02 6.413983487846548481e-01
1.142156849997811605e+03 2.866920033196204258e+02 1.381456257865869564e+00
1.157868638141969996e+03 3.641281133095601490e+02 5.802028164805903554e-01
1.480064245250585145e+03 3.185066634982920277e+02 4.635383927801820514e-01
1.481635217237169854e+03 3.178433248359291383e+02 3.940848209335671704e-01
1.634463730632880925e+03 3.265142903433435322e+02 1.016128030216158606e+00
1.633073472497058674e+03 3.256072237052167111e+02 9.511624021598742429e-01
1.686044723063369247e+03 3.600548387886619821e+02 9.900195461939736985e-01
1.753675536398228360e+03 3.806812192521489351e+02 6.491442991808271668e-01
1.848565195575538837e+03 1.764558250425827737e+02 2.391575385446709223e+00
1.869775222871953247e+03 2.936964701149360053e+02 4.685020082829864929e-01
1.688529685895448438e+03 3.570633120348843477e+02 9.713301426112760373e-01
1.879433616842688707e+03 3.496590837476786646e+02 3.072557302586444106e+00
1.756759131513130114e+03 3.776133612696369255e+02 6.693651255584587290e-01
1.848726416678675150e+03 1.776625478595876189e+02 2.418491031937457070e+00
1.868310168860565454e+03 2.959802441554899133e+02 5.499414954949640721e-01
1.879471791608905505e+03 3.513114283790509944e+02 4.356619815514729127e-02
3.979617078232744234e+02 2.586885197896580166e+02 9.205543312262931543e-01
5.291521405279650025e+02 4.621658332109776666e+02 1.110707775543872122e+00
3.969571533695802827e+02 2.561870903109384585e+02 9.466075621498285519e-01
5.280926037566657669e+02 4.603187731180398714e+02 1.063339227302784407e+00
9.956225645993240505e+02 4.634144674808278523e+02 1.413321574441696260e+00
1.142336756400192371e+03 2.860481574127073259e+02 1.421605011488128012e+00
1.158423990250154020e+03 3.633042297963004330e+02 5.202331690369966788e-01
9.936773367569533093e+02 4.657871958374514634e+02 1.403940446679068144e+00
1.071271276360283764e+03 4.591113079302729147e+02 9.291894574473756885e-01
1.142075339600462030e+03 2.850126986725970823e+02 1.423290145786233696e+00
1.157718395354851737e+03 3.621406455617761821e+02 5.154620323168997986e-01
1.070823249524833045e+03 4.578986903934276143e+02 9.324975991352695281e-01
1.309923895675431368e+03 4.752008749168896884e+02 1.715236544552318776e-01
1.216015529860542983e+03 4.978266455755201605e+02 8.680955151563195527e-01
1.317013032596613357e+03 5.204476299943194135e+02 7.846978737871367071e-02
1.482935643988467064e+03 3.169793888122669046e+02 3.052113420593410842e-01
1.487037404878527923e+03 4.275789041486400492e+02 1.386988846931255903e+00
1.410592854111485849e+03 4.176363640305359013e+02 7.854094948858622027e-01
1.307935525210767082e+03 4.712879438283274567e+02 9.117537519884636454e-01
1.216158316371564979e+03 4.977907648940604304e+02 9.879382633503259736e-01
1.411846393246034268e+03 4.871124980325636216e+02 3.059471450873634257e+00
1.330675582033465389e+03 5.269673296389736379e+02 1.577524219709532660e-01
1.481195496439882163e+03 3.171212542406845500e+02 3.168865191186594488e-01
1.636012312229189774e+03 3.255764967069198974e+02 9.866790854859430748e-01
1.494180653537398030e+03 4.380276377202662843e+02 1.057324182316197181e+00
1.408729128790489540e+03 4.194878309698674457e+02 8.244693108683044391e-01
1.595184638462790872e+03 4.121329430806556502e+02 2.983451206221444885e+00
1.633330823374939655e+03 4.806667177974001106e+02 2.848985403743991007e-01
1.409183944923014224e+03 4.868895169496638573e+02 3.065643953818385281e+00
1.508332720906426403e+03 5.287367207183085611e+02 7.070563999910407516e-01
1.634285538903205406e+03 3.254554365196111121e+02 9.953567813025230304e-01
1.686051729542967450e+03 3.574695355446859821e+02 1.048561171377131673e+00
1.752958983379734946e+03 3.777163609846672898e+02 5.851512791994178952e-01
1.594285256268021158e+03 4.122428987005913541e+02 2.993217275396020671e+00
1.761680236467103214e+03 4.445962996686677116e+02 6.992440166946003455e-01
1.516507145735193490e+03 4.567404159907976009e+02 1.835746896658804750e-01
1.632958656150078923e+03 4.796915717430703126e+02 3.103371564024827167e-01
1.760588188143277193e+03 5.106393656747923160e+02 3.102584665607218906e+00
1.511608154763127004e+03 5.231514412232063478e+02 9.499270065552252174e-01
1.667479173534658003e+03 5.403290836579208190e+02 3.042127232487971789e+00
1.870472931340857031e+03 2.933546200960364558e+02 4.334891316056510568e-01
1.878624748170732801e+03 3.486004969299036702e+02 2.912630598581837038e+00
1.682353846681300865e+03 3.580045560115934222e+02 1.007698746335908613e+00
1.751646711216398899e+03 3.780955498074583829e+02 6.166833309212796932e-01
1.973278542953338729e+03 4.052516952177458052e+02 2.741795481212677466e+00
1.873908342169721209e+03 4.355151254814484219e+02 3.666509714295101974e-01
1.760088145604890087e+03 4.449392876756896840e+02 7.314598216873497982e-01
1.849691722898977332e+03 4.841610070954778848e+02 2.913140711592478560e+00
1.970189201633404082e+03 5.094929380400674290e+02 8.435877690589711486e-01
1.762067837288532246e+03 5.106418053414756741e+02 3.129703072972969569e+00
1.868085458875190852e+03 2.935748733221486759e+02 4.656613214640965559e-01
1.878593927794992396e+03 3.491138059913619145e+02 2.986386876639837151e+00
1.972956706599620702e+03 4.049908695866620292e+02 2.764335922465179785e+00
1.872956635480593377e+03 4.349372263405308559e+02 3.849778756559610882e-01
1.851467928070567041e+03 4.866215283672900114e+02 2.913133749762926605e+00
1.969570256937763588e+03 5.074269612896524677e+02 7.695766281377630635e-01
5.266847030514558128e+02 4.610389987177609328e+02 1.037986835089851567e+00
5.080119116522972718e+02 6.008909506724492076e+02 1.788677148477454848e+00
5.278787513610768656e+02 4.586971212917050025e+02 9.935276267009387485e-01
5.075558362792273783e+02 6.004330354031664001e+02 1.777566391469195484e+00
9.935725986246538923e+02 4.660772169321003275e+02 1.389415882019484849e+00
9.932384086625231703e+02 4.639525141569191646e+02 1.398976116501875033e+00
1.070983929450197593e+03 4.578264142189890435e+02 9.453125593724188702e-01
1.070268533001908281e+03 4.577007633476322326e+02 9.516228345180012260e-01
1.309044467042299857e+03 4.720235516950466490e+02 9.541661005559383124e-01
1.215450935055546552e+03 4.978622610586469364e+02 8.992073823463307969e-01
1.329538494706928759e+03 5.244097013405582857e+02 7.037181225927621742e-02
1.223234896028298408e+03 5.661241048182835129e+02 3.797208367158821929e-01
1.232788506472872996e+03 6.221948774346685695e+02 3.073957676509756265e+00
1.410749372447162159e+03 4.182085126435221127e+02 8.479336926157261534e-01
1.489152237336854796e+03 4.358454326675268931e+02 2.229717194154795745e+00
1.307425189667854511e+03 4.730967755143814202e+02 9.855989019256909955e-01
1.214764733584857822e+03 4.990885766264740369e+02 9.767043952998992751e-01
1.411624071444874971e+03 4.864023621470013268e+02 3.030153237581111547e+00
1.329473284770673445e+03 5.241287274014529203e+02 1.118658910896995068e-01
1.221764333379011987e+03 5.664607962913894426e+02 4.019354331237457445e-01
1.394124899838145666e+03 5.893050879867258800e+02 3.842461526097075142e-01
1.231094196899668077e+03 6.215734557528232926e+02 3.047620830365894928e+00
1.499494886229898839e+03 6.877610499566894759e+02 2.519973820605667214e+00
1.493392347306588590e+03 4.373465618143684424e+02 1.062592342940706924e+00
1.407126642931736342e+03 4.163560380316750980e+02 8.047755259926144822e-01
1.596327760887414797e+03 4.096027232263027145e+02 3.063423354676089172e+00
1.634365845135173004e+03 4.786708500620947007e+02 2.881261820118694583e-01
1.408203497548601945e+03 4.853315368771843623e+02 3.090477997419537548e+00
1.509994258563285030e+03 5.249263598856147155e+02 6.323562909913311714e-01
1.659566812383392971e+03 5.313197367414131804e+02 3.054397895409941111e+00
1.536212399242115680e+03 5.841017313091874712e+02 1.159777767515415725e+00
1.391709073013859779e+03 5.894031717323404109e+02 4.121076220113674693e-01
1.583245412132822139e+03 6.330179386485834812e+02 1.638922837367743579e+00
1.506758156268852872e+03 6.889543035479300670e+02 2.688067432019862313e+00
1.640018357280593136e+03 6.244650270360473314e+02 1.990873315901868779e+00
1.590605831812989436e+03 4.102145239614742422e+02 3.017432946633758384e+00
1.760661999112698140e+03 4.434910449403241728e+02 7.589311365099106199e-01
1.514860209365911032e+03 4.555537448467123340e+02 2.393141627513385439e-01
1.632250121501409239e+03 4.797248309487957840e+02 3.202744980962441979e-01
1.762992371787282082e+03 5.085728393262743339e+02 3.075549887048689701e+00
1.506484367580327671e+03 5.246878705141542696e+02 6.625602077427062975e-01
1.662610381323194815e+03 5.325147704804895739e+02 3.042178612058236364e+00
1.534688921830321306e+03 5.850700589892263679e+02 1.165809030844538352e+00
1.785062193332792503e+03 5.856035341589258678e+02 2.752080617003713758e+00
1.682331105971098168e+03 5.950854904316543070e+02 3.062569250483951677e+00
1.582564836190775168e+03 6.323543243100073141e+02 1.628505198381986263e+00
1.643449176702579962e+03 6.393355066925134906e+02 1.847595555723819727e+00
1.763018748554310378e+03 6.481124407798129141e+02 2.742020275835737930e+00
1.749329562668887775e+03 6.973043216077048783e+02 2.336261174997998680e+00
1.975497974187484942e+03 4.015295826540657345e+02 2.621389459723688198e+00
1.873263076791603226e+03 4.354498668548202431e+02 4.270521350567150209e-01
1.759520947603713012e+03 4.439113591186569465e+02 7.578634492195672756e-01
1.849966705513203124e+03 4.825975644584821111e+02 2.872866019443300001e+00
1.972415798038407047e+03 5.053565697162140395e+02 7.520994806187278892e-01
1.763591232297553915e+03 5.093861263809174034e+02 3.083672731443674486e+00
1.671419410931911671e+03 5.378047180332996504e+02 3.046415568624809556e+00
1.847795917435273395e+03 5.549882029916823285e+02 2.891179232069411853e+00
1.782752020403449706e+03 5.867938979017802694e+02 2.667912558838575254e+00
1.684586964787398529e+03 5.932079716421866351e+02 2.890287083023011405e+00
1.762184369648578240e+03 6.483081544207160505e+02 2.984253032281305007e+00
1.866999933468196787e+03 6.632561384288901536e+02 6.001049130965535605e-01
1.744747383885361842e+03 6.988388455931782346e+02 1.653742319226380042e-01
1.974295113970757484e+03 4.050333697642010975e+02 2.758379878323010015e+00
1.874561950022318797e+03 4.332034238636571217e+02 3.526480134267276356e-01
1.850144788223996329e+03 4.820776148072195610e+02 2.886347996308360919e+00
1.970862485597052455e+03 5.063782971393411572e+02 7.674262594899303735e-01
1.849177029355945251e+03 5.564038534706658083e+02 3.012825401619982468e+00
1.870589408054524711e+03 6.619100047295928562e+02 6.079546299847777835e-01
5.078420768188241254e+02 6.016525733515286447e+02 1.786277580506919316e+00
5.075045236783397513e+02 5.987535351860331048e+02 1.751176882516200184e+00
1.155027998421473512e+03 7.521410975444573523e+02 2.647342446473290423e+00
1.223901308693887813e+03 5.627679471505869060e+02 4.535635221247752424e-01
1.232842020044895435e+03 6.210397834415047100e+02 1.786109013204613752e-02
1.176249077308573078e+03 7.323340602999625162e+02 1.996912059701114739e+00
1.293568352841806472e+03 7.557695259002429111e+02 2.196109893665193769e-01
1.266807284693946485e+03 8.044602884713561934e+02 2.512641104813165605e+00
1.221340499929903899e+03 5.639261048207297335e+02 5.858356266453772498e-01
1.395129844539911574e+03 5.877739267270261507e+02 4.385716809102906399e-01
1.230972282924587262e+03 6.203364715694071947e+02 3.110918864870368505e+00
1.189377189519503418e+03 7.180561041456961675e+02 1.803954551520867478e+00
1.293120353232552134e+03 7.552228458644606235e+02 1.863843096916600606e-01
1.498605729006796764e+03 7.547418505380577471e+02 6.889733960651467370e-01
1.266370134626831486e+03 8.048022280040512442e+02 2.476680381071133308e+00
1.535211026259094524e+03 5.835824289042840292e+02 1.075912444892489050e+00
1.391043053782633024e+03 5.874952713140143032e+02 3.471474292248463156e-01
1.582346130694444128e+03 6.333905338687363837e+02 1.581142361873995927e+00
1.643322095602190075e+03 6.280055579167390079e+02 2.071415548981457633e+00
1.505283357480798031e+03 6.857667147976482056e+02 2.779862937873801343e+00
1.657004993543178898e+03 7.215067830150940154e+02 2.312242734724678783e+00
1.494809664484218956e+03 7.554050838668586039e+02 5.582495080132507947e-01
1.594071353455045255e+03 7.849224571137192470e+02 2.210273149104414081e+00
1.532890315591804892e+03 5.817725920516700171e+02 1.096701747699438734e+00
1.782228663714498680e+03 5.845628897172248344e+02 2.944835199908248935e+00
1.682804877325812186e+03 5.938068454351015362e+02 3.114561061274359055e+00
1.582427798591467081e+03 6.316921500871779926e+02 1.565848607097262368e+00
1.642846284536691655e+03 6.364553168739821558e+02 1.870190307399576257e+00
1.763576731404688871e+03 6.457111707571599482e+02 1.300327695005984961e-02
1.748283499126133620e+03 6.965911061987397943e+02 2.809894728116411500e+00
1.654313815020942911e+03 7.239689442751794104e+02 2.187758674703518036e+00
1.744311516380799048e+03 7.589812912881566263e+02 2.559927977800937171e+00
1.591153417868573797e+03 7.868391045185237545e+02 2.077435260088761559e+00
1.717443254563524988e+03 8.539850965063903914e+02 4.928097210173689735e-01
1.849960791972082461e+03 5.521047587254097380e+02 3.007547697489239891e+00
1.783125438810153128e+03 5.851267162014725045e+02 2.885750058962776254e+00
1.696088722058963413e+03 5.920442100368518368e+02 2.048661420840606692e-02
1.763318690358729782e+03 6.461285226221771154e+02 5.034093177760730516e-04
1.868296845963057422e+03 6.615264461542564050e+02 5.535693345576131463e-01
1.746984921958134009e+03 6.974735206050348779e+02 2.940632334709764706e+00
1.830330931384045016e+03 7.597636328878571703e+02 1.451060380012733075e+00
1.743837575491170810e+03 7.619027034539859642e+02 2.568213994166450576e+00
1.965550867230725089e+03 7.713221128878518584e+02 2.204988941207576492e+00
1.719066581702751364e+03 8.518298462581192325e+02 5.963203751237703409e-01
1.853185734530950185e+03 5.540007556833542139e+02 2.319639721494155982e+00
1.867474267736475895e+03 6.616812805725521685e+02 5.730407810022869475e-01
1.828555677236376368e+03 7.599244124824098208e+02 1.470586009980087594e+00
1.963255615664375000e+03 7.701301371260725546e+02 2.245748093486696462e+00
1.906059493712742210e+02 9.468257476382113964e+02 2.957702874928187953e+00
5.243464174405850144e+02 1.002461197648053712e+03 2.599232618878271950e+00
5.273237006126753386e+02 1.007621918466779334e+03 2.623279297543457123e+00
1.005106684763345129e+03 8.655220060215426656e+02 1.665072198444126128e+00
9.575020784482935596e+02 9.694716585183496136e+02 1.838373070587481006e+00
1.156630423991573480e+03 7.502318227629383500e+02 2.742448951746802699e+00
1.003554977695501293e+03 8.658589296797927091e+02 1.609963199496109665e+00
1.067789565835041230e+03 9.008777967702628757e+02 1.698496024620455902e+00
1.132360013518383994e+03 9.213290498264000234e+02 1.381905856004685962e+00
9.569307597259894465e+02 9.705396982961801768e+02 1.848235855050842869e+00
1.027640752226741824e+03 9.999337437781584867e+02 1.580697820784465302e+00
1.194960571117077734e+03 7.086424630614399121e+02 1.820395225518768756e+00
1.156753297343430859e+03 7.518705794127905619e+02 2.674379214540329119e+00
1.294579309821679544e+03 7.550446052164096500e+02 2.416255877992881385e-01
1.266042042269084050e+03 8.026661388401199702e+02 2.598950089380542838e+00
1.067380296704324792e+03 9.010018484430202079e+02 1.692939832024360713e+00
1.310864304500365051e+03 8.815679096173007565e+02 2.071560843308459798e-01
1.131865614755997740e+03 9.219989273052440240e+02 1.405457284755798231e+00
1.305388737552968450e+03 9.745659885840161678e+02 1.884020561566513763e+00
1.179450608395485688e+03 9.832930474822323959e+02 1.692033813590914315e+00
1.239857405240147273e+03 1.000625763942415233e+03 1.711730686869877394e+00
1.293389712102644125e+03 7.542460718893092917e+02 1.998528521310296013e-01
1.497504965411057356e+03 7.517403224301619957e+02 6.360694406563884851e-01
1.264731716584664809e+03 8.020081918079914658e+02 2.554396698317454639e+00
1.435731911686882768e+03 8.839311273963262465e+02 2.588707454789212825e+00
1.309556975858115038e+03 8.816697397652108066e+02 2.369405402694305662e-01
1.377215315730330303e+03 9.745053223433219500e+02 1.424307954975712276e+00
1.304366238231013313e+03 9.744510860743116609e+02 1.816153874253195077e+00
1.494120137726463327e+03 9.767893073292589179e+02 2.959123481684901691e+00
1.236201359006051916e+03 9.982191103561074215e+02 1.720446302716187148e+00
1.496989505114443773e+03 7.526831400359300233e+02 6.062599954418247394e-01
1.594928852192565273e+03 7.849389722467002457e+02 2.191104269235273350e+00
1.434938868547091943e+03 8.843099170813723049e+02 2.561567377122956568e+00
1.375961637621610180e+03 9.734142377143648446e+02 1.475639534871498570e+00
1.495165176552719913e+03 9.758224921703431392e+02 3.010120609527723978e+00
1.655893549453079913e+03 7.225704788441717028e+02 2.363462799964535677e+00
1.743874879670771179e+03 7.601032670368125537e+02 2.579231153411083444e+00
1.593362471090330246e+03 7.852571677558773899e+02 2.344739665550183982e+00
1.716527386564738890e+03 8.504162275933995261e+02 5.116692953092205620e-01
1.778071646798017127e+03 8.799192277275390097e+02 1.327835792379840285e+00
1.829848720151844873e+03 7.598485970218458760e+02 1.468441758101361794e+00
1.742862143460449261e+03 7.609458039386712471e+02 2.609945158247628072e+00
1.965564281422819477e+03 7.699227830625019351e+02 2.273403849094943752e+00
1.714834994755185562e+03 8.505834001088799141e+02 4.960425327221056890e-01
1.777113978544442489e+03 8.799401817887592188e+02 1.325198926282598277e+00
1.827611839359336045e+03 7.601950195884464847e+02 1.388910440921512057e+00
1.962487126713680937e+03 7.685347787955629428e+02 2.283155233242278204e+00
1.905552823124107817e+02 9.450976034908028396e+02 2.911539191800491366e+00
1.136099236965468435e+02 1.110844416388826176e+03 7.198750316097110025e-01
2.723204151007134897e+02 1.145287529012262667e+03 2.401523777179503494e+00
5.301325667726839583e+02 1.006762691855054527e+03 2.598414685021494641e+00
2.691758447413293993e+02 1.145910827815392395e+03 2.415903920026056362e+00
5.264049109696134110e+02 1.005523125289297468e+03 2.588280101250928222e+00
8.124626506525301011e+02 1.159405352468790852e+03 1.688178091789808821e+00
1.005579223681397252e+03 8.701605541052033459e+02 1.545564420628784630e+00
9.574602701168355452e+02 9.691321196141072960e+02 1.803321086320682332e+00
9.567169251074878957e+02 1.077695141737114682e+03 2.281131394555646175e+00
8.076881084766314416e+02 1.163381094262011629e+03 1.655069330405861683e+00
1.068061960553706285e+03 9.012538958111240390e+02 1.745348404026514366e+00
1.132992519727354875e+03 9.210259831645537361e+02 1.420553233659784809e+00
9.575927471999555110e+02 9.713561326661442763e+02 1.860659935106433904e+00
1.028550403777788233e+03 1.000042641033892551e+03 1.621691774190839208e+00
1.072072508477936253e+03 1.043603415791443240e+03 1.043231417527790583e+00
1.119765493941275963e+03 1.076552761803072144e+03 7.700483421468237166e-01
9.565356807794601082e+02 1.078634401541425405e+03 2.281353600460741315e+00
1.095585764959015478e+03 1.174999821292238948e+03 7.379229656785224467e-01
1.307814021786928151e+03 8.806741020698298144e+02 1.766927382648054989e-01
1.065697182623682465e+03 8.999663660796816202e+02 1.799436287642993015e+00
1.132233323278055423e+03 9.211736933233858053e+02 1.417397226939033583e+00
1.304967198984998504e+03 9.738846825430762237e+02 1.913519344118894683e+00
1.179791535840216966e+03 9.823951487638414619e+02 1.736785029022665627e+00
1.239573851365694964e+03 9.987413352947958174e+02 1.709224808853109012e+00
1.071284505015385321e+03 1.042796428919567688e+03 1.058211970584885808e+00
1.118805064052466832e+03 1.075879986898838752e+03 7.767057710272539106e-01
1.290225769746142305e+03 1.089610012140736899e+03 1.922383778584006553e+00
1.333560503863286158e+03 1.148895137849976663e+03 1.690328629369062696e+00
1.094143069338716714e+03 1.172108486028434299e+03 7.019962893156185268e-01
1.307990284020826039e+03 8.798536992200968143e+02 2.550202255145092578e-01
1.436731757341524826e+03 8.824955053528028657e+02 2.679411929119502656e+00
1.376781588742804388e+03 9.737669865996504086e+02 1.350402618437738456e+00
1.303741244296296600e+03 9.732781276889543278e+02 1.786652113426072441e+00
1.495072686032370711e+03 9.750781541186731829e+02 3.058173246803919110e+00
1.237396080724897274e+03 9.990110500636917550e+02 1.605547118412644414e+00
1.479688159273409610e+03 1.054102325181535889e+03 2.286903198464430798e+00
1.288295977963201267e+03 1.089449116531662867e+03 1.801892093441034737e+00
1.406993551402873436e+03 1.083775632980277578e+03 2.731745489833984131e+00
1.330881738787450786e+03 1.148033995578409076e+03 1.671288407029362988e+00
1.417136239914275393e+03 1.169110211221049440e+03 2.443217577713837851e+00
1.456554199052256990e+03 1.170345042532040225e+03 2.734328495882319410e-01
1.434756987747330868e+03 8.826634980521387206e+02 2.645854976168546813e+00
1.376939428305772708e+03 9.726707963130932058e+02 1.364978525956128674e+00
1.495623014059066008e+03 9.744780263325737906e+02 3.109876787761002070e+00
1.478731846720622571e+03 1.053305318321649338e+03 2.194884075793773537e+00
1.406637371227392805e+03 1.083196803532158128e+03 2.704778512781482291e+00
1.617614140125460608e+03 1.153873209431794521e+03 2.464301307488813375e+00
1.416294295273150738e+03 1.169408665608217689e+03 3.138588931509532998e+00
1.476192112458373231e+03 1.170438455285819373e+03 2.858538329273927037e+00
1.777061395806772225e+03 8.810046961792756974e+02 1.338691603538744168e+00
1.622528452681196768e+03 1.160411366588672990e+03 2.597492826484842254e+00
1.775546865934249809e+03 8.788592973169400011e+02 1.356190411166892984e+00
1.138748522947381048e+02 1.109895277589303532e+03 7.468489554908395167e-01
2.720139816710692457e+02 1.144560781701082988e+03 2.393923042248688127e+00
3.053583276760566605e+02 1.298830080861992883e+03 2.950703585236883253e+00
2.707551791172596154e+02 1.144039631582245420e+03 2.400203413837457500e+00
3.030724883074150284e+02 1.298467112549637477e+03 3.018524593886306118e+00
6.216320142020724688e+02 1.182925756307379288e+03 2.423199093969017781e+00
6.495766809806793844e+02 1.261483559647713037e+03 2.524337530675044405e+00
8.092470986194136913e+02 1.163726621800485191e+03 1.652010132981464707e+00
6.192379536603322094e+02 1.182556746632362319e+03 3.106820405371162774e+00
6.472921454794634428e+02 1.260315235982942340e+03 2.524773004213761940e+00
7.476170557042727296e+02 1.279507123869748057e+03 9.326199482861734502e-01
8.489449885532110329e+02 1.315348353716122347e+03 7.420194636442117853e-01
9.569836215018074199e+02 1.075885482841977137e+03 2.239169443119992220e+00
8.087618311556435629e+02 1.162941218978984580e+03 1.713901016988017556e+00
8.947003128090934752e+02 1.202576876824253304e+03 7.810573568252133780e-01
7.475576921456199671e+02 1.278369436001147733e+03 8.779611260531910988e-01
9.863613419102728130e+02 1.290578382030907733e+03 1.482709576733163948e+00
8.483320449093303068e+02 1.311003454418101910e+03 5.678917489531387641e-01
1.071035266062845267e+03 1.040942207335524245e+03 1.127974421502640379e+00
1.120078865417652196e+03 1.074162831190727729e+03 8.460127279950082624e-01
9.564475440851556414e+02 1.077734862141071744e+03 2.243185476592987282e+00
1.094344238192009243e+03 1.172538940925956013e+03 8.337831132287583102e-01
8.923196582948862670e+02 1.204428264989670197e+03 7.431375313862851328e-01
9.836544967007657760e+02 1.291850663309255424e+03 1.416115147097459781e+00
1.126855452978073117e+03 1.299716697804796240e+03 1.244828259165154272e+00
1.067470086983659257e+03 1.040376617887523480e+03 1.066461181119338963e+00
1.118642635113683127e+03 1.075371611329721190e+03 8.187357444169020004e-01
1.289891279647249121e+03 1.087022553466541467e+03 1.939868270486230006e+00
1.333890963901977329e+03 1.148067756374641476e+03 1.822967161257219360e+00
1.092613587451186504e+03 1.173264415584820654e+03 7.940967416844002535e-01
1.296353897474568612e+03 1.252104238460206261e+03 1.630571677599938374e+00
1.201455274032655780e+03 1.292271967852343096e+03 1.194075184364425724e+00
1.125021709895571348e+03 1.298623808956217317e+03 1.141384104388881271e+00
1.480086653501900855e+03 1.051906993430093280e+03 2.303732543489290130e+00
1.288126779826713346e+03 1.085965311256293944e+03 1.817113099449325198e+00
1.406321669129517886e+03 1.082261307668700056e+03 2.710245834925954611e+00
1.331413072561932495e+03 1.145041564366748617e+03 1.684504014782895798e+00
1.419014764958468504e+03 1.168708690286686078e+03 2.476278192905428277e+00
1.481436487049482139e+03 1.166661025732906865e+03 2.744374821155852739e+00
1.295520184372557424e+03 1.250524750888831932e+03 1.482442975208444924e+00
1.199456546631813580e+03 1.288713578777827024e+03 1.071665308047022647e+00
1.342554355249408218e+03 1.305082285802043543e+03 1.160194985826952907e+00
1.495583874726636850e+03 1.294176324174021147e+03 2.203712644453911906e+00
1.406945393290068068e+03 1.331334801741654474e+03 1.680138483957442919e+00
1.478947230765530094e+03 1.052874595949299419e+03 2.170810929987522009e+00
1.406564040545061971e+03 1.082683607145738051e+03 2.728498351437049330e+00
1.623084088679557226e+03 1.157321956542303724e+03 2.597071308446924132e+00
1.418844745053772158e+03 1.169212915932676879e+03 2.374942286347357268e+00
1.480893278921313140e+03 1.166969944504234945e+03 2.721737010197974538e+00
1.555002162961163322e+03 1.273019710132086402e+03 2.884385942903336719e+00
1.493601779548856939e+03 1.297188292850867583e+03 1.982920962497771056e+00
1.427270002423593269e+03 1.326730043615294335e+03 2.105019760374700954e+00
1.383763446618120497e+03 1.334700572184842713e+03 1.297771313307578112e+00
1.621762144134371056e+03 1.156049589564671578e+03 2.585926800469271036e+00
1.554036926904522716e+03 1.272205297952748424e+03 2.857768772014416481e+00
3.059314446497422750e+02 1.297600673631086011e+03 3.005258855021221365e+00
9.727720143859556856e+01 1.424497341904849236e+03 2.279362498494322598e+00
1.765963909811102894e+02 1.432461927471184936e+03 2.393243900240257460e+00
3.029017036160144585e+02 1.296407368749914895e+03 2.972843480255201065e+00
4.344123777403310669e+02 1.479594845205534057e+03 1.698208820629124594e+00
6.476267529952469886e+02 1.259135020838725040e+03 2.549861308011398542e+00
5.646765659148646819e+02 1.398111047440080711e+03 1.005684415161336887e+00
6.509110200209436243e+02 1.435616708657038771e+03 2.223064186386608743e+00
4.310800047606414864e+02 1.479044836931831242e+03 1.708076937442660093e+00
6.173134034977315423e+02 1.496870837138043044e+03 2.103039191540534425e+00
6.468341013059284705e+02 1.258489564537800334e+03 2.475307064800106538e+00
7.488190912943731519e+02 1.277831519494850681e+03 9.504635117132153033e-01
8.507481955748770588e+02 1.309616323673682700e+03 6.681816178645275661e-01
5.628080453094398763e+02 1.399744958708522518e+03 1.079344606019144948e+00
6.497997710000621510e+02 1.435722244607032508e+03 2.179364442446386718e+00
7.536012415546790635e+02 1.456360390263928366e+03 1.139862688358681403e-01
6.151718767325022554e+02 1.498820711510501724e+03 2.169833397622895177e+00
8.958223711107691543e+02 1.200806421769770168e+03 8.595218163306117543e-01
7.481775962476492623e+02 1.278893693280966772e+03 9.816961496435526735e-01
9.849158711628558649e+02 1.289446638301205439e+03 1.499910791820060929e+00
8.492148225896862641e+02 1.310654657120946922e+03 6.029812332981052680e-01
8.691662567735711491e+02 1.384894419720625137e+03 6.988563816542352480e-01
7.524527264491605365e+02 1.457719347313915478e+03 9.323346664914401727e-02
8.914749956661135002e+02 1.200525929320699561e+03 8.545612149876085084e-01
9.835595877289269993e+02 1.289173560938209675e+03 1.458467813769293464e+00
1.126582424349642679e+03 1.295259699494185725e+03 1.239638937990332535e+00
8.662077890424034194e+02 1.385059315575433857e+03 6.398574527712240778e-01
1.126037172139491759e+03 1.384310562009278101e+03 1.653753093835384214e-01
1.141340108076084562e+03 1.451552658594754803e+03 2.986735413203388756e+00
1.295849862145428006e+03 1.247341038025011812e+03 1.603691157741815143e+00
1.201515129843162185e+03 1.289475329828124586e+03 1.218043960739986442e+00
1.124931887321549766e+03 1.295763406375992417e+03 1.182548750598874099e+00
1.241217340339388102e+03 1.347083043458235124e+03 2.979005399066546600e-01
1.123488862752314617e+03 1.385449393829271003e+03 1.681535890927648158e-01
1.306859133849523005e+03 1.428736296158624555e+03 1.832151043946695479e+00
1.139698432246543916e+03 1.451298727235647902e+03 2.989849563347309669e+00
1.295548602248734596e+03 1.249720514654602994e+03 1.540285443169562285e+00
1.196677138750875429e+03 1.290068252746602184e+03 1.123128840283025287e+00
1.342297899374919780e+03 1.304197517110115768e+03 1.210516572234759058e+00
1.496532319647766599e+03 1.296111325084470081e+03 2.196938388467711167e+00
1.430965828737958418e+03 1.321908770392583165e+03 2.287897747291463002e+00
1.384238420996415698e+03 1.341344166606923636e+03 1.398057047476224612e+00
1.239751035214117564e+03 1.347118512850038769e+03 2.928718167236946668e-01
1.305738259306852115e+03 1.427625874889869010e+03 1.777906214532859908e+00
1.419423128882544688e+03 1.435693758734481435e+03 1.608276941405212712e+00
1.495016561396230600e+03 1.439548262726490975e+03 2.304837617410106176e+00
1.554233385692845786e+03 1.271973003245572954e+03 2.866178240824740708e+00
1.493321564468617908e+03 1.295790586549143200e+03 2.046180381584737695e+00
1.431309034213383256e+03 1.323510317378959371e+03 2.146496086432216455e+00
1.383971007163032482e+03 1.341246070070740643e+03 1.339237561932224763e+00
1.653021794542794396e+03 1.358632062674321105e+03 2.584943867004001916e+00
1.418108679758487597e+03 1.435759340832442604e+03 1.520020204075727133e+00
1.495918191742068757e+03 1.441761970115955592e+03 2.083265616263019204e+00
1.554806567547863551e+03 1.430748802087061677e+03 2.785237996997424137e+00
1.554308951447832669e+03 1.271709240737690834e+03 2.862935154112614455e+00
1.652388758904913175e+03 1.358346443582161100e+03 2.541957879440706503e+00
1.747838680368361111e+03 1.383259658856422675e+03 2.318762223782905529e+00
1.552907175604193753e+03 1.429657546813056342e+03 2.832365195566649785e+00
1.665038794465930550e+03 1.449379461950716404e+03 2.288798668034282446e+00
1.742390430736200415e+03 1.452867809716672127e+03 2.514096675831838823e+00
1.746549174197480170e+03 1.381816766516917824e+03 2.414653901027080884e+00
1.741061431339026967e+03 1.451760992215753731e+03 2.603902972946950278e+00
9.837353316988543384e+01 1.422317263321785049e+03 2.366663351242630497e+00
1.765129396755282869e+02 1.431057361106875533e+03 2.472101061771021069e+00
3.595895536607313261e+02 1.519182357875778052e+03 1.284221970100876797e+00
8.843620840135764638e+01 1.634789254225452169e+03 1.823420983711716126e+00
4.337958085274744917e+02 1.479548589884213925e+03 1.681110444601899623e+00
3.577491477382509402e+02 1.519888590589937394e+03 1.278395217824601859e+00
5.154708377423721686e+02 1.573119831041625275e+03 2.406806639142700543e+00
5.647884711281069485e+02 1.397614884966612408e+03 9.664209863245935006e-01
6.502818318035621132e+02 1.434906702745137409e+03 2.279443268300604952e+00
4.332488984339148601e+02 1.478957489137401126e+03 1.651059155075898621e+00
6.185261127826753409e+02 1.501097886472367691e+03 2.142626517350009863e+00
6.983135583443661289e+02 1.548783537570559020e+03 6.731829728496770970e-01
5.150769278810746528e+02 1.573875764905877986e+03 2.371914378256326117e+00
5.850248148002968946e+02 1.572614804757364936e+03 1.683266521584490416e+00
5.626589423707620199e+02 1.395317518399409892e+03 1.051439677013917828e+00
6.487339868595396410e+02 1.434557845831580380e+03 2.136254994260024631e+00
7.538061571933694722e+02 1.455615741187785261e+03 1.500644740301004254e-01
6.166999472348618383e+02 1.500082476093961759e+03 2.030681392657532669e+00
8.217554738469173117e+02 1.513770579162852300e+03 1.724610253857392916e-01
6.960712513070438945e+02 1.547343826777721233e+03 7.671954810453177620e-01
5.828104905953255184e+02 1.572338026709905989e+03 1.597705451300898361e+00
8.173515069777440658e+02 1.568260989969846833e+03 2.755568331165749729e+00
7.329150855016100650e+02 1.631720725447553377e+03 2.500146538622762371e+00
8.208470076632072505e+02 1.648122643658018660e+03 2.789281596164517651e+00
8.699983742382664786e+02 1.382908246621858552e+03 7.925567634046969401e-01
7.534966757285698122e+02 1.455924117776744197e+03 1.536069210426287412e-01
8.210833850212129619e+02 1.513519150547497475e+03 1.569401412026869003e-01
9.714393185540302511e+02 1.528503662076691853e+03 5.040674905986874954e-02
8.161685005891886249e+02 1.568991864432161492e+03 2.724168916204480873e+00
9.583143061969708469e+02 1.594422229917905497e+03 2.292028333526609174e+00
7.297898111886339620e+02 1.632947289684967018e+03 2.423137432132373981e+00
8.268785902419542708e+02 1.652557568638042085e+03 2.788107467920517557e+00
8.666472302026697889e+02 1.381747058958234902e+03 7.298255603806677039e-01
1.125616238865964533e+03 1.382908209913720611e+03 2.716610962444651056e-01
1.141873683842083437e+03 1.450126188569954593e+03 3.039786477115463015e+00
1.083956610290332492e+03 1.533016119147951940e+03 1.400496029030003253e+00
9.686315296326508815e+02 1.528150487467738458e+03 5.253995213652537521e-02
1.181444011047165532e+03 1.542729600248114593e+03 1.825842313962220853e+00
9.560914457566136662e+02 1.594303249564972248e+03 2.347874493404961349e+00
1.140314408899112095e+03 1.600671251102514816e+03 2.062216789126469330e+00
1.112041188525024609e+03 1.644941958650926381e+03 2.642837168972716810e+00
1.124403597207569646e+03 1.384915116731327316e+03 1.528319700606740605e-01
1.307087059184283817e+03 1.424136926951603073e+03 1.762278269995174451e+00
1.139826822432802601e+03 1.449739403993746919e+03 2.952406104082531346e+00
1.255322244420749030e+03 1.522280657692525438e+03 1.019713706873647707e+00
1.083746722786949249e+03 1.533339721247320313e+03 1.456515006439726534e+00
1.179494980253056838e+03 1.543665168288400764e+03 1.872166618019871498e+00
1.330883450672653453e+03 1.571600872675242954e+03 8.491348956270557968e-01
1.138372763047930221e+03 1.602683073935888842e+03 2.130310347918984881e+00
1.225455863528866303e+03 1.613100913562268033e+03 7.879259957555793115e-01
1.315929764519765968e+03 1.628414208445689383e+03 8.779209198861679386e-01
1.111701806068312862e+03 1.646184925269513315e+03 2.732482765833281313e+00
1.305248996570268446e+03 1.425621490419011252e+03 1.814330817416213160e+00
1.418944218523084828e+03 1.433277844653649254e+03 1.662260265441913853e+00
1.497899344494733896e+03 1.441951905278143158e+03 2.225062021966628389e+00
1.253825704812488539e+03 1.522705534949799585e+03 1.005386658667526856e+00
1.445884175126881246e+03 1.531502653118932130e+03 3.852009137309263531e-01
1.329840896655151028e+03 1.566503100194112449e+03 6.170882106895342334e-01
1.447120848288760271e+03 1.601807982662211089e+03 3.039236294926749959e+00
1.224404632063935424e+03 1.612764801730344971e+03 7.455204103168290297e-01
1.316543208445817754e+03 1.626465665504659000e+03 7.661167431573454589e-01
1.408799578635459056e+03 1.657152718321177872e+03 5.182788931735867743e-01
1.654768739545711924e+03 1.353311578247531088e+03 2.544773856243066401e+00
1.418022782669064554e+03 1.432983316944870239e+03 1.589357775147389518e+00
1.495522536587006698e+03 1.439823131509834639e+03 2.149280436753835843e+00
1.554593262811014711e+03 1.428561443557153552e+03 2.730861892828951198e+00
1.444532571014015730e+03 1.531198865720936965e+03 4.419273918576329674e-01
1.608664515664121609e+03 1.577501370806983687e+03 1.919501244986987709e+00
1.544538858067652200e+03 1.594343617187894324e+03 1.336025553117528464e+00
1.445419709415877605e+03 1.602010694144550598e+03 1.180045061589761746e-01
1.414059541838461428e+03 1.650314803016359974e+03 6.067232147699399558e-01
1.652584710549863985e+03 1.357353206275787443e+03 2.646767138928681984e+00
1.748579830137775616e+03 1.381295083086300338e+03 2.407801366966710432e+00
1.553604814682357528e+03 1.429210473942117687e+03 2.815986063641198633e+00
1.664716975953172323e+03 1.447610270163679616e+03 2.406190823970454584e+00
1.741093316409417639e+03 1.450632085181175853e+03 2.565712880327027268e+00
1.767649237513896651e+03 1.558405456041448815e+03 1.953354935814314297e+00
1.665276524692568728e+03 1.572534355685023456e+03 2.083825989768035569e+00
1.606563412810317914e+03 1.577522234189151050e+03 1.848250565072016238e+00
1.542321117460452115e+03 1.594995201319987473e+03 5.023218174498360611e-01
1.747508389125817530e+03 1.382626485729069600e+03 2.496434542207172314e+00
1.740750468230346314e+03 1.451350074774694122e+03 2.574157363755599004e+00
1.852953597807828146e+03 1.555081102552229140e+03 2.269042011419212024e+00
1.766398413411503725e+03 1.558551327611683746e+03 1.946455984957089047e+00
1.824787971343605250e+03 1.656246936773733523e+03 1.973802470487079797e+00
1.854970875938993458e+03 1.549338393410858316e+03 2.674090118804881566e+00
3.590831058556934750e+02 1.522573838462745471e+03 1.361205822810113153e+00
9.086148040127400805e+01 1.636074132070672022e+03 1.851527329578291692e+00
2.183548151305172951e+02 1.735322682617323153e+03 8.869995974671139871e-01
3.580864934906105645e+02 1.519666917408831068e+03 1.319199061010581930e+00
5.176584885708753063e+02 1.574871862704555042e+03 2.446233663032673533e+00
6.939766026093444680e+02 1.548885164107167611e+03 7.871901697208113502e-01
5.140060981826991338e+02 1.573292328808835464e+03 2.255067271881609159e+00
5.845079867794190704e+02 1.572748525747503663e+03 1.650294258131470126e+00
6.680268152547132559e+02 1.664276845284557112e+03 3.575143985587872410e-03
6.064749388872372720e+02 1.715456754692087543e+03 2.975535180395871837e+00
8.193709760665415160e+02 1.515020624219026558e+03 1.365687608440057654e-01
6.953191627485502977e+02 1.547588195725619471e+03 7.987371749176257474e-01
5.815064909789265357e+02 1.569060054301260379e+03 1.696610873332852432e+00
8.191745334234296934e+02 1.566653641278277746e+03 2.789933431571009592e+00
7.330921238956735806e+02 1.630528959345515659e+03 2.506224771913961202e+00
8.282709325520291941e+02 1.648168762075597897e+03 2.812507116864853440e+00
6.677880705625282189e+02 1.663335051297158770e+03 3.124964062942372944e+00
7.321029386380145070e+02 1.713398171123031261e+03 5.953715853629210075e-01
6.056807417150955644e+02 1.713557045465949159e+03 2.948948297673544605e+00
8.128626587716844369e+02 1.768323302930504724e+03 1.620001206633542967e+00
8.203621345128187841e+02 1.510319834243843161e+03 1.810388250635180662e-01
9.706265492778331918e+02 1.527505401504248539e+03 9.935894695267415144e-02
8.166067226920129087e+02 1.568437001808049899e+03 2.791682883558395556e+00
9.580182517877087776e+02 1.593207081271423931e+03 2.324617696056071381e+00
7.299811918630271066e+02 1.630820084575629835e+03 2.543917828274645743e+00
8.276598173526973596e+02 1.648798531845264051e+03 2.851570707465017396e+00
7.312530538667007249e+02 1.713210784108339794e+03 6.088998084228883778e-01
8.788948803109440178e+02 1.722010251496175215e+03 2.584128154882375572e+00
8.117464849421750159e+02 1.765294295300745716e+03 1.576377910675187621e+00
9.029164344464284113e+02 1.808756921299521309e+03 2.680268515547810537e+00
9.876314996647240605e+02 1.808204950911997003e+03 2.425730559850218349e+00
8.525545139353268951e+02 1.687269913468989898e+03 1.786648107113743444e+00
1.084733974559491799e+03 1.530612070784859270e+03 1.404336076917682696e+00
9.688401718096081368e+02 1.527377752386192014e+03 6.432628392437285403e-02
9.562205356349168142e+02 1.593313339090833551e+03 2.344178011975405873e+00
1.139768219541261487e+03 1.600981118019433325e+03 2.035622088770050908e+00
1.115579186854575255e+03 1.645486987515433611e+03 2.742040068282849852e+00
1.088566430643473268e+03 1.692664200443951358e+03 6.875705612592510063e-02
8.775705433999066827e+02 1.724619282622146102e+03 2.656523388487594062e+00
1.035587903184050447e+03 1.772311880409801688e+03 1.822671414821351865e+00
1.171903158399296899e+03 1.788946846394118438e+03 2.950795108918625509e+00
8.986004941028857047e+02 1.805478918889994020e+03 2.691702855809512851e+00
9.931853244242354322e+02 1.810125814274064396e+03 2.691296216482949699e+00
1.253793885512652651e+03 1.521272197925778300e+03 1.036274087895821872e+00
1.080882878207363319e+03 1.531258464749548239e+03 1.486549741612710474e+00
1.178729365433731573e+03 1.543365668157882965e+03 1.842291592880318740e+00
1.331829582876831864e+03 1.575947769533231394e+03 1.021736132030492072e+00
1.138124317645726705e+03 1.602195269409163075e+03 2.057818837850615701e+00
1.224331694102214897e+03 1.612010538718052658e+03 8.029697357762162202e-01
1.317065984600458250e+03 1.624955392163135684e+03 8.304643979039405544e-01
1.113088214752388467e+03 1.645819030762183274e+03 2.682525446036684524e+00
1.085020439514508553e+03 1.691549142679123179e+03 3.693516004049847423e-02
1.185531583575313334e+03 1.717891312339478418e+03 7.625183070574249600e-01
1.341573265055174716e+03 1.723706971423393952e+03 1.639908907320448417e-01
1.031460766401403134e+03 1.770304823230565489e+03 1.897417560663888336e+00
1.269916314969414998e+03 1.776697819581173917e+03 2.268602735395670589e+00
1.175045805791696921e+03 1.790761006953948026e+03 2.946785973573737838e+00
1.251715755582836437e+03 1.520316330989205881e+03 1.041089834204101727e+00
1.442766101707529742e+03 1.532105419719235215e+03 3.916136428528805280e-01
1.330014371622196222e+03 1.565815080821085530e+03 7.256424580161883187e-01
1.224581543930081807e+03 1.611047835606675108e+03 8.340071773943527056e-01
1.446591890632836112e+03 1.601717551536840347e+03 2.998302122756567378e+00
1.316733361542469765e+03 1.623890378113347424e+03 8.690721290676090005e-01
1.410910293505924528e+03 1.652248697191154861e+03 6.022396865626371554e-01
1.464623158802867238e+03 1.700545236254083648e+03 7.718512445076050055e-01
1.186170894289268062e+03 1.715430290514199214e+03 7.498546510506451934e-01
1.342331222467093085e+03 1.721234029443393865e+03 2.677671860045587326e-01
1.491232604207166787e+03 1.768969191454604015e+03 1.481005638445635153e+00
1.268122740837776064e+03 1.776616738392179286e+03 2.276329557938815640e+00
1.443034271810901373e+03 1.528813447549767261e+03 4.046013975505514115e-01
1.608397401764190363e+03 1.577186975323089200e+03 1.995140072366728079e+00
1.544351425800140305e+03 1.593405288272830830e+03 1.403894634831496457e+00
1.444842481000688622e+03 1.601152819076628930e+03 3.127028320295222930e+00
1.408910860362048652e+03 1.652712951181658582e+03 5.384763691356154736e-01
1.556095075741909568e+03 1.676720421230074635e+03 1.255402024115826576e+00
1.463141075114642945e+03 1.700705008271823317e+03 6.961985392623076807e-01
1.656889366974176482e+03 1.704881652745019210e+03 1.390155385103260643e+00
1.488062674004299879e+03 1.770295563352884074e+03 1.506352541474897722e+00
1.571615286249320206e+03 1.794681515440529665e+03 2.148709524479730959e+00
1.767007935114811289e+03 1.555399389400418158e+03 2.069758264506597278e+00
1.664158910744801688e+03 1.569700459316311708e+03 2.199261004712402823e+00
1.605669719714503572e+03 1.576110885245258260e+03 1.964451173629423675e+00
1.542741371657285299e+03 1.592270223792167371e+03 1.296050613731420942e+00
1.554843512531621172e+03 1.677063913479739767e+03 1.116663739212265138e+00
1.652460078634929005e+03 1.702588239564044670e+03 1.249469522443727332e+00
1.709450756060675303e+03 1.755043345183859628e+03 2.055739176092217235e+00
1.568497279227810395e+03 1.793784780455348027e+03 2.202399466844856324e+00
1.799299378632594653e+03 1.791100973765334857e+03 1.268289621229512942e+00
1.851905302029038012e+03 1.555374310539131784e+03 2.395285068074838986e+00
1.765915116332454545e+03 1.556689146325491038e+03 2.066778937525124427e+00
1.823698708462675313e+03 1.654532030415167128e+03 2.095773259560895330e+00
1.708783430915600320e+03 1.757402382197999486e+03 2.017723275013420192e+00
1.795533457486038515e+03 1.789798139341190563e+03 1.368343237118857081e+00
1.852029249685673449e+03 1.810235269777922895e+03 1.424373115703943871e+00
1.876839235798620848e+03 1.533828249639849446e+03 2.954476391694774495e+00
1.852297823811261424e+03 1.807763020566997966e+03 1.454805691710763460e+00
1.840255107174568366e+03 1.583080705562203093e+03 2.364958496270792576e+00
2.187132047595538324e+02 1.733125666637921540e+03 9.742160387460608861e-01
2.143286099590556546e+02 1.874443141043245987e+03 2.874733093956117536e+00
1.412178114972715548e+02 1.912497242490193457e+03 2.887151616241178775e+00
5.031918712344578353e+02 1.935611325572279384e+03 4.642645237056539642e-01
6.057870012999760547e+02 1.713864032591310206e+03 2.951440961605386715e+00
4.984648873174865003e+02 1.934857130961130224e+03 4.871451482168481228e-01
7.321925394295533351e+02 1.713365473082440758e+03 5.663705331358527273e-01
6.046273833769555495e+02 1.713224578482716879e+03 2.952399975543784638e+00
8.118678588872148794e+02 1.764577670558002183e+03 1.607651080944652033e+00
7.517436730727558825e+02 1.846622581906771757e+03 3.131130674778560330e+00
8.045390564822823762e+02 1.939056655269725979e+03 1.738004881702251536e+00
7.481581040177056821e+02 1.941460236091297247e+03 1.456139622069656525e+00
7.318915389791957296e+02 1.709050884627750747e+03 6.092116853576560187e-01
8.783982392087420976e+02 1.721129102569013412e+03 2.583716999045928997e+00
8.112923411429022735e+02 1.763499611413860748e+03 1.578603173219712996e+00
9.021938335527129311e+02 1.803856532564456757e+03 2.805450190937123445e+00
9.976347602599312268e+02 1.807028129758047044e+03 2.769414606177737603e+00
7.507427966208563248e+02 1.846870327344597627e+03 2.719247111519765281e-02
8.769455577941030242e+02 1.850947794921631157e+03 2.904563464732256683e+00
1.015369172654446402e+03 1.894483617932431116e+03 6.171232430531973234e-01
8.038484076922106851e+02 1.939016787064591881e+03 1.769062075543705426e+00
7.479654728775357171e+02 1.940432786440925611e+03 1.512547405066913653e+00
9.631056885499615419e+02 1.972306643978437023e+03 2.916729195832343358e+00
1.088923185947900265e+03 1.690749333411005637e+03 1.156326799956515217e-01
8.807323797462120183e+02 1.726082799822660263e+03 2.585145759819997391e+00
1.035789319961864976e+03 1.772006567326253617e+03 1.790142524029944004e+00
1.177218341226519897e+03 1.789594795379762218e+03 2.999720724832340757e+00
9.004379021793563425e+02 1.804542717007912415e+03 2.655981964033663267e+00
9.942113313985594232e+02 1.806297187498384801e+03 2.586970840825241424e+00
8.742519055597201714e+02 1.850384870580712004e+03 2.756465379568076912e+00
1.014445981600333198e+03 1.892532494896984645e+03 5.808376444120528781e-01
1.101998280121784546e+03 1.917685318925777210e+03 4.698924567419875964e-01
9.627542179439021766e+02 1.974213364392388030e+03 2.870638302539628484e+00
1.088123051611680921e+03 1.686274415874320994e+03 8.856639587258167967e-02
1.187168796840704999e+03 1.715413122363326465e+03 8.446184566020480400e-01
1.270096221822827829e+03 1.775444095408108296e+03 2.199869359693484405e+00
1.178140974280152022e+03 1.790468677370480009e+03 3.044590565738166443e+00
1.205804656553947552e+03 1.850316365972767017e+03 3.123707456696061424e+00
1.101562328706068229e+03 1.917571733167022103e+03 4.758645612682887438e-01
1.243550471491298140e+03 1.950486471280783917e+03 2.933429552320695244e+00
1.462878658383682705e+03 1.699306181350464158e+03 7.544059415566235494e-01
1.341075378812150802e+03 1.720131570205131084e+03 3.404457541747407112e-01
1.489813030242702780e+03 1.769259757732429307e+03 1.440664492775022509e+00
1.268009390786136009e+03 1.774978710556978058e+03 2.257327992711672060e+00
1.381109948967090304e+03 1.829973211314811579e+03 2.419685070722327858e+00
1.200815092914427623e+03 1.850131645473351909e+03 3.086515741816695968e+00
1.352643577726607418e+03 1.872760325641292184e+03 2.953632128411354696e+00
1.469147063462137794e+03 1.913894308756635837e+03 1.363929295917342355e+00
1.363091185796295122e+03 1.929395440448031422e+03 3.032742764734425722e-01
1.237998238499141962e+03 1.951383516651674654e+03 3.028688507137313302e+00
1.555334211749393035e+03 1.675739663561957514e+03 1.192578100980055567e+00
1.462802233083632018e+03 1.698723957156808638e+03 7.066269703350488429e-01
1.655127914927524444e+03 1.705053442207283297e+03 1.110965569594676960e+00
1.488052895675715490e+03 1.769719800078535400e+03 1.437276882102907383e+00
1.571977307381666151e+03 1.792607035123788137e+03 2.209049129824756985e+00
1.380890583523631904e+03 1.829089862436131170e+03 2.571252051046515330e+00
1.528636822546018493e+03 1.857408485983159608e+03 1.825728955336439308e+00
1.351648553396573334e+03 1.874513050759035423e+03 2.998156267601238323e+00
1.466603837974148746e+03 1.912584358114285351e+03 1.312715951470233788e+00
1.379245242369936932e+03 1.954723807001261321e+03 1.837988130200551407e+00
1.553120918132547786e+03 1.677552707688483906e+03 1.094074406580707093e+00
1.652112378305008178e+03 1.701688251985927309e+03 1.300935118730899065e+00
1.710231450933826636e+03 1.754738221669188988e+03 2.018586292906563440e+00
1.797093247387874726e+03 1.789643790141033378e+03 1.409534035746216496e+00
1.571179288463937610e+03 1.791889032274775673e+03 2.211576602606915021e+00
1.527533043734868897e+03 1.857762354788262655e+03 1.816865229845844532e+00
1.685227859634471088e+03 1.836459498275275109e+03 1.414839395415649625e-01
1.709129181499296010e+03 1.754669931665779359e+03 2.025412259927936276e+00
1.795029766430972586e+03 1.789679140092076068e+03 1.407355376192008345e+00
1.852342795999759574e+03 1.809131339869208659e+03 1.462699818639759286e+00
1.682526615105500696e+03 1.837126450289724062e+03 1.676601427718981407e-01
1.850436419625584904e+03 1.808304291960441560e+03 1.531845039516574136e+00
2.139082480005564548e+02 1.873371196289782347e+03 2.921067332074107625e+00
1.405060888552164329e+02 1.911312902929702886e+03 2.933253585196249791e+00
5.018548499187079415e+02 1.933700174895826422e+03 4.602273529288424814e-01
4.993287270295106737e+02 1.933364117287739191e+03 4.428034686055681290e-01
7.527533097526400070e+02 1.845399979484199775e+03 5.059745292180030385e-02
8.056459520012220992e+02 1.937433981518291603e+03 1.810124376990802642e+00
7.487488308070254561e+02 1.940217246126896953e+03 1.455167754077032471e+00
8.769929415406604676e+02 1.851994468169950096e+03 2.879660531345446195e+00
7.541941428381148853e+02 1.847635799021510365e+03 5.567277489189431661e-02
1.012965163831265272e+03 1.894262702730241926e+03 6.406474838022275797e-01
8.046949260528003833e+02 1.938402544655376005e+03 1.767120782703304194e+00
7.469866193020907303e+02 1.940646169938448111e+03 1.456692891151561753e+00
9.669647622808470260e+02 1.972054273840671613e+03 2.938105354381742806e+00
8.818444697208840353e+02 1.856589755143682169e+03 2.691907260011815683e+00
1.015775508675411402e+03 1.892069804486512112e+03 6.002329375096125963e-01
1.104471460143475724e+03 1.917017958211839868e+03 5.115591389857508942e-01
9.664464261629300381e+02 1.971318507514138219e+03 2.846424204155400428e+00
1.079702290054228570e+03 2.014162938100903830e+03 2.075462149746602480e-01
1.204740740837330350e+03 1.851124876657976984e+03 3.137862005152410649e+00
1.101798610421393960e+03 1.917322937294541134e+03 5.228580358507670667e-01
1.241757973739432373e+03 1.948645521807752630e+03 2.948553850180832381e+00
1.076784298637734537e+03 2.014056783793681461e+03 2.144263618241278313e-01
1.383028117388932515e+03 1.829989708223134357e+03 2.633148322141932507e+00
1.207540875052960928e+03 1.851737718882273384e+03 1.057476645577318380e-01
1.352712049843528121e+03 1.872769077875584344e+03 2.993897838465572114e+00
1.468069111800554538e+03 1.911833115384640678e+03 1.402875038350029246e+00
1.362153531608440517e+03 1.929395525246713078e+03 3.315012225899804377e-01
1.240402366749286330e+03 1.949305391962963313e+03 2.990570582697508417e+00
1.383319212626179706e+03 1.985290165018983316e+03 9.278925478218251754e-01
1.385495393416168099e+03 1.835657711606788325e+03 2.752854695684090025e+00
1.529889121872991154e+03 1.857196363013018527e+03 1.878663481260974821e+00
1.358328700747319090e+03 1.878383768423604579e+03 3.375966596164760997e-02
1.467306169084300336e+03 1.912673557060270468e+03 1.362107451227337673e+00
1.360662668761558507e+03 1.928894831569697544e+03 2.542016446462290191e-01
1.382840865719277645e+03 1.986150951573592465e+03 8.602065925856891004e-01
1.685237809711286445e+03 1.836210432598537409e+03 2.815134213331756952e-01
1.527577052340575619e+03 1.861350416090587942e+03 1.854960015457750799e+00
1.691366492018696590e+03 1.837263314525489022e+03 3.174342721051728877e-01
1.078468066183061865e+03 2.013882035447524231e+03 2.908774668978580946e-01
1.080711455076721677e+03 2.015299296341558147e+03 3.363215365620649266e-01
1.379763772638499404e+03 1.991006840136773917e+03 8.929547336706575855e-01
1.380841149561912061e+03 1.990449201156375238e+03 1.005396189939294249e+00
