4.790185707239040767e+02 4.202162262206761625e+02 1.300433855268212868e+00
4.777523076831571416e+02 4.202995311744568880e+02 1.302925849059788366e+00
1.298395390497416201e+03 4.531514993283233252e+02 7.187479039283536375e-01
1.206816528017892779e+03 5.366330456690089932e+02 1.310368930119831354e+00
1.298326294218202975e+03 4.534343654684081457e+02 7.480924838344081840e-01
1.373681179434146998e+03 5.027629860188690145e+02 3.067588375538922385e+00
1.206476817743879337e+03 5.337653437204078273e+02 1.250325179031531064e+00
1.375397351789119512e+03 5.041367828550944523e+02 8.100797974927090306e-03
1.690753831191078916e+03 5.291433317546609487e+02 8.195306110038338976e-03
1.695046440874039263e+03 5.302660656039793139e+02 3.055244344432695325e+00
4.773924765110549515e+02 4.199182722290571519e+02 1.274883231548632700e+00
4.999646369033629298e+02 6.716212913843869501e+02 2.720291548264336612e+00
4.778847001067333622e+02 4.181885284730883541e+02 1.245226906905076758e+00
5.049847653791445055e+02 6.741699948185107587e+02 2.743598921674298641e+00
8.220909707130142579e+02 6.498547431484686285e+02 1.194069743591135380e+00
7.277795959858254946e+02 6.707136022342963315e+02 1.506330332509798309e+00
8.209111148711640453e+02 6.495753337057606132e+02 1.189640062412803401e+00
7.272892980059974661e+02 6.675477259782426245e+02 1.565615554194702996e+00
1.113707089651321667e+03 5.991960155315914562e+02 6.488541579102544699e-01
1.122999059956914380e+03 6.676358288508504302e+02 6.276604730058794601e-01
1.297135691468930418e+03 4.530901973933015370e+02 6.663824869722932975e-01
1.205665432067202801e+03 5.365025096575568568e+02 1.320450162152900342e+00
1.328274672113051338e+03 5.591309535101089523e+02 3.250285627549968637e-01
1.112146289931332831e+03 5.997650411240749690e+02 6.165161652371302647e-01
1.300210369149957842e+03 6.180336672292150979e+02 2.441859099477685202e+00
1.122235235607964114e+03 6.658830101947053208e+02 5.799020029105741436e-01
1.298212258488531688e+03 4.525595695169013197e+02 7.118663928489047388e-01
1.372929083962535969e+03 5.015539180583999723e+02 3.014310779805937646e+00
1.205712413751094800e+03 5.365562374312324891e+02 1.275160016341120528e+00
1.325978787080079655e+03 5.593882341551104673e+02 4.211769930357436853e-01
1.301301996490745751e+03 6.194905254092540190e+02 2.516634129586301061e+00
1.415629982414920050e+03 6.820799157304986693e+02 2.211967016972598427e-02
1.372632907005045354e+03 5.019255244092070143e+02 3.041978468440256655e+00
1.555969114134127040e+03 5.721040793867937282e+02 1.278879730238491885e-01
1.415385789291763786e+03 6.817380926858440944e+02 1.653986634254629995e-01
1.690943603849415922e+03 5.281089844028842890e+02 3.080466643536553750e+00
1.552681764279022218e+03 5.725219265553155310e+02 1.968836705324388814e-01
1.752273797562523214e+03 6.042556933477175107e+02 2.915200149023741361e+00
1.690252577154615665e+03 5.283559491886433079e+02 3.103157363513277645e+00
1.751118488707081724e+03 6.042642956541624244e+02 2.949384808747062880e+00
5.039017967978056731e+02 6.715541429156185131e+02 2.687364879830600461e+00
5.177643479404691789e+02 7.960410346521267684e+02 2.206860362317115243e+00
3.666448102021905697e+02 8.570668666355890082e+02 6.870949785185029857e-01
5.039644542127849718e+02 6.720508898097783685e+02 2.713993771349990425e+00
5.420157115810131927e+02 8.019078068348840134e+02 2.142559466077268659e+00
6.397495092699217594e+02 8.492985035128843947e+02 1.245254612853305964e+00
8.212436122619478738e+02 6.492015118648937460e+02 1.101338783699677304e+00
7.282342455490479551e+02 6.694971920186353600e+02 1.433194375244981833e+00
8.545527585039449150e+02 7.423299495170682576e+02 1.448476875227170613e+00
7.911921420841149484e+02 8.002763356679350863e+02 1.916863149931501864e+00
5.662749758144725547e+02 8.010785161746332506e+02 1.555963875989894829e+00
6.372379704261398956e+02 8.496445031248708801e+02 1.231299210635191210e+00
6.997823725943715090e+02 8.611900967995213705e+02 1.816252934273326236e+00
8.201770304017162516e+02 6.503086389539937500e+02 1.112774827538329792e+00
7.275756678942218514e+02 6.706150715626877172e+02 1.465114667749696231e+00
8.511906551311400335e+02 7.399200598621191602e+02 1.346696736132657612e+00
7.900758703691598157e+02 8.009367703504537985e+02 1.931298139387640056e+00
8.836040783610628750e+02 7.983658765829294452e+02 6.524275326565380784e-01
9.137331274958964968e+02 8.532638303619482940e+02 4.979254320776996812e-01
1.115926013767714721e+03 5.963530061702219882e+02 6.494917689422449181e-01
1.126115460446919315e+03 6.620182558996414173e+02 6.024835929374333654e-01
8.848433764474948475e+02 7.974608365470371609e+02 8.066825313025571820e-01
9.142259306199061939e+02 8.492583605119239110e+02 6.086626654918509960e-01
1.106195952829160206e+03 8.559507466199499959e+02 3.071102343591936901e+00
1.113449068363702736e+03 5.995613579221796954e+02 6.344628134147793919e-01
1.302728973806822978e+03 6.170042408187683804e+02 2.446234040142501343e+00
1.123352554007888557e+03 6.645406687851354945e+02 5.810956066802703823e-01
1.312676740102424219e+03 7.034447002690540103e+02 3.003456777249634779e+00
1.189598089045701727e+03 7.441229062613724636e+02 1.087945973874061112e+00
1.213079177565198734e+03 8.016434281972057079e+02 6.683558078087910026e-01
1.106937203223466213e+03 8.586853405382821620e+02 3.140822822052784513e+00
1.328345872308172602e+03 5.559422892308760993e+02 4.885704215623931090e-01
1.301391324639529557e+03 6.180818044037272330e+02 2.491587132929860449e+00
1.415417939405278275e+03 6.794061624596679394e+02 6.509291417944186586e-02
1.312102950787933423e+03 7.030017573609263764e+02 3.085287373860863713e+00
1.188780813862170362e+03 7.426649072105645928e+02 1.045897073249320464e+00
1.211926798547003500e+03 8.009843239931261678e+02 7.003049609859633984e-01
1.407186482825621624e+03 8.202435670284273783e+02 2.600802732213324475e+00
1.362765130578501385e+03 8.433786558472834258e+02 2.029990325342200030e+00
1.556279169550700999e+03 5.711626766485637745e+02 1.372037777583658691e-01
1.414478180264384946e+03 6.796326564318762848e+02 7.377707591988869051e-02
1.508457217552460406e+03 7.648631572925328328e+02 4.340075234470698318e-01
1.628712887985326233e+03 8.212739718839836769e+02 8.331531629045330067e-01
1.403206669549461139e+03 8.211071739233655080e+02 2.626191692379992837e+00
1.361323421870076345e+03 8.397028471969831571e+02 2.297408209604855145e+00
1.553487233609345594e+03 5.706485705626139406e+02 1.495416953379867797e-01
1.751627491202325928e+03 6.031216364635970422e+02 2.894219285732699376e+00
1.506929940350075412e+03 7.652987707670898772e+02 4.144759177291313379e-01
1.716613935069580975e+03 7.837797843742928308e+02 2.465251777179260806e+00
1.805704544234408104e+03 7.935800899401075412e+02 2.722316764147642676e+00
1.625286827913335856e+03 8.199623620802694859e+02 7.963289485406629398e-01
1.750288275068799294e+03 6.019197603809071779e+02 2.989922943794327548e+00
1.715126258840083210e+03 7.823756577047515748e+02 2.487929587970246548e+00
1.804126649135416756e+03 7.914216613023810396e+02 2.911566535978174830e+00
1.916668412847761829e+03 8.124946173531889144e+02 2.914541127151435429e+00
1.818707422559633187e+03 8.619791595837709792e+02 2.220213888020956094e+00
1.916431200960674232e+03 8.131902342327059614e+02 2.932283028668920988e+00
3.675559284424077759e+02 8.562455819377664739e+02 6.135774787704627586e-01
3.346363083434497412e+02 9.614164961375204257e+02 1.827145962256988998e+00
5.255503192447217771e+02 8.007074242867696512e+02 2.403863464674095507e+00
3.664649709092389003e+02 8.562851966825827503e+02 5.218435284697336973e-01
4.531581887766380987e+02 8.742092791627260340e+02 7.283212824486163806e-01
5.133706973516451626e+02 9.379625482379171899e+02 1.805980005451306880e+00
3.330893898550447147e+02 9.602193491538155286e+02 1.804290679469765069e+00
5.415291615485895136e+02 8.004885572370969840e+02 2.277782398562193666e+00
6.379948172891886315e+02 8.503742002249442749e+02 1.192235974674892951e+00
4.531219247953154081e+02 8.740178579120081395e+02 6.652657991396891957e-01
5.725534745056826296e+02 9.349929588615223111e+02 1.699740864948068308e+00
5.120979412899426961e+02 9.361566509880167359e+02 1.764876790775823601e+00
6.331494109813118030e+02 9.573893668591556434e+02 1.493887737594410181e+00
6.855777765264249410e+02 9.949568929549959648e+02 1.557185619738644222e+00
8.547084751289095266e+02 7.446819177326067347e+02 1.314257993328539875e+00
7.916374015552657966e+02 7.998542698122488446e+02 1.877908884583702864e+00
5.568844561425553366e+02 8.026612288378819358e+02 1.047119558952616103e+00
6.371606393950548863e+02 8.508966908620068352e+02 1.129859023829217657e+00
6.996821029381726476e+02 8.628963358723298143e+02 1.745242411879865729e+00
5.685246226066509507e+02 9.365612056455702259e+02 1.644364787163280717e+00
8.616301494154907914e+02 9.518918246129369436e+02 1.867904357255023351e+00
6.316399149012131602e+02 9.579365430431378172e+02 1.422939544892057206e+00
8.067654266160027419e+02 9.560548757527380985e+02 2.371212973280657721e+00
7.400393872136709206e+02 9.861643182105499363e+02 1.758637750240612974e+00
6.815456802031020516e+02 9.951829212378138436e+02 1.598204163076274442e+00
8.510239295854280499e+02 7.393766007123936106e+02 1.319985470594009058e+00
7.902206082057867889e+02 7.992978628335924896e+02 1.872090155417510449e+00
8.837669041525314242e+02 7.968852028703092856e+02 6.661061706255362314e-01
9.133005374084937102e+02 8.491032377223143612e+02 5.168084659946527992e-01
9.290400138942870853e+02 9.327078965383252580e+02 1.297508339396804988e+00
8.609722912985115499e+02 9.553444066414917870e+02 2.020699070770653805e+00
8.056058597879795116e+02 9.569763402854734977e+02 2.326789822630419113e+00
1.017515911157408937e+03 9.759544136984784473e+02 1.120513052255856401e+00
7.362312858150201009e+02 9.820302777750521273e+02 1.046782954868804794e+00
9.394946800665004503e+02 1.021783931925279830e+03 1.274857006179791696e+00
8.821028744270818152e+02 7.969164242199029786e+02 7.258649547539607338e-01
9.124269462751994979e+02 8.493920534351974538e+02 5.582520814678837429e-01
1.109049844293766455e+03 8.551517827368822964e+02 3.112568810856237267e+00
1.021363081159695184e+03 8.790538259717422989e+02 2.801285535550820605e+00
9.286543305852235335e+02 9.318305341873879115e+02 1.356364240801225307e+00
1.154074972903677462e+03 9.341926826932183303e+02 1.144225027827907581e+00
1.016649315431391187e+03 9.806601298562620741e+02 1.856605546004272744e+00
1.071739543993044208e+03 9.969713057395872511e+02 1.097553333522595098e+00
1.180138258423278558e+03 9.966964371325063894e+02 8.159031235288012329e-01
9.371515602381141434e+02 1.020101411665865271e+03 1.262621644668696641e+00
1.190561195811999369e+03 7.407545342720056851e+02 1.106692148516688512e+00
1.213922401158785760e+03 7.983354505523341231e+02 6.338117337740650781e-01
1.106737757977261253e+03 8.549160712207117285e+02 3.069601134886227545e+00
1.258561411659099122e+03 8.864777039669525038e+02 5.799333290597670221e-01
1.151219429705377479e+03 9.330028295985248405e+02 1.174034152161878231e+00
1.289661832186927313e+03 9.636359657871616946e+02 6.799017404156881828e-01
1.075781337746569307e+03 9.910684665394196600e+02 1.236046775493222727e+00
1.175984084620303292e+03 9.952801736741942022e+02 7.381309853386600617e-01
1.188517241622323127e+03 7.392012962618308620e+02 1.058000185750896049e+00
1.210267622369402488e+03 7.984324566884184833e+02 6.416249695099686123e-01
1.407527045727381619e+03 8.193046604168084741e+02 2.591336189960735670e+00
1.362054834232940721e+03 8.425836073705049785e+02 2.064300493600569553e+00
1.257170649990599713e+03 8.873649837582261171e+02 6.262227927401788907e-01
1.462374942150956485e+03 9.041642601603807634e+02 2.890132203654996346e+00
1.294726258210536798e+03 9.467374322433722682e+02 5.168446005295181944e-01
1.387258118217591118e+03 9.583193114987388981e+02 7.951351433315630990e-01
1.473895383962649703e+03 9.922520585797274180e+02 2.185656132974715504e+00
1.277782779460037546e+03 9.979472604633838273e+02 2.763547258883761515e+00
1.508468513410549576e+03 7.633620139008278329e+02 3.849884160501635955e-01
1.405189120608349867e+03 8.180447761282861165e+02 2.596549728253741307e+00
1.627471205684169036e+03 8.173171479462916977e+02 7.680957211545910157e-01
1.359748585684593536e+03 8.412116482980600267e+02 2.020563800124443699e+00
1.460029096977836844e+03 9.031472630694468080e+02 2.922105427120058607e+00
1.633539869204620118e+03 9.522635390139539595e+02 2.404093971626884763e+00
1.385305328030861119e+03 9.585007364123259777e+02 8.230304956818786932e-01
1.472743908360072737e+03 9.921555550971197590e+02 2.135749620221147893e+00
1.580282581932647417e+03 9.898529306891573469e+02 2.943094229644820814e+00
1.506884964399459250e+03 7.616503384825543890e+02 4.785678203235037009e-01
1.715292939651904135e+03 7.813212363542721732e+02 2.512404307582906338e+00
1.805439007068452838e+03 7.902844178302623277e+02 2.901211697667392286e+00
1.625897951668455107e+03 8.177871662785607896e+02 7.617472511393915680e-01
1.751546106785741586e+03 8.671623068690394120e+02 2.369150732228105127e+00
1.632316711888038981e+03 9.506998932781007170e+02 2.517989481928818662e+00
1.758743426649531557e+03 9.585457084039194342e+02 2.136991253012177516e+00
1.575180194583578213e+03 9.886854285847985011e+02 3.125232627532172902e+00
1.723216719871443729e+03 1.020418334511899047e+03 1.510226452065993319e-01
1.715285007862473549e+03 7.820152783071888507e+02 2.576582571399424371e+00
1.803410450638587008e+03 7.908662041266612732e+02 2.996779243699967843e+00
1.917110166917142578e+03 8.117889218264186866e+02 2.979576335937191622e+00
1.751162241766593070e+03 8.675357069122840130e+02 2.401498310944851777e+00
1.819721607141497543e+03 8.593568268986761041e+02 2.214999595544848709e+00
1.894305101929152897e+03 8.669244264070478039e+02 2.498647389647205230e+00
1.752235198823171459e+03 9.777318589397104915e+02 2.168414759995892283e+00
1.841543291859009969e+03 1.019204530063534094e+03 2.287839838915079138e+00
1.916480073061505664e+03 8.110478438844673974e+02 2.952957601437284918e+00
1.894152274869732082e+03 8.681509932249389294e+02 2.525959019432877817e+00
2.046691584711186806e+03 9.761705927514869927e+02 1.753507763922630192e+00
1.985830570752832500e+03 1.006040452227638298e+03 1.930185422638347026e+00
1.835207959826442448e+03 1.018286349734819169e+03 2.446362159803066483e+00
2.045513039795524037e+03 9.755922988060747230e+02 1.889437398885067454e+00
3.343080481611893333e+02 9.601838846164555434e+02 1.853507721194893820e+00
4.521603459477300930e+02 8.752216453740948054e+02 6.661981636822672526e-01
5.125558592627010057e+02 9.380694438998443729e+02 1.817038187148208417e+00
3.328967380606604820e+02 9.610732489045265083e+02 1.850165691128614842e+00
5.190427751387638864e+02 1.056852170882950304e+03 1.244241922887074692e+00
3.977097080485953029e+02 1.085302892840453069e+03 1.713139002280538614e+00
4.504325930525171771e+02 8.720690920264012220e+02 6.498634628579181838e-01
5.123997350181264210e+02 9.353949890967753618e+02 1.785437566516819397e+00
5.722561722684770302e+02 9.340387596422585830e+02 1.744593850861599016e+00
6.322748111890157361e+02 9.571370284885338151e+02 1.486105778971712477e+00
6.833478605979034910e+02 9.954741091123919432e+02 1.603584633172308482e+00
5.810850228123842953e+02 1.058264667860638383e+03 1.561527669774348759e+00
5.180859749360316755e+02 1.056102306841370137e+03 1.239759034985908892e+00
3.937192670601499458e+02 1.083141245122380951e+03 1.724202552712174041e+00
6.284825924872642418e+02 1.090937609487298459e+03 1.249835442293604215e+00
6.952146615164388095e+02 1.116161543088948520e+03 7.194826519644890173e-01
5.494360709140436256e+02 1.151364293974692600e+03 2.912666849216166032e+00
5.691708831412352083e+02 9.326063120244059519e+02 1.797036820686110481e+00
6.312699065531870701e+02 9.569480395733701243e+02 1.487342766227416346e+00
8.100533652379897376e+02 9.576888142083876119e+02 2.445290871782968001e+00
7.392210733237495788e+02 9.848117123146928407e+02 1.711887355798947130e+00
6.819213700961315681e+02 9.952107410386443007e+02 1.619559984167534328e+00
5.802582451993038148e+02 1.058396684331351480e+03 1.536436820168243456e+00
8.125107250511408665e+02 1.065589357272094730e+03 1.825176560276932314e+00
6.274890685631177121e+02 1.090172813369221558e+03 1.208233329412207624e+00
6.950687642335448118e+02 1.113645926216590851e+03 7.010432291674028038e-01
7.691012850622315682e+02 1.156441238902300711e+03 1.775210312795746592e+00
5.481033411904617196e+02 1.155322592779842353e+03 2.924119852854799362e+00
9.285858328337346848e+02 9.330006308091965366e+02 1.297017100035086523e+00
8.606059279300920934e+02 9.533391830152597777e+02 2.106209390367255629e+00
8.087947670117144980e+02 9.561716424738697242e+02 2.446171827682412481e+00
7.376540963984691643e+02 9.829455170812932465e+02 1.717816157357440199e+00
9.373471714835736748e+02 1.021839120977500215e+03 1.213825609494935565e+00
8.110382227676724369e+02 1.064206565115277954e+03 1.836665689642320576e+00
8.718391830810037391e+02 1.079767015377792404e+03 1.233305886374277849e+00
9.794137662860964610e+02 1.087648464702432420e+03 1.466645033002827780e+00
7.684372792779756765e+02 1.150064247766713379e+03 1.823459552063119826e+00
9.210809103041410708e+02 1.157981137483134717e+03 1.604384525723358879e+00
1.002849644958406316e+03 1.161587066315201128e+03 1.067308016108348578e+00
1.021092648551873936e+03 8.762988862567769957e+02 2.837366215487842958e+00
9.276224234831170179e+02 9.325189031837951461e+02 1.389546193885125902e+00
1.151428781517666948e+03 9.334795840363253774e+02 1.153577952991722055e+00
1.019855852552133683e+03 9.817674139692160225e+02 2.018728964475386078e+00
1.074103225519344733e+03 9.932282459314947118e+02 1.026925715157972929e+00
1.178503637412593207e+03 9.920314907544398011e+02 6.779229047338032332e-01
9.362136478441511827e+02 1.022070133712396682e+03 1.311917965208121206e+00
8.682131093556008636e+02 1.080742796504988519e+03 1.294548917021816070e+00
9.779716799943644219e+02 1.087879308683623549e+03 1.515145355291508622e+00
1.078516716671316772e+03 1.071026065754153024e+03 4.945045126365780752e-01
1.149959260245204177e+03 1.133332004734691054e+03 2.846076761309096703e+00
9.196363517741972373e+02 1.155077920764644659e+03 1.649351975709674178e+00
9.988017184335137699e+02 1.162222164040350890e+03 1.321072574461236160e+00
1.258521009727742694e+03 8.848346454685229219e+02 5.935208128470508271e-01
1.150899334553262406e+03 9.335740920039897901e+02 1.178746184603773894e+00
1.296257504263597639e+03 9.496794560754237864e+02 6.107105515560470321e-01
1.073932683137846197e+03 9.930108858613077700e+02 1.131177704651594951e+00
1.174840007093225267e+03 9.936216078766203736e+02 6.949024808248192020e-01
1.279819428543249160e+03 9.961972086694531754e+02 1.981206236889625494e+00
1.244651465020275054e+03 1.034848058587075911e+03 2.880694008141339690e+00
1.076721478029471655e+03 1.071831246813807411e+03 5.088960133841493594e-01
1.182072283111744127e+03 1.082693085623008074e+03 2.224995594922247744e+00
1.257875013629939303e+03 1.135943834263435974e+03 1.168935166212826449e+00
1.152232412750824096e+03 1.135033730022458485e+03 2.841204125732396335e+00
1.302945002776957608e+03 1.181718140384041590e+03 8.939899358017471265e-01
1.055906598190840214e+03 1.181733383798149589e+03 9.418699841917289595e-01
1.169372028150012284e+03 1.172346053379624209e+03 2.408444945212512067e+00
1.254971785200738623e+03 8.827741839693069323e+02 5.857414055651850582e-01
1.462027408839667260e+03 9.012439664185417314e+02 2.890099176226371469e+00
1.294312531242275782e+03 9.471035531961922516e+02 5.362737375094440706e-01
1.387352655436772238e+03 9.565952210347527398e+02 7.897650866407717185e-01
1.474145260040831545e+03 9.920070825524917382e+02 2.263400547259680096e+00
1.277357878294932561e+03 9.963289225395606081e+02 2.294636102160727109e+00
1.365712891061681603e+03 1.047575167257956537e+03 6.510134361755857135e-01
1.243073827086238680e+03 1.035088488553562684e+03 2.980289621434238700e+00
1.366252807692385431e+03 1.096551409897317626e+03 1.212389546996404527e-01
1.256642953479578637e+03 1.136561950985073736e+03 1.171741539947858568e+00
1.421383494127539507e+03 1.164693480200558724e+03 4.262727814414134231e-03
1.299434513256039281e+03 1.180762620825586055e+03 9.559393323536989895e-01
1.459879889440054512e+03 9.025138465539216668e+02 2.930147372244796600e+00
1.636209516884715413e+03 9.505974661719194501e+02 2.530814666815059955e+00
1.386008246895546336e+03 9.566538563083254303e+02 7.968589007113363598e-01
1.471719496992418499e+03 9.899718297110803178e+02 2.180785269245128166e+00
1.579607181441505418e+03 9.871915455986543293e+02 3.020319611355403389e+00
1.363774724959098421e+03 1.046620919276336963e+03 6.211950272050763555e-01
1.555897788988731918e+03 1.042345146262451635e+03 2.432983515146435849e+00
1.630213598601041440e+03 1.112916616583446967e+03 1.476026084085492851e+00
1.513931859532718136e+03 1.093890211571645523e+03 1.582627019516035516e-01
1.367940747646860927e+03 1.100339972975584260e+03 2.020649056928820186e-01
1.546988400095188126e+03 1.147174762775809086e+03 1.160115171279592738e+00
1.420775903577111194e+03 1.164348293685871795e+03 1.552728901601557188e-01
1.631584729837418990e+03 9.493014111755710474e+02 2.540161354724244092e+00
1.759263135122019321e+03 9.591005593416291504e+02 2.147294012896146409e+00
1.577340725112197788e+03 9.868020678999378106e+02 3.091216282490944156e+00
1.732762492082903236e+03 1.017872273793574095e+03 3.547207642184278115e-02
1.553959383011842192e+03 1.041771401760373010e+03 2.473105743971795167e+00
1.704598230314515604e+03 1.067882393839159477e+03 2.822244303911946695e+00
1.797591569734486029e+03 1.085128366051829744e+03 2.945103380898358214e+00
1.628599248300415866e+03 1.110664445358609782e+03 1.379976076845957245e+00
1.530875865658255179e+03 1.121952469765263686e+03 4.903462586032272252e-01
1.754266288062955482e+03 1.152604787866407150e+03 1.194954101434988036e+00
1.668569953874132352e+03 1.166155394260704043e+03 1.490702790321567717e+00
1.753361005861363765e+03 8.685071141978824016e+02 2.374957253665817891e+00
1.896270812967623897e+03 8.663842260516976239e+02 2.452882638665780934e+00
1.758703878998034043e+03 9.607913368537622318e+02 2.113710147302269249e+00
1.841523305789493861e+03 1.017448918105929351e+03 2.348429934338348346e+00
1.729178710543129682e+03 1.017862766981108734e+03 1.010579365780839844e-01
1.941433929743607678e+03 1.035395501439213376e+03 2.587598347918162123e+00
1.703326171493695938e+03 1.069580080627884854e+03 2.837491643526254936e+00
1.794583887299279013e+03 1.085437243510265262e+03 3.105129514296402160e+00
1.916410939886869983e+03 1.102738962573931303e+03 2.987770843391444942e+00
1.757560471598562344e+03 1.148310560293355593e+03 2.977281018023112846e+00
1.666245042718681589e+03 1.160135149568379347e+03 1.748897142231529589e+00
1.890631279770030233e+03 1.159842113951001920e+03 6.003304273620546638e-01
1.896089204939034971e+03 8.676829615163705967e+02 2.489403915360006714e+00
2.045912326146807118e+03 9.757590514907685701e+02 1.746884093334589938e+00
1.985467229251857589e+03 1.004306628288580896e+03 1.948384451713689236e+00
1.839887366575773740e+03 1.016090338626095217e+03 2.418054162101754390e+00
1.940279062853178402e+03 1.034788033955231185e+03 2.657565254945253308e+00
2.051661827927895501e+03 1.102639648983990128e+03 2.200191372226894870e+00
1.915279236895635677e+03 1.101471585623358578e+03 3.093852864442795614e+00
2.011846205391053445e+03 1.136723808394501020e+03 1.984850427616839941e+00
1.908791738530006569e+03 1.169499165893771760e+03 5.706447562010926733e-01
2.046233053599455161e+03 9.752785992881069888e+02 1.863649420345735219e+00
2.051319334016164248e+03 1.101912281815278220e+03 2.298856997628360155e+00
2.009306951494194436e+03 1.137138459745981208e+03 2.215812048386644584e+00
5.157519092475472462e+02 1.059334781445247245e+03 1.318990696810640850e+00
3.973640161672392423e+02 1.082432576795315526e+03 1.700041831368377609e+00
4.624398586967970459e+02 1.290391624754650366e+03 5.305370389860233349e-01
5.811509315094738213e+02 1.057065179688327134e+03 1.535926749025859461e+00
5.176481944800977999e+02 1.054858100624472854e+03 1.285791797006121007e+00
3.942170559326686998e+02 1.084645523955535964e+03 1.684711952675340907e+00
6.290098598558990943e+02 1.089349515845175574e+03 1.290797249735773811e+00
6.944564603732507067e+02 1.113787586402585930e+03 7.653589260720468079e-01
5.489895689621125712e+02 1.150881808630839032e+03 2.892099934963152208e+00
6.778167783087344560e+02 1.226365898189312929e+03 2.130186359048535039e+00
6.124053858615736772e+02 1.235840876674655647e+03 1.496208458269164820e+00
4.620220078635368282e+02 1.290912069579324452e+03 4.641416776691250634e-01
5.614347812862134788e+02 1.331855943864411529e+03 2.892987733284889895e+00
5.801159371507777678e+02 1.058065223724400539e+03 1.408180566643934650e+00
8.127177441500705299e+02 1.063839183066242185e+03 1.807638673624865966e+00
6.270481478707185943e+02 1.088454546050362751e+03 1.254680188024245524e+00
6.945539928485920882e+02 1.112575368114802359e+03 7.362140914009738246e-01
7.695112057913340777e+02 1.154786555754058099e+03 1.765638013797455885e+00
5.473384643130036693e+02 1.150374159536240086e+03 2.924263633453970446e+00
8.186352306413061797e+02 1.189156251852931291e+03 1.539918495775774110e+00
7.305022300453908883e+02 1.219353812639257058e+03 2.044718265038093286e+00
6.119087059672873465e+02 1.234823596828329528e+03 1.441871351765747766e+00
6.752489056065561499e+02 1.223451284505461899e+03 2.195320339303079571e+00
8.350837840350795886e+02 1.309558818529975042e+03 2.558399120484200928e+00
7.725702655649503185e+02 1.336486039858298454e+03 1.362202283773477740e+00
7.109368120330070724e+02 1.340432406978748531e+03 2.293876859792755685e+00
5.608947037004404592e+02 1.333146754967057404e+03 2.901227918695216790e+00
8.103360052003287137e+02 1.062975111339560726e+03 1.840676294856502082e+00
8.713100594410109352e+02 1.078658695558449836e+03 1.232932189126691336e+00
9.794455682302384503e+02 1.087190781173749883e+03 1.470681273355362695e+00
7.693833724439788284e+02 1.155246340865378443e+03 1.844877055759851281e+00
9.186556199876968094e+02 1.159412886266121632e+03 1.542731265942250518e+00
1.001192176990079361e+03 1.158879765158027567e+03 1.083234567711023777e+00
8.164560808315526401e+02 1.188534492074872333e+03 1.600199874673508438e+00
7.276591940205296396e+02 1.217600752120401239e+03 2.070319363714212102e+00
8.772565332720555489e+02 1.211431881815732595e+03 1.596127427827823686e+00
9.307880771283732884e+02 1.270764378833564933e+03 1.227379801626361067e+00
9.900074196845498591e+02 1.286954984439975306e+03 1.556748923354664527e+00
8.362393922830566453e+02 1.311004413520861362e+03 2.534026548256385514e+00
7.708807237931262080e+02 1.333966114194074180e+03 1.209011009983511631e+00
8.662389589655813324e+02 1.077142820428222421e+03 1.317257924927507595e+00
9.775292918593054310e+02 1.088308165635235582e+03 1.512588381994812936e+00
1.077936049295085013e+03 1.070110714912544381e+03 5.030691026317155590e-01
1.153560157188271887e+03 1.133789594375911520e+03 2.846168947382949010e+00
9.160035474180465371e+02 1.160630362500663296e+03 1.584672938355067728e+00
9.980576359986716852e+02 1.159249690012917199e+03 1.195871838483822946e+00
1.050633660567912784e+03 1.181798233398387538e+03 6.968988427634599248e-01
1.170748979829334303e+03 1.182626510589280997e+03 2.608934411061652359e+00
1.064008489949904742e+03 1.271922254834052637e+03 1.061270547959017208e+00
8.713054701370026578e+02 1.215311461947511134e+03 1.707385141826140540e+00
9.302684261621272981e+02 1.269076330110767231e+03 1.339873088352910857e+00
1.177372227828294626e+03 1.260436105080474135e+03 2.515990040530211580e-01
9.866951756118355661e+02 1.288538971346985818e+03 1.597970409335657260e+00
1.149727879520727129e+03 1.316365596396863339e+03 3.767497619766232986e-01
1.248746861860128547e+03 1.032931187818886428e+03 2.882751609092903067e+00
1.074049914114998955e+03 1.068883661347726047e+03 4.591002586315115486e-01
1.181411288129694412e+03 1.079182199166846658e+03 2.280574641096361876e+00
1.153424759040867684e+03 1.132656169949274499e+03 2.817784682719853606e+00
1.257736350753446231e+03 1.134253691798009413e+03 1.119411644184681975e+00
1.302299001557024667e+03 1.176417478054483126e+03 7.796828440038181540e-01
1.050594273126063854e+03 1.181849604075026718e+03 7.700562091745859483e-01
1.172930879226639490e+03 1.191639526813914017e+03 2.615697502465360813e+00
1.068363388969224161e+03 1.252600601929587583e+03 1.588454867333060072e+00
1.328477151563425423e+03 1.219256556136803511e+03 7.810111759702247358e-01
1.177145156625744676e+03 1.256330714142306306e+03 3.626911177364192107e-01
1.294900531339877716e+03 1.318420279532366294e+03 1.163417702316405400e+00
1.148508659921850494e+03 1.315471466039561619e+03 3.976659724907656845e-01
1.227616808069426042e+03 1.336873828322150075e+03 8.213795985814528189e-01
1.252224238504778668e+03 1.032981391192606452e+03 2.783028345359613631e+00
1.367082998688729276e+03 1.045452034216596303e+03 6.448439658671696328e-01
1.366977971901997535e+03 1.096842486194623916e+03 1.359157548155516260e-01
1.255886026836459678e+03 1.134511269987729065e+03 1.101833521221375234e+00
1.422744135630544633e+03 1.161698736833875728e+03 6.654592550380875049e-02
1.300516223640556973e+03 1.177650686277919021e+03 8.354997880099437335e-01
1.466360541175737126e+03 1.230023193579111194e+03 1.462446500556320750e+00
1.378307596751263191e+03 1.249034285423750362e+03 1.656020927827605904e+00
1.335374286300826043e+03 1.217702701479341613e+03 6.611837035928121997e-01
1.293083910432411813e+03 1.321337862753930040e+03 1.150334274371222376e+00
1.229541388105291389e+03 1.334430778852487947e+03 8.498355597767096592e-01
1.371258899267301103e+03 1.039133096791270873e+03 4.950537060646276744e-01
1.555184619410500773e+03 1.042864949441281169e+03 2.452999472636883560e+00
1.630985266650654239e+03 1.113608607033334465e+03 1.505591923691647960e+00
1.513227399448787310e+03 1.093467516739316579e+03 1.053585357259146510e-01
1.365234627232844332e+03 1.097452330195150125e+03 7.165075539815859984e-02
1.547391443366658223e+03 1.148113379493226148e+03 1.065467532863158873e+00
1.418984579540417826e+03 1.161739272641496882e+03 8.562038100642548055e-02
1.555784375605805280e+03 1.205916620373210890e+03 1.076712004329833050e+00
1.464801484678203451e+03 1.229673584725519049e+03 1.395426688276842020e+00
1.373895938159647130e+03 1.243382854241012183e+03 1.905962273577997967e+00
1.606635850901905542e+03 1.239123556246766839e+03 1.406955273196023759e+00
1.513145315454480169e+03 1.294285298600990473e+03 7.329159374776523794e-01
1.642603163347078862e+03 1.303915479338611476e+03 6.139253420731298760e-01
1.551176696589848461e+03 1.053264805845423552e+03 2.683976855652332905e+00
1.704532526473240523e+03 1.067261655466109460e+03 2.751258598159945556e+00
1.628463025301534572e+03 1.112581515521902702e+03 1.380732944381093619e+00
1.798342162957816981e+03 1.088868609536044005e+03 3.056916412314853559e+00
1.543792085254219273e+03 1.149047897781469828e+03 1.147058114575208343e+00
1.771122225898754550e+03 1.130216022287257374e+03 2.895800632888089421e+00
1.666406038069280385e+03 1.168216003678550123e+03 1.457513586125997129e+00
1.740210807516175691e+03 1.176922319272591267e+03 2.197113179105011582e+00
1.553543657481973696e+03 1.207030059379469321e+03 1.055281958115392049e+00
1.604806783261995179e+03 1.239749214866997818e+03 1.395462035255376376e+00
1.723234338369565421e+03 1.251093737411435541e+03 1.964719425349616744e+00
1.513401603513774489e+03 1.284832312016704236e+03 8.177470691231889521e-01
1.642423780873449005e+03 1.300182537407610653e+03 5.858022231952676462e-01
1.791140529831328195e+03 1.309491064156990888e+03 1.969889481359851757e+00
1.944513032894440130e+03 1.034540228687724721e+03 2.607176153548931286e+00
1.703226967768075610e+03 1.069602610138536647e+03 2.771119539149185851e+00
1.794793258731330525e+03 1.083356114285846388e+03 3.057864191685454980e+00
1.915608914801102401e+03 1.102373845738416549e+03 2.987350147389809862e+00
1.770786276160264379e+03 1.130316149595660136e+03 2.886745663626893332e+00
1.890654279520545970e+03 1.156682325705322910e+03 5.207802121759291802e-01
1.740273142239216668e+03 1.178515641378163309e+03 2.069377629417005870e+00
1.937149809621764234e+03 1.195663376603323286e+03 1.293307345744630688e+00
1.722848900275509550e+03 1.253270743038340470e+03 1.911398976522959092e+00
1.788956188280258857e+03 1.308312293350713162e+03 1.851723671864742515e+00
1.941263202269252361e+03 1.032109952679955995e+03 2.713394075973399211e+00
2.050592254255177068e+03 1.102330140427628521e+03 2.251491262117618852e+00
1.915139014070056874e+03 1.101186618745199439e+03 2.992714329519171379e+00
2.011328634286775468e+03 1.136630946752376531e+03 2.049535417480665700e+00
1.888998022172337187e+03 1.156765082295484945e+03 5.087271920279485826e-01
1.935428541310488527e+03 1.194977964381389484e+03 1.347818712068239000e+00
1.990287390594221051e+03 1.222924821797144205e+03 1.851543399513399857e+00
2.072342978552273962e+03 1.254539206005047163e+03 8.804500492308693360e-01
2.001930997565779762e+03 1.338276954145036143e+03 5.566849582349512326e-01
2.051498734510927079e+03 1.100299740015690986e+03 2.296589870939121703e+00
2.009896729976680035e+03 1.135456782113782538e+03 2.123604564475892964e+00
1.988553893287355550e+03 1.221436050850651554e+03 1.901958466106197232e+00
2.072729583095502676e+03 1.252278769328142516e+03 8.593952208599192621e-01
2.143855990483713413e+03 1.299577558083564782e+03 2.147174321013191722e+00
2.010459230841059707e+03 1.331735372998448838e+03 6.875756323423851679e-01
4.643130630921003785e+02 1.288500975136482793e+03 6.047275443686070950e-01
6.768004127638271257e+02 1.226732416997144583e+03 1.995207879504940385e+00
6.113579825294560806e+02 1.233876754307396141e+03 1.481825847291481368e+00
4.608189102984983947e+02 1.289944371784394434e+03 5.555362483791910222e-01
5.591185316703092667e+02 1.328927624707846007e+03 2.939725149723256603e+00
6.844267147782944676e+02 1.397397765063093402e+03 2.691765285868392255e+00
6.660211872189167934e+02 1.451966368529119563e+03 3.017901211866791833e+00
8.226006802074873576e+02 1.194762087321547824e+03 1.312693690476711694e+00
7.313148516968952890e+02 1.219260423566676081e+03 1.887071695630696544e+00
6.113466120637293670e+02 1.232768459353453409e+03 1.424120539905393557e+00
6.755138254599061156e+02 1.222264798879238469e+03 1.945939154229141543e+00
8.397396861158326828e+02 1.310627762765709349e+03 2.448977904285342344e+00
7.678518723952697655e+02 1.341414977090006687e+03 1.418184747340963225e+00
7.128727343432221915e+02 1.342476053170221576e+03 2.193272631747459123e+00
5.573495156688417183e+02 1.328999171992474203e+03 2.989680461322854921e+00
6.861566623031666268e+02 1.397506537960769720e+03 2.749642921806759954e+00
8.083603778785679879e+02 1.444605063683206026e+03 2.719712657882660256e+00
6.668973401861019283e+02 1.451662876533789586e+03 3.066191074229826175e+00
8.190852097496377837e+02 1.187335731794050616e+03 1.398599303111479619e+00
7.275580611365602408e+02 1.220327737346560525e+03 1.968575950384610307e+00
8.778956340864388039e+02 1.211710560680721528e+03 1.523374663187820222e+00
9.299843297356769654e+02 1.269900759780070530e+03 1.253403068095620743e+00
9.883985421346653766e+02 1.287218438945885964e+03 1.534412876621545685e+00
8.372870354252181642e+02 1.310821592552574657e+03 2.434821501209287753e+00
7.654159807739384860e+02 1.341149272216934378e+03 1.363148977590145305e+00
9.458827050804513874e+02 1.367817321860079574e+03 2.695776473633926251e+00
8.836677711448664923e+02 1.413614176912001312e+03 3.082454979149559016e+00
8.058728338830419489e+02 1.444302644617499936e+03 2.736022361432171923e+00
9.959780005924956185e+02 1.455399020699522453e+03 2.142910005331111645e+00
9.205759395521486113e+02 1.474444216969272475e+03 2.676496930680146047e+00
7.130017729332067802e+02 1.342830530643687780e+03 2.166973623336882149e+00
1.062683280126851969e+03 1.274668573797760473e+03 1.025449191235190183e+00
8.752152593598425483e+02 1.220029687583475834e+03 6.880188483880629313e-01
9.289435583614560983e+02 1.269471790314940790e+03 1.312971508962534228e+00
1.175460349629359825e+03 1.261444995573748201e+03 4.670698960375251341e-01
9.869493880817437912e+02 1.286882834897040084e+03 1.597891847656192299e+00
1.151575952803513474e+03 1.313151497580311343e+03 4.113071103598831546e-01
9.442895617271030915e+02 1.367700137843290804e+03 2.643190932763840983e+00
1.057822586424917290e+03 1.379874088919159703e+03 6.786988235276180115e-01
1.124690935274882577e+03 1.400240311929610016e+03 7.966751736240310633e-01
8.791627726864157921e+02 1.417006700778890263e+03 3.082512688163993264e+00
1.176899537777814430e+03 1.417237008752315887e+03 3.786531415541888324e-01
9.974143790350856307e+02 1.455268348152861790e+03 2.891070931900902252e+00
9.191215844670691695e+02 1.474181000815915468e+03 2.861824278919678832e+00
1.122419106648882916e+03 1.492263150535313798e+03 2.165951522153025888e+00
1.173409542352013432e+03 1.191776213922046509e+03 2.720691064063203601e+00
1.058713672543377243e+03 1.277780884032109725e+03 1.064149915921005052e+00
1.327575859259098252e+03 1.220805188672308532e+03 7.485971453000510589e-01
1.175598901426388238e+03 1.255487201674458902e+03 3.554247812919074101e-01
1.292147498273366409e+03 1.319141373189971091e+03 1.196270522933871483e+00
1.149081174992189517e+03 1.313174028920916044e+03 3.314499997233765205e-01
1.223088773444806975e+03 1.336574003885988759e+03 1.000504720684391113e+00
1.331369258285536716e+03 1.357653924130602263e+03 6.504987688574443983e-01
1.055474558724999497e+03 1.380740649176698298e+03 6.871370391528283106e-01
1.123400477687648390e+03 1.400809143432569272e+03 8.881680246082326313e-01
1.180948170557188632e+03 1.415956979203426044e+03 2.909365226513757063e-01
1.244144980307408787e+03 1.450109974771426550e+03 9.033020423583195679e-01
1.122148610536871502e+03 1.496466634180109850e+03 2.182956476437433846e+00
1.465325796872458795e+03 1.229032839549459368e+03 1.405018009349253694e+00
1.379141518709449429e+03 1.248819651869984455e+03 1.617051996154291738e+00
1.335062313090881162e+03 1.214450423616703347e+03 6.627440098754905362e-01
1.290720284740283660e+03 1.318900194303047556e+03 1.123689076004592780e+00
1.222141283564922560e+03 1.336563112517404988e+03 9.578899301842379588e-01
1.420260707843596947e+03 1.363136472138686258e+03 1.730762048281088594e+00
1.330354416041395098e+03 1.357802728923273435e+03 6.242792897193581991e-01
1.467738002971757396e+03 1.437913866646379802e+03 1.937495373767697204e+00
1.242942045159009012e+03 1.450878530749987704e+03 8.382692305369540131e-01
1.358691102987773093e+03 1.440004098716185126e+03 2.913914216819568637e+00
1.335390207328626730e+03 1.496121128229647411e+03 1.581261199695435105e-01
1.555074092994090734e+03 1.205144664611442067e+03 1.082600038757572714e+00
1.464255446292685974e+03 1.228398742534405301e+03 1.388077435596547948e+00
1.376356465762820335e+03 1.248110519282833366e+03 1.644147260571383828e+00
1.606216655504707660e+03 1.235987462456374487e+03 1.432630204177423261e+00
1.512815345842794613e+03 1.293166585649365970e+03 6.858312208323988912e-01
1.643425428764820936e+03 1.298841956637052817e+03 5.251067416002319632e-01
1.535627128877385985e+03 1.344673850117466827e+03 8.887974814182384442e-01
1.418330980342198472e+03 1.363295665160149383e+03 1.754421108059929901e+00
1.571649605207473996e+03 1.393274481117674668e+03 9.179316029749695627e-01
1.637363883196661845e+03 1.411141348009720332e+03 1.881159052180412683e+00
1.465098434630410793e+03 1.437677997810039187e+03 2.023426972874193375e+00
1.354531606028828946e+03 1.441754586033785472e+03 3.000013199406550868e+00
1.612747356380571773e+03 1.460772913590721146e+03 8.308094698595855920e-01
1.553356278274922488e+03 1.205510219685863603e+03 1.015425830050244116e+00
1.604949417471832021e+03 1.238549715360371920e+03 1.382737347054518784e+00
1.723164387641325447e+03 1.251647563684912711e+03 1.992201487396807469e+00
1.509976060581466527e+03 1.294573837536928977e+03 8.230933268807101300e-01
1.643552134196230554e+03 1.298866362400608978e+03 5.447392611821538777e-01
1.790162396184585305e+03 1.307542587962828975e+03 1.957413024490868070e+00
1.533834695149474555e+03 1.346246979921837465e+03 9.066429087544484178e-01
1.737216873509770494e+03 1.356823599231152002e+03 2.350478061244126504e+00
1.692073684333364326e+03 1.375048138649784960e+03 1.911508103259073943e+00
1.570180465090449616e+03 1.394215577957310643e+03 9.534418360081790000e-01
1.632376137809781767e+03 1.412764589656905173e+03 1.753854560517955408e+00
1.585823477330506421e+03 1.494293374393218073e+03 1.951849488867225757e+00
1.741301654491588806e+03 1.188210351027371871e+03 2.674756686512720805e+00
1.936592622713566925e+03 1.201675745909076340e+03 1.193220777659021570e+00
1.723549997054050891e+03 1.253579357565246028e+03 1.980869380988912853e+00
1.790339061959416995e+03 1.306061410462733193e+03 1.910487739318939227e+00
1.737691842419977547e+03 1.355766887007796186e+03 2.304213078129334846e+00
1.690174906799315977e+03 1.376951575156903573e+03 1.892036118663319222e+00
1.936084969991410162e+03 1.195848561486236804e+03 1.302585615952614129e+00
1.990325556269427125e+03 1.223556637470626583e+03 1.912962812971825910e+00
2.071814022284143448e+03 1.253719280171183300e+03 8.478784476791331182e-01
2.001107685923811005e+03 1.335068246338046038e+03 4.616328880080754482e-01
2.087045397643680190e+03 1.353762041898756706e+03 1.501095586433583762e+00
2.022609966744477333e+03 1.404982090121765395e+03 1.293485329618365931e+00
1.988755242400278803e+03 1.225726324351870971e+03 2.041260996176379017e+00
2.072014519235082844e+03 1.251965409284473708e+03 8.555070098024250003e-01
2.143358261411374315e+03 1.299181570258331931e+03 2.164750213163263659e+00
2.001040455633994952e+03 1.333453844522016880e+03 5.055324750580534321e-01
2.086920073943423631e+03 1.351617475779732104e+03 1.514004639726659107e+00
2.022923355706503571e+03 1.402951403543137531e+03 1.330560740860949664e+00
6.846277378902318560e+02 1.396829503971106533e+03 2.698468918332859623e+00
6.678343135377801900e+02 1.450903979145771473e+03 3.017769699490931767e+00
6.041953527139268090e+02 1.535615168118864403e+03 3.139027316569092285e+00
7.394526656295337261e+02 1.346356298509953149e+03 1.865168051320264642e+00
6.859600681898818948e+02 1.396363119828547724e+03 2.704042906820466108e+00
8.069268851836102385e+02 1.442801589928715657e+03 2.675005747589899840e+00
6.660187569269293135e+02 1.450983328126469814e+03 3.027429252426071749e+00
7.556048501024031339e+02 1.515135443595526795e+03 2.886667801446452408e+00
6.025647992002145656e+02 1.534068484402262584e+03 3.626601754828776697e-02
7.742687375716276392e+02 1.592158520579792821e+03 2.442287233411241321e+00
8.514376726226489609e+02 1.598296681194047324e+03 2.030217722671203262e+00
9.471322651371935990e+02 1.365427291171487241e+03 2.727569953885382592e+00
8.842045578350114283e+02 1.413069371129137380e+03 1.931838038527212682e-04
8.062969472884974493e+02 1.442873580131890549e+03 2.718147774086956403e+00
9.975267927054972006e+02 1.453279226635017267e+03 3.045403508763170564e+00
9.240281226543588673e+02 1.474790804762990547e+03 2.985560096278053965e+00
7.541488881099508035e+02 1.515146306340621095e+03 2.923808279157109169e+00
8.947190045905601892e+02 1.515852041178318359e+03 1.273446962237503310e-01
9.509210873592815005e+02 1.594814709950650695e+03 1.453302346601117012e+00
7.741147023101977993e+02 1.592761298651809284e+03 2.511378792483605071e+00
8.539974885751214515e+02 1.600094276825347151e+03 2.129486816110492953e+00
9.453935207693282337e+02 1.367948196558581230e+03 2.619372798538306402e+00
1.058039002617312235e+03 1.378319899892687317e+03 7.219729032222648168e-01
1.125085144043123591e+03 1.399399313112608525e+03 8.073281807071367444e-01
8.822234832161541362e+02 1.416086417089958559e+03 3.040971707928263434e+00
1.176005652527715029e+03 1.416095690479865652e+03 3.555112585452354645e-01
9.982229693140570816e+02 1.454866988599345177e+03 2.861746562939649241e+00
9.225347517869024614e+02 1.479012749072786619e+03 2.857880956430545627e+00
1.125341478888750316e+03 1.496514749833714404e+03 2.144092100146369528e+00
1.039249298997223832e+03 1.510464708264373712e+03 2.734259800827272269e+00
8.917880256871333131e+02 1.515039760650126027e+03 3.122268620421847843e-02
9.727878627575216797e+02 1.585902178833797507e+03 1.442523311247711382e+00
1.074396127065913106e+03 1.583815966977803782e+03 6.932819713657929483e-01
1.137189791176253038e+03 1.608846959152429008e+03 1.016235595172858108e+00
9.177233868704142878e+02 1.607975852686562348e+03 2.394089911656335889e+00
1.328186818101149584e+03 1.357947277956224298e+03 8.274908854173305128e-01
1.053566823095697828e+03 1.377333261688401080e+03 7.782695557751485582e-01
1.122717057368186943e+03 1.399060998231069789e+03 1.001864724983764443e+00
1.182418652829189341e+03 1.415060494127175161e+03 4.061135988704066002e-01
1.246857120886524172e+03 1.448613768876685981e+03 9.297972336574490404e-01
1.032590521078400570e+03 1.502358362662257832e+03 2.711044459265597339e+00
1.125496011582253686e+03 1.497439560963726763e+03 2.169973584496526442e+00
1.337872527201855519e+03 1.493013512582230078e+03 1.262699309835875472e-01
1.071878251893609331e+03 1.584660423764796406e+03 6.571581699778890062e-01
1.135449260230302116e+03 1.607964215115282968e+03 9.828741833699369268e-01
1.331132305434689442e+03 1.356404288152004028e+03 7.121916038545528238e-01
1.419537785671859183e+03 1.362822183038368848e+03 1.677492333110280009e+00
1.466895522406506643e+03 1.436491770145369401e+03 1.894475195107233834e+00
1.245721411078141728e+03 1.449683627368615134e+03 8.965278833880325760e-01
1.359645164021377241e+03 1.437467863135331982e+03 2.899197354317202713e+00
1.335732079993543948e+03 1.493005528532408562e+03 1.661830856894528641e-01
1.419949552041414790e+03 1.518923713818662691e+03 3.358625917439372333e-01
1.456844606794024230e+03 1.565004029492894006e+03 1.134210732975696079e+00
1.466704431890156002e+03 1.659101549041766702e+03 1.173692081660636877e+00
1.417503288065694278e+03 1.362389364881244774e+03 1.709081154144025838e+00
1.570333652959961455e+03 1.393723723064131491e+03 9.611140827047259805e-01
1.632595433892362053e+03 1.419037182054155210e+03 1.547252949473111761e+00
1.465528178200328057e+03 1.436411547264726551e+03 1.954019819539575709e+00
1.356598909962750213e+03 1.438430042014185346e+03 3.008856107046382178e+00
1.540363510619999488e+03 1.505130841244543490e+03 1.369026886410989130e+00
1.595304669980546805e+03 1.489887911277201738e+03 1.851944504097748467e+00
1.417027487415969063e+03 1.520130592930665443e+03 1.852495368353172522e-01
1.455369992964847370e+03 1.564385493534320631e+03 1.111240396968711908e+00
1.462476480606899941e+03 1.660455127933336826e+03 1.252826050378779144e+00
1.692809649711755810e+03 1.374746976573751681e+03 1.945865945340979675e+00
1.744208580295805859e+03 1.356938399723309431e+03 2.356942111998695299e+00
1.569540657710134383e+03 1.392668594455544962e+03 9.597534517534718201e-01
1.633720836455313929e+03 1.414531453029787599e+03 1.646528673249646468e+00
1.539525334468329902e+03 1.505685146118434432e+03 1.369656402717112531e+00
1.595481901131947097e+03 1.491268403853877317e+03 1.821434558384554148e+00
1.713180293220945032e+03 1.519478145337811384e+03 1.994596438951847128e+00
1.662213524486611504e+03 1.541537025899408036e+03 1.451283187305698608e+00
1.691385328201744869e+03 1.382000329137827521e+03 1.956859318477935483e+00
1.744026342693198785e+03 1.359126181414947723e+03 2.361337380917579942e+00
1.712313223257297523e+03 1.519555107709634967e+03 1.962461253001966499e+00
2.086620847546951154e+03 1.354062392981972607e+03 1.578022788259611620e+00
2.022167486489465773e+03 1.403580317708857365e+03 1.345078420420727561e+00
2.058329378962341707e+03 1.564492363960437842e+03 1.259030401772086583e+00
2.085911689749245397e+03 1.351960956439322217e+03 1.526671697794393712e+00
2.020784331645184920e+03 1.401991927768330925e+03 1.430081350046163324e+00
2.057996269712447429e+03 1.564776720353867859e+03 1.234976549642109234e+00
6.048506782243634916e+02 1.533260578625754533e+03 4.799504326312838826e-02
7.574877577813131211e+02 1.511933327172347163e+03 3.023963190505486232e+00
6.031039636304601572e+02 1.534222156519224200e+03 9.342336365243344987e-02
7.739099122106300683e+02 1.590910815091707718e+03 2.520623430966029588e+00
8.557781202809937895e+02 1.598872226990329182e+03 2.114027150146339906e+00
8.243148126675466756e+02 1.676530185311191417e+03 2.747259184305517188e+00
7.425605523371116305e+02 1.692550430310528554e+03 2.498449115553298405e+00
8.025118088499480109e+02 1.788709245740501046e+03 1.609297921198192594e+00
8.938058623827676001e+02 1.513966577615022743e+03 1.134527285057944507e-01
7.531098821296191090e+02 1.513694130056238464e+03 2.914032504652804612e+00
9.500283910414927959e+02 1.592936188752807311e+03 1.485588932063418799e+00
7.735192804915590159e+02 1.590653524146918471e+03 2.538652475843544920e+00
8.537134989990604481e+02 1.597656125609828678e+03 2.189242315405846906e+00
1.011451572733535613e+03 1.659597437636991572e+03 4.693060538171655582e-01
8.216946004682025659e+02 1.675003633127282910e+03 2.699733379073949724e+00
7.404672002261519310e+02 1.691162143097868693e+03 2.540362153145419022e+00
9.575609814487613676e+02 1.741039273232235928e+03 2.444004819041553311e+00
8.649676484430553955e+02 1.765058058502593667e+03 1.113749273593875877e+00
8.012967427848798252e+02 1.786796959035743384e+03 1.627444039892079086e+00
9.587036767739789411e+02 1.803162530609388568e+03 3.227949958533784525e-01
8.937961213051289633e+02 1.515701709025541277e+03 2.385638282105883690e+00
1.041335766178787253e+03 1.510078375251637226e+03 2.784166772555563885e+00
9.725406580802407461e+02 1.585579157780174455e+03 1.447061176571948105e+00
1.075167973327361096e+03 1.582236892206175298e+03 6.868040129093549995e-01
1.136590014300910298e+03 1.604741133946195760e+03 9.849043968110419156e-01
9.202283803823597736e+02 1.606308404601463508e+03 2.355401931728624554e+00
1.013834545709269605e+03 1.660615144148186573e+03 4.274634591224189539e-01
1.168600150555247637e+03 1.689873473273373520e+03 1.271235181756811938e+00
1.066738612964463528e+03 1.692250638753394014e+03 2.198714462880400067e-01
9.586282625134356294e+02 1.765457822133419768e+03 2.484300213550229675e+00
8.661205159111223111e+02 1.762218070519200865e+03 1.117319064995917044e+00
1.049830789251984015e+03 1.768536641997125798e+03 2.387332569680726824e+00
1.047352780031106704e+03 1.516728546648039810e+03 2.953521879859720478e+00
1.074260107397500178e+03 1.583114200536113685e+03 6.254312976525715495e-01
1.139043981009020854e+03 1.605636309828084222e+03 9.592886628526494652e-01
1.167475848903124188e+03 1.689297403368706682e+03 1.286702710063665878e+00
1.070278130288689681e+03 1.692025552422900773e+03 1.989442577020766878e-01
1.052016466758040224e+03 1.769775307540526910e+03 2.369936704945218242e+00
1.415227796089257936e+03 1.519214956537270382e+03 5.260044747435280721e-01
1.455046112449133489e+03 1.567662890352808063e+03 1.055543222797874270e+00
1.463655453873606120e+03 1.659420022114020412e+03 1.323450553892848047e+00
1.538170367389717512e+03 1.506695299364882658e+03 1.481449330685655097e+00
1.414754329539548735e+03 1.519337814708757833e+03 3.458662343492707181e-01
1.455502741552847965e+03 1.564348042350778542e+03 1.038955513233226879e+00
1.462401279179359562e+03 1.660527495973837176e+03 1.271842297172392611e+00
1.536518445335913157e+03 1.509856550485921844e+03 1.419828699170285535e+00
1.711824827253208696e+03 1.519072069673948818e+03 2.097746657081653865e+00
1.663034815989855360e+03 1.541115294780541035e+03 1.460157431439383702e+00
1.712217501112389982e+03 1.521587213349232798e+03 2.089671125836074950e+00
2.059127104457765654e+03 1.561376916394541013e+03 1.312772731217634714e+00
2.058120725798096828e+03 1.561652811445193038e+03 1.280278823660609744e+00
8.220583228562555860e+02 1.673764926515685829e+03 2.694466084966376407e+00
7.413242147549375431e+02 1.692396067478355690e+03 2.542646528813123474e+00
8.000935531632756010e+02 1.785080991326126878e+03 1.667818394316445074e+00
7.523774959689208117e+02 1.854098452068291863e+03 2.426474113938263510e+00
8.562946136038806344e+02 1.856741715652157382e+03 5.308045030996072500e-01
8.205784615460686382e+02 1.958122459777739095e+03 3.743977775341181813e-01
8.214152996492327929e+02 1.673120259153590268e+03 2.641383639624045543e+00
7.425315536936900571e+02 1.692296766273956791e+03 2.468896612890687958e+00
9.575415947287365270e+02 1.739961884579307480e+03 2.432242629244512955e+00
8.656174399840310798e+02 1.763531778994259412e+03 1.149983377640285021e+00
8.007810659102240152e+02 1.784878414332026978e+03 1.647490564008705194e+00
9.641346788603218556e+02 1.797925945840214354e+03 3.490377372469672945e-01
7.523778450988507984e+02 1.853289750497918476e+03 2.383794880419494611e+00
8.568524367824321644e+02 1.854989864720993864e+03 4.889469121240884175e-01
9.767599759566876401e+02 1.893682515517142747e+03 2.627821268580228686e+00
9.517030313363434288e+02 1.935821715996733019e+03 2.893883693175752114e+00
8.215786304624309651e+02 1.955818668777325001e+03 3.259121129848496778e-01
1.166612798812929668e+03 1.688139429621582167e+03 1.213542425346769926e+00
1.068263435500100741e+03 1.690854297806983368e+03 3.159597234003760913e-01
9.563849985393287625e+02 1.741905468223971866e+03 2.386850900862033775e+00
1.049874749830015162e+03 1.765717484094126348e+03 2.340555252816337362e+00
9.628144067587061272e+02 1.797407848698935368e+03 3.751019863682739097e-01
1.146816827477949801e+03 1.870121935842217454e+03 2.392753649335654043e+00
1.044516147939895291e+03 1.864197543551454146e+03 3.054474121120413166e+00
9.740668480665246989e+02 1.893370586949159588e+03 2.659294740953983549e+00
1.129129031062232343e+03 1.943108606629944916e+03 2.414905961580150251e+00
9.495505523605352209e+02 1.937158830137083896e+03 2.877634893275302197e+00
1.167171911946024920e+03 1.686965964158935549e+03 1.232461802553283858e+00
1.073292794718687901e+03 1.689970300503021008e+03 2.987192980588873614e-01
1.051320810116382290e+03 1.766756351093758212e+03 2.420661182301691916e+00
1.147918472879897081e+03 1.870398370407386665e+03 2.449899525251403531e+00
1.045096253292645315e+03 1.864569875820963262e+03 3.050647510653484051e+00
1.315190527993314390e+03 1.882896567314202457e+03 1.052944921923592014e+00
1.128697627423229051e+03 1.941048509988810110e+03 2.556314758542134857e+00
1.311950961262404689e+03 1.883767226586368452e+03 1.106697897421499155e+00
7.523275311783932011e+02 1.853234224698427624e+03 2.446649998049478469e+00
8.531865053709009317e+02 1.856613862338316267e+03 6.181494465180076281e-01
8.239901572247878221e+02 1.954520583070957400e+03 3.654487120990775328e-01
7.525529747166290235e+02 1.854676978754717538e+03 2.334744723530539634e+00
8.574085593502674101e+02 1.855433732770570941e+03 5.104065922953859857e-01
9.782124837140654563e+02 1.892032255077519039e+03 2.650249428858985290e+00
9.495482387630263474e+02 1.938523999233425002e+03 2.790905882449295827e+00
8.242957212720654070e+02 1.954923646855039806e+03 3.157069952958083126e-01
1.149039954505679589e+03 1.868721789109252313e+03 2.416557681137835978e+00
1.045893645344216111e+03 1.863834940146253530e+03 3.036789015813604387e+00
9.748428388269298921e+02 1.891869104970236549e+03 2.617556411465420840e+00
1.129534954500707045e+03 1.940257545038932221e+03 2.493543506896902073e+00
9.489258849618204295e+02 1.937864750137497140e+03 2.835280128569606983e+00
1.087281483918512095e+03 2.009961968364314998e+03 1.013971626685289257e-01
1.146736639627286650e+03 1.868987785100716792e+03 2.458417941125230488e+00
1.047996965496723988e+03 1.863901088007579574e+03 3.041942093520211277e+00
1.313158432646496294e+03 1.882891822099636784e+03 1.099234574346234616e+00
1.127856278738953733e+03 1.939743785286318598e+03 2.551149967422829512e+00
1.085493585740724257e+03 2.009162156592877636e+03 3.193146047401924925e-02
1.312585371119849015e+03 1.881839753105586624e+03 1.121170131039790796e+00
1.086178692182003488e+03 2.018290070889052458e+03 7.597742269614460309e-01
1.091900417133912470e+03 2.026930072989297059e+03 1.070192328096402523e+00
