1.634369849215163413e+03 3.582551516730795811e+02 1.074864449524731036e+00
1.634784255981347542e+03 3.563883486177620625e+02 1.007963655531282532e+00
1.744975930544485436e+03 3.522920907063095228e+02 2.420262365272888294e-01
1.744756880289521405e+03 3.519718807817287143e+02 3.217534259519625461e-01
2.351896069606968922e+02 4.111504700432835762e+02 2.056641866936310237e+00
1.467323375714165650e+02 4.656280028912584612e+02 2.437546515671983050e-01
2.331799894640327011e+02 4.110200134640818987e+02 2.209691571175000480e+00
9.957953420565308988e+02 5.002514260151721146e+02 1.456439529434246039e+00
9.949178734404547413e+02 5.041690187295786245e+02 1.470923588753669797e+00
1.634693265671617155e+03 3.589723253217182446e+02 1.065204262996090723e+00
1.652495167997000635e+03 3.950808828625014257e+02 1.236157014449406483e-01
1.543395230335031556e+03 4.795901114224000139e+02 9.695175438100990251e-01
1.628633929330542060e+03 5.398761531371783349e+02 4.655134313321774298e-01
1.645105025048834932e+03 3.756499105764396518e+02 8.748039740227971928e-01
1.744748706584387492e+03 3.511190679424782957e+02 2.317607491271088116e-01
1.808552008340884640e+03 4.260291415966431714e+02 2.447975715515060102e+00
1.544594648052848243e+03 4.791289514207271623e+02 1.016904770190707907e+00
1.668252288273565910e+03 4.666275395506910399e+02 2.527721022786651450e-01
1.634940752521887589e+03 5.378623231447779744e+02 2.411132316283143007e-01
1.744151401229336670e+03 3.508088541110530514e+02 3.293246365067508674e-01
1.807983070707573006e+03 4.258705749658658988e+02 2.535137812738309293e+00
1.959989445500279544e+03 4.467806452086265381e+02 2.793005522502488791e+00
1.669704849686205080e+03 4.667157396937773228e+02 3.374955020494093683e-01
1.914772233502719700e+03 4.871242814417025784e+02 2.347457150075269450e+00
1.957539243914419785e+03 4.465911429847307090e+02 2.916159807254460556e+00
1.913646472676290614e+03 4.878382539056278802e+02 2.390081849508530976e+00
2.003420301037817353e+03 5.368886154720445347e+02 2.359230361752714167e+00
2.350283511946926183e+02 4.099395245016313538e+02 2.014052744298254538e+00
1.471814533262106579e+02 4.643218133224668236e+02 2.541695149139632237e-01
2.744303550134965803e+02 6.129744168185890203e+02 2.033423122263068983e+00
3.482765602197058570e+02 6.282966269149994787e+02 2.114464503683099572e+00
2.295099178047293549e+02 4.071781399001696400e+02 2.409292998737669222e+00
2.733114077115109808e+02 6.117599018922953746e+02 2.078822559898969580e+00
3.464909101273051988e+02 6.269707610853795359e+02 2.204289319483716536e+00
9.952333935813508106e+02 5.028508532542998637e+02 1.424439630864681394e+00
9.395058447022788641e+02 5.815975222641130813e+02 2.120984609600382598e+00
9.948616450459403495e+02 5.027921525160172678e+02 1.405660326988849684e+00
9.391778743148013291e+02 5.812224624920017959e+02 2.122329174545511954e+00
1.230393966272744819e+03 6.842417444433649507e+02 1.113974539993652257e+00
1.453343407536527593e+03 5.791307597330128374e+02 1.080225392161417552e+00
1.393465752563469323e+03 6.611780679249098966e+02 2.375905859594800162e-01
1.228076098468639657e+03 6.825956999448405895e+02 1.121617423763299204e+00
1.647948389540124708e+03 3.884810119178513332e+02 2.261785774942417060e+00
1.543979453199662885e+03 4.789916102916363343e+02 1.011904910335634344e+00
1.634828198077421348e+03 5.364132478169780143e+02 2.527024163752688568e-01
1.451509304222393666e+03 5.812201095162413367e+02 1.132935288315426670e+00
1.626200902524873982e+03 6.099197605676123430e+02 4.153947981538095857e-01
1.504808755826223887e+03 6.406281476100900818e+02 2.926431157811134387e+00
1.392748595392444713e+03 6.626257108928433581e+02 2.420753477504436202e-01
1.595950484781931436e+03 6.874265084328940247e+02 6.030761909705041335e-01
1.652022100822345692e+03 3.878495888232275774e+02 1.384464104455903344e-01
1.808769499313897995e+03 4.239542678918775209e+02 2.456130961343042873e+00
1.544407532269560306e+03 4.784444438297454099e+02 1.007485870645545623e+00
1.667726708908496448e+03 4.663580243313870142e+02 2.327922018442858676e-01
1.634554063372410837e+03 5.358340794247598069e+02 2.646099463160475063e-01
1.758796901015768753e+03 5.663523264703886753e+02 2.704662275129820159e+00
1.625688261400589909e+03 6.104064166081177518e+02 3.940889352401922285e-01
1.694515338023896675e+03 6.454182382496660466e+02 1.105923752826451611e+00
1.507388096993672889e+03 6.420185393326451049e+02 2.857403798215451651e+00
1.789163539380357179e+03 6.520901111218247479e+02 2.953355028043820885e-01
1.594962491396115865e+03 6.852963914971501254e+02 5.915296582109763612e-01
1.668268973162107841e+03 3.946734891922061479e+02 4.987178237099396672e-01
1.807359291377656064e+03 4.252612676059610521e+02 2.534799327314068318e+00
1.959968163952080431e+03 4.463759508473353890e+02 2.773829815296348311e+00
1.668437552703532219e+03 4.652638433598334586e+02 2.792433092600341005e-01
1.915399772990510883e+03 4.859934423779485542e+02 2.334154067442467451e+00
1.854877046056756626e+03 5.764284917442539609e+02 1.165456048950063606e+00
1.757776938480118133e+03 5.668365529947261621e+02 2.796057899151651149e+00
1.899459943997806477e+03 6.083679186958577247e+02 6.381150606241651202e-01
1.695183477738880129e+03 6.409317121435983609e+02 1.012795936613487546e+00
1.791546739793829602e+03 6.502756382550389844e+02 2.873096895380666815e-01
1.911295506121432481e+03 6.592952914957010080e+02 3.498467795510004086e-01
1.957425971888345430e+03 4.455610682607582476e+02 2.845113104068581311e+00
1.913523486800398587e+03 4.861067637206725749e+02 2.359391940898405871e+00
2.003185713641751136e+03 5.347926732142990431e+02 2.338569684574588248e+00
1.853752097544388334e+03 5.759617322452011194e+02 1.123025670143810828e+00
1.897957688314612824e+03 6.073747647397112814e+02 6.344778868434033381e-01
2.019494638741291055e+03 6.404321916247565696e+02 2.996762278336575935e+00
1.907635790091505442e+03 6.602001394453111516e+02 3.287083325672225387e-01
2.003340472141814189e+03 5.353325291872235994e+02 2.394035573033636233e+00
2.020121740750568279e+03 6.408834050534914013e+02 3.109023740750190168e+00
2.738207846688634390e+02 6.125782944276392072e+02 2.075221789779586601e+00
3.483209180356425918e+02 6.260602933037154116e+02 2.184309839356135097e+00
3.378299582605364435e+02 7.148588384520598993e+02 2.156797005130798528e+00
2.724712694352481890e+02 6.111995241174197417e+02 2.076539236589399984e+00
3.462336024871544851e+02 6.261877047252472721e+02 2.203239257660790429e+00
3.371349112314967442e+02 7.140802858670954265e+02 2.154818447073390875e+00
9.389919694241680190e+02 5.793477022307918105e+02 2.137890956871006942e+00
9.896983533328530029e+02 7.103268794533743176e+02 1.163946944511441872e+00
9.152147789670173097e+02 7.209413373871411750e+02 1.351153640096532271e+00
1.005345976380145657e+03 7.776658179938895046e+02 4.807296021190807789e-01
8.735586697087151151e+02 8.505280916223489385e+02 1.647994210391012349e+00
9.386293920651987719e+02 5.794284970006547155e+02 2.131099120215669274e+00
9.903032338233110750e+02 7.101626277111630543e+02 1.169726380942485156e+00
9.151709616502926110e+02 7.210434494853334400e+02 1.378778697381122242e+00
1.005169087496831480e+03 7.761963106503051222e+02 4.435040965838520366e-01
8.716204866026039326e+02 8.449616483806905762e+02 1.778741067388616592e+00
1.228756224107655271e+03 6.830827847339420487e+02 1.173117338159678669e+00
1.258734952290007868e+03 7.497828804565828023e+02 8.000077698239093094e-01
1.292359706743656943e+03 7.925492838472113135e+02 4.061397248426991680e-01
1.452172694794154722e+03 5.797313583593619342e+02 1.144036857789495043e+00
1.394058757126008459e+03 6.608995347271439869e+02 2.301348589127750754e-01
1.227215821105736950e+03 6.846125825663627893e+02 1.176745576160528106e+00
1.256190527913614460e+03 7.514271985466825754e+02 8.485188994009218444e-01
1.489734892880469943e+03 7.528800261329253090e+02 2.633817375050164333e+00
1.288793545022861508e+03 7.924205020135680115e+02 4.640958231252609867e-01
1.402132860656711046e+03 8.198864380316884990e+02 4.586283054063833298e-02
1.452232433361706171e+03 5.809479563683861443e+02 1.132261638686007155e+00
1.627479465345909375e+03 6.083080184369454173e+02 4.742078804675560755e-01
1.504253328707359515e+03 6.391784233589120277e+02 2.958698533419819920e+00
1.392931049730705354e+03 6.609170454472370011e+02 2.879521286105611311e-01
1.597322429222599339e+03 6.833126505125507038e+02 6.058365928255231569e-01
1.487855698039397339e+03 7.518946730614886746e+02 2.668584401356543179e+00
1.574004256031469367e+03 7.605003938507020393e+02 2.343666880990990187e+00
1.653193346332033343e+03 7.588257661467323487e+02 2.374081862719851888e+00
1.553548736271116468e+03 8.150446594851715645e+02 3.207626415566067757e-01
1.398784571501423670e+03 8.218446181412598435e+02 1.026745362317638272e-01
1.652630219723972687e+03 8.444166301706081867e+02 4.652702482866395983e-01
1.760475851231050910e+03 5.640899373997785915e+02 2.755004237126112532e+00
1.625766948046161815e+03 6.100644975920577053e+02 4.126214491617091751e-01
1.694606015994538438e+03 6.466211294472228701e+02 1.083563024378025430e+00
1.791823467905493317e+03 6.493113966982634793e+02 3.035950363384959938e-01
1.596169629457051087e+03 6.837130339787040612e+02 5.912097870510452102e-01
1.721758789153691851e+03 7.039745356549160533e+02 2.880459767754162681e-01
1.819238597870492413e+03 7.421272014818041498e+02 1.602746088990420814e+00
1.573209866424509983e+03 7.600876518505089052e+02 2.348283909935168445e+00
1.653571886621891053e+03 7.580899661200621722e+02 2.489752938365355828e+00
1.728247755512838012e+03 7.612185570149125624e+02 2.516501219107404985e+00
1.554329574433114885e+03 8.153256046402407264e+02 3.034743074785882233e-01
1.658217561938640074e+03 8.422496874781262477e+02 1.590181189914419424e-01
1.800473604601950683e+03 8.459394623721557309e+02 7.251087281088697267e-01
1.855983208910920666e+03 5.751042283010698384e+02 1.166933612941097875e+00
1.757599818196555134e+03 5.653644474363557038e+02 2.797099398223183986e+00
1.896332578407223082e+03 6.084447487348566028e+02 4.255799559328753978e-01
1.693382865918649486e+03 6.445940524949355677e+02 9.999195777446487909e-01
1.790773890700137599e+03 6.492969263203552828e+02 2.748716724738349271e-01
1.909498027311016813e+03 6.569004532321944225e+02 2.319393439029107107e-01
1.719969291055120948e+03 7.045292975220701237e+02 2.589291977862179239e-01
1.816353764079363373e+03 7.412247962578687748e+02 1.536806221033860220e+00
1.878522873506649830e+03 7.603330216716210543e+02 1.700530584705545856e+00
1.942783704390607909e+03 7.536759295458184624e+02 2.410062846697297534e+00
1.726644493850942808e+03 7.625474220633199138e+02 2.615306425098334220e+00
1.922548437587971875e+03 8.426993440750854916e+02 1.782972792593475075e+00
1.801532169847343539e+03 8.415902284352720244e+02 1.683372376096161638e-01
1.852801572816839325e+03 5.728092244812045237e+02 1.033497918643920377e+00
1.897269803875754860e+03 6.069038452257382232e+02 5.595759223171742347e-01
2.019335312509327196e+03 6.407573572835392497e+02 3.054137257976647035e+00
1.908184799454691529e+03 6.588448457323416960e+02 2.687484706111117894e-01
1.996696165816632856e+03 7.231077595041024324e+02 1.929158266989316139e+00
2.138224228902622599e+03 7.214586914486549176e+02 2.446296997295673847e+00
2.075223540903850790e+03 7.358100952914451227e+02 1.863712692514658986e+00
1.876895860426730223e+03 7.608081290523739426e+02 1.631956225308172304e+00
1.940241855001504973e+03 7.538730400016065687e+02 2.451087140219074367e+00
2.050332435478456773e+03 8.187207987828992373e+02 1.899483822210155326e+00
1.920531959850498879e+03 8.429134991684109082e+02 1.663697500658520845e+00
2.018383215843386097e+03 6.397753238360049863e+02 3.052815772336047839e+00
1.993224479153933771e+03 7.213559699205105744e+02 1.923636975663886028e+00
2.136462616902607351e+03 7.195698063653094323e+02 2.356439402325983590e+00
2.287382123075572508e+03 7.164040330397245953e+02 2.544238809696829140e+00
2.073001535568547297e+03 7.356461094947071615e+02 1.874356172076585114e+00
2.048382163549280449e+03 8.195589441796560095e+02 1.906082947803710681e+00
2.219717483990385062e+03 8.370859974484812938e+02 4.540421225366940150e-01
3.393089670009126735e+02 7.168830475745069180e+02 2.336491229954825499e+00
3.367301717802129701e+02 7.125337257885990994e+02 2.152696051842904357e+00
4.334452477665956849e+02 1.001932151321693709e+03 1.977436696482685330e-01
4.341184885684571100e+02 9.994456727105466598e+02 1.726249302602946567e-01
9.148447256768597526e+02 7.201427769668190422e+02 1.421337843664004952e+00
9.872070915400995545e+02 7.175966345800545696e+02 1.262097225520823818e+00
1.002990102390510401e+03 7.747414922657021634e+02 4.834681074228568964e-01
8.733962791693188592e+02 8.498818521854163919e+02 1.678925232419048008e+00
9.421002480698432464e+02 8.836479683348302387e+02 1.586348239108156255e+00
9.851277650839242597e+02 8.984970526399260962e+02 8.702411456495153796e-01
9.922503576072410851e+02 9.770596951861821253e+02 8.184950127355813398e-01
8.713678125278427160e+02 1.009028798124818422e+03 6.754030719275744277e-01
9.131633833376731673e+02 7.209425303378878880e+02 1.384846336596053273e+00
9.898342214179317580e+02 7.085255025940979294e+02 1.236158224646716208e+00
1.005306172548475843e+03 7.743746380981015136e+02 3.769590871907527174e-01
8.714213264672828245e+02 8.490840073131754480e+02 1.729515952743028162e+00
9.425444954218694420e+02 8.838535298093149777e+02 1.657254242056771520e+00
9.859797072144731374e+02 8.977602086832453097e+02 8.187180794917110482e-01
1.076390499422368066e+03 9.173507093917285147e+02 1.384516240892170069e+00
1.124827443599823255e+03 9.485268332480725348e+02 1.039683002134062839e+00
9.922062319667427346e+02 9.742526951919962812e+02 8.040023664151646487e-01
8.758784909253026854e+02 1.005439095364081822e+03 6.914109233950485045e-01
1.258913904948384243e+03 7.487109133037633910e+02 7.925074168214737425e-01
1.291334805685124365e+03 7.910510038224009577e+02 3.643396547197301771e-01
1.287627935418356856e+03 8.647395876966002106e+02 2.960646973484682976e-01
1.074546788113279717e+03 9.178709181464516860e+02 1.434793368070441888e+00
1.302046266256558738e+03 9.253498288898026658e+02 3.479602568926118411e-01
1.123847452637647621e+03 9.494374080165803207e+02 1.113774285684191678e+00
1.038107825953158681e+03 1.020681487444916684e+03 1.081083938714557657e+00
1.255955556105463529e+03 7.492717647173934665e+02 8.371762860749203394e-01
1.489570598014042389e+03 7.512135462220315958e+02 2.632454313984216476e+00
1.289333529945101418e+03 7.913038828348176139e+02 4.525308275191725627e-01
1.402697215644947391e+03 8.195978880458468439e+02 2.687302074535987545e-02
1.284787128040038851e+03 8.656210939074235284e+02 3.353729413428112593e-01
1.481407814430684994e+03 8.977459728337635170e+02 2.245844415394604443e-01
1.395162807200071938e+03 9.272918872729824216e+02 1.526632543435597844e+00
1.299904947449468182e+03 9.257782767562623576e+02 4.034179612044968000e-01
1.488298269941547460e+03 7.513865268250845020e+02 2.753938794504620535e+00
1.574141037348280634e+03 7.585532604908109988e+02 2.414968611268643262e+00
1.654680559137044838e+03 7.561736287391034921e+02 2.445531572064149284e+00
1.553335729591509562e+03 8.142726819453608869e+02 2.859451944464565520e-01
1.400180142994139715e+03 8.197217971152329028e+02 8.584076948272471863e-02
1.658770222232837341e+03 8.405642532215751999e+02 1.474868656706866954e-01
1.480438853979595251e+03 8.976572317390432545e+02 2.835312553871023877e-01
1.581980588724317613e+03 9.044768677899471641e+02 1.669401935644415635e+00
1.393794381991957152e+03 9.264145524702739749e+02 1.485907535105544408e+00
1.637004855845277916e+03 9.594588993855707031e+02 1.307119800912458274e+00
1.529072051888306078e+03 1.005676173615679090e+03 6.964082552691227557e-01
1.818904698666164904e+03 7.393461819956995669e+02 1.471351584315153893e+00
1.572747742951469263e+03 7.609893281848960669e+02 2.440231240749108910e+00
1.653156473300924063e+03 7.576859272528554357e+02 2.566954260618180772e+00
1.728553683828161411e+03 7.633237799233947953e+02 2.618198787235252567e+00
1.553740934522259749e+03 8.138821748045464801e+02 2.770875842282546908e-01
1.658792814345546049e+03 8.409542709101509672e+02 1.542095305360806357e-01
1.802467224666528637e+03 8.429326887793183687e+02 3.350160863874730444e-01
1.580961216593916788e+03 9.068145514252778412e+02 1.672317656429565869e+00
1.769877468996506423e+03 8.834834702026760169e+02 2.338044569645472137e+00
1.636213446722686967e+03 9.578949395116753749e+02 1.218080053562607068e+00
1.732731043156424676e+03 9.220543299936273343e+02 2.039862593858859263e+00
1.691368594582508422e+03 9.714940531196407392e+02 1.798694756727563959e+00
1.811278135796826746e+03 9.863918321408841621e+02 1.915477466817676833e+00
1.527148079873526058e+03 1.008662790271203221e+03 7.909266335289170113e-01
1.815441163199302537e+03 7.400286542873170674e+02 1.456786499609494578e+00
1.878064074358696644e+03 7.607025577691722447e+02 1.642787770781847678e+00
1.945694559573981678e+03 7.540637054421591756e+02 2.446586568386915683e+00
1.730794290422312770e+03 7.652960005958519787e+02 2.721497815342172277e+00
1.922191909405434671e+03 8.420894970726443489e+02 1.725272757266941070e+00
1.803403103633293540e+03 8.383804914981961929e+02 7.273543295750024840e-02
1.749665210346244521e+03 9.078774930806262091e+02 2.266752056019337491e+00
1.686424915166339360e+03 9.705467636074517941e+02 2.117925290885301237e+00
1.812724958670936985e+03 9.935269130855924686e+02 1.929331933002692789e+00
1.997798287815900039e+03 7.220739112323865356e+02 2.013316482112808004e+00
2.075820408594727269e+03 7.350723047864655655e+02 1.917475977411163601e+00
1.876301070737375312e+03 7.612241492387800008e+02 1.630833459095460736e+00
1.940764672592955776e+03 7.530978911109605178e+02 2.446387787353252463e+00
2.050628971540691055e+03 8.198907985551427373e+02 1.937080101914960162e+00
1.921063441195678479e+03 8.424914508837621270e+02 1.695554016541789721e+00
2.098539482492965362e+03 9.229316148587602129e+02 1.928710480585110520e+00
2.136568948176296544e+03 7.207836650218499699e+02 2.428329183471055863e+00
2.292086146745815768e+03 7.141769859953205923e+02 2.558167267756948693e+00
1.992388538675369546e+03 7.269396194099350623e+02 2.351045956422618044e+00
2.073527909831955185e+03 7.358129413133378876e+02 1.921221098401884042e+00
2.049085591292019217e+03 8.194083721672755019e+02 1.961660068032252680e+00
2.218361188009285797e+03 8.355260195866351296e+02 4.248135002100604241e-01
2.097176771658118923e+03 9.221013740788962423e+02 1.924609770091905370e+00
1.353047115746225018e+02 1.098165741765218854e+03 1.109798228065280501e+00
4.315617597769156646e+02 9.980265333671086410e+02 1.697253698423142332e-01
5.073940441148106402e+02 1.059472614104874310e+03 2.963466290096501421e+00
4.825149917256931076e+02 1.131312002007191040e+03 2.500780589185216396e+00
4.287624107099617277e+02 1.163580394186102922e+03 1.658886161513335233e+00
4.307235297838590213e+02 9.978313267622618241e+02 1.488602393814182634e-01
5.061066752617516613e+02 1.059149259416260520e+03 2.945541501235452220e+00
6.616857695353351119e+02 1.076408310097834828e+03 3.208671972579941190e-01
4.846303038457639332e+02 1.132296403908924731e+03 2.397987805642819215e+00
4.268642748026205709e+02 1.161987889648599776e+03 1.698255671430876301e+00
6.508864727154632419e+02 1.166247060990069713e+03 2.306495570950465979e+00
7.671491855827193831e+02 1.081408848515456384e+03 8.373754053154041088e-01
6.600163285807062721e+02 1.076278338246372641e+03 2.286800672896448228e-01
8.175866126448921705e+02 1.109856652478779779e+03 4.137695047374154167e-01
6.502972105298125598e+02 1.168761730149052937e+03 2.323910718084897908e+00
7.668323167380248151e+02 1.167251013386047816e+03 6.229000722108728461e-01
9.576665542160667428e+02 8.878456978011254250e+02 1.582538702530722485e+00
9.934747331433532054e+02 9.731303225138290145e+02 9.292823964122810532e-01
8.735980386445023669e+02 1.005420660213463179e+03 6.877794998113413438e-01
9.128480757321362944e+02 1.054835382222340513e+03 8.187545392815019293e-03
7.668951064205954253e+02 1.084657171879148564e+03 8.212846179866700735e-01
8.156753778727338613e+02 1.109787327797687567e+03 2.723219853549195824e-01
9.653950854047079702e+02 1.115510592754044637e+03 5.778557805254587176e-01
7.702151788558766157e+02 1.165484505456576699e+03 2.888677484153824526e+00
9.442847702349088195e+02 8.829628224879995742e+02 1.743949995235065886e+00
9.847433591216035893e+02 8.968673510467569940e+02 9.207370904671829948e-01
1.076473000904666605e+03 9.162036525009898469e+02 1.455534234372106273e+00
1.124963158316047839e+03 9.471272429415903389e+02 1.116245967202984968e+00
9.922859419517728838e+02 9.730439478683374546e+02 9.041502241327308287e-01
8.724411469220071922e+02 1.006213416470446191e+03 6.929362212667975474e-01
1.031984356057047989e+03 1.023855806919215865e+03 8.269581577637304948e-01
1.144481812145321328e+03 1.023609893263443610e+03 2.994931265802040610e+00
9.127675621213686554e+02 1.054256557141261510e+03 3.129458041513238697e+00
9.666376516259845175e+02 1.114725046276840203e+03 5.522009236647431596e-01
1.073863321020231979e+03 9.133174004533632342e+02 1.418154473866610754e+00
1.301841952344784886e+03 9.233741326927629416e+02 3.568809771053721436e-01
1.123555333808821615e+03 9.477964146254084881e+02 1.058979047942975482e+00
1.029931099446828284e+03 1.024163381878098335e+03 8.416707814433881385e-01
1.141889812086713391e+03 1.023709145088910645e+03 3.053326332778361074e+00
1.238561590282945645e+03 1.129651765830655222e+03 1.866459261290855043e+00
1.477365877452971745e+03 9.133226509764535876e+02 2.458290182351270392e+00
1.394962647144902121e+03 9.242697774530527113e+02 1.480754389932008808e+00
1.299608621750807970e+03 9.244418935727221651e+02 3.823132722412872497e-01
1.350381553587215194e+03 1.082070747056207210e+03 4.623477486762957445e-01
1.455112977252917062e+03 1.081156497878091386e+03 7.176867449524624298e-01
1.235912928356058273e+03 1.130006153765474437e+03 1.813221868189664132e+00
1.494237612895936309e+03 1.129857839303435640e+03 1.404909991633112920e+00
1.398766193552047071e+03 1.161119840224788277e+03 2.404735019410018104e+00
1.480383283321790486e+03 8.986499196911552190e+02 3.049066379699745699e+00
1.582042455529277277e+03 9.044134341205776764e+02 1.727356790965969946e+00
1.392938337339739974e+03 9.230928096639991054e+02 1.540846154914719213e+00
1.636614666598419035e+03 9.574174777032390011e+02 1.218648232619113037e+00
1.529696314992760108e+03 1.001061832999229182e+03 5.431624054941667223e-01
1.559794599705604924e+03 1.056331232940859536e+03 1.422925070758869204e+00
1.454109146001294675e+03 1.082045481510758464e+03 6.188806716480929060e-01
1.349038029715640505e+03 1.082254400903537771e+03 3.812945171568387637e-01
1.637511061083143431e+03 1.094632206890757288e+03 2.428467805726822526e+00
1.492824004185558124e+03 1.130020809150874811e+03 1.489130378649356379e+00
1.584844732671530664e+03 1.164485049767273495e+03 1.668100539359386403e+00
1.394435432538064333e+03 1.162519585907970168e+03 2.485113513328459867e+00
1.776147103452731017e+03 8.825975243540426618e+02 2.610428227614111307e+00
1.580793259162722279e+03 9.045561540593807877e+02 1.653152432637446934e+00
1.635517925414583260e+03 9.563964757676985755e+02 1.191929413515391945e+00
1.733704006812110492e+03 9.234091683869871758e+02 2.228401071988782345e+00
1.691687989118298219e+03 9.710315258121422630e+02 1.930950340731315107e+00
1.815440081502061503e+03 9.912437639921120081e+02 1.967810237096702997e+00
1.527040507880804171e+03 1.001593614799734723e+03 5.829753010364088217e-01
1.558451589796450435e+03 1.057332454997925879e+03 1.363919877156616778e+00
1.693312217515860084e+03 1.063898678528658820e+03 2.286237295938659653e+00
1.635880256144424266e+03 1.094776684457996453e+03 2.475038219899721170e+00
1.582218474719159303e+03 1.165093933582323643e+03 1.603565702989258046e+00
1.777501625548285574e+03 8.811843126213209416e+02 2.605264738247548451e+00
1.733158239972033925e+03 9.274816100503321650e+02 2.209798753676479155e+00
1.692310471571548533e+03 9.721610472015788673e+02 1.951258778600791999e+00
1.813227328414764770e+03 9.926674579952762087e+02 1.912994422655906801e+00
1.694836958538322051e+03 1.066139320269955306e+03 2.302569668370133993e+00
2.099367856179412229e+03 9.227255711181078368e+02 1.965058993132557275e+00
2.096505765561808857e+03 9.210729682241944829e+02 1.966132718570181348e+00
1.353903793376684916e+02 1.098179696153616533e+03 1.115491267405359199e+00
2.681277892191643559e+02 1.193062885544387427e+03 6.283687251652561034e-01
2.798371734814286356e+02 1.260682050184985428e+03 1.372996592695523710e-01
5.061807787714088818e+02 1.058000976793474138e+03 2.910490186291108561e+00
4.853812459985711030e+02 1.132422045883286955e+03 2.450417737538705509e+00
4.286033325802357012e+02 1.165636775677381138e+03 1.718356938444799420e+00
2.660573304775019778e+02 1.193462783241429406e+03 6.187159529831245397e-01
5.318019902664730125e+02 1.247457853926102871e+03 2.022758210432535897e+00
4.601062259394260536e+02 1.269964557940530540e+03 1.339711350057404271e+00
2.767929869983755111e+02 1.260604524850657754e+03 1.526137182909321488e-01
5.042411947014834368e+02 1.059486892612598467e+03 2.968961943251569036e+00
6.601962899941994465e+02 1.076929150011134425e+03 2.376214869541603547e-01
4.827357512077578576e+02 1.131683024840427606e+03 2.476725288203706743e+00
4.282819322234188348e+02 1.163638600932111785e+03 1.677620907419571816e+00
6.527377119950465385e+02 1.168389458841341593e+03 2.455096915867829743e+00
5.831262316220986577e+02 1.201177744645557596e+03 1.465251168142497340e+00
5.296418274975712848e+02 1.247114384394916442e+03 1.962009134984691316e+00
4.594368292094970911e+02 1.270192293059055601e+03 1.288864047402042745e+00
6.127234107767263822e+02 1.277462941951048606e+03 6.645308823325789538e-01
6.614384116425712818e+02 1.075730523477050610e+03 2.022590983089189165e-01
7.696081406464878683e+02 1.082932001193863925e+03 7.683097664459102027e-01
8.160454397255259664e+02 1.108395988105006836e+03 3.151115413563073120e-01
6.505318697361672093e+02 1.166892373671349105e+03 2.427085230546625727e+00
7.673939702858071996e+02 1.171683729972570745e+03 2.946369934332087936e+00
5.825803206294842767e+02 1.198391725261441479e+03 1.483183303083302151e+00
7.281966189742029201e+02 1.266988355373794775e+03 1.855520129586166522e+00
6.116160598204621692e+02 1.277432404360670262e+03 6.611726289547712465e-01
8.017414010777388285e+02 1.305536444518992312e+03 1.239928769815557219e+00
9.128861183440330933e+02 1.052438336845893218e+03 3.094418638215297612e+00
7.682507372898558060e+02 1.084876192099573245e+03 9.176117414889727320e-01
8.163208320704048901e+02 1.108276356949484580e+03 2.908970743037073148e-01
9.679759213616678153e+02 1.113538284621279217e+03 5.866110138460804979e-01
7.653945452090333674e+02 1.173314322016228743e+03 2.834443602830806874e+00
9.802323386226664752e+02 1.179084109953227426e+03 5.143035476037605136e-01
8.809581118922585574e+02 1.220726182665474880e+03 3.022517313598824806e+00
7.282146689127614536e+02 1.262399932946092122e+03 2.399052722171147956e+00
8.895591041524751290e+02 1.282712166474813330e+03 2.358883797362618662e+00
7.995302206956529290e+02 1.307723658857055170e+03 1.269719288884574970e+00
9.756542677979198288e+02 1.325470108747450695e+03 8.775568231455039836e-01
8.621573456928024370e+02 1.338592238700599410e+03 4.763695303394359648e-01
9.147853000744767087e+02 1.052095846732734799e+03 1.232795121919023074e-01
9.659225582200706413e+02 1.113496255799953133e+03 5.818202358859225765e-01
9.776396974909471282e+02 1.180063054152092718e+03 5.245566424692145180e-01
1.181493568418149380e+03 1.218544328364012472e+03 1.474167908553660533e+00
8.780446418687115511e+02 1.219249150490026523e+03 8.563163143270974276e-02
1.090075820535382718e+03 1.233258288728650314e+03 2.471850549523884499e+00
8.890854176702669065e+02 1.287965873202754210e+03 2.429231625703119679e+00
1.092556961781536529e+03 1.304374691715708195e+03 2.676983735027813616e-01
9.717772398772544875e+02 1.325087140238111260e+03 8.581702236456103527e-01
1.237726853912467050e+03 1.127023944741818013e+03 1.810725396256710695e+00
1.179243084069035149e+03 1.216846887487356071e+03 1.359923497092400346e+00
1.087704120918078843e+03 1.232357596503720742e+03 2.526300524044415852e+00
1.260675547170424124e+03 1.233308428381885733e+03 3.241578192331002195e-01
1.230195297573273137e+03 1.301285723178179069e+03 4.957441255402855740e-01
1.089399855730879608e+03 1.304726639185389558e+03 4.111415592806590968e-01
1.302751395280306497e+03 1.319054302925975890e+03 1.103353054584281789e+00
1.352347002642170537e+03 1.080289044631093702e+03 4.628125966951128212e-01
1.457876572484381995e+03 1.078255752821321266e+03 6.920217082914897899e-01
1.237115036116838155e+03 1.127671178133314470e+03 1.845044654697086228e+00
1.495132599224690466e+03 1.127273956380057371e+03 1.458307697712107665e+00
1.398985733050630643e+03 1.160121197817943312e+03 2.419854586516057893e+00
1.346871979991402213e+03 1.205478968603908697e+03 2.654061506542062077e+00
1.259708091774902414e+03 1.233482927490031443e+03 2.964577017318779650e-01
1.380327765901244220e+03 1.316426218959761854e+03 1.701728849094852558e+00
1.228376369384511236e+03 1.302198380121727268e+03 4.651856390802317498e-01
1.299994376054042505e+03 1.318877067509901735e+03 1.128711385749426643e+00
1.559990669818543665e+03 1.055776761591330796e+03 1.363158596586381055e+00
1.353247525134240504e+03 1.079505037074804704e+03 4.553490694548151807e-01
1.455139308007995396e+03 1.079785437467823158e+03 6.606150121906586570e-01
1.638586781648727083e+03 1.092691117929205120e+03 2.459428294194316855e+00
1.493436404091224858e+03 1.128364684073510944e+03 1.409076821589465789e+00
1.584463006333240401e+03 1.161228811630867995e+03 1.607374853338527476e+00
1.398528654358478661e+03 1.160372868986511094e+03 2.478546136070337802e+00
1.378392788749966712e+03 1.313434307362710342e+03 1.736791985516570103e+00
1.579521613207466771e+03 1.333200916827286619e+03 1.800211709247532488e+00
1.557615017618798674e+03 1.057934589270387733e+03 1.339983356679846027e+00
1.694824554015557851e+03 1.062690054797143603e+03 2.336582769815594762e+00
1.635948675231814150e+03 1.094230017199006170e+03 2.478773408796906441e+00
1.583619311281264345e+03 1.162507768523418690e+03 1.578315432435440480e+00
1.579127077569941093e+03 1.334748640165294773e+03 1.820713991920581254e+00
1.697523527889455181e+03 1.071837019010268477e+03 2.285970129545896512e+00
2.673737870393996445e+02 1.192021718178808669e+03 6.208041909275044956e-01
2.789276187424999307e+02 1.260064438501998666e+03 1.520699909043460030e-01
1.748045333561541952e+02 1.387865396869796768e+03 1.437710355472989976e+00
2.648583071873637209e+02 1.192207357033616290e+03 6.433833748740318548e-01
5.317768254196208773e+02 1.249889385288762014e+03 1.940993137606934038e+00
4.603396497810556411e+02 1.268699735778900504e+03 1.315551341252182427e+00
2.769448456799588598e+02 1.259576169909938699e+03 1.777807478641699745e-01
3.948078542472536583e+02 1.353663303370791709e+03 3.080589408029047238e+00
4.963908492339000986e+02 1.442272567662349502e+03 2.164303665019136957e+00
4.570547936688440132e+02 1.471505333658802556e+03 2.260573530899647299e+00
5.826207564750131951e+02 1.199880489982534073e+03 1.455282603124286478e+00
5.294178394266132273e+02 1.244589935458267746e+03 1.961787209566128620e+00
4.596330346119241312e+02 1.268005101976603783e+03 1.263754782087315842e+00
6.129649679255610408e+02 1.275883073718539890e+03 6.560241944778486545e-01
6.281876973742237169e+02 1.353226430540001274e+03 2.819038337358752422e+00
3.914521852660332115e+02 1.352881463920640499e+03 3.099932155454856009e+00
6.268224417686210472e+02 1.409028660385796684e+03 2.752168829954893869e+00
4.960272137646798001e+02 1.441778122213745746e+03 2.267174059734905711e+00
5.748253006625811850e+02 1.455662555534707735e+03 2.550577779526284061e+00
4.537169901721624683e+02 1.472204605546212406e+03 2.280795258233884848e+00
5.770560638351283842e+02 1.202916195220130021e+03 1.298825987126599024e+00
7.274251482364109052e+02 1.265644989350558944e+03 2.659809190581944094e+00
6.110086427921116865e+02 1.276323125853699821e+03 6.732934607509821756e-01
8.012631851395124158e+02 1.306119013939130582e+03 1.195467103289589827e+00
7.117452620731580737e+02 1.346386914571558009e+03 2.446988386451971031e+00
8.564521184421348607e+02 1.337699616313924707e+03 4.091795585320652240e-01
6.249323796927652666e+02 1.353286515346986107e+03 2.722016782125902701e+00
6.255156750604573972e+02 1.407653503804687034e+03 2.773793730141095093e+00
7.926109885615445592e+02 1.434174092095750893e+03 1.670127116665768741e+00
7.269987493162137753e+02 1.436326939464549696e+03 2.246483263253905793e+00
5.703586163831439535e+02 1.456311253539015752e+03 2.505702519162650521e+00
7.532223656869572324e+02 1.203605615539878499e+03 1.746370952135620991e+00
8.803969426902185660e+02 1.220748223833337079e+03 5.774002687786881222e-02
7.275857224200128712e+02 1.262126478009992752e+03 1.595406507278901875e+00
8.886885002527744746e+02 1.280707316658457330e+03 2.373360237343361767e+00
7.998046293829620481e+02 1.306422336168624724e+03 1.257432336484210600e+00
9.744192700888715990e+02 1.322112122007186599e+03 8.219408001675166942e-01
8.602020827531193845e+02 1.336337500091141010e+03 5.203636864801832740e-01
7.093556721899001332e+02 1.346846117225854641e+03 2.405846007883447157e+00
8.778005285638973874e+02 1.405626783606101299e+03 7.115605811238925327e-01
9.972210202899916567e+02 1.415914491363000252e+03 2.972988927608717802e+00
7.917529181226516357e+02 1.433614680270972258e+03 1.698843827145953389e+00
7.244713880033006035e+02 1.438617836195514428e+03 2.242481339218231451e+00
8.945122102774796531e+02 1.476464525610798319e+03 3.010796119004914839e+00
9.950804021270721478e+02 1.481996284388220374e+03 2.791345098064569985e+00
1.180507425434151173e+03 1.218368389016926812e+03 1.267030324911315287e+00
8.920652524050778993e+02 1.216283338228361572e+03 4.003973074261070741e-01
1.089891724470070130e+03 1.232345499357008521e+03 2.507923065265182938e+00
8.884259701297685297e+02 1.283588572110358655e+03 2.389311201362601444e+00
1.091904604268314870e+03 1.301773571160408210e+03 3.616352042818535284e-01
9.723177134040679448e+02 1.322718958544961424e+03 8.193865710843231120e-01
1.103940792249128208e+03 1.367470383866201701e+03 1.126215698005852861e+00
8.771322583698199651e+02 1.402256610548706021e+03 5.776031410554436363e-01
9.965883687578780155e+02 1.415959833157308822e+03 2.957738454500164593e+00
1.142679001873823609e+03 1.472530315899361995e+03 1.810937329008424745e+00
8.948849425152932326e+02 1.473588524643141454e+03 2.799306511442979595e+00
1.001056867927268968e+03 1.490515586828760888e+03 2.680605566892235281e+00
1.088309770307490226e+03 1.497806460488107859e+03 2.440212245100938482e+00
1.180146493304208434e+03 1.214418325942949423e+03 1.411594475718395136e+00
1.085947409133568044e+03 1.230064504968186839e+03 2.544574920887511915e+00
1.259962191791734995e+03 1.232918009566398723e+03 2.569790939605385294e-01
1.231184614500377393e+03 1.299876028579443300e+03 4.160061433028419131e-01
1.090018860108371655e+03 1.301731356034812734e+03 3.115621411503626814e-01
1.301061055960037265e+03 1.316195783360967880e+03 1.152140724940540428e+00
1.102312432254724627e+03 1.367706456380039072e+03 1.077286793018758404e+00
1.203164014017482259e+03 1.397750810873800447e+03 1.504101856094017586e+00
1.334699464237132133e+03 1.438517574831074171e+03 1.855224515019395337e+00
1.139901781032624967e+03 1.479795647812487459e+03 1.824753376439568697e+00
1.264420798717963407e+03 1.485457380921176991e+03 2.733542868710374663e+00
1.085950857084192421e+03 1.496816835791660424e+03 2.529313277839183804e+00
1.346823004120702763e+03 1.204522037901163685e+03 2.683413968550845574e+00
1.260695720270449328e+03 1.232693585690222108e+03 2.821824782049116576e-01
1.379950456892509010e+03 1.314020286817030183e+03 1.703103615032415918e+00
1.230342517462028809e+03 1.300319580016060627e+03 4.301345182095093755e-01
1.300450755950063922e+03 1.316825248337745506e+03 1.091310841026762235e+00
1.200682501485115836e+03 1.399218301813459675e+03 1.443322173516331075e+00
1.408175595962951320e+03 1.423543127874756465e+03 1.364635439845632847e+00
1.459889628470672960e+03 1.434162882201243292e+03 2.094613519709844329e+00
1.332295189475354391e+03 1.439762911487901874e+03 1.752243070797176561e+00
1.264084426451233867e+03 1.485138093059474159e+03 2.800204496762801476e+00
1.347858038761982925e+03 1.207073178327584628e+03 2.750272086327917975e+00
1.379792936155696225e+03 1.315681002293405982e+03 1.694782021777034853e+00
1.580333435563031571e+03 1.333612267437380297e+03 1.920883543128187876e+00
1.533741527544077371e+03 1.432274033485421342e+03 1.541806296125620701e+00
1.407097496996782866e+03 1.424126179652528208e+03 1.315816302728473719e+00
1.458892976892167553e+03 1.431981137098336148e+03 2.062133958748166407e+00
1.579062343010809855e+03 1.332640113520360501e+03 1.927221431021142628e+00
1.532050483656774986e+03 1.429949029145969689e+03 1.580708981427187076e+00
1.751036828335587643e+02 1.385716176665951707e+03 1.402619522114316508e+00
3.942027133797384977e+02 1.350832425365980725e+03 1.773450305856141829e-02
4.978970355170818038e+02 1.441028135445256567e+03 2.156787775529266593e+00
4.545514900229866271e+02 1.471815128309452575e+03 2.162064256540303209e+00
4.556978447644631842e+02 1.578042610225579665e+03 2.732114899079918224e+00
3.930432118711552221e+02 1.349895770295811189e+03 3.433868782711307355e-01
6.240310049645053141e+02 1.349471925019434366e+03 2.824113272528372409e+00
6.271096830073774981e+02 1.409705670414889710e+03 2.800256982140979289e+00
4.964584280949604818e+02 1.441496609000271292e+03 2.183445282726427905e+00
5.746051248662556645e+02 1.454601636748908277e+03 2.506889447073762156e+00
4.547602225908492528e+02 1.470403220910362052e+03 2.109023445205892244e+00
6.615872516974422979e+02 1.513510810917792469e+03 2.104449345585300613e+00
5.796734482896059717e+02 1.528583670488930920e+03 2.622952472450457151e-01
4.546338784794792218e+02 1.577671118387432216e+03 2.771721815207098150e+00
5.641362629301473817e+02 1.586682321711308077e+03 5.210444180861895092e-02
6.769371076747368079e+02 1.611950949289986966e+03 2.203671772843529997e+00
6.251091176042398274e+02 1.407390973149767433e+03 2.821605605929179639e+00
7.916988806084847283e+02 1.433051030847635502e+03 1.593441308387090194e+00
7.266949491685002158e+02 1.435242381026856037e+03 2.217403587243507612e+00
5.721211933635192963e+02 1.454287133145707458e+03 2.560072049535427663e+00
6.603327514937346905e+02 1.513420304680336130e+03 2.135945391142818117e+00
5.774722690570653185e+02 1.528043086930581012e+03 2.285439323075020734e+00
8.376493577722460486e+02 1.569896945035081217e+03 1.576036972439756600e-02
7.629509500861111064e+02 1.587632677015402351e+03 2.601273917991907325e+00
5.614068088522357129e+02 1.585593837158831320e+03 1.581452124916072621e-01
6.762288198073440526e+02 1.613317007739133260e+03 2.247642044435377517e+00
6.239698682738071511e+02 1.351108667947778486e+03 2.751735369913935081e+00
8.761902448391456346e+02 1.406286455264343658e+03 8.348089239524338900e-01
9.962428446711078323e+02 1.414610927110599960e+03 2.979054725326928388e+00
7.904695993840240362e+02 1.433314343159898044e+03 1.630849667106666345e+00
7.253905334129240146e+02 1.436518324073726262e+03 2.197593639831940671e+00
8.931072812405732293e+02 1.474504073560964343e+03 3.040483907360866489e+00
1.000495881481673678e+03 1.485374871398317737e+03 2.712198945528626837e+00
8.652674413284939874e+02 1.510593269682870186e+03 1.593870750556464488e-01
8.388087554077458208e+02 1.571265602703311288e+03 3.064908622019932416e+00
9.366698292404530548e+02 1.565351178203215113e+03 3.096968836177029338e+00
7.609088928037535879e+02 1.587730931850205479e+03 2.508920903511747458e+00
8.727161588098836091e+02 1.628679982742989523e+03 7.718983610739215129e-01
9.795102732221002952e+02 1.657520981867593946e+03 2.509499016424389328e+00
1.102894325302994503e+03 1.367448374622923666e+03 1.130433481386515115e+00
8.768649632091307922e+02 1.400757093499762959e+03 7.959274855791366177e-01
9.958977659914382912e+02 1.415334990864792189e+03 2.991591595368769951e+00
1.119252865716613087e+03 1.489379538083945363e+03 1.841423640474672885e+00
8.929043912887661918e+02 1.475157585570756510e+03 3.000154672757615604e+00
1.001007280602624860e+03 1.487532524250554843e+03 2.676196342551953489e+00
1.038143500898796447e+03 1.546854534181541794e+03 3.116509665076243607e+00
9.369924321728578889e+02 1.566034840337745209e+03 3.115521922223907669e+00
1.103682157922485885e+03 1.603162588872076185e+03 7.643934787936466080e-01
8.733333674976313432e+02 1.625628182475935091e+03 7.124602438286562478e-01
9.806026621594116932e+02 1.661490531980145761e+03 2.556240470016020172e+00
1.055872221623390942e+03 1.661730029311840326e+03 2.342723590528095201e+00
1.101300570628374317e+03 1.366627531745535407e+03 1.090449861102541718e+00
1.202996878346559470e+03 1.396985787657135461e+03 1.488358543747409612e+00
1.335066966941342343e+03 1.440633427054748608e+03 1.779388173340893609e+00
1.139146087843635542e+03 1.481842788493985381e+03 1.740538297494088393e+00
1.266305367014886770e+03 1.482798555120202536e+03 2.792196952792664444e+00
1.092632941819899543e+03 1.497704680978583610e+03 2.565811896595306063e+00
1.229110441765613814e+03 1.526797536734972709e+03 2.235515476204409602e+00
1.320461682139348341e+03 1.557704639973258281e+03 9.112103523620154188e-01
1.038573431282675529e+03 1.549005740067233319e+03 2.929540633503989078e+00
1.200284343519063441e+03 1.587525289088745467e+03 3.092552214113130304e+00
1.103461718296820891e+03 1.603680016990794456e+03 3.061120274198732005e+00
1.274854489042089199e+03 1.645981606340293183e+03 9.559926458742724620e-01
1.175599768808039926e+03 1.654403134477256572e+03 5.820611930606918172e-01
1.199546233776699410e+03 1.399192361179123054e+03 1.417561533847322641e+00
1.408462988895931176e+03 1.422396539811376215e+03 1.338220755155731911e+00
1.458774824104611753e+03 1.434060203065995211e+03 2.111146036066797294e+00
1.332484361171887485e+03 1.439090763660014773e+03 1.771976046361364521e+00
1.264889496104298814e+03 1.482572814357087509e+03 2.822302534093183102e+00
1.227818408215819090e+03 1.527385271156347017e+03 2.398551953503370360e+00
1.318345334904563515e+03 1.554980077365262105e+03 8.249948982216011029e-01
1.413259630759415131e+03 1.560951942447263491e+03 1.818115691755397556e+00
1.199167669157491673e+03 1.586730380079118731e+03 3.131852304835029077e+00
1.343263470607897489e+03 1.619644111479220783e+03 1.220210936512309052e+00
1.270132643548478200e+03 1.646275201933112385e+03 9.105680303155168076e-01
1.533516880276829625e+03 1.429847365400482659e+03 1.530371396218696223e+00
1.406778926590972333e+03 1.422581016405515584e+03 1.299753267630803233e+00
1.458083238741545301e+03 1.429502277058211348e+03 2.061995197801217650e+00
1.412508545179437988e+03 1.559563481786380862e+03 9.774705779479141432e-01
1.574716622386313020e+03 1.564260580385095409e+03 1.786913163996379117e+00
1.531620090177754719e+03 1.429402860556291671e+03 1.558663210125863730e+00
1.660906247893838326e+03 1.522810259192083549e+03 2.193337523271617684e+00
1.573826687913556952e+03 1.564936797891883089e+03 1.762259112581379350e+00
4.551663340063448686e+02 1.576696929344091359e+03 2.764197487492113581e+00
5.786165269473322041e+02 1.529386278580247335e+03 1.957550282169497891e-01
6.630277057957619036e+02 1.517716091354024456e+03 2.250116120887134752e+00
4.541544746799204404e+02 1.577608931835158273e+03 2.743001294170627435e+00
5.630198203008718565e+02 1.587274963057539935e+03 3.140036683522621441e+00
6.778415965799802052e+02 1.614261642598971321e+03 2.244346323088825645e+00
8.529932396500221330e+02 1.509071848578068284e+03 2.822327056955147739e+00
5.778754083158312369e+02 1.538540327313035277e+03 2.858625322803145075e+00
6.616531522994717989e+02 1.515946409275078850e+03 2.124457872537603542e+00
8.381670666548194504e+02 1.567989074340933485e+03 3.115904850857707853e+00
7.621854254338589953e+02 1.586594383225468846e+03 2.537488545633421300e+00
5.634030572435952990e+02 1.583663360141853900e+03 4.196717712046989235e-02
6.768410493129200631e+02 1.612493625969321783e+03 2.209097793600275139e+00
7.678829667764099440e+02 1.666524495016897617e+03 2.388825009679035105e+00
7.148814051717720304e+02 1.705988113075378351e+03 9.361016523206250328e-02
8.619270909223598665e+02 1.756849458153989190e+03 2.465750668322350236e+00
7.197452258508617433e+02 1.765786142241623338e+03 4.656458194792806315e-02
8.620726865587738530e+02 1.506324362866130969e+03 2.458394403494935931e-01
8.391646426343640996e+02 1.568740635718682825e+03 3.089922131034146702e+00
9.371051028922433943e+02 1.564011187550566774e+03 4.068426606658071963e-04
7.615767158952735372e+02 1.586787687978657232e+03 2.469627323948785147e+00
8.721673139619781523e+02 1.626665103436744403e+03 7.931967841047224965e-01
7.641835869617096932e+02 1.666780690465546286e+03 2.143568628095600559e+00
9.844608770760592051e+02 1.658796415333912137e+03 2.558541650390742550e+00
8.839810672793871618e+02 1.694486047131140367e+03 1.137218332733954951e-01
7.110923425104755324e+02 1.708477192221760788e+03 1.471258049742068252e-01
1.002923981543926857e+03 1.731387957465120508e+03 2.044017125608195429e-01
8.627403172596469858e+02 1.758321703363567849e+03 2.360202063509359682e+00
7.159236964553041389e+02 1.765169994923403920e+03 3.099238420526194915e+00
1.003076567393150299e+03 1.815164145880862407e+03 6.695284030440470380e-01
1.036863006345791973e+03 1.543585873509900011e+03 3.126237868699933919e+00
9.364987401036773917e+02 1.564571549185399817e+03 3.125405309421555256e+00
1.103778552156371916e+03 1.601634135315950289e+03 3.093472897178469072e+00
8.694338378301370085e+02 1.625547727873423128e+03 8.674184091098144922e-01
9.833542064914138336e+02 1.659193484060346464e+03 2.558793916040763783e+00
1.057711394190860574e+03 1.659622633453348044e+03 2.400062787927227159e+00
1.175847590575461709e+03 1.651715153360174554e+03 7.871487847610523225e-01
8.810813759291872884e+02 1.695094439130096816e+03 1.191276318983213595e-01
1.003248469680952212e+03 1.731315918118794798e+03 1.101246270009845624e-01
1.151335246674852897e+03 1.747866318117932451e+03 2.015774190498823337e+00
1.109222060447061267e+03 1.770913573684050789e+03 1.890146401925245190e+00
1.005541922073735122e+03 1.810523417679381737e+03 5.864640520375639099e-01
1.228240697601767806e+03 1.524689822859637616e+03 2.143453436747700280e+00
1.041176407785829952e+03 1.551181101980215544e+03 2.909053458001721992e+00
1.316462363149648127e+03 1.557821989401498286e+03 1.009093809361267580e+00
1.199552776428806283e+03 1.585944402564572556e+03 3.067783819869480233e+00
1.102423773834132362e+03 1.602520900415514006e+03 3.035081440953779186e+00
1.271571829005078826e+03 1.643861634736479800e+03 9.877124522815521335e-01
1.175517449808519814e+03 1.651902730099893688e+03 6.415837706365900006e-01
1.055517598378503180e+03 1.659836149934161540e+03 2.483744871723493119e+00
1.327485043339451295e+03 1.725793871392781966e+03 1.241213141108789442e+00
1.249529377402526507e+03 1.729032792925246440e+03 9.429503236053559112e-01
1.152301115959337039e+03 1.745581560039601982e+03 2.309580373712715406e+00
1.108196422477724582e+03 1.771435145847441845e+03 2.016186524698416527e+00
1.226115897010836761e+03 1.532274315959628893e+03 2.423735925371313993e+00
1.413397307923549306e+03 1.559176022590568436e+03 1.854649764677245294e+00
1.318854151167602140e+03 1.553258534803440398e+03 8.375022109661276470e-01
1.201154816362486372e+03 1.584005959294319837e+03 3.069920864748094225e+00
1.343867723637287781e+03 1.617508124103671207e+03 1.266848247661457538e+00
1.271450639430093588e+03 1.643229226438116939e+03 9.258595197228284279e-01
1.455368265154600294e+03 1.690393020328687271e+03 2.110711946134774308e+00
1.328196260849650116e+03 1.721997308050846868e+03 1.208766706449559525e+00
1.249763466537467139e+03 1.728533881708223589e+03 8.582840396849896747e-01
1.412716533411856062e+03 1.557747813590578062e+03 1.793336323579503233e+00
1.574741136755263142e+03 1.562964115216560913e+03 1.799664111838948477e+00
1.454211496675648959e+03 1.689535686549806769e+03 2.097224435977192769e+00
1.547639957186003357e+03 1.778092285325334615e+03 1.853589971618591736e+00
1.660185433061678850e+03 1.520493290299300043e+03 2.223706123738456331e+00
1.573729110505355493e+03 1.562299010997878668e+03 1.763137064267818133e+00
1.698254864943107577e+03 1.670679271181966897e+03 2.004160537387776664e+00
1.544740807231819872e+03 1.777530202982104811e+03 1.854839420232916147e+00
1.696928007300259878e+03 1.671895067309810202e+03 2.008003984343468495e+00
7.653459011902187967e+02 1.666591925627514911e+03 2.457343623649541176e+00
7.140389955058251417e+02 1.705616614128976153e+03 6.639128121380477587e-02
7.195718957364749713e+02 1.766189753233095416e+03 4.985873565790393397e-02
7.636384530042882943e+02 1.676776697740429881e+03 1.624138182522520291e+00
8.862260981350818838e+02 1.695172026944377876e+03 8.043769614797935397e-02
7.108522385783070376e+02 1.705193862984315501e+03 1.651214984661573681e-01
1.002862362111147377e+03 1.732546925117318551e+03 1.487248326422722922e-01
8.636693064703694063e+02 1.759928914250469461e+03 2.424433794645765694e+00
7.189874556244793666e+02 1.766785758863337833e+03 3.119503682576643122e+00
1.008372744333182027e+03 1.809185818856849210e+03 5.295685557491273121e-01
8.871624782987973958e+02 1.695144264475170303e+03 2.317592582112713018e-01
1.002446074508457059e+03 1.732570255442317830e+03 7.250885208367736923e-02
1.157306786029143495e+03 1.743106863837290803e+03 2.254834815418362837e+00
1.108109352921264872e+03 1.771390392746593079e+03 1.969232870460273066e+00
1.007273045703760545e+03 1.808458865017703374e+03 4.985682298715544691e-01
1.171228929040721141e+03 1.848811812939314905e+03 9.781770828323321787e-01
1.164519473387233575e+03 1.956858769591623059e+03 2.422069231272201140e-01
1.325947470865710784e+03 1.726357440522343040e+03 1.218499610478649187e+00
1.249935486549707321e+03 1.727934813421760509e+03 9.357838205863415748e-01
1.153074773648451583e+03 1.742298127336538982e+03 2.316438668330067951e+00
1.107091920156617562e+03 1.770507946348720907e+03 2.029201835509271135e+00
1.294550060418800058e+03 1.827758212161118990e+03 2.414588992044087501e+00
1.171801514050938749e+03 1.846434921099753410e+03 9.270110289890688415e-01
1.227570585833319910e+03 1.853408232914505334e+03 1.551305980778804772e+00
1.283588576832195258e+03 1.912022582747326851e+03 3.680653557267473119e-01
1.313582618184815601e+03 1.949306549879410795e+03 1.040954821895719862e+00
1.166936490615260027e+03 1.952717621236115974e+03 1.390893614646554199e-01
1.456387931852694692e+03 1.692338408783774412e+03 2.159607982101392487e+00
1.327710783731973606e+03 1.720469563403755046e+03 1.222134276259376096e+00
1.249711280466049402e+03 1.726844358088289027e+03 8.964582542537297138e-01
1.292904991921516057e+03 1.828424992116945305e+03 2.452487337329731343e+00
1.365786383987307772e+03 1.844896613013095703e+03 2.038456616323281345e+00
1.442401516223696945e+03 1.843805637820831407e+03 9.316187556587900431e-01
1.225726432815187536e+03 1.852205260754689107e+03 1.574111887146242728e+00
1.284208429746877300e+03 1.912599332945855167e+03 2.930206706656804383e-01
1.390142972482238747e+03 1.936360670623421356e+03 9.249471873691524904e-01
1.311804664446764491e+03 1.946144325945456330e+03 1.036373649096164806e+00
1.476852690539423747e+03 1.952725271538089146e+03 5.563868751790163047e-01
1.453886568869377697e+03 1.688137958305676420e+03 2.115201936973611474e+00
1.547204261029545478e+03 1.775915108608165156e+03 1.887600033570005165e+00
1.441981061044768467e+03 1.842887332424796796e+03 9.164171950654245169e-01
1.364594059881961812e+03 1.842795360739080934e+03 2.024046155271514102e+00
1.610470002627170970e+03 1.859421351039372439e+03 9.380889177933663392e-01
1.390719244005169003e+03 1.934615300806401137e+03 8.948569135261500440e-01
1.476516365111692039e+03 1.948623208306075412e+03 5.200704574819359216e-01
1.698419111869774042e+03 1.670434761288652908e+03 2.062641554726156734e+00
1.546014290205434691e+03 1.777257818656312111e+03 1.873458574236326113e+00
1.608584851111617809e+03 1.861346054846358811e+03 9.362888685304366909e-01
1.699477314297254225e+03 1.679038279750646097e+03 2.115232202450901600e+00
1.161737634493423229e+03 1.855773209020449031e+03 1.007539562455201265e+00
1.165913907783462264e+03 1.952745577801404124e+03 2.113032855996231918e-01
1.076992159121142095e+03 2.071327513985520454e+03 2.325423261943735831e+00
1.227509359336233047e+03 1.850325974048122362e+03 1.566862744317289780e+00
1.296548441086928733e+03 1.828392473504279224e+03 2.414092061942187506e+00
1.170172052827890639e+03 1.846211893588038265e+03 9.923061508523550733e-01
1.282562454317197535e+03 1.910428511486156822e+03 4.471003127997727478e-01
1.312888365919536454e+03 1.945924688063899339e+03 1.107621464348868212e+00
1.166917561831405237e+03 1.952121748749184462e+03 1.440129388458581960e-01
1.075388656562998676e+03 2.069081728101799854e+03 2.310967561231874523e+00
1.246279383996241904e+03 2.053134442208270229e+03 2.307604474824880014e-01
1.292953295600637375e+03 2.116872556744017857e+03 1.095925277464087522e+00
1.294650926669827641e+03 1.828622076195466207e+03 2.426566353698775824e+00
1.365778339432108396e+03 1.843712860620105403e+03 2.027820014882385280e+00
1.440203098384265559e+03 1.845414760648751781e+03 1.079990233358464113e+00
1.226211512921021495e+03 1.853867876359325919e+03 1.617106236012954001e+00
1.283951555082747973e+03 1.911125080289128164e+03 3.236373633357474966e-01
1.390070427978997941e+03 1.936157703871698232e+03 9.872428248002819151e-01
1.477437769918580216e+03 1.948543475311556449e+03 5.302820839626530836e-01
1.311986181007897812e+03 1.944340650323500086e+03 1.101637864682372792e+00
1.360841020378207304e+03 2.012594513674513564e+03 8.319945548514624534e-01
1.449156368605338685e+03 2.026091643804638352e+03 8.420759229407599467e-01
1.246585642744378220e+03 2.052957090062273892e+03 1.641797600876694074e-01
1.291622000777925223e+03 2.115250893463652574e+03 1.058977420843303596e+00
1.442306168971816987e+03 1.841482167484680303e+03 1.022305792851892603e+00
1.363429429430009577e+03 1.846105319012495784e+03 2.077251254583632800e+00
1.609078797969926200e+03 1.860572533337431651e+03 9.858154571156612089e-01
1.390231464721553493e+03 1.936087479836237435e+03 9.318619596260284688e-01
1.476158732206973809e+03 1.947958543074267254e+03 4.758974237095579540e-01
1.359498576244134256e+03 2.013486715909219129e+03 8.140252793823427035e-01
1.526593837069064421e+03 2.019900113354364294e+03 1.755765417754260982e+00
1.448356575875025101e+03 2.026287276804858720e+03 7.850311925895538945e-01
1.609427442563402110e+03 1.859798242003851783e+03 9.750147119527040607e-01
1.525265794306927319e+03 2.019322771933748299e+03 1.720241082223106011e+00
1.077535880449910792e+03 2.068593900668076458e+03 2.401705864767091914e+00
1.076914373840022790e+03 2.069760407625731659e+03 2.336012130535862319e+00
1.248530635464500847e+03 2.052129634837502635e+03 2.942924236616922262e-01
1.292942539916817623e+03 2.113379421322893450e+03 1.060714528811307122e+00
1.360088096354083973e+03 2.013048210266255865e+03 8.447625621850376465e-01
1.447711949764885276e+03 2.026808149787461844e+03 8.536805847418394988e-01
1.246239447870577806e+03 2.053054548362713376e+03 2.030748238259398319e-01
1.291363162252597931e+03 2.114121080922470810e+03 1.074583402258403542e+00
1.359589403169106163e+03 2.009993555506300254e+03 8.757130478999002321e-01
1.526252270870247230e+03 2.019399647232100506e+03 1.727204755218288978e+00
1.447950482285405542e+03 2.026024515710540982e+03 8.437727318213350536e-01
1.524370776849969161e+03 2.020964606975952847e+03 1.573113148567163000e+00
