1.300263954131570244e+03,4.559523851819893707e+02
1.208090294577858685e+03,5.463375096754595006e+02
1.379048736234402668e+03,5.044147216145063908e+02
1.330677520816540664e+03,5.613180999998062362e+02
1.693721950766480859e+03,5.309292361412518630e+02
4.818148751152886575e+02,4.233590813530816490e+02
7.310969752987856509e+02,6.778255937919415146e+02
8.233810431740498643e+02,6.575894596408113557e+02
1.119876836537032659e+03,6.024189976293490645e+02
1.126110547229496888e+03,6.695201770898067934e+02
1.311640336872618491e+03,6.257053192515433011e+02
1.311944962202900570e+03,7.044716790201906633e+02
1.419798055470119607e+03,6.813084667970412056e+02
1.557819175908595071e+03,5.748233346162018051e+02
1.753002123891571500e+03,6.062833109726140037e+02
5.110948602539262424e+02,6.767258091671016018e+02
5.208003790695423731e+02,8.009832180266286059e+02
5.751640316562825319e+02,8.028772877737060298e+02
7.943646278283536049e+02,8.051488159994793250e+02
8.573231057501457144e+02,7.412697641391946490e+02
8.881858977886163302e+02,7.995144164778969298e+02
9.182602757045199269e+02,8.544727365826804544e+02
1.113797146352006621e+03,8.565008354431544149e+02
1.193783180425196633e+03,7.453118012039749374e+02
1.217755635153305320e+03,8.036573778435307531e+02
1.511304726600646973e+03,7.686126863691542894e+02
1.413772195143719046e+03,8.205516017880499930e+02
1.719180028625266232e+03,7.834253423226572295e+02
1.628785050958649890e+03,8.224361842636368465e+02
1.364982004644000199e+03,8.511886105189247473e+02
1.813402576999726762e+03,7.913604506168489934e+02
1.924406407561956485e+03,8.123266340018876690e+02
4.573194681803385606e+02,8.773533190503533206e+02
3.712886372566223372e+02,8.599525898297628146e+02
3.411403637015802133e+02,9.626532053882719993e+02
6.398038406004261560e+02,8.532884557669702872e+02
6.360506110987925013e+02,9.567690501034810495e+02
7.052299502786964922e+02,8.679541380140516367e+02
5.759933894602457940e+02,9.386190627331204723e+02
5.158752813221495899e+02,9.411768300562730474e+02
7.431931812356243654e+02,9.905409875662480772e+02
8.065824811389303477e+02,9.569556887357663300e+02
9.346851906525226923e+02,9.355902126463423656e+02
8.678139546744844210e+02,9.575990310212486065e+02
1.027192465322988937e+03,8.819455021516777151e+02
1.019196390238432514e+03,9.790975526282471719e+02
1.183256715606645457e+03,9.945918748203293944e+02
1.259348419480853636e+03,8.919592575567738777e+02
1.156488045653118206e+03,9.353251934016866471e+02
1.387868713378906250e+03,9.630116824525774746e+02
1.301692270008134301e+03,9.476582096829827151e+02
1.079332704091312735e+03,9.967453757873688573e+02
1.469521981039164984e+03,9.021021101209851167e+02
1.637015220024439714e+03,9.501974362115809072e+02
1.586589132471022594e+03,9.876675323120649637e+02
1.477723377867419458e+03,9.938439352054787150e+02
1.757736684977151981e+03,8.705854922945006820e+02
1.827086885179396177e+03,8.664363611895881832e+02
1.763725780775372868e+03,9.619539390253297597e+02
1.901175323380364262e+03,8.713098666590022958e+02
2.048903799684479054e+03,9.736426973114345174e+02
4.024948472002673725e+02,1.086057573483313945e+03
5.206040607507898130e+02,1.060422690179612800e+03
6.342379728598629072e+02,1.090178709935660436e+03
5.870132892749928715e+02,1.059657633180971516e+03
6.854795971302071393e+02,1.001983143555997572e+03
5.537498836639937281e+02,1.154484783793502856e+03
6.987452616998612029e+02,1.116468680926809384e+03
8.157282446931909590e+02,1.069586224994962322e+03
8.748115565688520974e+02,1.085391936219768922e+03
9.407437412666550927e+02,1.026892246410099915e+03
9.831872487309002508e+02,1.088457093595254264e+03
7.727228805118136279e+02,1.153253444539176144e+03
1.083220517370436255e+03,1.074714295832316111e+03
1.184817165074673539e+03,1.089077880331336928e+03
1.156217771264262183e+03,1.136365375845327890e+03
1.251576426342446211e+03,1.043493660801786746e+03
1.372272552396044148e+03,1.045532005592628821e+03
1.260386484790731402e+03,1.136473922828391778e+03
1.563445001542521823e+03,1.047179419880115802e+03
1.372895648689536756e+03,1.104375216734159267e+03
1.514409370432563264e+03,1.096394764942139773e+03
1.429122016755128698e+03,1.163541984719496440e+03
1.631998262016861418e+03,1.115047758751445372e+03
1.549732770619569237e+03,1.147020136054356726e+03
1.706655977448509702e+03,1.072346513784596482e+03
1.807335286313723827e+03,1.084213645685731990e+03
1.846876968572169289e+03,1.019248151567247191e+03
1.741472814203802500e+03,1.016364897239978745e+03
1.942328069732599261e+03,1.036671366531604690e+03
1.988034346295218029e+03,1.005071488779834340e+03
1.890020292930731557e+03,1.162212501611506241e+03
1.922248288819769641e+03,1.099916316295922343e+03
2.056084064006434801e+03,1.103085595620231288e+03
2.013844005277214137e+03,1.141105209836772701e+03
4.657898005167643305e+02,1.292989554172092085e+03
6.129654357345016251e+02,1.240143243106794898e+03
6.781166120514443492e+02,1.225079439726912824e+03
7.363028092560944060e+02,1.224458860797646594e+03
8.282305465011954766e+02,1.193176366305459169e+03
9.341917840741399459e+02,1.272588534822842803e+03
9.235404815764653677e+02,1.157509706295860951e+03
1.002785291437159231e+03,1.165150394701490086e+03
8.799640761090779506e+02,1.217328576624696325e+03
1.079490216991927582e+03,1.242222978074321190e+03
9.925649521004438611e+02,1.290004870056087157e+03
1.059854142083062015e+03,1.183971296333972532e+03
1.184839012030399090e+03,1.257911034304686154e+03
1.179739734498054986e+03,1.194200984966382975e+03
1.063759087857459008e+03,1.299534197839308945e+03
1.387326283737874292e+03,1.256598954567034298e+03
1.339243153370479604e+03,1.222023560899323911e+03
1.302760058229733204e+03,1.181582491282544197e+03
1.514903654350448051e+03,1.293761458508811984e+03
1.559140898556415777e+03,1.213225091481945128e+03
1.468013194844079180e+03,1.234419981674921019e+03
1.674628320210553056e+03,1.169475290720931980e+03
1.610897654538065126e+03,1.242736777309731679e+03
1.649275637617014809e+03,1.299647300720214844e+03
1.284468870162963867e+03,9.888755583081926943e+02
1.727609413899555420e+03,1.253866555373401297e+03
1.751550666533240019e+03,1.182515509267332618e+03
1.936280195448133554e+03,1.204324269471345133e+03
1.995635896775117772e+03,1.222896268404447028e+03
2.073897007624308571e+03,1.258474272277620230e+03
5.679498235308934682e+02,1.333104033333914685e+03
7.150846670091195847e+02,1.344463148251424627e+03
6.889354241607535414e+02,1.400110932771976195e+03
7.744284417513928247e+02,1.340457696044522891e+03
6.717261565543326469e+02,1.454757843738359043e+03
9.547177140227071277e+02,1.372252670394049574e+03
8.451101875135633463e+02,1.317425332726372517e+03
8.095996992323133554e+02,1.445917788195813955e+03
8.877546974813253655e+02,1.415336257931076943e+03
1.058796450180685270e+03,1.385230115825400844e+03
1.154322500993206631e+03,1.320443199887410628e+03
1.229867319931218617e+03,1.338829894925341250e+03
1.128053077517511610e+03,1.400085897956278814e+03
1.191364469173701082e+03,1.419568030751948527e+03
1.300586377569091383e+03,1.316260291712098478e+03
9.992238711687688237e+02,1.456376761037422511e+03
1.335404060740529530e+03,1.362898856834129219e+03
1.421931891617951578e+03,1.365245429102579692e+03
1.364914406626312712e+03,1.437287898571403048e+03
1.251390626590911779e+03,1.450111389625565835e+03
1.471044991050195449e+03,1.438653741910218059e+03
1.538466454856224345e+03,1.349345675753923615e+03
1.574704225369605183e+03,1.396522780459973319e+03
1.641545379994816585e+03,1.417014363979509881e+03
1.695327481481764153e+03,1.383062178823683098e+03
1.746019282954403252e+03,1.354600757937734443e+03
1.794291135269918414e+03,1.305281706015269037e+03
2.004151246709855513e+03,1.338248558147186486e+03
2.146034967623545072e+03,1.303580002352722659e+03
2.090905299433955406e+03,1.354260382475676352e+03
2.026610901161476249e+03,1.408053656860633964e+03
6.163196652259355233e+02,1.538524144207989593e+03
7.659247207641602699e+02,1.516332384180139570e+03
7.772832114865082076e+02,1.593804040784959852e+03
9.309963425462015039e+02,1.471391113109223625e+03
8.953678506256966330e+02,1.519089965742743971e+03
1.131431701397532152e+03,1.501380448182216242e+03
9.813016010006008401e+02,1.584213190274041381e+03
8.586231630579073908e+02,1.604202071256899444e+03
1.046164021503491313e+03,1.509172877715148161e+03
9.238692867439980319e+02,1.607568866309961095e+03
1.068812225341796875e+03,1.284165703667534672e+03
1.079752542059612097e+03,1.586968481252125457e+03
1.143124250246002248e+03,1.606746475430172268e+03
1.339224511422882415e+03,1.498675401846914156e+03
1.541285549057854496e+03,1.509345265706380360e+03
1.459753336003621371e+03,1.566443384145101163e+03
1.600556274898468473e+03,1.494444002714611315e+03
1.428194659152175518e+03,1.522031227118559855e+03
1.661349007688922711e+03,1.545113779797965890e+03
1.718685886614250421e+03,1.516269642068882149e+03
2.060576697726779912e+03,1.568318121558295388e+03
7.452249443353391598e+02,1.697239299514870481e+03
8.295089043786514367e+02,1.680632528672028229e+03
9.623702825016445104e+02,1.742156756100335770e+03
1.013576507662549488e+03,1.663140297756042628e+03
1.077302146867584270e+03,1.695045960073759716e+03
1.171931884580188353e+03,1.690195176866319343e+03
1.470004652192857293e+03,1.659866661410861298e+03
7.555956043135870459e+02,1.858539210948061509e+03
8.059822700730077258e+02,1.789453955883129083e+03
8.725512410858532348e+02,1.765564754062228758e+03
9.615821727625118456e+02,1.805674586503864020e+03
8.623976366608231956e+02,1.859579051170820321e+03
9.822945127250320638e+02,1.893470900338902993e+03
1.059760085777000313e+03,1.771452209943606249e+03
1.051730519970552450e+03,1.865020449565369518e+03
1.151562476075184350e+03,1.870946934860147849e+03
1.316621943034822834e+03,1.887673978775266733e+03
8.351533496644761954e+02,1.956861502329508312e+03
9.552928282523727148e+02,1.942992517242764052e+03
1.134438151768275702e+03,1.942947822934105488e+03
1.084412360121161328e+03,1.994050326115331245e+03
1.097285737991333008e+03,2.036161205291748047e+03
