1.105573434637050468e+03,4.706142879447552332e+02
1.019740252569249492e+03,5.315925589492279641e+02
1.218543561440927078e+03,3.146065338982476192e+02
1.225509072752478914e+03,5.006779475053434112e+02
1.176216697975441093e+03,4.681322061986098220e+02
1.166066090053982180e+03,2.608782861647263189e+02
1.090643794352435179e+03,5.519295793570722708e+02
1.435938698200264298e+03,3.925016349253028238e+02
1.424165898344251900e+03,4.867881986930887592e+02
9.802868657995154535e+02,2.445418120490179774e+02
1.305977915304678390e+03,1.301770057678222656e+02
1.432978817356957279e+03,2.997719066407944979e+02
1.307281283144768622e+03,5.213945440814163703e+02
1.510360606629171343e+03,4.038539424001434668e+02
1.567914508289761216e+03,3.016385621494717384e+02
1.565718783459519045e+03,4.746801730839892457e+02
1.621455636836864187e+03,3.292879190798158788e+02
1.677380493418929518e+03,4.321122390785854464e+02
1.599554305966695210e+03,4.042647625499301398e+02
1.662467968013932477e+03,5.144241393629848744e+02
1.732606620525000380e+03,2.996621732952214074e+02
1.497627895276437357e+03,5.479342698858921494e+02
1.746491458507256539e+03,4.595323149638250015e+02
1.797378934711880220e+03,5.107055612917299641e+02
1.727311400707857047e+03,3.623303159077962050e+02
1.882756030789892520e+03,4.590818996799475258e+02
1.817179200207745680e+03,2.523305174509684718e+02
1.847640938639430715e+03,3.823639243258791112e+02
1.015904979705810547e+02,6.405521904274270355e+02
8.597049699995252467e+02,6.105252932230630449e+02
9.003529633981211191e+02,6.688188265331208413e+02
9.522224978090537206e+02,5.922375294849126703e+02
1.005097296856941171e+03,6.500310116699180298e+02
1.140674155057338567e+03,5.870404649065073954e+02
1.246185919910006987e+03,5.913432575726750429e+02
1.196514749607711792e+03,6.831242560280694534e+02
1.335223399953904618e+03,5.689012116606718337e+02
1.512330137202942069e+03,6.813954700601027525e+02
1.511254728811758696e+03,6.210210182284131406e+02
1.410172514473678575e+03,7.169896796332466238e+02
1.709411858210614128e+03,5.784760946152703127e+02
1.605605497512375223e+03,5.952911544376515849e+02
1.665148318227131995e+03,6.666705170949298918e+02
1.847989360856421399e+03,5.914194184291509373e+02
1.826819960962160849e+03,6.646516343897038723e+02
1.745247810792631753e+03,6.170807859076103341e+02
3.083119824727376681e+02,3.973452985551622305e+02
3.024791276719835196e+02,8.092651823255749832e+02
4.914953627692328268e+02,7.520555675930447705e+02
9.510590893944679465e+02,8.004152378626339441e+02
1.024055239547917836e+03,7.398408279418944176e+02
1.282588216150879134e+03,7.338479781061772655e+02
1.227166371461683639e+03,7.930700587382007143e+02
1.395700865307466074e+03,7.772006666304412192e+02
1.347275595884280165e+03,8.188906314628220571e+02
1.573601239531128385e+03,7.627446314670420406e+02
1.631137686835395243e+03,7.203882734510634691e+02
1.858608797223158490e+03,7.441111447045091154e+02
1.914364786299448042e+03,7.498253167773049199e+02
7.457035672223125857e+02,8.925161396544657464e+02
4.110126818702334504e+02,8.807483221387107051e+02
8.249901757159263980e+02,8.989963683392226130e+02
1.188780932391131273e+03,8.603238035131385004e+02
1.243581214643951171e+03,9.357138631831053317e+02
1.322459566243489462e+03,9.119805246988931913e+02
1.393363305573178195e+03,9.582202657618073545e+02
1.296292458207581831e+03,1.005131126275035513e+03
1.199442190297444768e+03,1.011735407469007669e+03
1.444007476675631096e+03,9.149444122545646678e+02
4.046332366731431875e+02,1.140871968995957104e+03
5.069201011494693034e+02,1.142825078295846197e+03
9.786775630668356598e+02,1.068739477722733227e+03
1.050006747552120714e+03,1.121115087289521398e+03
1.104288326983098614e+03,1.137607102429425368e+03
1.311112000751755204e+03,1.098925904058301967e+03
1.377576530550732969e+03,1.033484307983775125e+03
1.564944179843170332e+03,1.024943958990501642e+03
1.436011242724355498e+03,1.105596192543947382e+03
1.492360913406183499e+03,1.045062538381062495e+03
1.386143520522896779e+03,1.129135657686968898e+03
1.522735038746114697e+03,1.120419459796411502e+03
2.697930858046919980e+02,1.203097866482204836e+03
4.470801310221353901e+02,1.296514199651853005e+03
6.218009311020977066e+02,1.251582869664587406e+03
6.085903422037760038e+02,1.179327209331371023e+03
1.002604087563471012e+03,1.237032714170122517e+03
8.564889843289813598e+02,1.267152645136515275e+03
1.065778153941056871e+03,1.252420457289504157e+03
1.269566142652189455e+03,1.211020965853307871e+03
1.219065124888478977e+03,1.179374765608045891e+03
1.157623935609847877e+03,1.160549062071300568e+03
1.346387120470588798e+03,1.210925047415274321e+03
1.135829862403869583e+03,1.291183869760503285e+03
1.495904966542611646e+03,1.248661616098491322e+03
1.440987789680754986e+03,1.277002153136891366e+03
1.389741757075496253e+03,1.305460072115237381e+03
1.617629488081714044e+03,1.198580279123809078e+03
1.570516713624129352e+03,1.235665476929907527e+03
1.750160687178567969e+03,1.234256019668251838e+03
1.704872776561313685e+03,1.279472972878703558e+03
3.122358979966904826e+02,1.407303115834130267e+03
2.987712477224844747e+02,1.329306284162733164e+03
4.885454274283515588e+02,1.355262890497843500e+03
5.215288031895955783e+02,1.422751315328810051e+03
6.338474506016649457e+02,1.466307165701872464e+03
8.748350624272852656e+02,1.339468838915412789e+03
8.045720471841318613e+02,1.447875426815174251e+03
9.919703313602311709e+02,1.386945911461545393e+03
1.016884987365013444e+03,1.325771001008254643e+03
1.284361082481964104e+03,1.394024140771757402e+03
1.123293642361958973e+03,1.420740674619321680e+03
1.175783466374568434e+03,1.446079763883234136e+03
1.585534345450224464e+03,1.335596724580835371e+03
1.473503159002972325e+03,1.411968852062170981e+03
1.664581596657081946e+03,1.354850703957640235e+03
1.577557782257927784e+03,1.413310079327336098e+03
1.503914212516834368e+03,1.468768563952477280e+03
1.790159189483265891e+03,1.332631805702491874e+03
1.752730864718378371e+03,1.394495065953558651e+03
1.698524967377967869e+03,1.453986269081458886e+03
6.070645110200420049e+02,1.563172661224787362e+03
5.434493114014931052e+02,1.576484765134776353e+03
3.884510825209306404e+02,1.604548446025545672e+03
7.248120827348610646e+02,1.558364087268841786e+03
7.327329386958369923e+02,1.499770020190580453e+03
9.286007950767888133e+02,1.562267946117180600e+03
9.304780304022510791e+02,1.469030027904207827e+03
8.243059757172115951e+02,1.546935756619305494e+03
6.680187238111368515e+02,1.573766550179878550e+03
1.022787214829078493e+03,1.530318444650244373e+03
1.019450906001404860e+03,1.472060892494052268e+03
1.242446184990272513e+03,1.553612130046876018e+03
1.246419463293892932e+03,1.494884523334200367e+03
1.145071225575038170e+03,1.520400701819525693e+03
1.360069212360146594e+03,1.486878677368164062e+03
1.462840194603990085e+03,1.557164612510802726e+03
1.542861573826492304e+03,1.522684425112919598e+03
1.321304303350673536e+03,1.597211922310980071e+03
1.674204260932074703e+03,1.511367257389021233e+03
1.585310295387550696e+03,1.565515066542006934e+03
1.891669482654995363e+03,1.540988748868306629e+03
1.929621469568323164e+03,1.468486878501044657e+03
3.078300786901403399e+02,1.682779542145905680e+03
5.492227712383977405e+02,1.717243152953960134e+03
5.460790753305694807e+02,1.640360688583082947e+03
6.598485967318216581e+02,1.665361587658634789e+03
7.141084209000150622e+02,1.729819027298798574e+03
9.620654005984190462e+02,1.646548944206693022e+03
9.249534600843586531e+02,1.726899369296088707e+03
8.453371347054763874e+02,1.624964747495519759e+03
8.661231210981096638e+02,1.676805917476472359e+03
1.099207792751877150e+03,1.621989307943475069e+03
1.046951506736677175e+03,1.713956803011070633e+03
1.247249966525067975e+03,1.647940592968102465e+03
1.182945466677347667e+03,1.638133387035793703e+03
1.169152658533957265e+03,1.722089667345506314e+03
1.260052352103592511e+03,1.716453856764036118e+03
1.373723643455976344e+03,1.644245454293710054e+03
1.322316297933450414e+03,1.744653033301296318e+03
1.413473731314186352e+03,1.706575458460032905e+03
1.480256643127685265e+03,1.671496430135933451e+03
1.532733157506615044e+03,1.704058408987642451e+03
1.701891428745108215e+03,1.618995903638809295e+03
1.584243810194510161e+03,1.728167100765087298e+03
1.632030845406614844e+03,1.607149743115460524e+03
1.644865369254364850e+03,1.721055670566751360e+03
1.883119318977493549e+03,1.645686985816484366e+03
1.764658391062418332e+03,1.631600122918022862e+03
2.156620834485449052e+02,1.815058914500535366e+03
8.335693206787109375e+02,1.875913736555311743e+03
8.623709709732620468e+02,1.784737857206368062e+03
9.907466273307800293e+02,1.880963644133673370e+03
1.036318835882492976e+03,1.840535561455620609e+03
1.021398817316691066e+03,1.755703921397526983e+03
1.253429861093334466e+03,1.825333748126048022e+03
1.152262458585977811e+03,1.779396589295994318e+03
1.137447971291012209e+03,1.837482849968804203e+03
1.101120545631573577e+03,1.911779773241207749e+03
1.309336885017818759e+03,1.854115364710489985e+03
1.439870361950662300e+03,1.800780414793226328e+03
1.418761364707946996e+03,1.855517484233493178e+03
1.535123859448866369e+03,1.834151976113367709e+03
1.454841469657063726e+03,1.909879575806740149e+03
1.638155470012146907e+03,1.831824114764178375e+03
1.699821758239988412e+03,1.765948160121050023e+03
1.579039723078409679e+03,1.894999542555849530e+03
1.933775508668687507e+03,1.655284798233597257e+03
6.864585610707600836e+02,1.926103531448929289e+03
9.893580747180513981e+02,1.956720792632632765e+03
1.042289452769768786e+03,2.011154839611557918e+03
1.156480822669135250e+03,1.948616803123837371e+03
1.335699661961308266e+03,1.930216469376175837e+03
