3.575963592529296875e+02,2.391114936404758282e+02
1.524870705715050235e+03,3.459966332185714464e+02
1.416633136848400909e+03,4.267730484898534655e+02
1.563707605324369297e+03,4.443450639512803377e+02
1.703923884660017620e+03,5.134012332622821759e+02
1.684659076926148828e+03,4.412182711377556075e+02
1.710687885337405760e+03,3.247233380211724807e+02
1.585658047867047799e+03,5.568469071912396657e+02
1.629827916463216070e+03,3.676845369692202325e+02
1.774629580309896710e+03,5.331498765897268868e+02
1.822965260842834141e+03,3.514666195204763994e+02
1.864753791449220671e+03,2.989905208072371465e+02
1.488381121595366722e+03,4.229236905069466275e+02
1.966899751209077522e+03,4.996755012027800831e+02
5.863887400097317482e+01,5.969340205722385235e+02
9.865016708374023438e+02,5.486834147888936286e+02
1.423894177012973159e+03,5.780384095917401055e+02
1.345144890792017122e+03,6.559755491289580505e+02
1.555631574764798188e+03,6.448558107948591669e+02
1.501067611731042234e+03,6.245962032243317026e+02
1.752615882563261948e+03,6.055525610043506504e+02
1.848121254391140383e+03,5.489721687693654530e+02
1.640299136959560428e+03,7.000405408251853032e+02
1.759290310398176644e+03,7.050899664436290095e+02
1.644799550304482636e+03,6.001432743910904719e+02
1.894881882127037215e+03,5.830035063728453224e+02
1.827901085339902693e+03,6.763343146802542378e+02
1.897671888012926047e+03,6.724879313078647556e+02
1.997872902764214132e+03,5.904705529389558478e+02
1.954754532500408686e+03,6.380980776094922930e+02
2.082044736475726495e+03,6.679546581592435359e+02
2.051184659004211426e+03,5.697203760676914044e+02
2.136823621396665203e+03,6.063959494696723596e+02
9.246866608779170065e+02,6.976958515240019096e+02
8.560724385579428599e+02,7.713000253234247339e+02
1.179244101989951787e+03,8.244169118011037654e+02
1.271422965919380886e+03,7.271605337794325123e+02
9.215906438474302149e+02,7.921528002421059682e+02
1.395348843771707607e+03,8.243629103543810288e+02
1.244628960908835552e+03,8.348480944149374636e+02
1.344620921810089840e+03,7.876786559634738296e+02
1.118257367565882532e+03,8.113524275816272393e+02
1.501760990239782586e+03,7.333440632207200451e+02
1.549101577928712004e+03,8.005762908512577951e+02
1.473834144515220714e+03,8.627388216654458120e+02
1.693789888088306498e+03,7.641982944712921153e+02
1.586744122630599577e+03,7.298710550051421251e+02
1.779623720258392723e+03,8.278084133873301198e+02
1.838024313015407870e+03,7.981585076226128876e+02
1.661804619157579054e+03,8.637274253421359163e+02
1.731225034988846346e+03,8.472196277477797821e+02
1.993077245641637774e+03,7.217797838140417070e+02
1.900537303839789729e+03,7.547285573323567860e+02
2.128899119906955093e+03,7.973508241441514883e+02
2.174128969572312144e+03,7.397777493412459080e+02
5.733446676883633017e+02,9.901042373564565651e+02
9.446200243331672937e+02,8.751125761055903922e+02
1.033641507895706127e+03,9.499467494390764841e+02
1.227020173343611077e+03,9.266381834053700004e+02
9.473124503029717971e+02,1.006477987141079325e+03
1.351196932394052055e+03,9.840184517236239117e+02
1.267446220239003424e+03,9.773462571391352185e+02
1.388799719916449931e+03,8.975350877738293320e+02
1.596925223635618067e+03,8.606949065198342623e+02
1.524556430486985164e+03,9.265918531064635317e+02
1.608357543839348864e+03,9.726931581143979884e+02
1.685247576307367353e+03,9.726538931131361778e+02
1.657986599731445267e+03,6.521383148193359602e+02
1.733112369132764570e+03,9.352476116141885996e+02
1.870944643015920292e+03,8.895739993436839086e+02
4.949513864399474983e+02,1.029606834081955640e+03
3.421301837497287011e+02,1.072767223923294523e+03
2.596832918623079536e+02,1.084775989969170041e+03
7.926655938119598659e+02,1.094017485820885895e+03
9.661312362593833996e+02,1.075902810021602590e+03
8.626187110434783563e+02,1.153941215134140521e+03
1.062794456670313821e+03,1.014522605804576301e+03
1.123613107845638069e+03,1.042594039999287361e+03
1.333740429306672468e+03,1.127399109403693956e+03
1.387543243064686294e+03,1.059823669843597600e+03
1.083964358795479484e+03,1.105093466392615028e+03
1.263390407036395800e+03,1.162413228127429420e+03
1.551137907085288361e+03,1.076194729379437376e+03
1.523294087539484281e+03,1.022103729624807102e+03
1.644080561508367055e+03,1.046945289046675953e+03
3.140400007742422872e+02,1.176873422128182938e+03
2.265232650085731620e+02,1.167482140452773592e+03
3.159394337710211857e+02,1.248051454394471421e+03
1.579080569531143681e+02,1.210761935065774423e+03
4.270868200683593159e+02,9.800673559739855136e+02
6.523809291285327845e+02,1.212049680550078165e+03
6.294838012541183616e+02,1.291966148183803398e+03
5.414754179586772125e+02,1.207801876083074603e+03
1.110454549639313200e+03,1.281009404429682945e+03
1.244288247955341831e+03,1.276327898853608531e+03
1.389928454895212099e+03,1.228531951095118529e+03
1.333098595750705499e+03,1.258424114512989263e+03
1.611020002091532888e+03,1.171603417417738001e+03
1.540043017356846121e+03,1.272064395747252547e+03
1.607842309300586294e+03,1.300576835817279289e+03
5.015820497936672950e+01,1.307782358805338390e+03
1.440268447310836279e+02,1.318818237445972727e+03
4.840858599980672921e+02,1.356989913516574461e+03
3.779302216423881760e+02,1.427058915625678310e+03
6.052474303900025916e+02,1.388511911845155282e+03
5.436540453661108359e+02,1.375265525668484543e+03
2.229940029593075224e+02,1.354504207087498116e+03
6.942687085798684166e+02,1.389428949473812281e+03
7.359169857825761483e+02,1.349962148030598883e+03
9.394768045241190748e+02,1.359642685584772380e+03
8.392550016774071082e+02,1.449084125580611044e+03
9.356853847512044240e+02,1.410245604910937800e+03
9.972388067974576416e+02,1.470736754226430776e+03
1.172114755824611848e+03,1.320788847021250831e+03
1.123780214540616498e+03,1.453924039093608599e+03
1.127448275466370205e+03,1.390916577752684816e+03
1.271346645298167232e+03,1.324045451399267904e+03
1.370800295982831813e+03,1.381826190147871102e+03
1.237991130264481626e+03,1.432013978547209035e+03
1.432660225014734806e+03,1.321074829425233702e+03
1.324784092779008006e+03,1.465838093457903142e+03
1.464727645783852722e+03,1.426673935035187469e+03
1.495699462148878183e+03,1.318715775655375637e+03
1.578357441252211629e+03,1.430548196725737398e+03
1.686445325871623936e+03,1.444666920246480913e+03
4.205744978434466361e+02,1.467886844820619444e+03
5.210163896115853959e+02,1.478669693361973032e+03
1.719188752350983975e+02,1.545335086116084312e+03
4.658598360545663013e+02,1.547036104810907091e+03
6.468500530140790943e+02,1.474799085993836343e+03
5.683597478089508286e+02,1.567906800762812281e+03
6.667375113688783586e+02,1.569030759873733359e+03
7.238041368231274646e+02,1.475559348307403752e+03
7.797884516101412373e+02,1.448164191453721969e+03
8.338126043743558284e+02,1.580121002833048578e+03
7.583972799807733054e+02,1.587658422298964297e+03
8.822776379110852076e+02,1.490911550839049369e+03
1.035827779490152807e+03,1.534622623291015771e+03
9.383062340331234736e+02,1.593194281549391690e+03
9.422516632080078125e+02,1.540923725673130321e+03
1.209074905301317813e+03,1.540823436195467821e+03
1.135334619660811086e+03,1.528740625592211700e+03
1.119323103144901324e+03,1.585063748109730341e+03
1.287049540366961310e+03,1.522127042845798996e+03
1.404839157852293965e+03,1.492546652229287474e+03
1.307339071078573397e+03,1.590419247970837887e+03
1.453260824911805457e+03,1.573810629141450818e+03
1.399334501678187962e+03,1.593744544234850082e+03
1.517187820200586884e+03,1.600623290922031629e+03
5.145208745688177032e+02,1.679954205996877135e+03
5.221303375660286292e+02,1.625327114953897762e+03
6.560088192120717849e+02,1.653396148709852014e+03
7.417533385665327614e+02,1.664391665517548063e+03
6.511384941194760358e+02,1.717621056922871730e+03
8.763525238743535510e+02,1.715099050448685148e+03
7.905774629624088448e+02,1.753519288440574201e+03
9.872523412299877918e+02,1.705062535434298979e+03
1.035084765254888453e+03,1.619858835138613131e+03
1.093753284632012765e+03,1.702662223295656986e+03
1.018897619841723213e+03,1.767912969507722892e+03
1.170148067364661529e+03,1.690434362550186734e+03
1.207117715246883336e+03,1.631772574342327516e+03
1.133303659013834249e+03,1.776393106101225840e+03
1.363821813123738821e+03,1.708443361981434464e+03
1.269535930774829694e+03,1.731859033090097000e+03
1.307653000337798630e+03,1.653293802448347378e+03
1.429634565268846245e+03,1.715164503226512352e+03
1.588467774390298473e+03,1.647467339006884913e+03
1.715268339538574310e+03,1.662337897618611578e+03
8.994599483160324098e+02,1.790042056801878516e+03
9.456736733433557447e+02,1.868574284961034209e+03
8.328336432407231769e+02,1.838228137079009457e+03
1.132122524443126849e+03,1.851655098143078021e+03
1.236531640073988001e+03,1.807905924309624197e+03
1.298824384053548329e+03,1.840861562150897271e+03
1.362746321501555258e+03,1.827987295268494336e+03
1.424166591013193965e+03,1.828317724009625636e+03
1.487500636190111209e+03,1.810667310865702575e+03
1.603733927909773911e+03,1.766431748688822836e+03
1.395712289943239739e+03,1.915243634756555593e+03
1.609194758478800622e+03,1.861840610419379345e+03
1.545352201552618226e+03,1.894276859222896746e+03
1.041742488861083984e+03,1.940061300772207687e+03
1.107242725069560720e+03,1.956950754559229154e+03
9.475634925842284702e+02,1.659762964630127044e+03
1.322958341372454697e+03,1.998979571307147125e+03
1.368022855475930783e+03,2.034922117548923779e+03
1.480076085761741524e+03,1.913190820199471773e+03
1.500533374079951500e+03,1.991063524034288093e+03
1.656319254698576742e+03,1.931575580455639056e+03
1.586203502725671797e+03,1.993590254607024008e+03
1.414639157047978188e+03,2.065803436844437329e+03
