1.157572733121040528e+03,4.127627905723376216e+02
1.201306267161428195e+03,4.652203955002772204e+02
1.245399403023154264e+03,5.048447998678560111e+02
1.136415734568692187e+03,5.523122566243418987e+02
1.299042524768889734e+03,4.175409224737258000e+02
1.306962214918260543e+03,5.168933183133343618e+02
1.465597163680747826e+03,2.276499092967421802e+02
1.564947403881284799e+03,2.817204446641225672e+02
1.485379002300309594e+03,3.594263204468621211e+02
1.586267977650960347e+03,3.646407272550794687e+02
1.438937709310943092e+03,5.161343395123035407e+02
1.431208224876140775e+03,4.539712689453778012e+02
1.495549078526493531e+03,4.174344602154058066e+02
1.663385913001166728e+03,3.298088401511863594e+02
1.669984707867657789e+03,4.258541261649426133e+02
1.578064935659158209e+03,5.678956851592322437e+02
1.623773019599914505e+03,4.712133993069330700e+02
1.552475480148215638e+03,4.986048250104867066e+02
1.778280928435149008e+03,1.737129595721209228e+02
1.768991090732534076e+03,5.093503127651091518e+02
1.758545356114705555e+03,3.339046841008322417e+02
1.779249140125127724e+03,4.061619888588234630e+02
1.690054248680618002e+03,5.324450450292033565e+02
8.637172720927817409e+02,6.992093229044495502e+02
8.200268468564318027e+02,6.038595160085856151e+02
1.019091512091365871e+03,6.059200988581152387e+02
1.089612567988308911e+03,6.335874066801153504e+02
9.502947778330909614e+02,6.983720671335855741e+02
1.219671541378821757e+03,6.362446535840446131e+02
1.163075367679263536e+03,6.151969266488400763e+02
8.808504677424355123e+02,6.266212130349779272e+02
1.308611631978352762e+03,6.016935523308646907e+02
1.378912502389764995e+03,6.592952188385855834e+02
1.474264877460621165e+03,5.745242384451407816e+02
1.551386841571692230e+03,6.129280609439117598e+02
7.660300468162254219e+02,7.546479598622263438e+02
7.065248146965390106e+02,7.301140502823723182e+02
7.241260396236843917e+02,8.355047212219238872e+02
8.435502592799641661e+02,7.728149799462520377e+02
1.096398893603572105e+03,7.974746415738705991e+02
1.116988457197934395e+03,7.295823318874795405e+02
7.887042125614120778e+02,8.551706715464184754e+02
1.205263413888436844e+03,7.474023775642300507e+02
1.293514071797567567e+03,7.183563248934569856e+02
1.424627384055726907e+03,7.710274772970791446e+02
1.228315555745294887e+03,8.363059446058573485e+02
1.280624460516926320e+03,8.107809137345594763e+02
1.342224254461328428e+03,7.906169633941540269e+02
1.533677166126392649e+03,7.665539777779285942e+02
1.498461107822379745e+03,8.324887045979097593e+02
1.687555658114398057e+03,8.195344119717834701e+02
6.939601799148359760e+02,9.057578253054151673e+02
6.854350606474295091e+02,9.911410817393551724e+02
8.825288373217169919e+02,9.188447923071590822e+02
8.547699023882546498e+02,9.651028926107619554e+02
9.881731166486388247e+02,9.690173891562003519e+02
1.172872278046452038e+03,9.333731196908389620e+02
1.266596247066558590e+03,9.201093490785838185e+02
1.369796033129279976e+03,9.138481395391770548e+02
1.285227018688994121e+03,9.956866342296082166e+02
1.472673644716608351e+03,9.391564812933648909e+02
1.448128105615211553e+03,8.604678309242932528e+02
1.556547568533155754e+03,9.174254234455250980e+02
1.348928010055346476e+03,1.009927461052290255e+03
1.616736650965039416e+03,8.775269429858027479e+02
1.638355310921717091e+03,9.546331726450648603e+02
9.462921996492327708e+02,1.088836066178601186e+03
8.788312641661844964e+02,1.027514210500835134e+03
1.059595145023230316e+03,1.126974045570450699e+03
1.006272406396411611e+03,1.108804109310518925e+03
1.149629620407567018e+03,1.036620654096506996e+03
1.198199511195995228e+03,1.123105629596003837e+03
1.211342736244201660e+03,1.022903648959265865e+03
1.318315680015836278e+03,1.112000679733862398e+03
1.369474653550136281e+03,1.065391906738281477e+03
1.497591819386423140e+03,1.026880209557804164e+03
1.461904038026781336e+03,1.101607329987997900e+03
1.567112124268485786e+03,1.046373623771884922e+03
1.630532310348224655e+03,1.151148500380302721e+03
1.770201234413718566e+03,1.132731013346199916e+03
1.702840399251432473e+03,1.135812323682736178e+03
1.728069708058586457e+03,1.049852886395533915e+03
1.895941493422896883e+03,1.019204815758599239e+03
1.893432028362727124e+03,1.145961999878217057e+03
3.422475757598876953e+02,1.196505496342976812e+03
1.538208976321749901e+02,1.279696208000183105e+03
4.378914160080898341e+02,1.180482236508970118e+03
5.160308911585933629e+02,1.299666200642863259e+03
8.489968507077959430e+02,1.189135435727437198e+03
1.140338350646516346e+03,1.199762424917302496e+03
1.032982152679820274e+03,1.230034797385887032e+03
1.290144475013453985e+03,1.164325127398710947e+03
1.409951372453901740e+03,1.189996741739908657e+03
1.557639825981634885e+03,1.172534082532811908e+03
1.481245452129020805e+03,1.259727991085662325e+03
1.624120496519611379e+03,1.262215067002102614e+03
1.806845396641639127e+03,1.232839117672102475e+03
1.740562450524532551e+03,1.250229910648230316e+03
1.687637110261490534e+03,1.285827679120075572e+03
1.923715605417887446e+03,1.254212813026375215e+03
1.835077019621833870e+03,1.322342044303530656e+03
1.853612714086259984e+03,1.175468041334833288e+03
1.391372951931423643e+02,1.375529114899811930e+03
2.176080419045907490e+02,1.407291565118012613e+03
4.765276931951075312e+02,1.339971881819360306e+03
2.987871773331253280e+02,1.315497069394147047e+03
3.773640998416476577e+02,1.424706223890516412e+03
3.044773189274952188e+02,1.421458332165323327e+03
4.753083419260352684e+02,1.419314527835267882e+03
7.668461272628218239e+02,1.339588399345492007e+03
6.990664640677096031e+02,1.395661526034576809e+03
9.107948197729793947e+02,1.371966674051167047e+03
9.254840996096833123e+02,1.446282555643717615e+03
1.002591969387539734e+03,1.445804097249916822e+03
1.117491415004537657e+03,1.319331087786741818e+03
1.137981590657194829e+03,1.383319802553090994e+03
1.224385335757408484e+03,1.366811874295458438e+03
1.091017763009538839e+03,1.458089034939186149e+03
1.280705175152531410e+03,1.410603731420305166e+03
1.405055340248647326e+03,1.377921016223021297e+03
1.341901993260238896e+03,1.451478624024053943e+03
1.505570463762897816e+03,1.413062946601084377e+03
1.669347241411305504e+03,1.406475663842095173e+03
1.549951504297779820e+03,1.458527476309521262e+03
1.776401847415500015e+03,1.379467538150739983e+03
1.723269612771493485e+03,1.414370263622761740e+03
3.093293872409396386e+02,1.553469528962695449e+03
4.448511762930676809e+02,1.489387697282872978e+03
4.432019503190782643e+02,1.586770506184895794e+03
5.733291555370246897e+02,1.458904844930708805e+03
5.276037433893993693e+02,1.535569041396632429e+03
6.677237636008135269e+02,1.505406193950417219e+03
3.802489587399694528e+02,1.513134658786985710e+03
8.100994416670365581e+02,1.510876874985357972e+03
1.018477578399091840e+03,1.543726306674499938e+03
8.359274143642849140e+02,1.592528328874376257e+03
1.191484809831163602e+03,1.475390087548770452e+03
1.226295329664550991e+03,1.556129467960206057e+03
1.125794694893695578e+03,1.523846576736912539e+03
1.135113943533237261e+03,1.573905139047166358e+03
1.408351749450991520e+03,1.535942080245023817e+03
1.280552540664434446e+03,1.555543974967917848e+03
1.536028373345180853e+03,1.556450545328634689e+03
1.458767481062147453e+03,1.590921180917759102e+03
1.320528715684678673e+03,1.607667868017771752e+03
1.688293108397447213e+03,1.545395849113455142e+03
1.616971981275471308e+03,1.491071572885949763e+03
1.963613551214006293e+03,1.567545777712927929e+03
1.900057182782740256e+03,1.596482586575177720e+03
3.252112425344961935e+02,1.661019916251853601e+03
1.595091010199652715e+02,1.676704302752459625e+03
6.808714767918440884e+02,1.615209963156960157e+03
5.741075184377034475e+02,1.725946301396687659e+03
7.662096729043090590e+02,1.636229121078679782e+03
6.974297070397269636e+02,1.706313559150695710e+03
9.830961779119188577e+02,1.618972252323972725e+03
1.084254977491779755e+03,1.695972853353200662e+03
1.009284776010604332e+03,1.752635026182387946e+03
9.928526992994435432e+02,1.687429432272251688e+03
1.163594635632907966e+03,1.706846549715233550e+03
1.154173861656659938e+03,1.636533369935589008e+03
1.242184534601866972e+03,1.678543665996247682e+03
1.421093783407500268e+03,1.684556240351513225e+03
1.254964145446829434e+03,1.750263975960392827e+03
1.367323854177939893e+03,1.669727696211834882e+03
1.349439765579485766e+03,1.750466053286557553e+03
1.501691181983476781e+03,1.674262163798014399e+03
1.484311737569173374e+03,1.746123861917822978e+03
1.591632609126543684e+03,1.643017872902989438e+03
1.726706539118731371e+03,1.672865862316555649e+03
1.636242014922348062e+03,1.684618024003271785e+03
1.786120061408149240e+03,1.727482085393269926e+03
1.798729256100124530e+03,1.632521329561869379e+03
1.611754355497782626e+03,1.756503038014375079e+03
8.422300095221008860e+02,1.779647783472080391e+03
6.929699851020933465e+02,1.773382286792331342e+03
8.623447400434516794e+02,1.860019258569787780e+03
9.239343090428246796e+02,1.796282323794894637e+03
1.080090725466736330e+03,1.828512685120411334e+03
1.138835011844167184e+03,1.810540374480628770e+03
1.180220996232827474e+03,1.858556829222043461e+03
1.250258210570140136e+03,1.876135761986093712e+03
1.385136179179494320e+03,1.809125155829136929e+03
1.301961280924700759e+03,1.900776058700938165e+03
1.531945742665985563e+03,1.789401572521821890e+03
1.428714522488911825e+03,1.892590492121379157e+03
1.509198622954679649e+03,1.875480223680771587e+03
1.365586053999643354e+03,1.901606446039109187e+03
1.690392471119001812e+03,1.814419681135189876e+03
1.580421097539764560e+03,1.866593088366938446e+03
1.201760676066080805e+03,1.999713663171838789e+03
1.296270093878920989e+03,1.988227344655666229e+03
1.202128679628725422e+03,2.152643196812382484e+03
