1.112278172461191843e+03,4.975896134906345765e+02
1.266293472129346810e+03,5.057790083227285436e+02
1.177417755882828487e+03,5.146151572898583026e+02
1.295222965573507508e+03,3.666105385685055467e+02
9.378497611964189673e+02,5.490357643339369815e+02
1.330935792993615905e+03,4.114717305501301325e+02
1.359579191868304633e+03,5.449746876591059390e+02
1.436865051057603523e+03,3.370620301564534884e+02
1.226527990166657673e+03,4.548539411258074097e+02
1.435904729563955470e+03,4.223538352377815954e+02
1.591797656069861432e+03,3.351768841849433329e+02
1.517156492460708932e+03,4.888250527311501514e+02
1.349467018510780917e+03,4.874499375072180101e+02
1.556522561002660723e+03,2.226583289393671805e+02
1.548527136635312672e+03,3.754624067833221375e+02
1.479581782549398667e+03,5.444680360864709883e+02
1.742038519011603512e+03,1.671446374522315068e+02
1.650431569134747406e+03,2.882931987621166172e+02
1.684539411448469082e+03,4.120673590038226735e+02
1.658789242026246484e+03,4.766154817180868122e+02
1.563765663122039996e+03,4.359287307478849129e+02
1.831969988202292143e+03,2.363877118933137638e+02
1.785851154327392578e+03,3.083195553532352733e+02
1.814029310104873275e+03,4.864854173605258438e+02
1.705724556876860333e+03,5.445601768202714084e+02
1.748044081442196330e+03,4.855143694720867984e+02
1.611451485815003252e+03,5.585454488243749438e+02
1.845229418418986597e+03,4.460630412565321308e+02
7.840606574434222011e+02,6.897390371239144997e+02
8.720894937972357184e+02,6.591549897658800319e+02
8.245980124473571777e+02,6.305769075817532894e+02
9.918640865615226403e+02,5.697537625193385793e+02
9.830317975162780613e+02,6.376197131852986786e+02
1.119371202053686602e+03,6.241132387758506184e+02
9.630215291195705731e+02,6.853167354425833082e+02
1.249460793825536030e+03,6.002748858347013083e+02
1.172523086698486395e+03,6.716929908801267857e+02
1.264619150094632687e+03,6.986826263145163693e+02
1.351321482371660750e+03,6.115358813042734027e+02
1.508877483885965148e+03,6.173765968040183907e+02
1.441142407857454828e+03,6.914955610617614639e+02
1.574830123681182840e+03,6.588273290548833074e+02
1.604655710479658865e+03,6.057893640064726242e+02
7.928237226045894204e+02,8.404747640393915162e+02
8.307939248053181700e+02,8.054047969601643899e+02
8.826295036209953651e+02,7.334342099295722619e+02
9.157085628933376711e+02,8.583012175242107560e+02
1.172934655961734052e+03,7.470008542871854615e+02
1.391994818051656011e+03,8.243371952198168628e+02
1.343463492216887062e+03,7.194712217825431253e+02
1.262667408289732748e+03,8.116539917844312413e+02
1.483042024939951261e+03,8.433246729272042330e+02
1.317879613097672973e+03,8.083224530503754295e+02
4.695439463472055195e+02,9.375200522055033616e+02
9.463306361972432796e+02,9.600993287230869555e+02
8.468311421103626344e+02,9.289215504717849399e+02
1.018377276526621813e+03,9.950074463073248126e+02
1.198940474174146857e+03,9.864634487042923183e+02
1.212942967638557320e+03,8.763197571554301248e+02
1.073340790645384686e+03,1.002512160534779355e+03
1.298587189307250355e+03,9.217692253378237410e+02
1.333713716270132636e+03,9.822953995767635433e+02
1.473658428437309794e+03,9.265504267220923111e+02
1.538769212673649690e+03,9.313616735053785760e+02
1.431247251661996870e+03,9.667891728257957311e+02
1.599024159428303619e+03,8.920270102654816355e+02
1.659629662870156835e+03,9.833033480073121382e+02
4.598456144332885174e+02,1.028259852409362793e+03
7.608046342547895620e+02,1.127475965262262207e+03
8.854723787660950620e+02,1.055619712076069391e+03
1.124583921234696163e+03,1.054120642676176885e+03
9.888095425146598245e+02,1.119837726292786783e+03
1.228922607799812567e+03,1.098135724788241760e+03
1.261694540964232601e+03,1.046091991760112478e+03
1.385484607238618082e+03,1.104738708508708669e+03
1.368352323443455134e+03,1.029866206274399701e+03
1.531094379472143828e+03,1.028328199786904406e+03
1.504440419797544337e+03,1.089324100918239992e+03
1.605449430615804658e+03,1.131816537338140051e+03
1.609890501972985703e+03,1.013354042713225681e+03
1.738947840209360265e+03,1.018711250181551236e+03
1.724681884183406282e+03,1.104061514792716025e+03
1.904729795241040847e+03,1.149676894921934490e+03
1.521177794845015967e+02,1.207441531428584312e+03
5.307713864635302343e+02,1.305619348139117619e+03
1.079494260266814308e+03,1.253854395659099282e+03
1.022631769627700578e+03,1.224553566073193906e+03
1.208634811066136308e+03,1.281184123032823436e+03
1.297773526837127520e+03,1.179632405406296584e+03
1.360567661709255617e+03,1.164804332403489070e+03
1.298529705827392490e+03,1.288465174593477286e+03
1.440500099085798183e+03,1.245400789126001200e+03
1.482706151506566584e+03,1.157227661883562632e+03
1.566387957755965317e+03,1.249576609447749206e+03
1.646062166929318892e+03,1.256056263956888642e+03
1.751006046627278010e+03,1.236753633112217130e+03
1.698759045849960103e+03,1.291457482292980103e+03
1.968504261353756192e+03,1.245203034903588787e+03
1.900392912540673706e+03,1.291924418727174725e+03
3.851992348026767559e+02,1.340715207094868447e+03
1.301165175261320996e+02,1.324880767398410399e+03
2.867998777318883299e+02,1.351668118936044266e+03
5.205872561171410098e+02,1.360054063008085905e+03
2.667276846265036170e+02,1.458453912250579378e+03
4.491202078925239221e+02,1.329211640722957782e+03
5.416149609453842686e+02,1.448538488688909865e+03
6.108983905933522465e+02,1.316166212811882133e+03
3.485732948193103766e+02,1.423607805360116799e+03
7.212606555797434567e+02,1.372620183214729195e+03
6.690003357286806249e+02,1.442064900928073257e+03
9.403043954166364529e+02,1.346411290863413797e+03
8.298795827583030587e+02,1.432951440510926432e+03
1.021591813353978523e+03,1.394094747995019134e+03
1.123717202252181096e+03,1.326669641252547990e+03
1.146020124989697251e+03,1.403296518113877937e+03
1.230529658874296274e+03,1.353905115776801949e+03
1.402330875637555437e+03,1.376043737103240574e+03
1.261343720158067526e+03,1.412146759248157878e+03
1.524894770969232923e+03,1.312184328701155209e+03
1.593302821883448814e+03,1.396621927155388448e+03
1.659242124851399467e+03,1.395934039234911324e+03
1.805816105010017736e+03,1.432399863765353302e+03
1.842417762403134702e+03,1.314473794842943789e+03
1.726218191697862494e+03,1.401038018205430944e+03
1.777177147476761547e+03,1.336220958191671343e+03
1.891406555357433490e+03,1.411109328724088982e+03
3.868914379261158274e+02,1.474227624539975977e+03
4.038212448729627795e+02,1.549781881619637943e+03
2.212414621105900494e+02,1.503886224421748238e+03
2.770420743397303909e+02,1.570801395809839732e+03
5.383703960136131172e+02,1.567990075393959387e+03
6.038967334859618177e+02,1.555764212453467508e+03
4.960531566062806519e+02,1.485477847061157263e+03
7.284570759089305056e+02,1.591522928334245762e+03
6.631885659237100299e+02,1.525478721464523005e+03
8.761071099175346717e+02,1.490863833580488290e+03
9.448197480307684373e+02,1.548686397022671144e+03
1.089010634675748634e+03,1.465513552295878753e+03
1.066911623694147238e+03,1.504712215344590959e+03
9.327439470527997400e+02,1.614379777469510145e+03
1.082753146837092572e+03,1.564294953109683320e+03
1.159116775088840313e+03,1.500176194763183503e+03
1.218197742415063203e+03,1.510071228875054203e+03
1.279898398611280527e+03,1.575820537249247309e+03
1.381926821766162448e+03,1.515040512687500268e+03
1.374087163534463571e+03,1.586360938655820746e+03
1.406119648029601649e+03,1.461541919518140276e+03
1.198199556878600333e+03,1.609031316298667662e+03
1.479892820238826062e+03,1.549454938909742395e+03
1.660359753738215204e+03,1.520045638378755712e+03
1.598437985202477194e+03,1.572972733747973507e+03
1.769416740866268128e+03,1.517619708665835333e+03
1.719525154639350148e+03,1.551242218928866805e+03
3.975695185767280009e+02,1.729145626237657325e+03
6.637261558172162950e+02,1.681549691979984800e+03
7.791696048711639833e+02,1.664202347335316972e+03
9.465161163012185170e+02,1.712211082299550299e+03
9.108100508454926967e+02,1.661044303122962219e+03
1.032460124592721968e+03,1.655770820240915555e+03
1.116126054237941389e+03,1.642560456984575239e+03
1.215615319617000523e+03,1.686408182308997311e+03
1.097149659053725372e+03,1.704514074125193702e+03
1.377471407067062501e+03,1.684011950729239743e+03
1.315419636832343258e+03,1.662025290362040323e+03
1.321147147372031895e+03,1.751537115237947546e+03
1.458769552957281803e+03,1.640183831376400349e+03
1.434519990497165281e+03,1.738295399524547065e+03
1.537185200252408549e+03,1.637273225721969993e+03
1.564909466028213728e+03,1.708882502732453531e+03
1.661073971972053414e+03,1.646829464570975688e+03
1.639430148533412421e+03,1.754088993617466713e+03
1.815951126827913185e+03,1.716890504422045751e+03
1.768829720136854348e+03,1.756472759861416080e+03
4.939444076707628710e+02,1.876489379255506265e+03
7.491049488208911100e+01,1.827607496473524179e+03
6.962160155508253183e+02,1.875351533995734371e+03
7.970740483794550073e+02,1.867799761002885589e+03
7.269119747479755915e+02,1.815673227628072254e+03
1.076735656568739159e+03,1.789524946509467554e+03
1.172613007439507101e+03,1.777648679992299094e+03
1.184975362330307235e+03,1.839060408509807758e+03
1.197811997407402259e+03,1.895230883698058278e+03
1.097222462702408620e+03,1.905039374682434527e+03
1.380659589569864465e+03,1.856106327207228560e+03
1.326037594908670826e+03,1.803326405366330846e+03
1.273917085183336894e+03,1.897864136533142300e+03
1.545695599235235704e+03,1.855126181761166436e+03
1.483810770034790039e+03,1.805751534567938734e+03
1.445551667670598363e+03,1.895902821614098912e+03
1.695734440945152528e+03,1.775533764703321140e+03
1.634889779030330601e+03,1.759981649065774718e+03
1.882758077174056780e+03,1.797285239984959617e+03
1.189162393216733790e+03,1.977004506994176836e+03
1.272051684182787767e+03,1.986221396007235171e+03
1.369395144003408859e+03,1.949038431238244812e+03
1.143519645947368190e+03,2.185388249116785119e+03
