1.287710792919946243e+03,5.077128378512367703e+02
1.382764665921529286e+03,4.029306014908684688e+02
1.554492728939762856e+03,2.208676367159243057e+02
1.470919553026740914e+03,4.540775431880244923e+02
1.547614247957865473e+03,3.743273771603901992e+02
1.372565105619884434e+03,4.861853453621032486e+02
1.547734114111837926e+03,5.119153009822765057e+02
1.664139845483096906e+03,4.676114387983158736e+02
1.667664126078287836e+03,2.914567735460069571e+02
1.731915327284071054e+03,2.452698914563214601e+02
1.742164641432451162e+03,3.531591001204502049e+02
1.722265557450346705e+03,5.011127805810928635e+02
1.795368386593750984e+03,5.158677386499460908e+02
1.861835443365510400e+03,4.487314477345300929e+02
1.868688760460747744e+03,5.340314503139919680e+02
2.000017519209119882e+03,4.616097797900762885e+02
1.969349596795200114e+03,5.070996593179549450e+02
2.114502407628726360e+03,5.128787910237031156e+02
2.073535191747877434e+03,5.555233315361870154e+02
1.371251442426516405e+03,6.320986271610966014e+02
1.016273022364056260e+03,6.123029229300362886e+02
1.243013892076280626e+03,7.097117507256401723e+02
1.463566944922929906e+03,5.850811225929896864e+02
1.517010659543344218e+03,6.223520894206427556e+02
1.599570751162323404e+03,5.625168219970255450e+02
1.606008875416719548e+03,6.703890808324381396e+02
1.714905240065536418e+03,5.674464045572805162e+02
1.479578813116534775e+03,7.130607608570772982e+02
1.620729019679017256e+03,6.113484189860881770e+02
1.730641537693331657e+03,6.930690230180495064e+02
1.818131541781955548e+03,6.290096644648799611e+02
1.733413319152737586e+03,6.309943863454491293e+02
1.891985596857151222e+03,6.208750310091076017e+02
1.950123879114786632e+03,6.994435702127123022e+02
2.002056109171064918e+03,6.432170083787706290e+02
1.954237781965135355e+03,5.689529371739473618e+02
2.191398565673828216e+03,5.318144256591797330e+02
2.173617126747414204e+03,6.143407801875360974e+02
1.220598339421557057e+02,7.229611162006984841e+02
8.897559053397474145e+02,7.422307651661061527e+02
8.454903397265775311e+02,8.329295735300323713e+02
1.216872299687549003e+03,7.790301523189352793e+02
1.313755850921442288e+03,7.813683157084900586e+02
1.342530035662410000e+03,8.470753668813995318e+02
1.556231250169153554e+03,7.801422225176320353e+02
1.447998446528117029e+03,8.238626336839463420e+02
1.581098727988506425e+03,7.161015054991956958e+02
1.685570744701460399e+03,7.893894298256542470e+02
1.618206226649107748e+03,8.205343660929846692e+02
1.858806672058930872e+03,7.206002131115733391e+02
1.807516888786764866e+03,7.644769452828467138e+02
1.760975276166956519e+03,7.783479394298343550e+02
1.764550531312822613e+03,8.570982633270945144e+02
1.896183274113274820e+03,8.094722212373820867e+02
2.132517569995673966e+03,6.857733484469248424e+02
3.575859405642241313e+02,9.694688709433561371e+02
9.228227758832581458e+02,9.547255165521687559e+02
8.963441358024691681e+02,8.647334407759301484e+02
1.093107652918497934e+03,9.026769276936850019e+02
1.147691656857250791e+03,9.019835938007720415e+02
1.223691522857289328e+03,8.743593578103146911e+02
1.192947003928041113e+03,9.888389358362600206e+02
1.039445745431987234e+03,9.953797110152399910e+02
1.344614380069200024e+03,9.837948352590925651e+02
1.395007003191138438e+03,8.832760534160352108e+02
1.537652435400751074e+03,8.822986687130398877e+02
1.414663556591162205e+03,9.336038372494460873e+02
1.709625060583693084e+03,8.902419871394616848e+02
1.636654565222469500e+03,9.226993571151920150e+02
1.553722567224894192e+03,9.809143537249980227e+02
1.696809856750346853e+03,9.705775443082134188e+02
2.693003721590395116e+02,1.036634909947713140e+03
2.858210423787434706e+02,7.816275414360893592e+02
5.661830031783491677e+02,1.050564675649007086e+03
6.871520504768077444e+02,1.070332245859325212e+03
7.931061093052383058e+02,1.103867756665547631e+03
1.023354222003324594e+03,1.079355373241283360e+03
1.084287382064568874e+03,1.103013646665888473e+03
1.276193167918940844e+03,1.043531017082548260e+03
1.319062276184864459e+03,1.088564146219659278e+03
1.606626024586131280e+03,1.017261848387652435e+03
1.385472281365564641e+03,1.141439784993689045e+03
1.673879054034197907e+03,1.070492063640076367e+03
1.519738907315032748e+03,1.155311938584452946e+03
1.611319934412033035e+03,1.159393556543380328e+03
3.793836271968888241e+02,1.201105155568063765e+03
1.468736685958563157e+02,1.166449245527678841e+03
8.555415725708007812e+01,9.981905882093641367e+02
5.709629090627034742e+01,1.085786083645290773e+03
6.450594329833984375e+01,1.175813720703125000e+03
9.322305692248874038e+02,1.170861065631442671e+03
1.029016273376641948e+03,1.168218393345890263e+03
1.263677654392698742e+03,1.182893497215037314e+03
1.257635151015387692e+03,1.287589767437355249e+03
1.331568417867024664e+03,1.192728066903573335e+03
1.489247505847318735e+03,1.225875704541618461e+03
1.433336467010806473e+03,1.242297982402762955e+03
1.631192560397461648e+03,1.282711160480048193e+03
1.304808369389286611e+02,1.326200232046621977e+03
4.091823005323376492e+02,1.439209667774658783e+03
1.446535689243823697e+02,1.401224813623365890e+03
6.222040206446791899e+02,1.425960192377880503e+03
6.690478755931337673e+02,1.329828369210080382e+03
6.950114544309185476e+02,1.436892034844985574e+03
8.465701924718989630e+02,1.399697377002600660e+03
1.106827593451075927e+03,1.341601184417583227e+03
1.048395696054097016e+03,1.395662910685819725e+03
1.305013896872780379e+03,1.339551005245940814e+03
1.209347616760818937e+03,1.388975439262805594e+03
1.365106163794906024e+03,1.437140469388608608e+03
1.396323752166285885e+03,1.318884782683247295e+03
1.170834013394470730e+03,1.433282080170872405e+03
1.540045971905743727e+03,1.339434536498270063e+03
1.492061415711778864e+03,1.360208986364072416e+03
1.442195414020397038e+03,1.421242228239553924e+03
3.061319224039713731e+02,1.519155650244818617e+03
6.443717977735731495e+01,1.414935627407498032e+03
4.808160310919767539e+02,1.497162192231221979e+03
3.747989826505146311e+02,1.564360131065162250e+03
5.466387539217840867e+02,1.461109931630626534e+03
5.878187880162839747e+02,1.556914662542166297e+03
4.850667642661469472e+02,1.601106188509342928e+03
6.715312096076037278e+02,1.538569690522693463e+03
7.776112395078015425e+02,1.529125136871195309e+03
7.428425433770493100e+02,1.566597869325216379e+03
8.395524560331094790e+02,1.504234686953061555e+03
7.432472792523910812e+02,1.430835731964500837e+03
8.805494397018894688e+02,1.560067803121335373e+03
9.765907321364792324e+02,1.502821351051330794e+03
1.065860909584085675e+03,1.555365608677031332e+03
1.108453498119778033e+03,1.482124342024061434e+03
9.573750090398707471e+02,1.579983547049224626e+03
1.164108622554965905e+03,1.546516445551830202e+03
1.270785554213750856e+03,1.463796546003553431e+03
1.166018334321301381e+03,1.604458305489896702e+03
1.261113976559927551e+03,1.555614672675850898e+03
1.366305978568601404e+03,1.559320934522169409e+03
1.443424264063094597e+03,1.533450517953477174e+03
1.310753861103826466e+03,1.513271662952203997e+03
1.559621315850151632e+03,1.528669501617563810e+03
1.498406346517895599e+03,1.530113068232460591e+03
1.622438892122046354e+03,1.566302770713901964e+03
1.688779143081476832e+03,1.514962663702317059e+03
6.027900677904669919e+02,1.627648495285599211e+03
5.797341044297231747e+02,1.742673857382522101e+03
6.172860482855157898e+02,1.694110189728160321e+03
3.237628122167649849e+02,1.615957656825445611e+03
7.993254618094252919e+02,1.665606255604246826e+03
7.008488665681209113e+02,1.644557947219914695e+03
7.337571094712607191e+02,1.726185185025217834e+03
8.331348110330167174e+02,1.748611560477403145e+03
8.845932328965928946e+02,1.665351911285776850e+03
9.773815541338038884e+02,1.634668715604146200e+03
9.760234101605122987e+02,1.765273440751109320e+03
1.077476499029234446e+03,1.640499229572489412e+03
9.984866575739822565e+02,1.700236706058336040e+03
1.068748317074466058e+03,1.741228507057068782e+03
1.239145309410566142e+03,1.688852454536343885e+03
1.169203046290929933e+03,1.713472275821325411e+03
1.274362267472717349e+03,1.627828853124002308e+03
1.443808741129517102e+03,1.653198358258747021e+03
1.339993034204514970e+03,1.709182059736441943e+03
1.375129040376639523e+03,1.627037008214879961e+03
1.497669737733440797e+03,1.687056684423375827e+03
1.695344231081377075e+03,1.677492412945661727e+03
7.254922270127284492e+02,1.805986249476303101e+03
8.874000529536494923e+02,1.829292338995286400e+03
1.111128107140923248e+03,1.788483968609511066e+03
1.005200062692901270e+03,1.836756148444281735e+03
9.503306340890771935e+02,1.893565245210734929e+03
1.223614618748794555e+03,1.777973439016460134e+03
1.231312365590790250e+03,1.839865499708387688e+03
1.097372369573573906e+03,1.907610509766472660e+03
1.324367130711102845e+03,1.807541421084933972e+03
1.396029609188889253e+03,1.778456801404856378e+03
1.510571351698887156e+03,1.809922801924340320e+03
1.561373766274545687e+03,1.773687857894648232e+03
1.470571883546916524e+03,1.889042802861780729e+03
1.452449824082617397e+03,1.792878866831461664e+03
1.699301642758918206e+03,1.782706769276628620e+03
1.637745915542413968e+03,1.827905866646472532e+03
1.569648698316679656e+03,1.875059467315674055e+03
1.744030765852585318e+03,1.843511115145215854e+03
1.111813790962178928e+03,2.035151649495281390e+03
1.194319783528645758e+03,1.945820799650969320e+03
1.410154055973840286e+03,1.972534985042753760e+03
1.490421284640276781e+03,1.993098427419309019e+03
1.521714898170445622e+03,2.032639847675156489e+03
1.603813585538623556e+03,1.935345855322516400e+03
1.684544468546670487e+03,1.920791622343517474e+03
