1.325758096747928448e+03,4.638233100043402715e+02
1.227867709226732131e+03,5.372661848615945246e+02
1.396968190722995587e+03,5.176291977564494573e+02
5.254085405137803946e+02,3.782509479098849852e+02
7.382395627940142049e+02,6.674243746598561984e+02
8.366371282327055496e+02,6.464027298050697254e+02
1.139970288812546414e+03,5.942202989729623823e+02
1.155922848917643250e+03,6.489156308534410300e+02
1.324693612525576555e+03,6.435822657751657516e+02
1.343132758717477827e+03,5.770436103726610781e+02
1.438242600207858686e+03,6.777794686211479984e+02
1.584676306934549302e+03,5.851344010539971805e+02
1.724535555494735490e+03,5.488630404262104321e+02
1.769281355587052985e+03,6.310211083682966091e+02
5.131955289316018707e+02,7.897350850606449058e+02
4.752665382667823337e+02,6.658775374022191045e+02
3.870460144106547205e+02,8.513683788977729137e+02
8.074861197038130740e+02,8.001594810100516497e+02
6.477165057654448219e+02,8.347837750066823901e+02
9.045972232991837245e+02,7.985141494305103151e+02
5.655486706476362997e+02,7.925927628184122113e+02
8.706277947804285304e+02,7.467808213006883307e+02
9.343144176367557066e+02,8.543741737099499005e+02
1.213813426170820094e+03,7.396921786084586756e+02
1.127559407516762121e+03,8.477241926193236168e+02
1.231986054875977743e+03,7.972661548520923134e+02
1.335326098877706499e+03,7.167673534346217821e+02
1.543570844956386281e+03,7.656343607019493902e+02
1.429575913270210776e+03,8.316278528713045262e+02
1.640270614073011529e+03,8.285511587001659564e+02
1.738295150659022966e+03,8.072111496721578305e+02
1.836313570729423645e+03,8.188141676790572774e+02
4.589408172795801875e+02,8.749149166625222733e+02
5.201271771517666593e+02,9.289291441946317036e+02
3.372326997457568041e+02,9.846968836170445911e+02
6.413289875650739305e+02,9.437973807830632040e+02
5.820599469785336169e+02,9.254835360491716756e+02
7.089132748174185963e+02,8.591033887666644659e+02
7.452524305272985430e+02,9.706130298495924080e+02
6.901575211595851442e+02,9.929712730008367316e+02
8.758924646939246941e+02,9.491582598889996234e+02
9.402674551324220147e+02,9.368613420743386087e+02
8.154143937623949796e+02,9.524681546092961071e+02
1.041058928313078695e+03,8.816840457209834767e+02
1.027271080115484665e+03,9.751236283388087713e+02
1.194444617091147165e+03,9.898453054992322677e+02
1.087693628966206234e+03,9.930254187054102886e+02
1.272299194035706705e+03,8.912877745734321024e+02
1.170060364767089595e+03,9.408703877955306325e+02
1.298338763941314710e+03,1.006263686241152413e+03
1.400471384537525864e+03,9.654947013202895505e+02
1.384603018560164855e+03,8.593804106166220436e+02
1.321864666189625041e+03,9.399931705722349307e+02
1.487204003793222000e+03,9.088841606422706718e+02
1.633591050512205356e+03,9.658834878332029348e+02
1.577827599780269338e+03,9.994808248842833791e+02
1.771148538801405266e+03,8.988897468661084531e+02
1.842055130287452812e+03,8.913674933351117033e+02
1.749017225227493554e+03,9.764751350212437728e+02
1.950151950412326414e+03,8.538322551868578785e+02
1.916175807020399134e+03,8.986424616495767168e+02
3.975046853497755706e+02,1.070711638610409409e+03
5.243271689694337283e+02,1.045540613647101281e+03
5.874213756043233161e+02,1.048365625169542000e+03
5.520102939131991207e+02,1.140470597846835290e+03
6.360888065455483229e+02,1.078415359735269931e+03
7.020166695180565739e+02,1.101585508029492075e+03
8.765341416347173435e+02,1.077349350540726391e+03
9.470821086999141016e+02,1.018792971697720645e+03
9.860881202939957575e+02,1.081091226792403404e+03
8.155847237312060543e+02,1.063443272268299779e+03
7.745020549617773895e+02,1.146319379879276539e+03
1.086091444995668098e+03,1.069790186945597270e+03
9.239458299647099011e+02,1.146270416928325858e+03
1.003086607030897540e+03,1.157143966401376474e+03
1.158403685887654774e+03,1.130360676066080714e+03
1.259201198704873150e+03,1.039543021011653991e+03
1.196318978726778596e+03,1.088844253213896081e+03
1.378040457925678766e+03,1.049814874437120125e+03
1.267232357113450007e+03,1.128113940839414454e+03
1.390819024543668775e+03,1.108424800329270511e+03
1.481683582255190231e+03,1.006789889869074159e+03
1.509062537366643710e+03,1.118507084177294246e+03
1.561630364140276242e+03,1.067574855428753153e+03
1.625022819032943289e+03,1.137367565421791369e+03
1.728854978230212510e+03,1.038506779866228953e+03
1.834236814051498641e+03,1.038086225815761281e+03
1.799153602196528482e+03,1.107502662622199068e+03
1.698436958734800783e+03,1.090210367766787613e+03
1.927007387231897383e+03,1.058048111668339288e+03
1.909217608793282125e+03,1.121370267185164039e+03
2.039497779361785661e+03,1.015524227112058725e+03
1.976858300103081319e+03,1.028345186304163008e+03
1.773692160261244908e+03,1.162594929673936804e+03
4.838381141313540752e+02,1.275595848023657481e+03
6.149976335690345195e+02,1.229825246928650586e+03
6.787933644108633189e+02,1.210191454597993470e+03
7.351549692174708071e+02,1.210121931842036247e+03
8.278868068898167394e+02,1.186214008949421213e+03
9.338308332306177135e+02,1.262909046228440729e+03
8.802901179466718986e+02,1.212181375856752538e+03
8.427949895875067341e+02,1.306376853313143329e+03
1.060812679149486257e+03,1.178295952125831718e+03
9.930253695031996131e+02,1.281429127834620886e+03
1.085656254856328587e+03,1.234580797649762872e+03
1.180075765125793623e+03,1.251073350143983134e+03
1.162076316515604731e+03,1.138314426432715436e+03
1.186655388341294838e+03,1.187653059249958687e+03
1.300919619719049479e+03,1.183261187211293873e+03
1.374242663510365446e+03,1.269684019694803055e+03
1.328326905128201361e+03,1.232317927947520957e+03
1.420695998829246719e+03,1.180834440396246237e+03
1.550665847687910855e+03,1.231734633195279685e+03
1.458158599988823198e+03,1.254615243657430028e+03
1.542142167502509210e+03,1.167813418206108963e+03
1.666557349405170953e+03,1.194721035992657789e+03
1.603064806620597665e+03,1.260686552853731882e+03
1.501725092146131828e+03,1.316064661661783930e+03
1.870768697479624507e+03,1.188975638872311492e+03
1.715842589965313209e+03,1.277662747212744534e+03
1.743098077972952979e+03,1.207047809087546966e+03
1.987658429114240107e+03,1.240540817681137469e+03
1.928749667015989871e+03,1.220212291592865995e+03
2.059361156633165137e+03,1.140895989884270648e+03
2.012636117517747380e+03,1.171371982054276941e+03
2.059045281304253422e+03,1.283870943917168461e+03
5.670124061306316889e+02,1.324304913520812988e+03
6.884911718641009202e+02,1.388412117148202697e+03
7.100334640293079929e+02,1.321860914376202572e+03
6.576209626809110205e+02,1.437477163577035071e+03
7.693903376261393987e+02,1.328618222507429891e+03
8.010882921719579599e+02,1.434021834697187842e+03
9.496514637466535760e+02,1.362705206315687292e+03
8.705431663326005491e+02,1.398757555732991023e+03
1.055426015840722812e+03,1.379824125608500935e+03
1.119439304151421311e+03,1.399454018378492037e+03
1.057848083218661259e+03,1.307970045618577387e+03
9.922496095457146339e+02,1.447593805660149201e+03
1.217311799508554031e+03,1.343171033694420203e+03
1.150953383030035639e+03,1.314888042591236172e+03
1.182692312093530063e+03,1.426645182334149240e+03
1.283918629284175950e+03,1.323479733087733393e+03
1.353165696529427123e+03,1.443766505886809909e+03
1.323745932352568843e+03,1.372660979387979751e+03
1.406241110919644598e+03,1.372589183343150580e+03
1.235629169080148358e+03,1.457476059622172670e+03
1.530719486377857493e+03,1.368543483121895406e+03
1.457457615179078402e+03,1.456133777820554542e+03
1.634218913419747196e+03,1.324120104283462297e+03
1.562937044137443309e+03,1.421317580891070975e+03
1.678472993279412321e+03,1.409955611157884732e+03
1.627743743413289621e+03,1.438689374440511074e+03
1.728560935126410868e+03,1.377118787262831574e+03
1.779322861706769345e+03,1.322458522608250632e+03
1.984271606445312727e+03,1.356762558124683665e+03
2.005736388241803070e+03,1.424794714609781977e+03
2.077139560275607892e+03,1.367940398039641195e+03
2.139859325267650547e+03,1.334522906268084398e+03
6.021205352971584261e+02,1.534437067290883306e+03
7.582519815398155743e+02,1.577075334045277941e+03
8.456199208053889151e+02,1.589840114452220632e+03
8.857021074038791539e+02,1.513986324933619244e+03
7.526377008831689182e+02,1.504148937164790823e+03
9.156091096278282748e+02,1.460594819985183904e+03
1.070150002606294265e+03,1.582177906889281758e+03
9.715987396759664989e+02,1.577383320604794108e+03
1.120872206892790700e+03,1.498336165774310075e+03
1.041235433795959580e+03,1.509770404092626677e+03
9.141749838968246422e+02,1.600109800059222380e+03
1.133040842931719453e+03,1.605301440781898009e+03
1.313004104049117359e+03,1.504963115174093218e+03
1.523745486129949086e+03,1.533554390141993508e+03
1.437761051703831072e+03,1.580503257114548433e+03
1.588802870738653610e+03,1.515989758856502476e+03
1.411398162456473756e+03,1.528452254108467514e+03
1.643162205920927136e+03,1.577344948145133230e+03
1.707240366473342647e+03,1.550010573974763474e+03
2.051556082253051045e+03,1.552938497067121034e+03
7.304231770833333712e+02,1.685423688346957306e+03
8.146286877424226986e+02,1.660385968452993211e+03
8.599650208159758904e+02,1.750596981613949993e+03
9.508104874521559395e+02,1.735532679244583733e+03
1.065116198645697750e+03,1.690628459309086566e+03
1.002893529152575866e+03,1.656962101632577287e+03
1.151541798369312119e+03,1.707429642566897201e+03
1.448481733298457584e+03,1.661898549971237571e+03
7.468321194118923358e+02,1.835537047680513524e+03
7.959965475723685131e+02,1.769428069947258109e+03
8.517863186612541995e+02,1.847744272161413392e+03
9.552628273205400546e+02,1.803658633865667070e+03
1.043700073253961364e+03,1.764241959783765878e+03
1.028208271073706328e+03,1.855042227262332290e+03
9.648304671555562209e+02,1.883109703051498400e+03
1.133247321361965533e+03,1.867207020144992612e+03
8.174609475930532199e+02,1.953850266668531731e+03
9.333840243021646756e+02,1.931706842493127851e+03
1.115633886356959238e+03,1.938720232058328520e+03
1.063605317481622478e+03,1.984957673998241489e+03
1.284618850586906319e+03,1.918184107220362193e+03
1.075768765119166119e+03,2.029671258340473969e+03
