1.007747247295187094e+03,5.072819046723722636e+02
1.133873085272432490e+03,4.548565943091807071e+02
1.363267603155579081e+03,5.145585557725694343e+02
1.451657174068027189e+03,5.286784968482122622e+02
1.077229071440520102e+03,5.560780328114827853e+02
1.118913702431982074e+03,6.329368918719287649e+02
1.022665195153018544e+03,6.887261841130813309e+02
1.196576378057032571e+03,5.818247102337119259e+02
1.273513286077059092e+03,6.544696316868493113e+02
1.169827713224622812e+03,7.160566646999782279e+02
1.500864770689820944e+03,5.627680143219193951e+02
1.471358145652673102e+03,6.333546563498994146e+02
1.580809690844680063e+03,6.395511430674251869e+02
1.701100190253760275e+03,6.710193468872774929e+02
6.989877252675066757e+02,7.474808766528814203e+02
6.093510206246081680e+02,7.444239605562187307e+02
7.719412526260188088e+02,7.244032534846553517e+02
7.778392991114145616e+02,8.036052083140671130e+02
6.295567054229351243e+02,8.599988931913350143e+02
9.159385771786725172e+02,8.410998847749498282e+02
9.580216789330376059e+02,7.087136722140842267e+02
1.066908463654694970e+03,7.283193168640136719e+02
1.005822566216080304e+03,8.396868071944624035e+02
1.121140819485856127e+03,7.968726540204711455e+02
1.352580569514522040e+03,7.609414769867320274e+02
1.386692911028345861e+03,8.118714524750070041e+02
1.557453375957203889e+03,7.444288174224420800e+02
1.404762676386484827e+03,8.687862192751667862e+02
1.644606315895363196e+03,7.677538071620612072e+02
1.516946814149098145e+03,8.437164559202309420e+02
1.852869168646541766e+03,7.643849807786353949e+02
1.756003535639832762e+03,7.651561392283387022e+02
1.712164045207536901e+03,8.236967328121459104e+02
1.803619958684348148e+03,8.214447597607731950e+02
1.953094515482584711e+03,7.624957419501411096e+02
2.010632678561740704e+03,6.833663135952419907e+02
2.033784040029742528e+03,7.578452979032690564e+02
2.120712891875373316e+03,8.078360547966426566e+02
1.999454753817556366e+03,8.229047097578028342e+02
9.916734087908709228e+01,8.362881991421735393e+02
5.593156042387992102e+02,8.589816983540855517e+02
6.961598695148863953e+02,8.717931732779433105e+02
5.969814462611107047e+02,9.846358047632071475e+02
2.125382952160305479e+02,8.770469902533071718e+02
7.353749014642504562e+02,9.609263323033296729e+02
7.755321485454305730e+02,8.655875019802074348e+02
8.962005254677945913e+02,9.849904044880630636e+02
1.029717201939335609e+03,9.081376881540558088e+02
1.079633687542241205e+03,9.429029106356221064e+02
1.221715782883329211e+03,9.476321845595455216e+02
1.182206872586850750e+03,8.729011250719613599e+02
1.509231044953788796e+03,9.307704898173512902e+02
1.449141121679638673e+03,1.015703601749359564e+03
1.654179747028115344e+03,8.657061034308537728e+02
1.646568390222967764e+03,9.647063589655098212e+02
1.582478605763927817e+03,8.915392943662757261e+02
1.569432351112365723e+03,9.713950991807161017e+02
1.758429081782455796e+03,9.278527636643044616e+02
1.704116408481813323e+03,9.754435312381048107e+02
1.955409160755298899e+03,9.062355722498010664e+02
2.027448694356282431e+03,9.246144207707158102e+02
1.866175063887096712e+03,9.362331889288766433e+02
1.935509274641672619e+03,9.985773275693258029e+02
1.796744041380626868e+03,8.790686806012819261e+02
2.078199812712492985e+03,8.679959202519170276e+02
2.099286481751335941e+03,9.931594039201736450e+02
4.799849043356300626e+02,1.118456213654104431e+03
5.220274708702451107e+02,1.017747751843487890e+03
4.464745091567804138e+02,1.036790556260097219e+03
6.872815137188845256e+02,1.037269564001166827e+03
6.271739101642798460e+02,1.112640460183186860e+03
5.567550992895055515e+02,1.116983038609999085e+03
7.819977056809414080e+02,1.073127925505461690e+03
8.145136510365078948e+02,1.028350576351571590e+03
7.642893228916207136e+02,1.140861465068778671e+03
9.190127332710926567e+02,1.093120695985393695e+03
1.060278182667433612e+03,1.119465535269843258e+03
9.692843141838355905e+02,1.138008246240636481e+03
1.120061959532904666e+03,1.033612235826037022e+03
1.034703858881820906e+03,1.051697593406394617e+03
8.600882402977008496e+02,1.145594498398765836e+03
1.242562027071729062e+03,1.058990697790075274e+03
1.177892453902946727e+03,1.137148201899331298e+03
1.330403682614160971e+03,1.147498334854868745e+03
1.269842853705088146e+03,1.125193382793002684e+03
1.593387147868162856e+03,1.068800135673914383e+03
1.416733549367368369e+03,1.124335771463016044e+03
1.516237308737672265e+03,1.051451677487220195e+03
1.516610418729342427e+03,1.127000378101681463e+03
1.126857567717821894e+03,9.835069605069199952e+02
1.660692073021405804e+03,1.070926495775764351e+03
1.832734554243676712e+03,1.058429540469322774e+03
1.737554000616644998e+03,1.096296191138743325e+03
1.774871347807547863e+03,1.144851062268333408e+03
1.750332504754596357e+03,1.031198045094807867e+03
1.854882682800292969e+03,9.722653587129379957e+02
1.981661135416182105e+03,1.114486276021079220e+03
1.909340643661190825e+03,1.087530764579772949e+03
2.132974329065393704e+03,1.070412200645164148e+03
1.889770519094316114e+03,1.161354197775220428e+03
4.351259864524558907e+02,1.202938331321433907e+03
1.787000430071795165e+02,1.208095022413465813e+03
6.456555021361323270e+02,1.235558244435824463e+03
5.111879601964608923e+02,1.204929384965432746e+03
5.816245206197102107e+02,1.204608472282503726e+03
7.185164001726677725e+02,1.253290523422265778e+03
7.797834575210299590e+02,1.267561966634174951e+03
9.066038829662182934e+02,1.228788188322090718e+03
8.346305635119240378e+02,1.248505675433930946e+03
9.983843542147903918e+02,1.207300924403850786e+03
1.092166648274764611e+03,1.227285312613067617e+03
1.173866654713948492e+03,1.253026581069569374e+03
1.072240826362506141e+03,1.287264249084464382e+03
1.134447151288457917e+03,1.173067250685907538e+03
1.385097916279007222e+03,1.269681107017739578e+03
1.283728852003554266e+03,1.223632618457932494e+03
1.323484296475516430e+03,1.262695792021574789e+03
1.455389195115332541e+03,1.171387024491253896e+03
1.530521953330666747e+03,1.206808418794741328e+03
1.451571616841177274e+03,1.285578319753337155e+03
1.690759278779078159e+03,1.197603291598233227e+03
1.622787287959346031e+03,1.167078749451814019e+03
1.572056289672851335e+03,1.276744841964156649e+03
1.843600826875663188e+03,1.260763877397702117e+03
1.814592723104688957e+03,1.184977689213222902e+03
2.143163777104130531e+03,1.178427104384810946e+03
4.834205062972175142e+02,1.329940081617567103e+03
3.554630680689735414e+02,1.400587269798157649e+03
5.454744999487851373e+02,1.310899222556990935e+03
6.706870449539882202e+02,1.345399173419200224e+03
5.605582842848034488e+02,1.410814464272393252e+03
6.115911179799880983e+02,1.328376295422750900e+03
6.905703677082652803e+02,1.440321859177101260e+03
7.499458384572722025e+02,1.367249455204716469e+03
9.541953411981313593e+02,1.318890722228541563e+03
8.952591559327679533e+02,1.327797904342175116e+03
8.696615564495908757e+02,1.381230200605454911e+03
8.186346616028747576e+02,1.402941431368070198e+03
1.007293405830297843e+03,1.429849074288020120e+03
1.081131376572597219e+03,1.386609816751362359e+03
1.017065092534083988e+03,1.326177007892084930e+03
9.478565362563020926e+02,1.444774187141713810e+03
1.165360311423407666e+03,1.345600815497504527e+03
1.167232431598441281e+03,1.424045522407249337e+03
1.240313990741305588e+03,1.324070178816053613e+03
1.355285223812527192e+03,1.394112071143256344e+03
1.267058073904148159e+03,1.439358274853418834e+03
1.494855820455668891e+03,1.330420155654718883e+03
1.554615242344101944e+03,1.408935131397122859e+03
1.499072319029477285e+03,1.429694131355735180e+03
1.413754874932645635e+03,1.395905466619163917e+03
1.631173527470341469e+03,1.351745910361961251e+03
2.205663208007812500e+03,1.306907902308872735e+03
6.513111750593089937e+02,1.492016690109715228e+03
6.609793590461765689e+02,1.572503569753081365e+03
7.765117631135163947e+02,1.467833743954882038e+03
7.886664650881733678e+02,1.549828766267284436e+03
9.002657685456451873e+02,1.514608243777428470e+03
8.857711451133018272e+02,1.591399053204070697e+03
1.019314871941083766e+03,1.525289870650679859e+03
1.084086862083388951e+03,1.456088973230065449e+03
9.859580238128401106e+02,1.586519523254126170e+03
1.163974462344323001e+03,1.497228809780544907e+03
1.267152715156696559e+03,1.529138249132621013e+03
1.093611602841001741e+03,1.602901662131030434e+03
1.160491166681629238e+03,1.552110927604493554e+03
1.199740431170993361e+03,1.607588643349541599e+03
1.333920426077313095e+03,1.573508324086866878e+03
8.231360844265735750e+02,1.702053933875567054e+03
8.602887323367049248e+02,1.644049690149344542e+03
9.322582701218432248e+02,1.701810593693072860e+03
9.918088998505562586e+02,1.650253517481155541e+03
1.074154877650885055e+03,1.673688339610158437e+03
9.487987189902057708e+02,1.765602403256233629e+03
1.234284902562035313e+03,1.654499948459201505e+03
1.110336220671718820e+03,1.734573131321355959e+03
1.041731152064504158e+03,1.763924261836132700e+03
1.493798400407956251e+03,1.620485107892825226e+03
1.469244563860771223e+03,1.755162787439069234e+03
9.134270560182170584e+02,1.858706577227018897e+03
1.032156108969783418e+03,1.844615941315694499e+03
1.131656061656535030e+03,1.793284920375680258e+03
1.010810026901996252e+03,1.893458908809037666e+03
1.196120859970281344e+03,1.808023393795813945e+03
1.147795421123504639e+03,1.896169596248202879e+03
1.360197284274631102e+03,1.868279211786058340e+03
1.527169216870504670e+03,1.752239701068212071e+03
1.434774168910402295e+03,1.911222476897576826e+03
8.826845443160444802e+02,1.942429440533673414e+03
8.735064564022922013e+02,2.001103799477601569e+03
1.110907156136041067e+03,1.977535588030514191e+03
9.942418436565096727e+02,1.956257313407947777e+03
1.003260929616292401e+03,2.014699719916449567e+03
1.231374885700367031e+03,1.925760928401240562e+03
1.123902971861928563e+03,2.036981916822379389e+03
1.250987689228014688e+03,2.005789493050434658e+03
1.315355397471675133e+03,1.943443680374710311e+03
1.197004511515299555e+03,2.094411925139250798e+03
