1.238867188912850708e+02,4.555186160052264199e+02
1.746957283020019531e+02,2.894817142486572266e+02
1.520231354183620851e+03,4.977243709853201494e+02
1.598249521134391671e+03,3.595696823975396228e+02
1.629688328397336591e+03,5.307297806966871576e+02
1.710975191246450095e+03,3.333218920963262235e+02
1.656921828093351905e+03,4.597450400458441777e+02
1.781866135491265140e+03,4.027556731612593808e+02
1.748509779654608337e+03,5.499698557111952368e+02
1.891339506573147446e+03,4.543418883217705115e+02
1.987535579364395517e+03,5.036520474288755054e+02
1.944466996652108719e+03,4.104984150639286895e+02
1.638618014017740961e+03,4.019548414018419749e+02
3.403930998575713147e+02,5.781672756053783360e+02
2.906228208188657050e+02,6.094168438381619808e+02
2.260543594360351562e+02,5.048858439127604356e+02
9.953741058195480491e+02,5.074715684139367227e+02
9.546713091449972808e+02,6.046444114873437456e+02
1.371512724104381732e+03,6.675327630118719071e+02
1.444299593649970120e+03,5.870411956247656917e+02
1.501931556532118066e+03,6.395936789088779051e+02
1.621010293136408563e+03,6.062956800107601794e+02
1.693819267069096441e+03,6.252235293838855341e+02
1.592582462904188333e+03,6.758589976416693617e+02
1.853300942032425382e+03,5.625578309047369885e+02
1.781671091489967694e+03,6.426103050979346563e+02
1.718686395734409643e+03,6.877322839952649929e+02
2.015389146310311617e+03,6.103374446445041031e+02
1.900918507670308145e+03,5.949665174379454129e+02
1.914552864195808525e+03,6.487110411628843849e+02
2.007935662302030096e+03,6.973613342665760229e+02
9.071702830938645548e+02,7.230774689662604260e+02
9.792414181726929883e+02,7.217603901209175774e+02
9.964842114483868727e+02,7.920565936123881556e+02
1.211099516974555172e+03,7.130760783442744923e+02
1.286334987005238872e+03,7.934869253232747042e+02
1.386277476039077555e+03,8.085382827423007939e+02
1.254963543335352142e+03,7.507016123949359780e+02
1.279360699299458474e+03,8.686130748858448669e+02
1.495698816774544184e+03,7.468239002601773109e+02
1.543136062821531823e+03,8.142260243069608805e+02
1.480137032780502750e+03,8.633016943729285231e+02
1.588550594536418885e+03,7.559764070505523250e+02
1.669561583836873297e+03,8.305102679111337238e+02
1.652966997123058718e+03,7.466322110023028245e+02
1.886491832256210500e+03,7.498391974931881805e+02
1.823116849640269038e+03,7.225022169984417815e+02
1.741216736361343465e+03,7.556385055862509716e+02
1.821816452763819825e+03,8.232293843803322488e+02
1.957484748557761804e+03,7.329227771759033203e+02
1.939553238598987264e+03,8.249986967944133767e+02
2.142674057329773404e+03,6.968812300666930923e+02
2.062480008806500791e+03,7.968954999530126315e+02
2.080414881388346203e+03,7.092579810531051407e+02
3.167437156148317285e+02,9.921015320966223499e+02
8.709303776599743969e+02,9.220499122760915043e+02
1.082755330166523891e+03,9.311289613571109385e+02
9.967549674953269232e+02,9.860377775406107048e+02
9.972324008937678173e+02,9.148702330996510454e+02
1.127962920198045822e+03,9.644674531786012039e+02
9.491529534755189843e+02,8.938082466125489418e+02
1.304794666932488326e+03,9.252932873778338490e+02
1.394689442178325180e+03,9.193227050332873205e+02
1.534910734579714017e+03,9.854483159522642381e+02
1.588410924609398307e+03,8.913171292838966338e+02
1.484960191642190694e+03,9.202145481317392068e+02
1.641131616498217227e+03,9.415496323903402072e+02
1.746046304272848602e+03,9.129147384819702893e+02
1.788208914372032723e+03,8.675779114928001263e+02
1.698453798987025039e+03,9.504017439050933262e+02
1.826214396243625288e+03,9.734954237620034974e+02
2.116215394761827156e+03,9.030552238181784332e+02
4.701289929990414294e+02,1.064147742000626977e+03
6.149999698003133517e+02,1.076777153968811035e+03
7.226828337082761209e+02,1.072652269157016235e+03
9.072751441296235271e+02,1.059044059188277743e+03
7.740236241514276117e+02,1.108301943574944744e+03
8.564403089452672475e+02,1.019901304732843982e+03
8.559618315291561430e+02,1.164918438378219207e+03
1.027999595594994844e+03,1.041100328139316616e+03
1.139746570631538361e+03,1.029837463205375116e+03
1.361460840295862226e+03,1.063281564783167141e+03
1.243736646840175581e+03,1.129720957008541973e+03
1.503966815058390011e+03,1.124665879910080548e+03
1.468264694402247414e+03,1.069024713210117625e+03
1.570572942852572623e+03,1.040422820910058817e+03
1.402916259541854060e+03,1.140269989659427893e+03
1.706491025494158293e+03,1.049317389623824283e+03
1.654566048809126187e+03,1.074124990514680576e+03
1.598404914988840119e+03,1.133599981391411802e+03
4.241509802076551523e+02,1.217470652639130094e+03
9.710180607548466014e+01,1.146720758791323306e+03
2.923094115080656934e+02,1.186671111354121422e+03
4.979935455611257566e+02,1.167152315351698235e+03
2.688397644572787613e+02,1.273576495732201465e+03
6.479032818497136077e+02,1.192103533665165969e+03
6.209990792309796461e+02,1.288364938029536461e+03
5.770138998810762132e+02,1.223498995949240452e+03
5.299420944870428229e+02,1.278126496284875429e+03
7.450441715304134505e+02,1.245557513165968885e+03
7.357014113064984713e+02,1.165277296543986040e+03
8.043034110685051701e+02,1.203243050786640424e+03
9.099912555835866215e+02,1.219810378557370314e+03
7.218894628392058621e+02,1.297617529799293152e+03
1.093945031011947322e+03,1.228962278312143553e+03
8.964656182057866545e+02,1.302387992330837506e+03
1.178385828914339527e+03,1.237501121493748087e+03
1.098636468229069123e+03,1.313305903804587842e+03
1.259247042841148641e+03,1.239248231767123571e+03
1.344377889750916211e+03,1.187250685703607360e+03
1.241590590100085365e+03,1.296739574472200729e+03
1.386668195326801879e+03,1.302456074426310579e+03
1.584215095405225611e+03,1.304122920901687166e+03
1.675479100545247491e+02,1.404596062554253194e+03
4.596398515112605310e+02,1.305072610172224586e+03
3.706597774775340781e+02,1.359508913119366298e+03
6.406531928359340782e+02,1.366027999846731745e+03
8.005883537596265569e+02,1.325988838293966410e+03
6.379559634455928290e+02,1.433140117320307809e+03
7.140658055750806170e+02,1.355533353574222247e+03
4.960797928761892877e+02,1.449389919052776122e+03
8.811882056483515271e+02,1.414906572341918945e+03
9.767501278448208950e+02,1.339862681629870622e+03
8.621799431340973570e+02,1.358273117610069676e+03
7.931009816085829698e+02,1.456140739409879870e+03
1.105623259655382299e+03,1.388252942019669490e+03
1.002685510126749818e+03,1.426499069510565732e+03
1.210233470212496059e+03,1.402418876445803107e+03
1.313495768858894280e+03,1.309477980083889406e+03
1.410753572565638024e+03,1.412471710279276749e+03
1.539985759470335552e+03,1.407082056567919835e+03
1.468159057816962559e+03,1.407394787926578147e+03
1.343969125150429818e+03,1.432935804603075667e+03
5.863114873568216581e+02,1.469823422908782959e+03
5.930631922018648083e+02,1.547082598429015206e+03
5.764897813276810439e+02,1.603121916237262667e+03
4.649809279784657861e+02,1.505046465730355521e+03
4.668442787775917395e+02,1.594833193025134733e+03
6.779271071848244219e+02,1.536489992777506359e+03
7.352338899800807894e+02,1.461911759029199857e+03
8.736021389055891859e+02,1.525699357270030077e+03
9.163017434168343698e+02,1.474580282924151106e+03
7.785262610695580179e+02,1.604852346169828024e+03
8.605799280766511856e+02,1.579328180237000879e+03
1.102085157097859792e+03,1.497345818487544193e+03
1.050265049773701094e+03,1.550783722737944345e+03
9.601708943674874490e+02,1.572538594900020826e+03
1.011490708060286124e+03,1.483077464785451639e+03
1.280498447205609864e+03,1.478716173203370772e+03
1.242158169250488299e+03,1.525110498385959318e+03
1.155661464097764565e+03,1.490264459058973671e+03
1.127613300875048935e+03,1.609034730278774759e+03
1.343349574842356560e+03,1.546377343642109281e+03
1.226227913209273538e+03,1.587006980161729189e+03
1.427924688204370341e+03,1.533431657656274410e+03
1.588895550174905793e+03,1.537154037510038279e+03
1.658236812909443870e+03,1.479377138190799315e+03
6.916990600354744174e+02,1.637942670860675662e+03
7.894572720808853319e+02,1.688318587892391861e+03
8.953012424045140278e+02,1.640651070206253507e+03
9.098210642574302938e+02,1.709710272220866273e+03
7.360775607582791054e+02,1.728384598063877320e+03
1.083426429747426937e+03,1.666494365040010962e+03
1.002713989509909425e+03,1.665575866970707921e+03
1.029892091768759201e+03,1.742102614766075703e+03
1.210397125338330625e+03,1.651844945083429820e+03
1.299320236715734154e+03,1.647857683615697852e+03
1.181577972814947088e+03,1.741493023381088960e+03
1.349559287720596103e+03,1.722915575641124633e+03
1.270448525289564486e+03,1.727232760591444503e+03
1.371818672018707048e+03,1.612160812768145433e+03
1.468847014721528922e+03,1.670568457709418453e+03
1.708390099231107570e+03,1.632047164022186735e+03
7.611640839753326873e+02,1.793375401532208571e+03
8.960272456981518872e+02,1.781503864570900305e+03
1.031418667357645063e+03,1.816574712494273172e+03
1.131781838383707736e+03,1.778210254420952197e+03
1.195513823463026938e+03,1.847330336625986092e+03
1.258277265363269407e+03,1.847446018748813458e+03
1.317386431281949172e+03,1.822135816691834179e+03
1.390085983313539600e+03,1.838878294744282130e+03
1.305391649265389333e+03,1.909982784736406757e+03
1.473190499536154221e+03,1.835126409338895428e+03
1.564513169229766618e+03,1.750195068524207500e+03
1.646489435682109843e+03,1.837205031423353830e+03
1.200201973385281008e+03,1.961756544325086679e+03
1.344839756011962891e+03,1.950427778173375600e+03
1.389793077207079250e+03,2.004922605526992811e+03
1.422533233595358752e+03,1.928669512352060110e+03
1.271675113502381464e+03,2.055280662213683627e+03
1.499370264830412680e+03,1.939713656955295164e+03
1.473163854669641523e+03,2.024583424886067633e+03
1.555124210004453516e+03,2.002007928495054102e+03
1.083438082800971188e+03,2.061904332902696297e+03
1.314528689349139313e+03,2.102206423158998859e+03
