3.267885199652778283e+02,3.137157669067382812e+02
1.452661624891493148e+03,4.015567230648464943e+02
1.557272905716989499e+03,3.386239377960504271e+02
1.590431035393416096e+03,4.436790956632054304e+02
1.526499348903837472e+03,4.055989155360630321e+02
1.674311803935486523e+03,4.676047988703221563e+02
1.657885549766634767e+03,3.669433724320965666e+02
1.747006535566690218e+03,3.421972118819015236e+02
1.794515644002844056e+03,5.348712123501014730e+02
1.709930317970142823e+03,5.168888056979460544e+02
1.859530662552983358e+03,3.701423104136598567e+02
1.882622144794671840e+03,3.182117320906363034e+02
1.589413965219164538e+03,5.671094940427749407e+02
1.981068953831990484e+03,5.214495109452142287e+02
5.366849793328179885e+01,5.639687093098958712e+02
9.839731441544897734e+02,5.335769300578552929e+02
1.438887319220780910e+03,5.643606399161818672e+02
1.370708203935034589e+03,6.400120171864826943e+02
1.565716215608165385e+03,6.495881172771800038e+02
1.499242303106520012e+03,6.301568250656127930e+02
1.657488672130619079e+03,6.072366064068490914e+02
1.859407492931978368e+03,5.551567286032217226e+02
1.756088130389479375e+03,7.142128167744556322e+02
1.759463720608657923e+03,6.084238842107457685e+02
1.651688723096869580e+03,7.087859117820639767e+02
1.900602009061782837e+03,5.989367875295972681e+02
2.005365257404468366e+03,6.097587127685546875e+02
1.826705862033027870e+03,6.858193180325931735e+02
1.906383362625364271e+03,6.970352112676225715e+02
1.675676272359520681e+03,6.567808420894122037e+02
2.066543365104525492e+03,5.988128804786532555e+02
2.138704456712833689e+03,6.214657684406905673e+02
1.959647846708874113e+03,6.554901239571451015e+02
9.328232827947597343e+02,6.859561926562375902e+02
9.304191431272596446e+02,7.787900974213129075e+02
8.667696999645738742e+02,7.569115598567580037e+02
1.246891789098311165e+03,8.294639008791978085e+02
1.195190352207591104e+03,7.995966421827511112e+02
1.132837888794716037e+03,7.916587065109098376e+02
9.565456803145233380e+02,8.568570214589435636e+02
1.352371806031464985e+03,7.885815639442422480e+02
1.287614728725103760e+03,7.113720032115040794e+02
1.555994566333323974e+03,8.011613897731159568e+02
1.412064302561459954e+03,8.277434687791046599e+02
1.504121896470900083e+03,7.355964532656867050e+02
1.694589448834280574e+03,7.803032019362491383e+02
1.591577001134038483e+03,7.318619469866952159e+02
1.479859110602823876e+03,8.755678825634670375e+02
1.774307605496801443e+03,8.429594440113414748e+02
1.885687766252156052e+03,7.688980359021354616e+02
1.982453630900331291e+03,7.419470346238877028e+02
1.828553959055843279e+03,8.066954845743640590e+02
2.174746668497721203e+03,7.693066387882939807e+02
2.077102274011682766e+03,6.961555521929705037e+02
2.129814460019711987e+03,8.149684672037760720e+02
6.337368655056424132e+02,1.013173304536607588e+03
9.430305529380458438e+02,9.781629672086729670e+02
1.028997060563829336e+03,9.515070176283518322e+02
1.072576505117305032e+03,9.945054721314340895e+02
1.238296880420049092e+03,9.127570547527735698e+02
1.278936498253433683e+03,9.721726003222994450e+02
1.391300153208535676e+03,8.995967149643669245e+02
1.523578336989277659e+03,9.404290618029507414e+02
1.594260790639972811e+03,8.724174233725889280e+02
1.359116231649742076e+03,9.987139694590122190e+02
1.658467033292040469e+03,8.828589403128918320e+02
1.603225331000484402e+03,9.857609993342755388e+02
1.726948789537654420e+03,8.627822244447819457e+02
1.673525059468360041e+03,6.544797413602592542e+02
1.729183563260368601e+03,9.561316711882241179e+02
1.859877911355760489e+03,9.015095247692531757e+02
1.675075668353660149e+03,9.970764095717786404e+02
4.820113363054063598e+02,9.999878822432624474e+02
2.976021971889570636e+02,1.085794766386609581e+03
3.799514527453317214e+02,1.073879375126626655e+03
5.548242617813782545e+02,1.058021082336531663e+03
9.741200984884191030e+02,1.050492588806152298e+03
8.230862988012809183e+02,1.098371877193450928e+03
9.479515786579041787e+02,1.136902272709996851e+03
1.093419831238546749e+03,1.085243995818405892e+03
1.389024339452416143e+03,1.069584481788403991e+03
1.337471249509098470e+03,1.137914800610526299e+03
1.131191826420971665e+03,1.024366452018546397e+03
1.538905515402801939e+03,1.085833910706505094e+03
1.513364608953028437e+03,1.031487438326567826e+03
1.631840055489245742e+03,1.066052852583520234e+03
4.235310343075422566e+02,1.210134660852414299e+03
2.827385286638588582e+02,1.190299179492852772e+03
3.861351339977988459e+02,1.142376729016027184e+03
1.711053148905436387e+02,1.307519523711431702e+03
6.135697664469827259e+02,1.272368197598194229e+03
6.026555324601538359e+02,1.197809497880346953e+03
4.738312074025471929e+02,1.313250192854139414e+03
7.512026141723381443e+02,1.237866874466483750e+03
1.108462925458837390e+03,1.263422052114981170e+03
1.260171676662714844e+03,1.156183399724478704e+03
1.245927536522900709e+03,1.265061414400736567e+03
1.167061361054061535e+03,1.295736524889187194e+03
1.336186318776546614e+03,1.268303751878928551e+03
1.392077005814917356e+03,1.242079712008252500e+03
1.596745072967837586e+03,1.198654897065596288e+03
1.543650239963081958e+03,1.303743317285531020e+03
6.118286535474989307e+01,1.280456625620524164e+03
4.282641262495733940e+02,1.439973843708471577e+03
5.378276274080629946e+02,1.348157352179068084e+03
3.946733071692195836e+02,1.376719299222216250e+03
2.537434565026775601e+02,1.355095184764986698e+03
6.017296639901619528e+02,1.376428302529417351e+03
5.130284893329327360e+02,1.438281462522653328e+03
6.954956148944000915e+02,1.369568129690106389e+03
7.306575551916051836e+02,1.329062362341233211e+03
6.386442818535699644e+02,1.459338553322686039e+03
7.808239342773354110e+02,1.420505542682931946e+03
8.398048205253404603e+02,1.431924875415433917e+03
9.454564716548859451e+02,1.402553037523912508e+03
9.301218913513936286e+02,1.348637379116482180e+03
7.225404647706047854e+02,1.462107693784199000e+03
1.113881788844235189e+03,1.374590041707175487e+03
1.230970236975593252e+03,1.425842780887069466e+03
1.125351848096889171e+03,1.434331051871147793e+03
1.265793481767287403e+03,1.314955558945750226e+03
9.975418010663051973e+02,1.460948604415631735e+03
1.364299465433756723e+03,1.391347002808253137e+03
1.427431879460370283e+03,1.341345339188752405e+03
1.489240990250199047e+03,1.336181697421603758e+03
1.458623044178220880e+03,1.445213311001106604e+03
1.613084801083519324e+03,1.332069236549498328e+03
1.588157619406452113e+03,1.448787183458842946e+03
1.527295540703667314e+02,1.508313583374023438e+03
4.747299812951840750e+02,1.530111909734579513e+03
5.637653440011944213e+02,1.546420177708136407e+03
5.051925925648077396e+02,1.607265674558255341e+03
6.616898782393191141e+02,1.548764157624769950e+03
7.492660877284100707e+02,1.565762456633580769e+03
8.784701628037441878e+02,1.476932294351083101e+03
8.209490783832692387e+02,1.565043785942925524e+03
9.231576114557421988e+02,1.586420130749826740e+03
1.030121807591352990e+03,1.521540442318525038e+03
9.392237473227761484e+02,1.532020950329905645e+03
1.196577242533365734e+03,1.534383918573827032e+03
1.126370316573964601e+03,1.518702795356485922e+03
1.105999721778919593e+03,1.584337214149663396e+03
1.281139913195878080e+03,1.522218712355420394e+03
1.393489628493184000e+03,1.504811207318546849e+03
1.291514497313905395e+03,1.597517935208531526e+03
1.315392123940550391e+03,1.472144490889560984e+03
1.440455903726910947e+03,1.583426915627938797e+03
1.691315442026397250e+03,1.479442493250340476e+03
5.003603753387612869e+02,1.663137280956988434e+03
6.320493660457551641e+02,1.693566500876290320e+03
6.524354671960541054e+02,1.631637758450156525e+03
7.266408732511897597e+02,1.640983181986258160e+03
8.572417993919334549e+02,1.695497309063970988e+03
7.686925891818423224e+02,1.731823464436964514e+03
9.275479641985704120e+02,1.645961537556589292e+03
9.690330383014329527e+02,1.700364847110566416e+03
1.074115550626064078e+03,1.696124139183011494e+03
9.972900079551685621e+02,1.760532000865907548e+03
1.019521060672071258e+03,1.615075840923521355e+03
8.758152994059553293e+02,1.770661294628875567e+03
1.154160086545627792e+03,1.688862406637349068e+03
1.190985704586829797e+03,1.630746763394202844e+03
1.113550153245459114e+03,1.773295932365778754e+03
1.346133204992136825e+03,1.719145452474936292e+03
1.255890846073117928e+03,1.736951332706491939e+03
1.293347847117294123e+03,1.653566774879127479e+03
1.387455784217152996e+03,1.607074311871275995e+03
9.490642170241195572e+02,1.404336682708175204e+03
1.505366550869411867e+03,1.614077880341329546e+03
1.413428389125399917e+03,1.717594064156214472e+03
1.581424210018581789e+03,1.666984413917618667e+03
1.718634788254160867e+03,1.702938924380290473e+03
8.063355038235408756e+02,1.815204941555046389e+03
9.113770343168283716e+02,1.855639749220860267e+03
1.110764215238166571e+03,1.847860352024887334e+03
1.215712256160783227e+03,1.799002581372673149e+03
1.280729381578233642e+03,1.844993872561984517e+03
1.404300235131774343e+03,1.829387308704945553e+03
1.344096871270073734e+03,1.837579934045380014e+03
1.581458474635848688e+03,1.782385909970417970e+03
1.467431415793336328e+03,1.817054168418601876e+03
1.378123526114004562e+03,1.917108610647695969e+03
1.585697480434841282e+03,1.878781059519450082e+03
1.018854750527275996e+03,1.904371392991807625e+03
1.088138040667265841e+03,1.975473910092194274e+03
1.302294520254488589e+03,1.996269614890769617e+03
1.343962715635304676e+03,2.038364197154785870e+03
1.457319853475358741e+03,1.920678128602769902e+03
1.563236687766181149e+03,2.003540574331132348e+03
1.476014803250630621e+03,1.998809141582912844e+03
1.637578149724889727e+03,1.948546067131890368e+03
1.519666239208645266e+03,1.906054044299655516e+03
1.393704569176910809e+03,2.071905080683091001e+03
