1.070974175535602399e+03,4.379191741001457672e+02
1.070241001658969481e+03,3.568095259004169293e+02
9.273905847527419155e+02,5.629992789468035426e+02
1.152691543783095995e+03,5.195731100506252460e+02
1.245099527750224752e+03,4.620714282393385020e+02
1.339672539981795126e+03,4.194311810717169919e+02
1.399453281921053986e+03,3.152446262420170342e+02
1.243191112024643644e+03,5.351840499005286347e+02
1.338767220198506038e+03,4.896760397631712749e+02
1.442738686011074378e+03,5.284760710891898725e+02
1.573842274775871829e+03,3.188370344536936614e+02
1.514353017265414110e+03,4.001658223470051894e+02
1.450556697295262438e+03,4.589583920128325758e+02
1.415051537914733444e+03,4.173909808915857980e+02
1.568564086225297615e+03,4.695442443777014319e+02
1.671418504032088094e+03,3.866778483685151286e+02
1.612060576141241654e+03,3.622288208720659668e+02
1.717831456673245157e+03,4.204837281920288774e+02
1.650353486088725276e+03,5.119626158917224643e+02
1.789482080829429151e+03,2.642164966026422803e+02
1.829474895081281602e+03,4.420271121505039105e+02
1.760280933272236325e+03,5.559629351991595740e+02
1.803967866403085281e+03,1.034043668111165317e+02
1.792881031742802406e+03,3.288262649818702812e+02
1.736077989579091764e+03,4.789692009125885193e+02
1.843694297505187023e+03,3.909882205119579908e+02
1.835673921454186711e+03,5.145757102031334398e+02
1.964894734700520758e+03,4.733242509629992014e+02
1.947656078662747632e+03,3.674186288069017223e+02
9.874734713621814990e+02,5.669683335814813745e+02
1.134309053650462829e+03,5.994354951926827653e+02
1.339351950374650642e+03,5.815382167674877110e+02
1.197581479920281254e+03,6.397557070785098858e+02
1.524388800675644688e+03,5.538544462285490226e+02
1.511174730253887219e+03,6.581730811020387364e+02
1.575005438592698965e+03,6.127761439658976315e+02
1.639997268577027171e+03,6.199941412677085282e+02
1.860780236072304660e+03,6.115109223589483918e+02
1.758364264268634543e+03,6.699293514062933355e+02
1.753164567493256982e+03,6.187684289841425880e+02
1.669026078555673166e+03,7.050108320380135183e+02
1.661658639472421783e+03,5.661325583178587522e+02
1.946549876282706919e+03,6.577520481306409010e+02
1.849613972049289032e+03,7.064121335983277277e+02
3.907437533272637324e+02,6.212914854685466253e+02
1.201811481522925078e+03,7.449538258682063088e+02
1.288148022870480645e+03,7.321730639495991682e+02
1.172501932938893560e+03,8.399150339179568618e+02
1.282407022353930643e+03,8.516090110387558525e+02
1.283248506482442281e+03,7.881676509857178416e+02
1.435434492007959307e+03,8.319241538333076278e+02
1.506179260478923652e+03,7.234820438762117192e+02
1.582915682485280740e+03,7.823426553675403738e+02
1.619879345959654529e+03,7.424069120882209063e+02
1.759546950297262129e+03,8.148050714717190885e+02
1.774748954772949219e+03,7.388584757910834924e+02
1.813804577952683530e+03,8.409036995666195935e+02
1.159953651428222656e+02,9.052740258110893592e+02
4.244468694841018532e+02,9.663605611444723991e+02
9.857322440640522245e+02,9.170441831374981803e+02
1.116199892541281997e+03,9.886181455025306377e+02
1.292656370414016692e+03,9.492688880161622365e+02
1.366128792845172711e+03,9.027556043083285431e+02
1.428549781467296498e+03,9.636908724360995393e+02
1.468348332224328487e+03,9.211246943816639714e+02
8.075195415991323955e+01,1.013311690577754234e+03
3.749202289563489217e+02,1.152489073666982904e+03
9.516171571691201052e+02,1.060324531979031008e+03
1.056259725622845508e+03,1.113933112589314305e+03
1.061816927846826957e+03,9.961846224300742279e+02
1.116187097490223323e+03,1.136923212836770517e+03
1.175947956885820531e+03,1.048527954949272953e+03
1.016039857870612991e+03,1.067040817841984790e+03
1.292174512304440668e+03,1.107431658330589698e+03
1.380632889453275538e+03,1.039792154194396062e+03
1.249766977483576056e+03,1.051660628694476600e+03
1.417377520116170217e+03,1.131854686991373683e+03
1.475956398795358609e+03,1.116375253407253012e+03
1.578910679706419387e+03,1.078365273708767518e+03
3.069493257028084940e+02,1.207698390536837906e+03
5.198876204112219312e+01,1.174190229393691652e+03
5.733999576333129653e+02,1.197206595809371493e+03
9.730570310389630322e+02,1.169763831679174700e+03
9.342668681674532536e+02,1.229263392104043078e+03
1.083073210376298221e+03,1.273748879554212408e+03
1.292392090927841309e+03,1.278472555478413824e+03
1.345484313223097161e+03,1.150608070744408451e+03
1.529467224026903750e+03,1.200606308265968437e+03
1.484320797831923983e+03,1.244316405006691184e+03
1.434984895132448401e+03,1.268860758125842722e+03
1.620483783269169408e+03,1.288840611014703427e+03
1.707113436532672722e+03,1.277139513239455937e+03
4.380396072599622812e+02,1.349515303929646734e+03
1.371375475283022354e+02,1.371705558776855469e+03
5.570220369880581757e+02,1.338542928342465984e+03
5.894258528856130397e+02,1.405785577963220248e+03
7.875899876724055275e+02,1.369341578542450407e+03
8.224946345648310171e+02,1.420366866784370586e+03
8.649967476385231748e+02,1.461320819870278683e+03
9.827493175005673720e+02,1.385833855199331992e+03
1.069367388854417868e+03,1.427877955968950573e+03
1.132795534661674083e+03,1.334538900153497707e+03
1.210944609172274795e+03,1.391482945506231317e+03
1.217085042846834767e+03,1.315175887571527483e+03
1.316768295523560937e+03,1.343835765038007594e+03
1.391882200075343462e+03,1.323067920324423994e+03
1.323990350098584940e+03,1.446646777736320701e+03
1.557771245553758263e+03,1.391114760691526726e+03
1.420534890245508223e+03,1.409007726655183205e+03
1.481987662000737600e+03,1.402908802607324333e+03
1.710586004931517436e+03,1.373067763149377015e+03
1.629565617152622735e+03,1.384682900928315576e+03
1.853911880747477426e+03,1.445059044901530115e+03
4.680293289938090311e+02,1.516522287062656687e+03
3.553244300255408348e+02,1.598092033810085923e+03
6.877068355139834921e+02,1.490032934229704324e+03
5.312773305751660473e+02,1.568053599022053049e+03
6.129742773833098681e+02,1.564423778170126525e+03
6.471770727422501750e+02,1.437937714809841509e+03
7.025706114809735254e+02,1.577938508039574799e+03
8.204939137452568048e+02,1.518422792691498898e+03
1.088777327249741347e+03,1.554504774357596943e+03
9.730586158937197752e+02,1.532480126620697547e+03
9.273648770205626306e+02,1.584401245597359093e+03
7.945253288480970468e+02,1.569430406326717730e+03
1.276578937367496337e+03,1.550920195783305417e+03
1.176782581423535703e+03,1.481577054341634266e+03
1.195974815407902270e+03,1.569917570609993163e+03
1.332126119054929177e+03,1.585519080691867430e+03
1.470691744236906516e+03,1.561984230199573858e+03
1.472815732178864891e+03,1.499614382708514086e+03
1.623171616259916163e+03,1.519338554853274445e+03
1.749904749247114296e+03,1.478167240697094712e+03
1.692570738151338446e+03,1.517211451500786552e+03
1.569254830270343518e+03,1.556957847506028656e+03
1.831265780507782438e+03,1.501617377763912828e+03
1.821127748756438223e+03,1.578780674047699677e+03
1.010460116774947466e+02,1.705928059189407804e+03
2.920775536431206660e+02,1.648583701380976891e+03
6.079955920264834504e+02,1.636749286227756102e+03
7.959866761101616248e+02,1.637909853509704590e+03
6.723963223563301881e+02,1.730193137204205641e+03
7.326571818457708787e+02,1.676235992981022036e+03
9.140170662962360666e+02,1.667281016597041344e+03
8.266335821139266500e+02,1.708501331334332008e+03
1.075831156632297052e+03,1.716091905773743747e+03
1.139774032604002514e+03,1.624241177540053059e+03
1.112894322827906308e+03,1.670357714910177720e+03
9.660702705141394517e+02,1.766024171620412517e+03
1.220339670200540468e+03,1.724766304825291400e+03
1.213108351586258095e+03,1.654991414376939474e+03
1.036579430033615154e+03,1.756139998621561972e+03
1.373108618842230953e+03,1.631194073665289352e+03
1.387339301276207152e+03,1.716504323373017314e+03
1.451088790696817796e+03,1.637388723111096851e+03
1.508007564403392280e+03,1.661681527125982711e+03
1.532116625959406292e+03,1.727118379231609424e+03
1.600892261859623886e+03,1.647387569003635235e+03
1.677380122720113377e+03,1.658001911520698286e+03
1.743296510095949316e+03,1.731223792811624435e+03
1.837763587830558208e+03,1.731167988873032755e+03
1.907556228920265539e+03,1.722591890547010735e+03
3.331351192898220575e+02,1.902496638488769577e+03
7.104317044344815031e+02,1.824978140620136855e+03
8.061068366810127372e+02,1.807370754453871086e+03
8.857704318011250280e+02,1.774465216742621578e+03
9.385665143330892306e+02,1.892697712686326895e+03
9.762158876986851510e+02,1.844186746398961986e+03
1.078085561681676836e+03,1.834609319843411640e+03
1.102568705141154624e+03,1.882899655601565200e+03
1.298441506433968470e+03,1.760809907701280281e+03
1.189593945821126454e+03,1.904718836572435066e+03
1.228577346424997586e+03,1.801700079081970898e+03
1.435593457771069779e+03,1.801040226814320931e+03
1.303659722646077398e+03,1.862236625200436720e+03
1.537987401746849855e+03,1.853427736175508699e+03
1.580434587604022227e+03,1.799412964291661183e+03
1.442749961769705578e+03,1.863138071065614668e+03
1.637214889036578825e+03,1.765720812310112706e+03
1.753978076887719681e+03,1.820258396666727094e+03
1.045868023766411739e+02,1.886470464494493172e+03
2.926467124091254277e+02,1.961784862942165773e+03
8.241772702799902390e+02,1.917943458557128906e+03
7.604590685809099568e+02,1.927057434364601477e+03
1.075680822910406505e+03,2.003124874777943432e+03
1.185354338787220286e+03,2.014674456702338148e+03
1.343348828916196453e+03,1.966706986886483719e+03
1.487450643468786211e+03,1.971702551099989023e+03
1.459865669886271235e+03,1.923609604588261391e+03
