1.350342779748233852e+03,4.582345684663748671e+02
1.430896103345183974e+03,4.456539966397012336e+02
1.444551897543447694e+03,3.663467559343503126e+02
1.519736047815393476e+03,4.404072555730372187e+02
1.686094826053162478e+03,4.873027031242073122e+02
1.570593597418342370e+03,5.224296356670737396e+02
1.626519800115514727e+03,2.701323140109026895e+02
1.706119516531626232e+03,3.908134260813395713e+02
1.581721417623852631e+03,3.709866427466982373e+02
1.746306571766901243e+03,5.098377059110549112e+02
1.822060590676586571e+03,5.266460044061752797e+02
1.806803726337573835e+03,2.671340537601046776e+02
1.747699226785949577e+03,3.120487369182698671e+02
1.919847753454138001e+03,4.640597302472149863e+02
1.885256478966606664e+03,5.483695492214627620e+02
2.030851514928481265e+03,5.107784247429542575e+02
9.962232472342674328e+02,5.760558980739477875e+02
1.389562445356388480e+03,5.991975076463487540e+02
1.490724193996853273e+03,5.975372836266034255e+02
1.536133772762761055e+03,6.304072641178561298e+02
1.621844513209912975e+03,5.806909118611978329e+02
1.618305494198352562e+03,6.803404346426586926e+02
1.641888005029587475e+03,6.172004623413085938e+02
1.490181947306713937e+03,7.206823009141910461e+02
1.828071030238318144e+03,6.486524035839119051e+02
1.731345269834873079e+03,5.816316594322572655e+02
1.899190030264889629e+03,6.436559018932331355e+02
1.986514195053665617e+03,5.496722291310628634e+02
1.947308029123569440e+03,5.976015173645392906e+02
2.122818511397750171e+03,5.506851196289062500e+02
2.079550673308196110e+03,6.075224188345449647e+02
1.995493323997215157e+03,6.724162041699445354e+02
9.070888806265138555e+02,8.202465086263511012e+02
8.482325938012864981e+02,7.995571996900770273e+02
1.246389017971356679e+03,7.477460144042968295e+02
9.060832081143818186e+02,7.148057473803322637e+02
1.293045903570857945e+03,6.815428535555615781e+02
1.154880725106652790e+03,8.566323578413338282e+02
1.329766470920892289e+03,7.723976304796008208e+02
1.361037686078235538e+03,8.388841006667524880e+02
1.236425678085960499e+03,8.449527781236157580e+02
1.545454586617940549e+03,7.890094764145355839e+02
1.455716396616926204e+03,8.419469672771417663e+02
1.579451275876774389e+03,7.192308061598921540e+02
1.672031643042780388e+03,8.204259820574748119e+02
1.723757137279317931e+03,7.174325790074996121e+02
1.603889109065390130e+03,8.380948560665815421e+02
1.792704077920795953e+03,7.945105101032021366e+02
1.750298555513878000e+03,6.665057929103627430e+02
1.745743178995975541e+03,8.133521805289715303e+02
1.878876525491491293e+03,8.424273761740827240e+02
1.922415892706977274e+03,7.279647941589355469e+02
1.839868334770202637e+03,7.551651315007891299e+02
2.170757734510633782e+03,6.677611321343315467e+02
2.135270966141312329e+03,7.438842157434534101e+02
2.199377962384905004e+03,5.765617087227958564e+02
1.857390858043323988e+03,7.703970780806107541e+02
8.566279813978407276e+01,6.584232508341470975e+02
3.412894822650486049e+02,9.585121206389533199e+02
3.916240429348414978e+02,8.806097453889391318e+02
9.283008012135821900e+02,9.123929342905679505e+02
1.040717528166594320e+03,9.561449039379755277e+02
1.096010782415512949e+03,8.543977034064162126e+02
1.201199824234107837e+03,9.493371951528441741e+02
1.378471276391041329e+03,9.439691379387039660e+02
1.271228472154607289e+03,1.002067791373641285e+03
1.525420740198206204e+03,9.018369095413773948e+02
1.368816164938746169e+03,1.019268796868482696e+03
1.384234916241137853e+03,8.885624398565911406e+02
1.693319489023420374e+03,9.198300318400064270e+02
1.536942415514613685e+03,9.919883054711837076e+02
1.617094380908542234e+03,9.458528520603373408e+02
1.742870717837487064e+03,8.892404364126699647e+02
1.669777540177565243e+03,1.001786017428743776e+03
1.849800843132866476e+03,7.632264862060546875e+02
2.554228931003146670e+02,1.126480431390187277e+03
1.615224397447374258e+02,1.073563015973126312e+03
1.318619180169160643e+02,1.120304263558854018e+03
7.453050028607734703e+02,1.077746724315717984e+03
6.947047673860699888e+02,1.124726614223827028e+03
9.467568539676502724e+02,1.117119316035865495e+03
8.928013479527824074e+02,1.061727355247835476e+03
1.041751207610707525e+03,1.043225585278169774e+03
1.054656440142485962e+03,1.126688230553553012e+03
1.103135201573371887e+03,1.070136860211690191e+03
1.322911645032741490e+03,1.099892601198620241e+03
1.575074229940420764e+03,1.049749976771447791e+03
1.635060471570050368e+03,1.116229708364274529e+03
1.795779941498286973e+02,1.245417687620435572e+03
4.808339472876654668e+02,1.182435903231302973e+03
2.029928898172840661e+02,1.304497651070271559e+03
4.270343939039442489e+02,9.961120971679687273e+02
6.465997778908949840e+02,1.310962350526878936e+03
1.259643563877452607e+03,1.165499177289249928e+03
1.249623392962594380e+03,1.276985831294915670e+03
1.388017882062931449e+03,1.179878297825051959e+03
1.330774044083960007e+03,1.223394229841821016e+03
1.529246366901162219e+03,1.211137341440459750e+03
1.494462569077404169e+03,1.269841306897220875e+03
1.432060204082064956e+03,1.282681901331301106e+03
1.604167705329215323e+03,1.228961249184236067e+03
4.856883535648474890e+02,1.425517615839518612e+03
4.205524848251745880e+02,1.313440267458584458e+03
1.762500921178747149e+02,1.368549557438603188e+03
8.631593986793801321e+01,1.350864739029495695e+03
6.162038944573868093e+02,1.407535249176709613e+03
5.431271109387765819e+02,1.430608847586937600e+03
6.921798951514147120e+02,1.405402117463498143e+03
7.396049479731806287e+02,1.383121501216181969e+03
9.080321110285491386e+02,1.411474320501269403e+03
1.103145521946738654e+03,1.313722657016496441e+03
9.889477835838241617e+02,1.366396114927349572e+03
1.288145965969751842e+03,1.333359137782344305e+03
1.181882445535542047e+03,1.354625354531370476e+03
1.149118346826806828e+03,1.407593277023353039e+03
1.258004876263121332e+03,1.436184752054024102e+03
1.384949269711971283e+03,1.343227803103129190e+03
1.345061669742359754e+03,1.448321020832390559e+03
1.556161326005723822e+03,1.383960189474953495e+03
1.480750021659003323e+03,1.389686237843831350e+03
1.423741442989993629e+03,1.451301512450309247e+03
1.661692579198766680e+03,1.355825173742977313e+03
4.068961987436553613e+02,1.512101704576280326e+03
4.680413058947109448e+02,1.571997285968866436e+03
2.319253815393599325e+02,1.596885748848082585e+03
3.508648479544086172e+02,1.482285866254641633e+03
6.533076536054285270e+02,1.511339927007669530e+03
5.788279403590943275e+02,1.590629742290399918e+03
5.620359542752489688e+02,1.529809513515896242e+03
8.340369620782356606e+02,1.473127798105673719e+03
7.717644940599982419e+02,1.484346248485423757e+03
7.301120367167909535e+02,1.524622854162145586e+03
8.772109749793313540e+02,1.520624168639782056e+03
6.846475836756663966e+02,1.606856935046834224e+03
9.888166282262556024e+02,1.486541486606978424e+03
1.121731335930645855e+03,1.467303055768344620e+03
9.481028265882232517e+02,1.563084666973483536e+03
1.053697031354147384e+03,1.542473760424719785e+03
1.231668857722170060e+03,1.546543453852039192e+03
1.145618196541922543e+03,1.532577167647225451e+03
1.143255477148388991e+03,1.588230697722662399e+03
1.335561562945947117e+03,1.569042312771382967e+03
1.294448595203088416e+03,1.508846805656714423e+03
1.423726103755963095e+03,1.555028898057346169e+03
1.534978858323382156e+03,1.556280183775812247e+03
1.475740637356894240e+03,1.554222832682019316e+03
1.596963311128534542e+03,1.598833199624933741e+03
1.704907446861267317e+03,1.582330632792578854e+03
5.512278154766748912e+02,1.707819154152037754e+03
7.810102624498421164e+02,1.632986417943528977e+03
6.818930456949017298e+02,1.758117719976311037e+03
6.953364398947231848e+02,1.685205252356254277e+03
7.790378596685567345e+02,1.695187995883319218e+03
8.528524332076783594e+02,1.622000311313205430e+03
9.521035228407166642e+02,1.614301690180292780e+03
5.694764596394129512e+02,1.650159176788050445e+03
9.222500624143857522e+02,1.741627248708505931e+03
1.026124060914171196e+03,1.723701900013368459e+03
1.047884544444239964e+03,1.631073117521463473e+03
1.200056185359442452e+03,1.687243447681225007e+03
1.235284245161362605e+03,1.632068959975467806e+03
1.127795943866623247e+03,1.706461318332810379e+03
9.696181018827675189e+02,1.675171052999711947e+03
1.340463086728696453e+03,1.635764258349382999e+03
1.302852329069195548e+03,1.715665154597735182e+03
1.403807663984973033e+03,1.679236526258064259e+03
1.461010356861076616e+03,1.701780579824296183e+03
1.656851043714291336e+03,1.716307971975033752e+03
8.332529073695942543e+02,1.790531463954424680e+03
9.482860463137506031e+02,1.806690409338535346e+03
8.910338148676770516e+02,1.862993135906918724e+03
1.059970823233942838e+03,1.774468306060104169e+03
1.010724197387695426e+03,1.881575675328572515e+03
1.177591453005219137e+03,1.837565508633257878e+03
1.274532518955008527e+03,1.805651525208558951e+03
1.174036133424735453e+03,1.773033157866678266e+03
1.345543841797628602e+03,1.800441775663399540e+03
1.404574017482333602e+03,1.808774172592163040e+03
1.521283937314323794e+03,1.787620974688228671e+03
1.523750183896665249e+03,1.890234970676751800e+03
1.465933509552400665e+03,1.816129164203319533e+03
1.432960244072808337e+03,1.897386895921494897e+03
1.588459737523396825e+03,1.858256399027506632e+03
1.655306055516372453e+03,1.819488404450593407e+03
1.696061777048640579e+03,1.880714824729495376e+03
1.076663424522157811e+03,1.988455175127301800e+03
1.147766940307617233e+03,1.938867374632093743e+03
1.368734999338785883e+03,1.984412805627893249e+03
1.418274879272727048e+03,2.017727730595208641e+03
1.548632369414542381e+03,1.967098872678954422e+03
1.632739888791684962e+03,1.955227035522460938e+03
1.463259345903583608e+03,2.047410376754461595e+03
