1.351137007819281507e+03,4.290828091656720744e+02
1.339351512413350747e+03,5.084283404097597554e+02
1.249462826847500310e+03,5.420584342108833198e+02
1.445252608068887412e+03,4.622069088384014321e+02
1.515785663257945544e+03,1.918573398590087891e+02
1.526310774074999927e+03,5.106614928727815936e+02
1.515657122055862601e+03,3.785999678055618460e+02
1.701769213636542872e+03,4.955492516231785771e+02
1.646286144209497024e+03,4.603272836002302597e+02
1.583370780312052375e+03,5.576620363208112394e+02
1.623326770994398203e+03,2.852532393844039689e+02
1.683492551309091141e+03,2.370243462032742343e+02
1.776994418452421769e+03,5.182303412388266679e+02
1.758230036720914541e+03,3.437251043220077804e+02
1.827466896375020497e+03,4.469437428580390019e+02
1.859853066677517290e+03,5.353249549018012203e+02
1.975371089228877281e+03,4.408674969143337421e+02
1.953895527309841555e+03,4.957146651877297359e+02
2.054296851748512381e+03,5.380151244049292245e+02
2.096439821879069314e+03,4.965294396082559842e+02
1.950455008537301410e+03,5.669657959657555466e+02
1.025148658222622316e+03,6.417276622984145433e+02
1.358380723731693706e+03,6.661574457382237142e+02
1.442242282958945907e+03,5.870542239487773486e+02
1.502129567331218595e+03,6.266766522476095815e+02
1.685076034095527575e+03,5.693028729360917168e+02
1.599229748511764001e+03,6.034397796938270631e+02
1.472834601796841980e+03,7.158610941522263147e+02
1.598186644231537230e+03,6.662304071862713499e+02
1.818087290728533844e+03,6.312905443921501956e+02
1.717114711768534562e+03,6.271643931459118448e+02
1.731575613057171722e+03,6.829302346264872767e+02
1.889903840234544532e+03,6.122965430100757658e+02
1.992898376281190622e+03,6.322216942014475762e+02
1.866513470094060722e+03,7.151289538713840557e+02
2.126611530228266474e+03,6.612830956776936091e+02
2.183890592687270328e+03,5.119981101540958548e+02
2.160985030562789234e+03,5.850646797462746918e+02
1.961404403202117464e+03,6.913446688576350425e+02
2.387626738018460060e+02,7.374654335445827655e+02
8.759319279517656014e+02,7.574527075496721409e+02
1.199417254876838115e+03,8.009130295238796862e+02
1.299133526241417940e+03,7.876542817549271831e+02
1.214698261049058829e+03,7.252194283803304415e+02
1.557059312590374020e+03,7.832623318110280479e+02
1.428712286379862007e+03,8.176366204808999782e+02
1.578037348243862880e+03,7.180079893745471509e+02
1.325318683734469914e+03,8.539424027082656039e+02
1.685258412112611722e+03,7.817515930484039473e+02
1.620292872595408880e+03,8.142305464750390911e+02
1.810626085822964797e+03,7.579913321601020471e+02
1.769117739413936079e+03,8.445918823413314840e+02
1.761394097029078921e+03,7.716226836060033065e+02
1.898237997051793400e+03,7.983981355668279321e+02
6.983739690427427149e+01,9.254804170396591871e+02
1.281066256629096074e+02,7.539274334377712421e+02
3.164192015329996934e+02,9.947286424283628321e+02
8.360315288407086882e+02,8.636963123955563333e+02
8.906635566993995781e+02,8.904940230758102189e+02
1.085870045193919395e+03,9.282158833962899962e+02
9.032230786924010317e+02,9.844510414688676292e+02
1.210161933333785328e+03,8.958545481363931913e+02
1.141787033768642232e+03,9.265671682475526723e+02
1.314257098078854142e+03,9.695608417107314381e+02
1.387358464693062615e+03,8.793187158847757701e+02
1.539264962795045676e+03,8.759357041676837525e+02
1.436607362233446793e+03,9.346376023294498054e+02
1.553877859994556957e+03,9.773578400951505500e+02
1.703253462438070073e+03,9.584818827923173785e+02
1.641545475053198743e+03,9.183413189546562307e+02
1.715818095283401590e+03,8.731650938159076532e+02
1.612601181736501076e+03,1.004320226242092303e+03
5.020628903357020363e+02,9.915375316261613534e+02
2.301560067070855382e+02,1.075445306424741375e+03
8.894641113281250000e+01,1.087017959453441335e+03
6.176805522589035036e+02,1.063534612961757375e+03
1.029693098288475994e+03,1.016037415930388534e+03
1.065716520831612343e+03,1.127856154778414293e+03
1.008286794670182189e+03,1.105038905449587901e+03
7.292203420662585813e+02,1.117624141366982258e+03
1.188528709505810866e+03,1.024896366025194766e+03
1.263391446285777647e+03,1.062559057942142999e+03
1.314806197131121507e+03,1.087994084996352967e+03
1.378291973293831006e+03,1.126548152397618196e+03
1.700877037048340071e+03,1.054349854174955226e+03
1.508626952932338327e+03,1.133291653323482933e+03
1.613271441367612852e+03,1.134183532420430538e+03
3.317336606626157618e+02,1.219566242924443031e+03
9.142891451988691642e+02,1.221992040657702546e+03
1.013956073252360170e+03,1.194940720452202640e+03
1.263711347483625332e+03,1.202038858779753127e+03
1.326855688259925500e+03,1.192815265420042351e+03
1.426786955215105081e+03,1.230032593144696648e+03
1.254315167250766990e+03,1.299340839236007014e+03
1.484988503538532086e+03,1.209901883349006539e+03
1.395315407569320087e+03,1.308749848386976510e+03
1.605734275198390378e+03,1.251628244997910087e+03
1.318005036248101192e+02,1.160759336259629890e+03
7.388855842307761179e+01,1.337435765584309820e+03
6.764143281371505054e+02,1.336978595256805420e+03
6.162398707919650178e+02,1.436519645238805651e+03
8.032582832795601462e+02,1.401027242187659112e+03
6.826079446744244024e+02,1.451410331369619144e+03
1.106125587361490716e+03,1.356317203067986156e+03
1.062170665741930179e+03,1.413734586004697121e+03
1.169545879815392027e+03,1.452268701985456801e+03
1.207090939202086702e+03,1.393717832219340380e+03
1.306270742083352843e+03,1.342420689658513311e+03
1.367704153781466857e+03,1.432794899672049041e+03
1.486528526353247571e+03,1.350098628762327735e+03
1.439099210027732852e+03,1.410289785180191075e+03
1.533470360464519672e+03,1.321858079189724322e+03
3.987451966839072952e+02,1.493499348110622805e+03
1.308802231682671220e+02,1.419874264161594738e+03
2.754800163375006719e+02,1.533656057145860359e+03
4.748844064765506232e+02,1.528508363681369246e+03
5.422162258167460323e+02,1.480007285260993740e+03
6.111986609066234166e+01,1.448718864889705856e+03
5.866384679557610298e+02,1.574553079220600011e+03
6.657861871751471199e+02,1.553819273527423093e+03
8.388019330862795186e+02,1.520911758490283091e+03
7.852265625329110890e+02,1.558527652221879180e+03
7.356934512206931913e+02,1.495329783639097514e+03
9.630173085581081978e+02,1.516825193831839897e+03
7.455687203304854620e+02,1.593674084566702959e+03
1.097337395568121110e+03,1.498421751403808457e+03
9.512699252261481888e+02,1.596720854328122186e+03
1.063386877962234621e+03,1.565810434684207621e+03
8.720625426860769949e+02,1.600555873986446613e+03
1.264753115220503332e+03,1.477728383478492105e+03
1.168890774870230416e+03,1.610054133308125074e+03
1.164282507489426052e+03,1.557281273428598979e+03
1.377200800087306106e+03,1.553321075996131640e+03
1.277822224686816071e+03,1.575194690025346063e+03
1.312668213452152031e+03,1.518330925597365422e+03
1.565133565159629370e+03,1.506870993966767173e+03
1.509043057571222562e+03,1.529654500042950986e+03
1.446618980591065792e+03,1.522232297620970030e+03
1.681346345972131758e+03,1.484096575419108149e+03
1.630512017863978144e+03,1.546885096743413669e+03
4.936490832178310484e+02,1.630322651567289768e+03
3.642957304670276244e+02,1.627444501596279224e+03
6.076566569952316286e+02,1.641975779215494867e+03
7.065582986525547540e+02,1.660768171993302985e+03
6.374354658715518553e+02,1.720252355175253797e+03
8.074846492826789017e+02,1.686207940630795292e+03
5.923933595445421361e+02,1.769701033206515831e+03
9.841504457818815581e+02,1.641193841523933997e+03
7.494943699884896660e+02,1.755348698432999072e+03
8.952594893831892477e+02,1.694987520513443542e+03
1.075633538245462432e+03,1.657448256205196458e+03
1.015288558585029477e+03,1.708628302301179701e+03
1.243966176287333155e+03,1.694505386734008425e+03
1.180762827122648559e+03,1.720003616679371817e+03
1.082236795038237688e+03,1.753412405305797392e+03
1.384973460215950354e+03,1.626409732906065756e+03
1.355126641156503865e+03,1.707860951512552674e+03
1.281677026366069640e+03,1.634623172042343640e+03
1.462450428278759318e+03,1.636984550880663164e+03
1.508366548891420507e+03,1.683286310737515805e+03
1.418965100266315176e+03,1.759039905308874268e+03
1.704150113487243971e+03,1.661869929334852259e+03
1.579635288136054896e+03,1.765210214590830674e+03
3.590818461948861113e+02,1.576080519268381295e+03
7.390773370059920353e+02,1.831661736099808650e+03
8.560672319019168981e+02,1.772909633194505659e+03
9.083867597226743555e+02,1.851555113239052844e+03
1.127522217376559183e+03,1.797765049821982529e+03
1.025184155676100090e+03,1.851345674769083644e+03
9.947368944306457479e+02,1.779228684015510453e+03
9.785945758721219363e+02,1.911080155907452308e+03
1.250502007325490240e+03,1.847476098230150001e+03
1.238736433241102532e+03,1.784014260091899359e+03
1.126973155742373137e+03,1.919859792568357534e+03
1.341741280355571234e+03,1.811232590475199913e+03
1.468433637172723593e+03,1.798124760321323947e+03
1.484402064851432897e+03,1.894749544931612945e+03
1.528581219802667874e+03,1.820549177946867530e+03
1.587526507737901284e+03,1.859333188798692163e+03
1.659496490761085624e+03,1.817615875149950625e+03
1.717301150330111568e+03,1.769052142382347256e+03
1.766449651958013874e+03,1.822051648998143946e+03
1.705106087862820459e+03,1.899967766909891907e+03
1.212861341970938383e+03,1.957019797148527914e+03
1.116479138401576392e+03,2.061480525764586673e+03
1.422644143366435173e+03,1.978096635818481445e+03
1.521311256367137275e+03,1.978676070651717055e+03
1.624564066851580492e+03,1.930645556131998774e+03
1.537724234821178243e+03,2.032042697200068687e+03
