1.263168420005567214e+03,4.599264458550347854e+02
1.351509793115040793e+03,4.943384008861724510e+02
1.310825929569419031e+03,5.579679239310470393e+02
1.657603285536806652e+03,5.184175843479287096e+02
5.353512043971639969e+02,6.901710503197962225e+02
8.025425544764250390e+02,6.663162079621839666e+02
4.396151269276937228e+02,4.712037641737196054e+02
1.182365215395703672e+03,5.535332726372612342e+02
1.084907504717508800e+03,6.193555332819621526e+02
1.092376621458896125e+03,6.891923666384631133e+02
1.284179429412519085e+03,7.010522342157111098e+02
1.294175922185271020e+03,6.209197364349275858e+02
1.520512203828788188e+03,5.727224649029013790e+02
1.397967599547350801e+03,6.826433279161100245e+02
1.716877951006233388e+03,5.860742239592699434e+02
5.186817530009819848e+02,8.115179021308545089e+02
7.164829344855413638e+02,6.909138866170246729e+02
5.734633609223210442e+02,8.161914240257412985e+02
3.507580533158383673e+02,8.616534568489371395e+02
7.743010954417209177e+02,8.128821853302019917e+02
8.380025099153871224e+02,7.413474814944797799e+02
8.700244882426737831e+02,8.034198735549508683e+02
1.202068566696732205e+03,8.152426179285401986e+02
1.167263509915198938e+03,7.635576772807557973e+02
1.086399918503231675e+03,8.612042354875142109e+02
1.384637886148902226e+03,8.093473187390313797e+02
1.468763925350687714e+03,7.776480644957341610e+02
1.334855728234185108e+03,8.381774130773061415e+02
1.698829853325531076e+03,7.689946016334795331e+02
1.605289248052269386e+03,8.235989993702281708e+02
1.773929603050966762e+03,7.664265870482834089e+02
1.718448833269531178e+03,8.391620316533302457e+02
1.796673935649159148e+03,8.381718962260654280e+02
1.877500795292184648e+03,8.478510758503323359e+02
1.881077297772746761e+03,7.804386213357820452e+02
4.474859268753617130e+02,8.803982410195433204e+02
4.995528990916717476e+02,9.571960255936680824e+02
3.331228329105141484e+02,9.519886725625874533e+02
6.914089855237563143e+02,8.809429352888014364e+02
6.220113395198891340e+02,9.718073305712434831e+02
6.264693477300950235e+02,8.709651213280949378e+02
5.631075105066464630e+02,9.596143813098296960e+02
7.954128042214081233e+02,9.709055139935206853e+02
9.201233146667480014e+02,9.390426482669890902e+02
8.913128436053241330e+02,8.644810769351912541e+02
8.579279380188174855e+02,9.639526992630172799e+02
1.002905929015477568e+03,8.893766211191812090e+02
1.138386771038325378e+03,9.326454975629094406e+02
9.996451048319560186e+02,9.843104014357757023e+02
1.163252215691833271e+03,1.000938973569210134e+03
1.242960094007544285e+03,8.937371519614436011e+02
1.367063488353382354e+03,9.614427936862213073e+02
1.433294281889911190e+03,8.958636410447153366e+02
1.276350485296602301e+03,9.580429229673217151e+02
1.460242400624584434e+03,9.818321325741115970e+02
1.633187319343472609e+03,9.348523994728370781e+02
1.584454343438719889e+03,9.756643389479008874e+02
1.776677915657890935e+03,9.438175577860031353e+02
1.733924357540571009e+03,1.001772772655923632e+03
1.852479976748632225e+03,1.001369515817465185e+03
2.042922198147244217e+03,9.261468159993489735e+02
1.992138124738420856e+03,9.760183257451133159e+02
1.936284416487511180e+03,1.014701963454957877e+03
3.965296410931503033e+02,1.108976910108905031e+03
5.101251679705335391e+02,1.078543748038155854e+03
5.732974828023759528e+02,1.077801657540457654e+03
6.745142933701024504e+02,1.018520570650967670e+03
6.266174796165664702e+02,1.106254365867819615e+03
6.867103562178434686e+02,1.133552892296402661e+03
8.062264758607900603e+02,1.081917897170130800e+03
7.374975258156105156e+02,1.016200255170280570e+03
5.481438696469813294e+02,1.171497068004065341e+03
8.635810142657458073e+02,1.095374004064012297e+03
9.258015987957226116e+02,1.038469559523638509e+03
1.057932167882095200e+03,1.014258085538134196e+03
9.705762099372016110e+02,1.097506258646647211e+03
1.069442375759548668e+03,1.079737199526892937e+03
1.231703031973468342e+03,1.052581102818618774e+03
1.147672529089627005e+03,1.140841411714170818e+03
1.361365266682189258e+03,1.045975083339361390e+03
1.352861960164024822e+03,1.110112135017637456e+03
1.247801483717461224e+03,1.140589014282018979e+03
1.425088311018767172e+03,1.151894572575886968e+03
1.554691683615663578e+03,1.029926131826175151e+03
1.505856859857050722e+03,1.075588212204106640e+03
1.545675340197618652e+03,1.127536599534816787e+03
1.174479842715793211e+03,1.099969349936833623e+03
1.268408796037946331e+03,9.983846435546875000e+02
1.632876411921183262e+03,1.089957355838351987e+03
1.781324409580341808e+03,1.120330586854894591e+03
1.804490001088393910e+03,1.062962537229450845e+03
1.709701321570427808e+03,1.056284053599878234e+03
1.675917128602403864e+03,1.149914532544392841e+03
1.925738538217945234e+03,1.083564446573230725e+03
1.898567854672545081e+03,1.145550465072820316e+03
2.056235104912651877e+03,1.073150975273979839e+03
2.015787224663628649e+03,1.124553547965155531e+03
4.365498884446221268e+02,1.314569753390598407e+03
7.609023961196710388e+02,1.168681078828411273e+03
8.143394013047218323e+02,1.206692874149039881e+03
6.076039946002724719e+02,1.258205733998616324e+03
6.698234592088685986e+02,1.243471627817589933e+03
7.314249162673949058e+02,1.245277372784084719e+03
9.156085590315453828e+02,1.172893932059959070e+03
9.247669476188874569e+02,1.286619436759622658e+03
8.714531444973415546e+02,1.223705803303936591e+03
1.050599437642980320e+03,1.189378374217468945e+03
1.070621794741081430e+03,1.249394109945586251e+03
9.935827081097495466e+02,1.172231768809424466e+03
1.174467885390791253e+03,1.260796082958342595e+03
1.286910846911604267e+03,1.189709029362072670e+03
1.166713488015338044e+03,1.192054357121650810e+03
1.389949027468361464e+03,1.248593151700154067e+03
1.337642217459074345e+03,1.222867790697666351e+03
1.307364134799488511e+03,1.311105126537552223e+03
1.521993900441301776e+03,1.268291474291870600e+03
1.565511039566157933e+03,1.188262485147777852e+03
1.468095602441212350e+03,1.219298028552343112e+03
1.271946318453008416e+03,1.010312140811573386e+03
1.615161078304714238e+03,1.218150675010680970e+03
1.647497606140062317e+03,1.284246450429628339e+03
1.752994062677307056e+03,1.164527687647228959e+03
1.729466010349248791e+03,1.235830218758812634e+03
1.799721562656717651e+03,1.284665438798757577e+03
1.997056971458152475e+03,1.222416684044731937e+03
1.942007391237744969e+03,1.184605547005314520e+03
2.079499296965422218e+03,1.237568256519458828e+03
5.579739345974393245e+02,1.346265506508909766e+03
7.126002826926149964e+02,1.359166781013394711e+03
7.734345783150320131e+02,1.355785891577275834e+03
6.802488890587634387e+02,1.412913976475044365e+03
8.421405245039197780e+02,1.326833638297187008e+03
9.443002156690569109e+02,1.381795524863591027e+03
9.860551135997579877e+02,1.303168132887946285e+03
8.909242900265172693e+02,1.422331536434766804e+03
8.119002256314429360e+02,1.460157230114858521e+03
1.057032439498765370e+03,1.395759687294934565e+03
1.052957419263165320e+03,1.320201528702945780e+03
1.232756633146359036e+03,1.333213989552018120e+03
1.129828629145222521e+03,1.406392288848014687e+03
1.147947792291641235e+03,1.323129596540662988e+03
1.185014695973251264e+03,1.426947678126301071e+03
1.019490356822294416e+03,1.472391851391262662e+03
1.366128982670270716e+03,1.432956568688868401e+03
1.259355288757218204e+03,1.443627522927743485e+03
1.426740835296422347e+03,1.359638510268837535e+03
1.349363922966851078e+03,1.350671734280056398e+03
1.477593057104378659e+03,1.431342098081954646e+03
1.543832287767748539e+03,1.328804543383709870e+03
1.577876082834571434e+03,1.377352410326100426e+03
1.704219389600098111e+03,1.360307645914794421e+03
1.647607586971330193e+03,1.395633608914598881e+03
1.760962385342445032e+03,1.339314336046760445e+03
2.017631016766583343e+03,1.328396161856474691e+03
2.144655038480405437e+03,1.279302756486115641e+03
2.037878150550991904e+03,1.399945865316951767e+03
2.096150554515697422e+03,1.349824965017813383e+03
6.175877375021904072e+02,1.548209432222272198e+03
6.774209549628363902e+02,1.481292326744927323e+03
7.712978027979532953e+02,1.533449359950676353e+03
9.313164432350191646e+02,1.484436183287501990e+03
8.953093892614185734e+02,1.530461833698240753e+03
7.877277038037946113e+02,1.614397225059335369e+03
1.130825726183051984e+03,1.505870785571910574e+03
1.049957429506056542e+03,1.522971688399110462e+03
9.833830850109804942e+02,1.596860479236085666e+03
1.086459473693448672e+03,1.591779277295380552e+03
1.145694981876281872e+03,1.610567786033896255e+03
1.357514178617500875e+03,1.494971128110532618e+03
1.472327284005836191e+03,1.559729733786759653e+03
1.437598770433782420e+03,1.518644928159329538e+03
1.547980863087265561e+03,1.479504438103569782e+03
1.605284459367853515e+03,1.471811758881612604e+03
1.726396968176411974e+03,1.493329131144293797e+03
1.669054172468774141e+03,1.519900286450798149e+03
2.061848325376157391e+03,1.577810778865107977e+03
7.513734707376370352e+02,1.710105440210413008e+03
8.617455762651231908e+02,1.623592968052269043e+03
9.259432869428469530e+02,1.623829423504111219e+03
8.337330928378632962e+02,1.702109503688974883e+03
1.021247089372134951e+03,1.669701007491190012e+03
9.648168504975799351e+02,1.752280670081244580e+03
1.079239240979553188e+03,1.703001870694220315e+03
1.182750766989625390e+03,1.674231484495563109e+03
1.483891051822238751e+03,1.654021136495802239e+03
7.540330166536218712e+02,1.878830296690254499e+03
8.039835728133967905e+02,1.815194135132863494e+03
8.676736883940520784e+02,1.792448671129014656e+03
8.726849048638049453e+02,1.873182921233000798e+03
9.634213364690625667e+02,1.821509131376356891e+03
1.067216530505521632e+03,1.792143358583803320e+03
1.065875780110300184e+03,1.875510158830807313e+03
1.170477870540854610e+03,1.880690218419204484e+03
9.989312950981988024e+02,1.902142438422308942e+03
1.337991698998565425e+03,1.860158407577360549e+03
1.647868209415011961e+03,1.402028754234313965e+03
8.432741770567718049e+02,1.960455057921232992e+03
9.707521472083197978e+02,1.960160829247368383e+03
1.145933523280324607e+03,1.950743108886519167e+03
1.090338237342322145e+03,1.997142721854781712e+03
1.120287986172570072e+03,2.038396155039469477e+03
